120001	1583591
120002	1583599
120003	1583629
120004	1583651
120005	1583653
120006	1583657
120007	1583671
120008	1583689
120009	1583731
120010	1583741
120011	1583749
120012	1583753
120013	1583761
120014	1583767
120015	1583773
120016	1583801
120017	1583807
120018	1583809
120019	1583833
120020	1583837
120021	1583843
120022	1583851
120023	1583861
120024	1583863
120025	1583867
120026	1583887
120027	1583899
120028	1583909
120029	1583917
120030	1583927
120031	1583929
120032	1583999
120033	1584001
120034	1584017
120035	1584031
120036	1584047
120037	1584059
120038	1584083
120039	1584101
120040	1584103
120041	1584113
120042	1584127
120043	1584137
120044	1584139
120045	1584151
120046	1584157
120047	1584169
120048	1584203
120049	1584227
120050	1584257
120051	1584259
120052	1584269
120053	1584283
120054	1584307
120055	1584311
120056	1584343
120057	1584367
120058	1584371
120059	1584389
120060	1584403
120061	1584409
120062	1584413
120063	1584431
120064	1584433
120065	1584437
120066	1584439
120067	1584469
120068	1584481
120069	1584487
120070	1584491
120071	1584509
120072	1584547
120073	1584551
120074	1584571
120075	1584577
120076	1584607
120077	1584613
120078	1584623
120079	1584629
120080	1584641
120081	1584643
120082	1584697
120083	1584701
120084	1584703
120085	1584721
120086	1584731
120087	1584743
120088	1584767
120089	1584797
120090	1584811
120091	1584827
120092	1584829
120093	1584881
120094	1584889
120095	1584899
120096	1584901
120097	1584929
120098	1584931
120099	1584941
120100	1584943
120101	1584949
120102	1584959
120103	1584967
120104	1584971
120105	1584983
120106	1585007
120107	1585009
120108	1585013
120109	1585021
120110	1585027
120111	1585033
120112	1585093
120113	1585127
120114	1585147
120115	1585201
120116	1585219
120117	1585249
120118	1585253
120119	1585261
120120	1585279
120121	1585289
120122	1585291
120123	1585313
120124	1585319
120125	1585373
120126	1585387
120127	1585393
120128	1585399
120129	1585411
120130	1585427
120131	1585447
120132	1585457
120133	1585469
120134	1585477
120135	1585481
120136	1585483
120137	1585489
120138	1585499
120139	1585513
120140	1585523
120141	1585537
120142	1585541
120143	1585547
120144	1585559
120145	1585583
120146	1585589
120147	1585603
120148	1585631
120149	1585637
120150	1585657
120151	1585663
120152	1585669
120153	1585673
120154	1585679
120155	1585687
120156	1585697
120157	1585699
120158	1585723
120159	1585747
120160	1585763
120161	1585769
120162	1585799
120163	1585819
120164	1585889
120165	1585897
120166	1585901
120167	1585937
120168	1585963
120169	1585967
120170	1585973
120171	1585993
120172	1586023
120173	1586027
120174	1586041
120175	1586077
120176	1586089
120177	1586093
120178	1586099
120179	1586111
120180	1586113
120181	1586147
120182	1586161
120183	1586191
120184	1586197
120185	1586201
120186	1586209
120187	1586251
120188	1586257
120189	1586309
120190	1586311
120191	1586327
120192	1586339
120193	1586371
120194	1586381
120195	1586393
120196	1586401
120197	1586419
120198	1586437
120199	1586467
120200	1586513
120201	1586527
120202	1586531
120203	1586537
120204	1586539
120205	1586551
120206	1586567
120207	1586581
120208	1586587
120209	1586617
120210	1586621
120211	1586623
120212	1586647
120213	1586693
120214	1586699
120215	1586707
120216	1586719
120217	1586723
120218	1586737
120219	1586771
120220	1586773
120221	1586777
120222	1586789
120223	1586791
120224	1586813
120225	1586821
120226	1586857
120227	1586867
120228	1586869
120229	1586881
120230	1586887
120231	1586891
120232	1586911
120233	1586939
120234	1586951
120235	1586953
120236	1586971
120237	1586989
120238	1587007
120239	1587011
120240	1587067
120241	1587077
120242	1587101
120243	1587109
120244	1587121
120245	1587167
120246	1587197
120247	1587221
120248	1587251
120249	1587283
120250	1587301
120251	1587323
120252	1587343
120253	1587349
120254	1587361
120255	1587389
120256	1587407
120257	1587413
120258	1587449
120259	1587473
120260	1587491
120261	1587499
120262	1587503
120263	1587527
120264	1587533
120265	1587557
120266	1587563
120267	1587569
120268	1587577
120269	1587581
120270	1587587
120271	1587611
120272	1587617
120273	1587629
120274	1587637
120275	1587653
120276	1587673
120277	1587679
120278	1587683
120279	1587701
120280	1587709
120281	1587737
120282	1587739
120283	1587743
120284	1587787
120285	1587799
120286	1587809
120287	1587829
120288	1587841
120289	1587847
120290	1587869
120291	1587871
120292	1587877
120293	1587899
120294	1587917
120295	1587923
120296	1587959
120297	1587961
120298	1587973
120299	1587977
120300	1587991
120301	1587997
120302	1588019
120303	1588031
120304	1588043
120305	1588049
120306	1588051
120307	1588063
120308	1588073
120309	1588087
120310	1588091
120311	1588117
120312	1588121
120313	1588133
120314	1588141
120315	1588159
120316	1588163
120317	1588183
120318	1588187
120319	1588189
120320	1588193
120321	1588211
120322	1588231
120323	1588253
120324	1588273
120325	1588289
120326	1588297
120327	1588303
120328	1588309
120329	1588333
120330	1588387
120331	1588393
120332	1588399
120333	1588423
120334	1588439
120335	1588451
120336	1588507
120337	1588511
120338	1588513
120339	1588523
120340	1588567
120341	1588577
120342	1588597
120343	1588603
120344	1588661
120345	1588663
120346	1588673
120347	1588681
120348	1588687
120349	1588711
120350	1588729
120351	1588733
120352	1588747
120353	1588751
120354	1588753
120355	1588757
120356	1588759
120357	1588777
120358	1588793
120359	1588801
120360	1588813
120361	1588819
120362	1588841
120363	1588859
120364	1588861
120365	1588877
120366	1588879
120367	1588883
120368	1588889
120369	1588901
120370	1588903
120371	1588907
120372	1588921
120373	1588931
120374	1588933
120375	1588949
120376	1588963
120377	1588987
120378	1589017
120379	1589053
120380	1589059
120381	1589069
120382	1589083
120383	1589089
120384	1589123
120385	1589129
120386	1589183
120387	1589207
120388	1589209
120389	1589219
120390	1589239
120391	1589249
120392	1589251
120393	1589257
120394	1589281
120395	1589297
120396	1589299
120397	1589303
120398	1589317
120399	1589327
120400	1589333
120401	1589359
120402	1589363
120403	1589377
120404	1589387
120405	1589389
120406	1589411
120407	1589431
120408	1589443
120409	1589453
120410	1589459
120411	1589473
120412	1589501
120413	1589503
120414	1589513
120415	1589537
120416	1589561
120417	1589563
120418	1589569
120419	1589573
120420	1589591
120421	1589633
120422	1589641
120423	1589647
120424	1589657
120425	1589663
120426	1589669
120427	1589671
120428	1589677
120429	1589683
120430	1589689
120431	1589701
120432	1589713
120433	1589719
120434	1589747
120435	1589771
120436	1589803
120437	1589813
120438	1589827
120439	1589831
120440	1589837
120441	1589849
120442	1589851
120443	1589881
120444	1589893
120445	1589899
120446	1589911
120447	1589923
120448	1589933
120449	1589941
120450	1589969
120451	1589981
120452	1590019
120453	1590037
120454	1590047
120455	1590049
120456	1590073
120457	1590077
120458	1590079
120459	1590101
120460	1590107
120461	1590119
120462	1590131
120463	1590133
120464	1590137
120465	1590161
120466	1590203
120467	1590221
120468	1590229
120469	1590233
120470	1590241
120471	1590247
120472	1590263
120473	1590271
120474	1590293
120475	1590311
120476	1590317
120477	1590343
120478	1590373
120479	1590377
120480	1590383
120481	1590397
120482	1590403
120483	1590437
120484	1590461
120485	1590467
120486	1590481
120487	1590487
120488	1590493
120489	1590521
120490	1590539
120491	1590541
120492	1590551
120493	1590553
120494	1590559
120495	1590643
120496	1590653
120497	1590671
120498	1590683
120499	1590713
120500	1590727
120501	1590731
120502	1590739
120503	1590791
120504	1590793
120505	1590803
120506	1590829
120507	1590857
120508	1590893
120509	1590907
120510	1590913
120511	1590917
120512	1590931
120513	1590937
120514	1590949
120515	1590961
120516	1590991
120517	1591001
120518	1591021
120519	1591033
120520	1591097
120521	1591099
120522	1591103
120523	1591127
120524	1591141
120525	1591159
120526	1591189
120527	1591207
120528	1591211
120529	1591229
120530	1591237
120531	1591241
120532	1591253
120533	1591267
120534	1591273
120535	1591277
120536	1591313
120537	1591339
120538	1591351
120539	1591363
120540	1591367
120541	1591391
120542	1591397
120543	1591417
120544	1591441
120545	1591463
120546	1591483
120547	1591487
120548	1591507
120549	1591511
120550	1591547
120551	1591553
120552	1591567
120553	1591589
120554	1591621
120555	1591631
120556	1591637
120557	1591663
120558	1591697
120559	1591721
120560	1591729
120561	1591753
120562	1591783
120563	1591787
120564	1591813
120565	1591841
120566	1591859
120567	1591871
120568	1591873
120569	1591883
120570	1591901
120571	1591913
120572	1591921
120573	1591927
120574	1591949
120575	1591969
120576	1591973
120577	1591981
120578	1592027
120579	1592047
120580	1592051
120581	1592069
120582	1592081
120583	1592099
120584	1592111
120585	1592113
120586	1592117
120587	1592159
120588	1592167
120589	1592183
120590	1592197
120591	1592207
120592	1592243
120593	1592251
120594	1592263
120595	1592273
120596	1592281
120597	1592321
120598	1592323
120599	1592329
120600	1592341
120601	1592387
120602	1592401
120603	1592411
120604	1592429
120605	1592431
120606	1592471
120607	1592489
120608	1592533
120609	1592557
120610	1592573
120611	1592579
120612	1592581
120613	1592609
120614	1592621
120615	1592623
120616	1592639
120617	1592653
120618	1592659
120619	1592663
120620	1592671
120621	1592683
120622	1592693
120623	1592699
120624	1592729
120625	1592737
120626	1592753
120627	1592761
120628	1592777
120629	1592779
120630	1592797
120631	1592807
120632	1592821
120633	1592831
120634	1592861
120635	1592863
120636	1592867
120637	1592869
120638	1592879
120639	1592881
120640	1592923
120641	1592939
120642	1592947
120643	1592953
120644	1592963
120645	1592993
120646	1593029
120647	1593037
120648	1593043
120649	1593047
120650	1593061
120651	1593071
120652	1593133
120653	1593149
120654	1593167
120655	1593181
120656	1593191
120657	1593197
120658	1593199
120659	1593217
120660	1593227
120661	1593239
120662	1593247
120663	1593269
120664	1593271
120665	1593281
120666	1593299
120667	1593323
120668	1593329
120669	1593341
120670	1593349
120671	1593377
120672	1593379
120673	1593401
120674	1593409
120675	1593421
120676	1593433
120677	1593467
120678	1593481
120679	1593491
120680	1593497
120681	1593499
120682	1593523
120683	1593539
120684	1593541
120685	1593583
120686	1593589
120687	1593593
120688	1593607
120689	1593619
120690	1593643
120691	1593653
120692	1593659
120693	1593703
120694	1593743
120695	1593749
120696	1593773
120697	1593797
120698	1593799
120699	1593821
120700	1593827
120701	1593833
120702	1593841
120703	1593847
120704	1593857
120705	1593859
120706	1593887
120707	1593899
120708	1593931
120709	1593947
120710	1594027
120711	1594031
120712	1594037
120713	1594049
120714	1594057
120715	1594063
120716	1594093
120717	1594097
120718	1594111
120719	1594123
120720	1594127
120721	1594129
120722	1594133
120723	1594147
120724	1594169
120725	1594183
120726	1594207
120727	1594211
120728	1594223
120729	1594249
120730	1594253
120731	1594259
120732	1594261
120733	1594267
120734	1594273
120735	1594279
120736	1594283
120737	1594289
120738	1594297
120739	1594301
120740	1594331
120741	1594339
120742	1594387
120743	1594403
120744	1594421
120745	1594433
120746	1594451
120747	1594459
120748	1594471
120749	1594477
120750	1594517
120751	1594529
120752	1594553
120753	1594559
120754	1594573
120755	1594597
120756	1594631
120757	1594633
120758	1594639
120759	1594643
120760	1594657
120761	1594661
120762	1594669
120763	1594693
120764	1594709
120765	1594721
120766	1594729
120767	1594763
120768	1594771
120769	1594783
120770	1594793
120771	1594807
120772	1594819
120773	1594837
120774	1594849
120775	1594861
120776	1594867
120777	1594871
120778	1594883
120779	1594897
120780	1594903
120781	1594909
120782	1594921
120783	1594927
120784	1594933
120785	1594937
120786	1594951
120787	1594961
120788	1594987
120789	1595003
120790	1595047
120791	1595051
120792	1595053
120793	1595057
120794	1595063
120795	1595071
120796	1595081
120797	1595101
120798	1595117
120799	1595149
120800	1595173
120801	1595189
120802	1595197
120803	1595201
120804	1595213
120805	1595219
120806	1595239
120807	1595267
120808	1595273
120809	1595287
120810	1595309
120811	1595311
120812	1595317
120813	1595323
120814	1595327
120815	1595339
120816	1595357
120817	1595369
120818	1595381
120819	1595389
120820	1595393
120821	1595401
120822	1595417
120823	1595431
120824	1595437
120825	1595453
120826	1595483
120827	1595507
120828	1595513
120829	1595527
120830	1595557
120831	1595567
120832	1595593
120833	1595611
120834	1595623
120835	1595647
120836	1595653
120837	1595669
120838	1595701
120839	1595719
120840	1595723
120841	1595729
120842	1595731
120843	1595743
120844	1595749
120845	1595767
120846	1595771
120847	1595801
120848	1595813
120849	1595819
120850	1595827
120851	1595831
120852	1595833
120853	1595857
120854	1595861
120855	1595863
120856	1595887
120857	1595903
120858	1595927
120859	1595929
120860	1595953
120861	1595983
120862	1596013
120863	1596029
120864	1596043
120865	1596047
120866	1596059
120867	1596061
120868	1596071
120869	1596107
120870	1596121
120871	1596139
120872	1596163
120873	1596169
120874	1596211
120875	1596229
120876	1596233
120877	1596251
120878	1596277
120879	1596299
120880	1596311
120881	1596313
120882	1596319
120883	1596341
120884	1596347
120885	1596349
120886	1596367
120887	1596373
120888	1596377
120889	1596379
120890	1596383
120891	1596389
120892	1596433
120893	1596451
120894	1596467
120895	1596493
120896	1596503
120897	1596509
120898	1596527
120899	1596541
120900	1596563
120901	1596629
120902	1596631
120903	1596641
120904	1596649
120905	1596659
120906	1596667
120907	1596697
120908	1596701
120909	1596713
120910	1596737
120911	1596739
120912	1596743
120913	1596767
120914	1596781
120915	1596787
120916	1596839
120917	1596851
120918	1596863
120919	1596869
120920	1596871
120921	1596941
120922	1596961
120923	1596989
120924	1597033
120925	1597039
120926	1597067
120927	1597069
120928	1597081
120929	1597091
120930	1597103
120931	1597109
120932	1597111
120933	1597129
120934	1597139
120935	1597147
120936	1597153
120937	1597157
120938	1597171
120939	1597181
120940	1597187
120941	1597229
120942	1597243
120943	1597259
120944	1597289
120945	1597331
120946	1597357
120947	1597361
120948	1597369
120949	1597381
120950	1597391
120951	1597397
120952	1597411
120953	1597417
120954	1597423
120955	1597433
120956	1597441
120957	1597447
120958	1597451
120959	1597457
120960	1597469
120961	1597489
120962	1597499
120963	1597513
120964	1597553
120965	1597567
120966	1597597
120967	1597601
120968	1597619
120969	1597621
120970	1597657
120971	1597663
120972	1597679
120973	1597693
120974	1597699
120975	1597703
120976	1597721
120977	1597723
120978	1597747
120979	1597753
120980	1597759
120981	1597763
120982	1597777
120983	1597781
120984	1597793
120985	1597801
120986	1597819
120987	1597823
120988	1597829
120989	1597861
120990	1597873
120991	1597877
120992	1597913
120993	1597927
120994	1597931
120995	1597943
120996	1597951
120997	1597961
120998	1597969
120999	1597979
121000	1598011
