179001	2440223
179002	2440237
179003	2440241
179004	2440247
179005	2440253
179006	2440259
179007	2440267
179008	2440271
179009	2440297
179010	2440301
179011	2440313
179012	2440327
179013	2440331
179014	2440363
179015	2440387
179016	2440391
179017	2440393
179018	2440411
179019	2440421
179020	2440439
179021	2440447
179022	2440457
179023	2440481
179024	2440489
179025	2440499
179026	2440513
179027	2440517
179028	2440523
179029	2440541
179030	2440561
179031	2440573
179032	2440577
179033	2440579
179034	2440589
179035	2440591
179036	2440621
179037	2440643
179038	2440649
179039	2440657
179040	2440667
179041	2440679
179042	2440681
179043	2440693
179044	2440699
179045	2440709
179046	2440733
179047	2440751
179048	2440787
179049	2440799
179050	2440807
179051	2440817
179052	2440819
179053	2440831
179054	2440849
179055	2440861
179056	2440883
179057	2440937
179058	2440943
179059	2440951
179060	2440961
179061	2440969
179062	2440973
179063	2440993
179064	2441029
179065	2441041
179066	2441053
179067	2441057
179068	2441071
179069	2441077
179070	2441083
179071	2441093
179072	2441107
179073	2441111
179074	2441119
179075	2441123
179076	2441129
179077	2441143
179078	2441161
179079	2441167
179080	2441189
179081	2441207
179082	2441209
179083	2441221
179084	2441237
179085	2441267
179086	2441269
179087	2441293
179088	2441311
179089	2441317
179090	2441323
179091	2441347
179092	2441357
179093	2441363
179094	2441377
179095	2441389
179096	2441401
179097	2441407
179098	2441431
179099	2441437
179100	2441449
179101	2441459
179102	2441503
179103	2441521
179104	2441561
179105	2441563
179106	2441573
179107	2441581
179108	2441599
179109	2441617
179110	2441629
179111	2441639
179112	2441641
179113	2441683
179114	2441717
179115	2441723
179116	2441729
179117	2441737
179118	2441759
179119	2441767
179120	2441773
179121	2441779
179122	2441801
179123	2441807
179124	2441809
179125	2441819
179126	2441843
179127	2441849
179128	2441867
179129	2441909
179130	2441941
179131	2441987
179132	2442017
179133	2442019
179134	2442047
179135	2442059
179136	2442103
179137	2442107
179138	2442113
179139	2442133
179140	2442151
179141	2442173
179142	2442179
179143	2442191
179144	2442197
179145	2442199
179146	2442227
179147	2442263
179148	2442287
179149	2442289
179150	2442311
179151	2442353
179152	2442359
179153	2442367
179154	2442383
179155	2442389
179156	2442403
179157	2442413
179158	2442437
179159	2442457
179160	2442463
179161	2442487
179162	2442497
179163	2442499
179164	2442511
179165	2442527
179166	2442547
179167	2442563
179168	2442571
179169	2442589
179170	2442593
179171	2442599
179172	2442617
179173	2442631
179174	2442667
179175	2442673
179176	2442677
179177	2442683
179178	2442719
179179	2442767
179180	2442779
179181	2442793
179182	2442809
179183	2442827
179184	2442833
179185	2442841
179186	2442859
179187	2442871
179188	2442889
179189	2442907
179190	2442911
179191	2442941
179192	2442943
179193	2442949
179194	2442967
179195	2442971
179196	2442977
179197	2443027
179198	2443031
179199	2443033
179200	2443061
179201	2443069
179202	2443093
179203	2443097
179204	2443109
179205	2443117
179206	2443151
179207	2443159
179208	2443183
179209	2443211
179210	2443213
179211	2443219
179212	2443241
179213	2443277
179214	2443283
179215	2443351
179216	2443361
179217	2443373
179218	2443387
179219	2443403
179220	2443409
179221	2443421
179222	2443429
179223	2443433
179224	2443439
179225	2443501
179226	2443531
179227	2443537
179228	2443541
179229	2443547
179230	2443583
179231	2443601
179232	2443613
179233	2443619
179234	2443643
179235	2443657
179236	2443667
179237	2443687
179238	2443703
179239	2443729
179240	2443741
179241	2443747
179242	2443751
179243	2443757
179244	2443781
179245	2443783
179246	2443787
179247	2443789
179248	2443807
179249	2443817
179250	2443829
179251	2443841
179252	2443849
179253	2443867
179254	2443871
179255	2443879
179256	2443901
179257	2443927
179258	2443933
179259	2443939
179260	2443949
179261	2443963
179262	2443993
179263	2443997
179264	2443999
179265	2444017
179266	2444021
179267	2444063
179268	2444069
179269	2444081
179270	2444083
179271	2444089
179272	2444111
179273	2444119
179274	2444129
179275	2444131
179276	2444137
179277	2444147
179278	2444153
179279	2444159
179280	2444161
179281	2444173
179282	2444191
179283	2444203
179284	2444219
179285	2444251
179286	2444263
179287	2444287
179288	2444291
179289	2444341
179290	2444347
179291	2444357
179292	2444359
179293	2444363
179294	2444383
179295	2444401
179296	2444411
179297	2444437
179298	2444441
179299	2444467
179300	2444471
179301	2444473
179302	2444513
179303	2444527
179304	2444531
179305	2444537
179306	2444557
179307	2444569
179308	2444621
179309	2444639
179310	2444653
179311	2444657
179312	2444669
179313	2444677
179314	2444681
179315	2444699
179316	2444723
179317	2444737
179318	2444759
179319	2444773
179320	2444801
179321	2444809
179322	2444833
179323	2444839
179324	2444867
179325	2444873
179326	2444881
179327	2444887
179328	2444891
179329	2444899
179330	2444909
179331	2444921
179332	2444927
179333	2444933
179334	2444947
179335	2444951
179336	2444963
179337	2444983
179338	2445011
179339	2445029
179340	2445043
179341	2445067
179342	2445073
179343	2445089
179344	2445101
179345	2445119
179346	2445139
179347	2445173
179348	2445181
179349	2445203
179350	2445211
179351	2445217
179352	2445221
179353	2445241
179354	2445253
179355	2445259
179356	2445277
179357	2445283
179358	2445301
179359	2445343
179360	2445347
179361	2445349
179362	2445353
179363	2445371
179364	2445379
179365	2445389
179366	2445409
179367	2445413
179368	2445419
179369	2445437
179370	2445451
179371	2445461
179372	2445463
179373	2445481
179374	2445517
179375	2445523
179376	2445533
179377	2445557
179378	2445571
179379	2445577
179380	2445581
179381	2445601
179382	2445617
179383	2445629
179384	2445647
179385	2445649
179386	2445689
179387	2445697
179388	2445713
179389	2445721
179390	2445733
179391	2445743
179392	2445749
179393	2445757
179394	2445763
179395	2445767
179396	2445769
179397	2445799
179398	2445827
179399	2445829
179400	2445847
179401	2445857
179402	2445881
179403	2445887
179404	2445899
179405	2445907
179406	2445923
179407	2445929
179408	2445967
179409	2445973
179410	2445979
179411	2445991
179412	2446009
179413	2446013
179414	2446043
179415	2446051
179416	2446061
179417	2446091
179418	2446097
179419	2446099
179420	2446139
179421	2446151
179422	2446153
179423	2446159
179424	2446177
179425	2446207
179426	2446247
179427	2446271
179428	2446277
179429	2446291
179430	2446319
179431	2446331
179432	2446333
179433	2446357
179434	2446363
179435	2446369
179436	2446373
179437	2446417
179438	2446439
179439	2446463
179440	2446471
179441	2446481
179442	2446513
179443	2446517
179444	2446529
179445	2446567
179446	2446583
179447	2446603
179448	2446607
179449	2446627
179450	2446651
179451	2446663
179452	2446669
179453	2446673
179454	2446693
179455	2446747
179456	2446753
179457	2446777
179458	2446781
179459	2446811
179460	2446813
179461	2446819
179462	2446823
179463	2446841
179464	2446849
179465	2446853
179466	2446879
179467	2446889
179468	2446891
179469	2446903
179470	2446919
179471	2446931
179472	2446973
179473	2446981
179474	2447009
179475	2447021
179476	2447023
179477	2447059
179478	2447077
179479	2447111
179480	2447141
179481	2447147
179482	2447153
179483	2447161
179484	2447209
179485	2447239
179486	2447251
179487	2447267
179488	2447279
179489	2447293
179490	2447321
179491	2447327
179492	2447329
179493	2447351
179494	2447353
179495	2447359
179496	2447369
179497	2447399
179498	2447437
179499	2447479
179500	2447483
179501	2447491
179502	2447519
179503	2447521
179504	2447527
179505	2447531
179506	2447539
179507	2447551
179508	2447567
179509	2447569
179510	2447573
179511	2447579
179512	2447581
179513	2447597
179514	2447611
179515	2447633
179516	2447647
179517	2447681
179518	2447717
179519	2447723
179520	2447737
179521	2447743
179522	2447759
179523	2447761
179524	2447773
179525	2447801
179526	2447831
179527	2447833
179528	2447843
179529	2447897
179530	2447917
179531	2447923
179532	2447927
179533	2447933
179534	2447953
179535	2447971
179536	2447981
179537	2448007
179538	2448013
179539	2448029
179540	2448041
179541	2448049
179542	2448067
179543	2448071
179544	2448073
179545	2448079
179546	2448107
179547	2448109
179548	2448133
179549	2448157
179550	2448161
179551	2448167
179552	2448181
179553	2448197
179554	2448203
179555	2448223
179556	2448227
179557	2448241
179558	2448263
179559	2448269
179560	2448311
179561	2448343
179562	2448361
179563	2448367
179564	2448379
179565	2448389
179566	2448427
179567	2448431
179568	2448437
179569	2448443
179570	2448451
179571	2448491
179572	2448529
179573	2448533
179574	2448539
179575	2448553
179576	2448569
179577	2448581
179578	2448613
179579	2448631
179580	2448637
179581	2448647
179582	2448661
179583	2448671
179584	2448679
179585	2448689
179586	2448703
179587	2448713
179588	2448727
179589	2448737
179590	2448751
179591	2448757
179592	2448769
179593	2448773
179594	2448791
179595	2448821
179596	2448827
179597	2448829
179598	2448851
179599	2448857
179600	2448863
179601	2448869
179602	2448871
179603	2448877
179604	2448881
179605	2448883
179606	2448937
179607	2448949
179608	2448961
179609	2448973
179610	2448989
179611	2449001
179612	2449039
179613	2449061
179614	2449087
179615	2449091
179616	2449099
179617	2449133
179618	2449147
179619	2449159
179620	2449163
179621	2449169
179622	2449171
179623	2449177
179624	2449199
179625	2449219
179626	2449231
179627	2449259
179628	2449273
179629	2449277
179630	2449297
179631	2449303
179632	2449313
179633	2449327
179634	2449361
179635	2449367
179636	2449387
179637	2449393
179638	2449399
179639	2449417
179640	2449439
179641	2449441
179642	2449451
179643	2449471
179644	2449483
179645	2449487
179646	2449493
179647	2449519
179648	2449549
179649	2449561
179650	2449567
179651	2449583
179652	2449609
179653	2449619
179654	2449639
179655	2449663
179656	2449691
179657	2449693
179658	2449729
179659	2449757
179660	2449787
179661	2449789
179662	2449793
179663	2449801
179664	2449813
179665	2449823
179666	2449829
179667	2449847
179668	2449859
179669	2449861
179670	2449871
179671	2449877
179672	2449883
179673	2449897
179674	2449901
179675	2449907
179676	2449913
179677	2449919
179678	2449927
179679	2449933
179680	2449939
179681	2449963
179682	2449987
179683	2449991
179684	2449999
179685	2450003
179686	2450009
179687	2450017
179688	2450047
179689	2450083
179690	2450087
179691	2450117
179692	2450131
179693	2450141
179694	2450143
179695	2450171
179696	2450191
179697	2450207
179698	2450219
179699	2450249
179700	2450291
179701	2450293
179702	2450303
179703	2450323
179704	2450341
179705	2450353
179706	2450377
179707	2450381
179708	2450387
179709	2450417
179710	2450453
179711	2450491
179712	2450531
179713	2450549
179714	2450551
179715	2450557
179716	2450573
179717	2450593
179718	2450597
179719	2450599
179720	2450629
179721	2450633
179722	2450663
179723	2450671
179724	2450711
179725	2450713
179726	2450759
179727	2450779
179728	2450783
179729	2450807
179730	2450809
179731	2450813
179732	2450827
179733	2450831
179734	2450837
179735	2450863
179736	2450887
179737	2450911
179738	2450923
179739	2450933
179740	2450947
179741	2450951
179742	2450963
179743	2450989
179744	2450999
179745	2451011
179746	2451017
179747	2451023
179748	2451079
179749	2451101
179750	2451143
179751	2451151
179752	2451203
179753	2451221
179754	2451223
179755	2451233
179756	2451257
179757	2451259
179758	2451269
179759	2451277
179760	2451289
179761	2451299
179762	2451307
179763	2451311
179764	2451331
179765	2451343
179766	2451347
179767	2451359
179768	2451367
179769	2451377
179770	2451389
179771	2451401
179772	2451419
179773	2451433
179774	2451443
179775	2451461
179776	2451467
179777	2451469
179778	2451487
179779	2451499
179780	2451521
179781	2451539
179782	2451541
179783	2451557
179784	2451577
179785	2451601
179786	2451619
179787	2451637
179788	2451641
179789	2451643
179790	2451667
179791	2451671
179792	2451719
179793	2451721
179794	2451733
179795	2451749
179796	2451767
179797	2451769
179798	2451781
179799	2451793
179800	2451797
179801	2451803
179802	2451809
179803	2451811
179804	2451847
179805	2451857
179806	2451871
179807	2451881
179808	2451887
179809	2451907
179810	2451913
179811	2451919
179812	2451937
179813	2451941
179814	2451947
179815	2451973
179816	2451991
179817	2452003
179818	2452013
179819	2452033
179820	2452049
179821	2452057
179822	2452103
179823	2452111
179824	2452123
179825	2452141
179826	2452147
179827	2452181
179828	2452207
179829	2452223
179830	2452231
179831	2452253
179832	2452259
179833	2452271
179834	2452297
179835	2452309
179836	2452313
179837	2452321
179838	2452337
179839	2452339
179840	2452343
179841	2452357
179842	2452367
179843	2452393
179844	2452399
179845	2452409
179846	2452427
179847	2452433
179848	2452459
179849	2452477
179850	2452481
179851	2452487
179852	2452493
179853	2452517
179854	2452519
179855	2452523
179856	2452529
179857	2452531
179858	2452537
179859	2452543
179860	2452561
179861	2452589
179862	2452603
179863	2452633
179864	2452649
179865	2452663
179866	2452673
179867	2452679
179868	2452687
179869	2452699
179870	2452717
179871	2452721
179872	2452753
179873	2452757
179874	2452759
179875	2452783
179876	2452817
179877	2452823
179878	2452829
179879	2452831
179880	2452859
179881	2452861
179882	2452867
179883	2452889
179884	2452897
179885	2452903
179886	2452909
179887	2452921
179888	2452939
179889	2452949
179890	2452951
179891	2452963
179892	2453027
179893	2453039
179894	2453051
179895	2453053
179896	2453057
179897	2453089
179898	2453119
179899	2453141
179900	2453149
179901	2453159
179902	2453173
179903	2453177
179904	2453179
179905	2453183
179906	2453201
179907	2453207
179908	2453233
179909	2453251
179910	2453273
179911	2453281
179912	2453291
179913	2453293
179914	2453303
179915	2453329
179916	2453333
179917	2453369
179918	2453377
179919	2453401
179920	2453417
179921	2453419
179922	2453431
179923	2453441
179924	2453443
179925	2453449
179926	2453453
179927	2453459
179928	2453461
179929	2453467
179930	2453483
179931	2453497
179932	2453501
179933	2453519
179934	2453531
179935	2453543
179936	2453567
179937	2453573
179938	2453597
179939	2453629
179940	2453651
179941	2453653
179942	2453657
179943	2453687
179944	2453701
179945	2453707
179946	2453713
179947	2453747
179948	2453771
179949	2453779
179950	2453783
179951	2453821
179952	2453827
179953	2453833
179954	2453837
179955	2453861
179956	2453873
179957	2453887
179958	2453909
179959	2453921
179960	2453923
179961	2453999
179962	2454007
179963	2454013
179964	2454043
179965	2454047
179966	2454073
179967	2454079
179968	2454107
179969	2454113
179970	2454119
179971	2454121
179972	2454131
179973	2454149
179974	2454157
179975	2454161
179976	2454167
179977	2454209
179978	2454229
179979	2454251
179980	2454253
179981	2454281
179982	2454289
179983	2454317
179984	2454337
179985	2454343
179986	2454349
179987	2454359
179988	2454367
179989	2454373
179990	2454407
179991	2454421
179992	2454433
179993	2454437
179994	2454493
179995	2454503
179996	2454523
179997	2454527
179998	2454533
179999	2454539
180000	2454587
