182001	2484353
182002	2484359
182003	2484379
182004	2484473
182005	2484491
182006	2484509
182007	2484523
182008	2484527
182009	2484539
182010	2484563
182011	2484569
182012	2484571
182013	2484589
182014	2484593
182015	2484617
182016	2484623
182017	2484631
182018	2484653
182019	2484673
182020	2484679
182021	2484683
182022	2484689
182023	2484697
182024	2484707
182025	2484721
182026	2484731
182027	2484733
182028	2484739
182029	2484751
182030	2484803
182031	2484827
182032	2484857
182033	2484863
182034	2484871
182035	2484893
182036	2484899
182037	2484901
182038	2484917
182039	2484919
182040	2484931
182041	2484959
182042	2484961
182043	2484971
182044	2484973
182045	2485001
182046	2485003
182047	2485027
182048	2485033
182049	2485037
182050	2485061
182051	2485069
182052	2485073
182053	2485121
182054	2485123
182055	2485129
182056	2485159
182057	2485169
182058	2485183
182059	2485187
182060	2485193
182061	2485207
182062	2485211
182063	2485243
182064	2485277
182065	2485279
182066	2485283
182067	2485303
182068	2485319
182069	2485339
182070	2485367
182071	2485381
182072	2485391
182073	2485393
182074	2485397
182075	2485421
182076	2485429
182077	2485453
182078	2485477
182079	2485481
182080	2485489
182081	2485507
182082	2485513
182083	2485537
182084	2485547
182085	2485559
182086	2485573
182087	2485579
182088	2485607
182089	2485627
182090	2485631
182091	2485643
182092	2485649
182093	2485657
182094	2485663
182095	2485667
182096	2485669
182097	2485687
182098	2485727
182099	2485733
182100	2485739
182101	2485759
182102	2485801
182103	2485807
182104	2485831
182105	2485849
182106	2485867
182107	2485897
182108	2485907
182109	2485937
182110	2485939
182111	2485949
182112	2485991
182113	2485997
182114	2485999
182115	2486009
182116	2486027
182117	2486039
182118	2486041
182119	2486059
182120	2486069
182121	2486089
182122	2486101
182123	2486123
182124	2486137
182125	2486147
182126	2486149
182127	2486153
182128	2486167
182129	2486189
182130	2486191
182131	2486203
182132	2486219
182133	2486221
182134	2486243
182135	2486251
182136	2486269
182137	2486273
182138	2486287
182139	2486291
182140	2486333
182141	2486371
182142	2486381
182143	2486383
182144	2486387
182145	2486423
182146	2486443
182147	2486459
182148	2486467
182149	2486483
182150	2486501
182151	2486509
182152	2486513
182153	2486521
182154	2486531
182155	2486551
182156	2486557
182157	2486563
182158	2486567
182159	2486579
182160	2486581
182161	2486591
182162	2486593
182163	2486611
182164	2486623
182165	2486639
182166	2486651
182167	2486669
182168	2486677
182169	2486681
182170	2486689
182171	2486699
182172	2486713
182173	2486717
182174	2486747
182175	2486753
182176	2486761
182177	2486767
182178	2486801
182179	2486831
182180	2486833
182181	2486843
182182	2486857
182183	2486863
182184	2486867
182185	2486873
182186	2486951
182187	2486963
182188	2486969
182189	2486971
182190	2486987
182191	2486993
182192	2487047
182193	2487061
182194	2487071
182195	2487073
182196	2487091
182197	2487097
182198	2487113
182199	2487137
182200	2487139
182201	2487143
182202	2487167
182203	2487203
182204	2487211
182205	2487227
182206	2487229
182207	2487259
182208	2487269
182209	2487281
182210	2487293
182211	2487299
182212	2487307
182213	2487313
182214	2487319
182215	2487341
182216	2487349
182217	2487367
182218	2487383
182219	2487391
182220	2487413
182221	2487431
182222	2487439
182223	2487467
182224	2487481
182225	2487493
182226	2487497
182227	2487517
182228	2487521
182229	2487523
182230	2487557
182231	2487571
182232	2487581
182233	2487587
182234	2487599
182235	2487601
182236	2487619
182237	2487623
182238	2487629
182239	2487637
182240	2487659
182241	2487671
182242	2487673
182243	2487677
182244	2487691
182245	2487697
182246	2487701
182247	2487713
182248	2487739
182249	2487743
182250	2487773
182251	2487787
182252	2487791
182253	2487809
182254	2487811
182255	2487827
182256	2487833
182257	2487883
182258	2487907
182259	2487923
182260	2487931
182261	2487943
182262	2487949
182263	2487959
182264	2487977
182265	2487983
182266	2488009
182267	2488019
182268	2488043
182269	2488061
182270	2488067
182271	2488099
182272	2488111
182273	2488121
182274	2488141
182275	2488159
182276	2488181
182277	2488193
182278	2488217
182279	2488219
182280	2488223
182281	2488231
182282	2488247
182283	2488253
182284	2488261
182285	2488267
182286	2488271
182287	2488289
182288	2488309
182289	2488319
182290	2488327
182291	2488333
182292	2488357
182293	2488363
182294	2488379
182295	2488391
182296	2488397
182297	2488399
182298	2488417
182299	2488427
182300	2488429
182301	2488469
182302	2488471
182303	2488481
182304	2488489
182305	2488537
182306	2488547
182307	2488553
182308	2488559
182309	2488567
182310	2488573
182311	2488597
182312	2488609
182313	2488667
182314	2488687
182315	2488699
182316	2488709
182317	2488723
182318	2488727
182319	2488757
182320	2488771
182321	2488777
182322	2488781
182323	2488799
182324	2488841
182325	2488877
182326	2488891
182327	2488901
182328	2488907
182329	2488909
182330	2488949
182331	2488961
182332	2488963
182333	2488973
182334	2489017
182335	2489077
182336	2489107
182337	2489111
182338	2489119
182339	2489143
182340	2489147
182341	2489159
182342	2489161
182343	2489183
182344	2489197
182345	2489213
182346	2489219
182347	2489237
182348	2489239
182349	2489287
182350	2489309
182351	2489321
182352	2489339
182353	2489341
182354	2489371
182355	2489381
182356	2489411
182357	2489413
182358	2489423
182359	2489441
182360	2489453
182361	2489477
182362	2489483
182363	2489491
182364	2489521
182365	2489533
182366	2489567
182367	2489573
182368	2489603
182369	2489611
182370	2489639
182371	2489647
182372	2489659
182373	2489671
182374	2489687
182375	2489713
182376	2489717
182377	2489719
182378	2489749
182379	2489759
182380	2489761
182381	2489777
182382	2489789
182383	2489797
182384	2489801
182385	2489813
182386	2489831
182387	2489849
182388	2489857
182389	2489867
182390	2489869
182391	2489873
182392	2489881
182393	2489891
182394	2489909
182395	2489923
182396	2489933
182397	2489947
182398	2489999
182399	2490023
182400	2490029
182401	2490079
182402	2490091
182403	2490101
182404	2490119
182405	2490127
182406	2490139
182407	2490157
182408	2490161
182409	2490209
182410	2490221
182411	2490227
182412	2490239
182413	2490247
182414	2490251
182415	2490263
182416	2490269
182417	2490283
182418	2490307
182419	2490329
182420	2490337
182421	2490377
182422	2490391
182423	2490413
182424	2490421
182425	2490451
182426	2490461
182427	2490469
182428	2490473
182429	2490479
182430	2490493
182431	2490497
182432	2490529
182433	2490533
182434	2490547
182435	2490583
182436	2490589
182437	2490599
182438	2490613
182439	2490617
182440	2490623
182441	2490637
182442	2490659
182443	2490661
182444	2490667
182445	2490679
182446	2490701
182447	2490707
182448	2490713
182449	2490727
182450	2490731
182451	2490737
182452	2490743
182453	2490769
182454	2490809
182455	2490811
182456	2490821
182457	2490847
182458	2490869
182459	2490889
182460	2490899
182461	2490907
182462	2490931
182463	2490941
182464	2490973
182465	2490997
182466	2491001
182467	2491007
182468	2491009
182469	2491031
182470	2491043
182471	2491063
182472	2491081
182473	2491087
182474	2491091
182475	2491117
182476	2491123
182477	2491171
182478	2491189
182479	2491207
182480	2491211
182481	2491243
182482	2491259
182483	2491289
182484	2491327
182485	2491331
182486	2491339
182487	2491343
182488	2491351
182489	2491369
182490	2491381
182491	2491387
182492	2491397
182493	2491453
182494	2491457
182495	2491471
182496	2491487
182497	2491493
182498	2491499
182499	2491519
182500	2491523
182501	2491547
182502	2491553
182503	2491589
182504	2491607
182505	2491609
182506	2491649
182507	2491661
182508	2491669
182509	2491681
182510	2491711
182511	2491729
182512	2491757
182513	2491759
182514	2491777
182515	2491787
182516	2491813
182517	2491829
182518	2491837
182519	2491847
182520	2491861
182521	2491871
182522	2491891
182523	2491903
182524	2491933
182525	2491949
182526	2491961
182527	2491963
182528	2491967
182529	2492003
182530	2492011
182531	2492023
182532	2492051
182533	2492069
182534	2492071
182535	2492093
182536	2492111
182537	2492117
182538	2492123
182539	2492143
182540	2492153
182541	2492159
182542	2492197
182543	2492201
182544	2492227
182545	2492239
182546	2492263
182547	2492279
182548	2492299
182549	2492311
182550	2492317
182551	2492339
182552	2492383
182553	2492389
182554	2492393
182555	2492417
182556	2492423
182557	2492443
182558	2492447
182559	2492453
182560	2492459
182561	2492461
182562	2492509
182563	2492519
182564	2492527
182565	2492549
182566	2492563
182567	2492587
182568	2492593
182569	2492599
182570	2492603
182571	2492657
182572	2492701
182573	2492719
182574	2492729
182575	2492747
182576	2492767
182577	2492783
182578	2492797
182579	2492813
182580	2492821
182581	2492827
182582	2492843
182583	2492851
182584	2492879
182585	2492899
182586	2492951
182587	2492957
182588	2493019
182589	2493037
182590	2493041
182591	2493053
182592	2493077
182593	2493079
182594	2493083
182595	2493089
182596	2493107
182597	2493109
182598	2493121
182599	2493149
182600	2493167
182601	2493187
182602	2493193
182603	2493221
182604	2493229
182605	2493233
182606	2493259
182607	2493289
182608	2493301
182609	2493329
182610	2493331
182611	2493341
182612	2493347
182613	2493349
182614	2493353
182615	2493383
182616	2493401
182617	2493409
182618	2493419
182619	2493437
182620	2493443
182621	2493479
182622	2493511
182623	2493523
182624	2493529
182625	2493551
182626	2493559
182627	2493563
182628	2493587
182629	2493599
182630	2493629
182631	2493643
182632	2493653
182633	2493707
182634	2493709
182635	2493719
182636	2493721
182637	2493727
182638	2493749
182639	2493767
182640	2493779
182641	2493817
182642	2493833
182643	2493851
182644	2493853
182645	2493859
182646	2493877
182647	2493923
182648	2493929
182649	2493937
182650	2493943
182651	2493947
182652	2493949
182653	2493979
182654	2493983
182655	2493991
182656	2494031
182657	2494033
182658	2494057
182659	2494061
182660	2494069
182661	2494081
182662	2494091
182663	2494099
182664	2494103
182665	2494117
182666	2494123
182667	2494157
182668	2494169
182669	2494171
182670	2494201
182671	2494213
182672	2494237
182673	2494241
182674	2494273
182675	2494279
182676	2494313
182677	2494321
182678	2494333
182679	2494357
182680	2494363
182681	2494367
182682	2494379
182683	2494381
182684	2494391
182685	2494421
182686	2494423
182687	2494433
182688	2494439
182689	2494441
182690	2494447
182691	2494451
182692	2494463
182693	2494469
182694	2494489
182695	2494507
182696	2494517
182697	2494523
182698	2494537
182699	2494543
182700	2494553
182701	2494561
182702	2494571
182703	2494589
182704	2494607
182705	2494627
182706	2494637
182707	2494669
182708	2494673
182709	2494693
182710	2494703
182711	2494711
182712	2494721
182713	2494729
182714	2494753
182715	2494769
182716	2494777
182717	2494781
182718	2494819
182719	2494823
182720	2494829
182721	2494831
182722	2494847
182723	2494883
182724	2494889
182725	2494913
182726	2494931
182727	2494949
182728	2494951
182729	2494963
182730	2494967
182731	2494979
182732	2494981
182733	2494991
182734	2494993
182735	2495027
182736	2495047
182737	2495071
182738	2495123
182739	2495149
182740	2495167
182741	2495173
182742	2495177
182743	2495203
182744	2495239
182745	2495249
182746	2495263
182747	2495279
182748	2495291
182749	2495299
182750	2495321
182751	2495323
182752	2495341
182753	2495351
182754	2495387
182755	2495417
182756	2495429
182757	2495443
182758	2495459
182759	2495461
182760	2495473
182761	2495489
182762	2495501
182763	2495509
182764	2495527
182765	2495533
182766	2495543
182767	2495551
182768	2495557
182769	2495567
182770	2495599
182771	2495621
182772	2495657
182773	2495723
182774	2495749
182775	2495767
182776	2495771
182777	2495789
182778	2495803
182779	2495807
182780	2495813
182781	2495819
182782	2495833
182783	2495839
182784	2495851
182785	2495861
182786	2495869
182787	2495881
182788	2495887
182789	2495947
182790	2495963
182791	2495981
182792	2495993
182793	2496007
182794	2496031
182795	2496041
182796	2496061
182797	2496073
182798	2496077
182799	2496079
182800	2496083
182801	2496097
182802	2496103
182803	2496139
182804	2496173
182805	2496191
182806	2496199
182807	2496211
182808	2496227
182809	2496251
182810	2496253
182811	2496257
182812	2496269
182813	2496271
182814	2496281
182815	2496293
182816	2496313
182817	2496317
182818	2496323
182819	2496371
182820	2496379
182821	2496383
182822	2496401
182823	2496409
182824	2496413
182825	2496421
182826	2496437
182827	2496469
182828	2496491
182829	2496493
182830	2496503
182831	2496517
182832	2496521
182833	2496541
182834	2496553
182835	2496577
182836	2496587
182837	2496607
182838	2496629
182839	2496643
182840	2496667
182841	2496677
182842	2496691
182843	2496707
182844	2496721
182845	2496727
182846	2496737
182847	2496743
182848	2496757
182849	2496779
182850	2496799
182851	2496803
182852	2496827
182853	2496829
182854	2496869
182855	2496887
182856	2496899
182857	2496911
182858	2496917
182859	2496919
182860	2496937
182861	2496973
182862	2496979
182863	2497003
182864	2497007
182865	2497013
182866	2497021
182867	2497039
182868	2497043
182869	2497067
182870	2497097
182871	2497109
182872	2497129
182873	2497163
182874	2497169
182875	2497177
182876	2497193
182877	2497207
182878	2497211
182879	2497213
182880	2497217
182881	2497259
182882	2497289
182883	2497301
182884	2497309
182885	2497321
182886	2497333
182887	2497337
182888	2497349
182889	2497357
182890	2497361
182891	2497367
182892	2497381
182893	2497421
182894	2497423
182895	2497447
182896	2497457
182897	2497477
182898	2497489
182899	2497499
182900	2497511
182901	2497513
182902	2497541
182903	2497571
182904	2497591
182905	2497603
182906	2497609
182907	2497631
182908	2497633
182909	2497637
182910	2497661
182911	2497667
182912	2497673
182913	2497697
182914	2497723
182915	2497727
182916	2497739
182917	2497751
182918	2497753
182919	2497757
182920	2497771
182921	2497801
182922	2497811
182923	2497849
182924	2497867
182925	2497871
182926	2497877
182927	2497879
182928	2497897
182929	2497903
182930	2497927
182931	2497931
182932	2497933
182933	2497939
182934	2497951
182935	2497967
182936	2497991
182937	2498009
182938	2498017
182939	2498021
182940	2498071
182941	2498087
182942	2498107
182943	2498123
182944	2498131
182945	2498137
182946	2498143
182947	2498173
182948	2498179
182949	2498183
182950	2498207
182951	2498213
182952	2498219
182953	2498231
182954	2498239
182955	2498273
182956	2498299
182957	2498323
182958	2498333
182959	2498339
182960	2498347
182961	2498359
182962	2498369
182963	2498381
182964	2498393
182965	2498399
182966	2498407
182967	2498413
182968	2498423
182969	2498449
182970	2498453
182971	2498521
182972	2498527
182973	2498539
182974	2498593
182975	2498599
182976	2498603
182977	2498641
182978	2498653
182979	2498659
182980	2498689
182981	2498701
182982	2498707
182983	2498723
182984	2498731
182985	2498737
182986	2498753
182987	2498759
182988	2498767
182989	2498801
182990	2498809
182991	2498819
182992	2498851
182993	2498893
182994	2498921
182995	2498939
182996	2498957
182997	2498971
182998	2498981
182999	2498989
183000	2499023
