107001	1398401
107002	1398407
107003	1398413
107004	1398421
107005	1398427
107006	1398451
107007	1398473
107008	1398493
107009	1398497
107010	1398517
107011	1398521
107012	1398541
107013	1398557
107014	1398559
107015	1398569
107016	1398577
107017	1398581
107018	1398599
107019	1398611
107020	1398619
107021	1398623
107022	1398659
107023	1398667
107024	1398701
107025	1398707
107026	1398721
107027	1398731
107028	1398737
107029	1398763
107030	1398769
107031	1398773
107032	1398779
107033	1398781
107034	1398841
107035	1398847
107036	1398863
107037	1398871
107038	1398911
107039	1398967
107040	1398973
107041	1398977
107042	1398979
107043	1398997
107044	1399003
107045	1399009
107046	1399019
107047	1399033
107048	1399037
107049	1399039
107050	1399063
107051	1399109
107052	1399121
107053	1399129
107054	1399133
107055	1399183
107056	1399187
107057	1399193
107058	1399199
107059	1399201
107060	1399213
107061	1399231
107062	1399261
107063	1399271
107064	1399273
107065	1399283
107066	1399301
107067	1399319
107068	1399351
107069	1399357
107070	1399361
107071	1399367
107072	1399373
107073	1399381
107074	1399393
107075	1399399
107076	1399403
107077	1399417
107078	1399427
107079	1399439
107080	1399441
107081	1399469
107082	1399471
107083	1399477
107084	1399493
107085	1399499
107086	1399507
107087	1399513
107088	1399529
107089	1399537
107090	1399543
107091	1399547
107092	1399549
107093	1399553
107094	1399577
107095	1399579
107096	1399583
107097	1399589
107098	1399603
107099	1399609
107100	1399621
107101	1399633
107102	1399639
107103	1399663
107104	1399679
107105	1399687
107106	1399691
107107	1399709
107108	1399721
107109	1399733
107110	1399751
107111	1399777
107112	1399789
107113	1399793
107114	1399813
107115	1399817
107116	1399819
107117	1399837
107118	1399843
107119	1399847
107120	1399861
107121	1399883
107122	1399913
107123	1399919
107124	1399943
107125	1399963
107126	1399999
107127	1400017
107128	1400023
107129	1400029
107130	1400039
107131	1400051
107132	1400081
107133	1400093
107134	1400107
107135	1400131
107136	1400141
107137	1400143
107138	1400159
107139	1400173
107140	1400197
107141	1400249
107142	1400251
107143	1400261
107144	1400279
107145	1400297
107146	1400299
107147	1400303
107148	1400327
107149	1400353
107150	1400369
107151	1400383
107152	1400387
107153	1400411
107154	1400417
107155	1400423
107156	1400449
107157	1400453
107158	1400479
107159	1400489
107160	1400507
107161	1400527
107162	1400543
107163	1400557
107164	1400587
107165	1400599
107166	1400627
107167	1400653
107168	1400669
107169	1400687
107170	1400689
107171	1400701
107172	1400731
107173	1400747
107174	1400753
107175	1400801
107176	1400803
107177	1400807
107178	1400809
107179	1400821
107180	1400863
107181	1400873
107182	1400879
107183	1400881
107184	1400887
107185	1400891
107186	1400899
107187	1400923
107188	1400939
107189	1400941
107190	1400947
107191	1400989
107192	1401007
107193	1401017
107194	1401031
107195	1401053
107196	1401067
107197	1401083
107198	1401119
107199	1401131
107200	1401139
107201	1401151
107202	1401167
107203	1401187
107204	1401199
107205	1401203
107206	1401217
107207	1401233
107208	1401247
107209	1401263
107210	1401287
107211	1401317
107212	1401319
107213	1401349
107214	1401371
107215	1401377
107216	1401401
107217	1401403
107218	1401409
107219	1401437
107220	1401443
107221	1401461
107222	1401481
107223	1401487
107224	1401511
107225	1401529
107226	1401559
107227	1401571
107228	1401601
107229	1401607
107230	1401613
107231	1401623
107232	1401629
107233	1401641
107234	1401679
107235	1401683
107236	1401703
107237	1401713
107238	1401721
107239	1401737
107240	1401739
107241	1401761
107242	1401767
107243	1401791
107244	1401793
107245	1401809
107246	1401811
107247	1401817
107248	1401821
107249	1401823
107250	1401857
107251	1401937
107252	1401943
107253	1401949
107254	1401971
107255	1401977
107256	1401979
107257	1401989
107258	1402003
107259	1402019
107260	1402031
107261	1402061
107262	1402081
107263	1402087
107264	1402123
107265	1402127
107266	1402129
107267	1402147
107268	1402153
107269	1402157
107270	1402169
107271	1402201
107272	1402231
107273	1402249
107274	1402267
107275	1402277
107276	1402283
107277	1402301
107278	1402309
107279	1402361
107280	1402363
107281	1402367
107282	1402369
107283	1402391
107284	1402397
107285	1402399
107286	1402417
107287	1402421
107288	1402439
107289	1402459
107290	1402477
107291	1402493
107292	1402501
107293	1402519
107294	1402529
107295	1402543
107296	1402547
107297	1402567
107298	1402571
107299	1402589
107300	1402603
107301	1402673
107302	1402693
107303	1402697
107304	1402699
107305	1402711
107306	1402727
107307	1402763
107308	1402771
107309	1402799
107310	1402801
107311	1402811
107312	1402829
107313	1402847
107314	1402859
107315	1402871
107316	1402873
107317	1402883
107318	1402901
107319	1402937
107320	1402943
107321	1402957
107322	1403009
107323	1403021
107324	1403057
107325	1403071
107326	1403081
107327	1403113
107328	1403137
107329	1403147
107330	1403159
107331	1403167
107332	1403189
107333	1403239
107334	1403249
107335	1403251
107336	1403257
107337	1403261
107338	1403287
107339	1403309
107340	1403323
107341	1403327
107342	1403351
107343	1403357
107344	1403371
107345	1403377
107346	1403383
107347	1403393
107348	1403399
107349	1403407
107350	1403411
107351	1403417
107352	1403429
107353	1403443
107354	1403453
107355	1403459
107356	1403461
107357	1403489
107358	1403491
107359	1403531
107360	1403533
107361	1403557
107362	1403569
107363	1403579
107364	1403603
107365	1403609
107366	1403617
107367	1403627
107368	1403641
107369	1403651
107370	1403653
107371	1403657
107372	1403681
107373	1403683
107374	1403693
107375	1403747
107376	1403789
107377	1403791
107378	1403807
107379	1403813
107380	1403819
107381	1403827
107382	1403833
107383	1403849
107384	1403869
107385	1403879
107386	1403887
107387	1403893
107388	1403903
107389	1403921
107390	1403923
107391	1403933
107392	1403939
107393	1403951
107394	1403953
107395	1403957
107396	1403971
107397	1403981
107398	1404059
107399	1404061
107400	1404071
107401	1404107
107402	1404131
107403	1404133
107404	1404163
107405	1404181
107406	1404191
107407	1404211
107408	1404229
107409	1404257
107410	1404283
107411	1404287
107412	1404289
107413	1404323
107414	1404367
107415	1404371
107416	1404391
107417	1404397
107418	1404419
107419	1404427
107420	1404437
107421	1404439
107422	1404467
107423	1404479
107424	1404497
107425	1404503
107426	1404527
107427	1404539
107428	1404547
107429	1404569
107430	1404577
107431	1404581
107432	1404583
107433	1404617
107434	1404643
107435	1404649
107436	1404653
107437	1404671
107438	1404709
107439	1404721
107440	1404737
107441	1404743
107442	1404749
107443	1404763
107444	1404791
107445	1404797
107446	1404811
107447	1404833
107448	1404859
107449	1404869
107450	1404881
107451	1404883
107452	1404899
107453	1404911
107454	1404919
107455	1404937
107456	1404959
107457	1404961
107458	1404973
107459	1404979
107460	1404989
107461	1405007
107462	1405009
107463	1405039
107464	1405087
107465	1405097
107466	1405099
107467	1405109
107468	1405127
107469	1405133
107470	1405141
107471	1405147
107472	1405153
107473	1405163
107474	1405171
107475	1405181
107476	1405207
107477	1405211
107478	1405241
107479	1405247
107480	1405249
107481	1405267
107482	1405289
107483	1405309
107484	1405319
107485	1405333
107486	1405343
107487	1405351
107488	1405361
107489	1405363
107490	1405367
107491	1405387
107492	1405403
107493	1405421
107494	1405451
107495	1405477
107496	1405493
107497	1405511
107498	1405513
107499	1405529
107500	1405531
107501	1405561
107502	1405583
107503	1405597
107504	1405631
107505	1405637
107506	1405643
107507	1405669
107508	1405681
107509	1405693
107510	1405699
107511	1405709
107512	1405721
107513	1405751
107514	1405759
107515	1405769
107516	1405787
107517	1405801
107518	1405813
107519	1405823
107520	1405841
107521	1405879
107522	1405919
107523	1405927
107524	1405939
107525	1405979
107526	1405997
107527	1406011
107528	1406033
107529	1406039
107530	1406051
107531	1406071
107532	1406077
107533	1406081
107534	1406089
107535	1406101
107536	1406159
107537	1406161
107538	1406173
107539	1406213
107540	1406221
107541	1406231
107542	1406267
107543	1406281
107544	1406311
107545	1406351
107546	1406357
107547	1406387
107548	1406389
107549	1406417
107550	1406429
107551	1406441
107552	1406443
107553	1406453
107554	1406459
107555	1406479
107556	1406497
107557	1406521
107558	1406533
107559	1406539
107560	1406543
107561	1406549
107562	1406557
107563	1406591
107564	1406593
107565	1406609
107566	1406617
107567	1406633
107568	1406651
107569	1406677
107570	1406683
107571	1406689
107572	1406701
107573	1406707
107574	1406771
107575	1406773
107576	1406789
107577	1406803
107578	1406807
107579	1406827
107580	1406837
107581	1406849
107582	1406857
107583	1406861
107584	1406879
107585	1406897
107586	1406927
107587	1406939
107588	1406947
107589	1406953
107590	1406959
107591	1406983
107592	1407011
107593	1407017
107594	1407019
107595	1407023
107596	1407037
107597	1407041
107598	1407047
107599	1407053
107600	1407061
107601	1407101
107602	1407113
107603	1407143
107604	1407151
107605	1407181
107606	1407187
107607	1407193
107608	1407223
107609	1407229
107610	1407247
107611	1407251
107612	1407253
107613	1407257
107614	1407271
107615	1407281
107616	1407293
107617	1407317
107618	1407319
107619	1407323
107620	1407337
107621	1407361
107622	1407383
107623	1407389
107624	1407391
107625	1407397
107626	1407409
107627	1407449
107628	1407467
107629	1407473
107630	1407487
107631	1407491
107632	1407499
107633	1407503
107634	1407533
107635	1407547
107636	1407551
107637	1407557
107638	1407559
107639	1407569
107640	1407587
107641	1407599
107642	1407607
107643	1407611
107644	1407613
107645	1407619
107646	1407629
107647	1407647
107648	1407661
107649	1407667
107650	1407671
107651	1407709
107652	1407727
107653	1407751
107654	1407793
107655	1407811
107656	1407823
107657	1407827
107658	1407829
107659	1407841
107660	1407851
107661	1407869
107662	1407877
107663	1407883
107664	1407893
107665	1407937
107666	1407971
107667	1407997
107668	1408007
107669	1408009
107670	1408021
107671	1408027
107672	1408031
107673	1408067
107674	1408079
107675	1408087
107676	1408111
107677	1408123
107678	1408151
107679	1408177
107680	1408181
107681	1408201
107682	1408217
107683	1408219
107684	1408241
107685	1408279
107686	1408289
107687	1408301
107688	1408339
107689	1408349
107690	1408367
107691	1408373
107692	1408397
107693	1408409
107694	1408411
107695	1408417
107696	1408453
107697	1408493
107698	1408499
107699	1408523
107700	1408529
107701	1408567
107702	1408573
107703	1408577
107704	1408597
107705	1408601
107706	1408613
107707	1408619
107708	1408621
107709	1408633
107710	1408651
107711	1408661
107712	1408663
107713	1408669
107714	1408697
107715	1408699
107716	1408703
107717	1408709
107718	1408741
107719	1408763
107720	1408769
107721	1408787
107722	1408789
107723	1408817
107724	1408829
107725	1408843
107726	1408859
107727	1408867
107728	1408871
107729	1408873
107730	1408879
107731	1408889
107732	1408961
107733	1408963
107734	1408987
107735	1408991
107736	1408993
107737	1408999
107738	1409017
107739	1409027
107740	1409033
107741	1409041
107742	1409053
107743	1409063
107744	1409069
107745	1409101
107746	1409117
107747	1409159
107748	1409171
107749	1409203
107750	1409207
107751	1409209
107752	1409227
107753	1409231
107754	1409237
107755	1409251
107756	1409263
107757	1409299
107758	1409311
107759	1409327
107760	1409329
107761	1409341
107762	1409357
107763	1409381
107764	1409393
107765	1409399
107766	1409407
107767	1409459
107768	1409467
107769	1409489
107770	1409491
107771	1409503
107772	1409519
107773	1409531
107774	1409533
107775	1409537
107776	1409543
107777	1409549
107778	1409579
107779	1409581
107780	1409587
107781	1409633
107782	1409651
107783	1409659
107784	1409677
107785	1409713
107786	1409717
107787	1409731
107788	1409741
107789	1409753
107790	1409773
107791	1409783
107792	1409789
107793	1409791
107794	1409797
107795	1409803
107796	1409833
107797	1409843
107798	1409851
107799	1409869
107800	1409879
107801	1409899
107802	1409917
107803	1409957
107804	1409977
107805	1409999
107806	1410007
107807	1410023
107808	1410037
107809	1410043
107810	1410049
107811	1410053
107812	1410077
107813	1410103
107814	1410109
107815	1410139
107816	1410163
107817	1410169
107818	1410179
107819	1410187
107820	1410197
107821	1410203
107822	1410217
107823	1410223
107824	1410239
107825	1410247
107826	1410257
107827	1410289
107828	1410293
107829	1410301
107830	1410307
107831	1410319
107832	1410361
107833	1410373
107834	1410377
107835	1410397
107836	1410401
107837	1410413
107838	1410421
107839	1410449
107840	1410457
107841	1410463
107842	1410467
107843	1410499
107844	1410509
107845	1410527
107846	1410553
107847	1410571
107848	1410587
107849	1410599
107850	1410623
107851	1410653
107852	1410679
107853	1410683
107854	1410697
107855	1410707
107856	1410709
107857	1410727
107858	1410733
107859	1410743
107860	1410757
107861	1410767
107862	1410781
107863	1410803
107864	1410809
107865	1410811
107866	1410823
107867	1410833
107868	1410859
107869	1410887
107870	1410907
107871	1410911
107872	1410923
107873	1410931
107874	1410943
107875	1410947
107876	1410961
107877	1410971
107878	1410973
107879	1410977
107880	1410979
107881	1411013
107882	1411021
107883	1411037
107884	1411043
107885	1411049
107886	1411061
107887	1411099
107888	1411117
107889	1411127
107890	1411141
107891	1411159
107892	1411171
107893	1411181
107894	1411183
107895	1411199
107896	1411219
107897	1411243
107898	1411247
107899	1411271
107900	1411283
107901	1411297
107902	1411307
107903	1411313
107904	1411331
107905	1411369
107906	1411387
107907	1411411
107908	1411427
107909	1411429
107910	1411433
107911	1411471
107912	1411481
107913	1411499
107914	1411519
107915	1411541
107916	1411559
107917	1411573
107918	1411583
107919	1411603
107920	1411607
107921	1411609
107922	1411621
107923	1411637
107924	1411649
107925	1411667
107926	1411679
107927	1411703
107928	1411721
107929	1411727
107930	1411759
107931	1411769
107932	1411777
107933	1411783
107934	1411789
107935	1411793
107936	1411829
107937	1411831
107938	1411847
107939	1411873
107940	1411889
107941	1411897
107942	1411903
107943	1411931
107944	1411937
107945	1411961
107946	1411979
107947	1411987
107948	1411997
107949	1412009
107950	1412011
107951	1412017
107952	1412041
107953	1412051
107954	1412053
107955	1412057
107956	1412087
107957	1412093
107958	1412107
107959	1412141
107960	1412153
107961	1412171
107962	1412183
107963	1412189
107964	1412197
107965	1412219
107966	1412221
107967	1412227
107968	1412231
107969	1412239
107970	1412273
107971	1412287
107972	1412297
107973	1412317
107974	1412321
107975	1412339
107976	1412347
107977	1412351
107978	1412357
107979	1412363
107980	1412381
107981	1412393
107982	1412399
107983	1412413
107984	1412419
107985	1412429
107986	1412447
107987	1412461
107988	1412471
107989	1412473
107990	1412483
107991	1412497
107992	1412527
107993	1412539
107994	1412563
107995	1412597
107996	1412603
107997	1412617
107998	1412629
107999	1412633
108000	1412641
