164001	2219647
164002	2219671
164003	2219681
164004	2219683
164005	2219731
164006	2219771
164007	2219773
164008	2219797
164009	2219801
164010	2219807
164011	2219813
164012	2219831
164013	2219839
164014	2219849
164015	2219869
164016	2219881
164017	2219887
164018	2219923
164019	2219939
164020	2219947
164021	2219953
164022	2219977
164023	2219999
164024	2220007
164025	2220041
164026	2220059
164027	2220073
164028	2220077
164029	2220083
164030	2220089
164031	2220151
164032	2220157
164033	2220187
164034	2220193
164035	2220199
164036	2220203
164037	2220209
164038	2220263
164039	2220271
164040	2220277
164041	2220289
164042	2220293
164043	2220301
164044	2220307
164045	2220311
164046	2220331
164047	2220349
164048	2220367
164049	2220373
164050	2220389
164051	2220403
164052	2220409
164053	2220419
164054	2220431
164055	2220457
164056	2220467
164057	2220479
164058	2220497
164059	2220503
164060	2220521
164061	2220527
164062	2220529
164063	2220539
164064	2220551
164065	2220553
164066	2220643
164067	2220653
164068	2220661
164069	2220671
164070	2220697
164071	2220731
164072	2220749
164073	2220773
164074	2220787
164075	2220839
164076	2220887
164077	2220893
164078	2220913
164079	2220917
164080	2220919
164081	2220923
164082	2220941
164083	2220961
164084	2220971
164085	2220973
164086	2220979
164087	2221007
164088	2221019
164089	2221031
164090	2221061
164091	2221069
164092	2221097
164093	2221111
164094	2221127
164095	2221129
164096	2221159
164097	2221183
164098	2221187
164099	2221217
164100	2221229
164101	2221231
164102	2221249
164103	2221253
164104	2221259
164105	2221273
164106	2221301
164107	2221321
164108	2221333
164109	2221343
164110	2221379
164111	2221381
164112	2221391
164113	2221399
164114	2221403
164115	2221411
164116	2221433
164117	2221447
164118	2221459
164119	2221507
164120	2221511
164121	2221523
164122	2221567
164123	2221589
164124	2221631
164125	2221633
164126	2221657
164127	2221669
164128	2221673
164129	2221699
164130	2221711
164131	2221721
164132	2221733
164133	2221741
164134	2221753
164135	2221757
164136	2221771
164137	2221789
164138	2221829
164139	2221837
164140	2221847
164141	2221859
164142	2221861
164143	2221871
164144	2221889
164145	2221907
164146	2221909
164147	2221931
164148	2221943
164149	2221949
164150	2221969
164151	2221981
164152	2221991
164153	2221997
164154	2222023
164155	2222039
164156	2222071
164157	2222089
164158	2222093
164159	2222123
164160	2222141
164161	2222147
164162	2222167
164163	2222177
164164	2222203
164165	2222219
164166	2222239
164167	2222243
164168	2222249
164169	2222251
164170	2222263
164171	2222273
164172	2222281
164173	2222287
164174	2222293
164175	2222309
164176	2222317
164177	2222321
164178	2222327
164179	2222333
164180	2222351
164181	2222377
164182	2222383
164183	2222387
164184	2222443
164185	2222477
164186	2222501
164187	2222503
164188	2222509
164189	2222527
164190	2222533
164191	2222537
164192	2222543
164193	2222567
164194	2222573
164195	2222579
164196	2222593
164197	2222599
164198	2222611
164199	2222617
164200	2222621
164201	2222629
164202	2222653
164203	2222659
164204	2222663
164205	2222683
164206	2222687
164207	2222719
164208	2222723
164209	2222729
164210	2222741
164211	2222761
164212	2222783
164213	2222809
164214	2222819
164215	2222839
164216	2222893
164217	2222911
164218	2222921
164219	2222929
164220	2222933
164221	2222977
164222	2223007
164223	2223031
164224	2223037
164225	2223043
164226	2223047
164227	2223059
164228	2223079
164229	2223101
164230	2223113
164231	2223119
164232	2223149
164233	2223161
164234	2223163
164235	2223187
164236	2223197
164237	2223211
164238	2223217
164239	2223233
164240	2223253
164241	2223259
164242	2223269
164243	2223281
164244	2223283
164245	2223317
164246	2223329
164247	2223371
164248	2223383
164249	2223391
164250	2223407
164251	2223421
164252	2223443
164253	2223449
164254	2223451
164255	2223457
164256	2223467
164257	2223469
164258	2223493
164259	2223497
164260	2223499
164261	2223503
164262	2223521
164263	2223541
164264	2223563
164265	2223581
164266	2223587
164267	2223607
164268	2223623
164269	2223631
164270	2223671
164271	2223673
164272	2223677
164273	2223679
164274	2223701
164275	2223713
164276	2223731
164277	2223743
164278	2223757
164279	2223761
164280	2223773
164281	2223829
164282	2223833
164283	2223839
164284	2223841
164285	2223853
164286	2223857
164287	2223869
164288	2223883
164289	2223901
164290	2223911
164291	2223937
164292	2223943
164293	2223967
164294	2223973
164295	2223983
164296	2224009
164297	2224037
164298	2224063
164299	2224069
164300	2224073
164301	2224099
164302	2224141
164303	2224147
164304	2224153
164305	2224171
164306	2224193
164307	2224231
164308	2224247
164309	2224259
164310	2224267
164311	2224279
164312	2224283
164313	2224289
164314	2224337
164315	2224367
164316	2224379
164317	2224429
164318	2224441
164319	2224447
164320	2224457
164321	2224459
164322	2224489
164323	2224493
164324	2224507
164325	2224513
164326	2224517
164327	2224553
164328	2224559
164329	2224567
164330	2224571
164331	2224597
164332	2224627
164333	2224633
164334	2224657
164335	2224661
164336	2224667
164337	2224669
164338	2224679
164339	2224681
164340	2224687
164341	2224709
164342	2224741
164343	2224753
164344	2224757
164345	2224763
164346	2224801
164347	2224837
164348	2224861
164349	2224867
164350	2224879
164351	2224891
164352	2224897
164353	2224907
164354	2224931
164355	2224939
164356	2224961
164357	2224969
164358	2224979
164359	2224987
164360	2224991
164361	2225009
164362	2225021
164363	2225039
164364	2225051
164365	2225053
164366	2225057
164367	2225059
164368	2225063
164369	2225077
164370	2225081
164371	2225101
164372	2225107
164373	2225123
164374	2225159
164375	2225173
164376	2225177
164377	2225183
164378	2225203
164379	2225221
164380	2225231
164381	2225233
164382	2225263
164383	2225269
164384	2225323
164385	2225339
164386	2225371
164387	2225381
164388	2225387
164389	2225389
164390	2225393
164391	2225401
164392	2225407
164393	2225429
164394	2225473
164395	2225491
164396	2225501
164397	2225533
164398	2225543
164399	2225557
164400	2225563
164401	2225567
164402	2225569
164403	2225579
164404	2225581
164405	2225593
164406	2225599
164407	2225621
164408	2225627
164409	2225647
164410	2225653
164411	2225659
164412	2225681
164413	2225683
164414	2225689
164415	2225701
164416	2225747
164417	2225749
164418	2225753
164419	2225771
164420	2225777
164421	2225791
164422	2225819
164423	2225833
164424	2225851
164425	2225863
164426	2225879
164427	2225887
164428	2225959
164429	2225969
164430	2225999
164431	2226001
164432	2226019
164433	2226023
164434	2226041
164435	2226089
164436	2226131
164437	2226137
164438	2226149
164439	2226151
164440	2226163
164441	2226197
164442	2226199
164443	2226221
164444	2226227
164445	2226229
164446	2226241
164447	2226251
164448	2226283
164449	2226293
164450	2226307
164451	2226311
164452	2226313
164453	2226319
164454	2226353
164455	2226373
164456	2226383
164457	2226403
164458	2226407
164459	2226409
164460	2226421
164461	2226431
164462	2226461
164463	2226463
164464	2226467
164465	2226479
164466	2226493
164467	2226509
164468	2226517
164469	2226527
164470	2226529
164471	2226547
164472	2226557
164473	2226569
164474	2226571
164475	2226593
164476	2226613
164477	2226617
164478	2226619
164479	2226647
164480	2226659
164481	2226673
164482	2226701
164483	2226713
164484	2226733
164485	2226767
164486	2226769
164487	2226787
164488	2226793
164489	2226811
164490	2226817
164491	2226839
164492	2226853
164493	2226859
164494	2226893
164495	2226899
164496	2226911
164497	2226923
164498	2226937
164499	2226941
164500	2226943
164501	2226953
164502	2226989
164503	2227003
164504	2227019
164505	2227031
164506	2227033
164507	2227061
164508	2227063
164509	2227087
164510	2227109
164511	2227129
164512	2227163
164513	2227193
164514	2227201
164515	2227207
164516	2227213
164517	2227223
164518	2227231
164519	2227259
164520	2227261
164521	2227273
164522	2227301
164523	2227307
164524	2227321
164525	2227327
164526	2227333
164527	2227339
164528	2227361
164529	2227367
164530	2227369
164531	2227397
164532	2227399
164533	2227409
164534	2227417
164535	2227429
164536	2227439
164537	2227441
164538	2227451
164539	2227469
164540	2227499
164541	2227501
164542	2227507
164543	2227513
164544	2227531
164545	2227543
164546	2227583
164547	2227591
164548	2227597
164549	2227601
164550	2227607
164551	2227609
164552	2227627
164553	2227639
164554	2227649
164555	2227651
164556	2227657
164557	2227661
164558	2227669
164559	2227717
164560	2227723
164561	2227727
164562	2227739
164563	2227747
164564	2227763
164565	2227777
164566	2227789
164567	2227801
164568	2227831
164569	2227843
164570	2227853
164571	2227859
164572	2227871
164573	2227889
164574	2227913
164575	2227919
164576	2227943
164577	2227963
164578	2228011
164579	2228027
164580	2228053
164581	2228077
164582	2228081
164583	2228089
164584	2228101
164585	2228113
164586	2228117
164587	2228119
164588	2228123
164589	2228137
164590	2228143
164591	2228153
164592	2228159
164593	2228167
164594	2228183
164595	2228189
164596	2228201
164597	2228209
164598	2228221
164599	2228243
164600	2228299
164601	2228321
164602	2228323
164603	2228329
164604	2228333
164605	2228341
164606	2228351
164607	2228383
164608	2228393
164609	2228407
164610	2228417
164611	2228423
164612	2228431
164613	2228437
164614	2228449
164615	2228483
164616	2228507
164617	2228509
164618	2228519
164619	2228521
164620	2228531
164621	2228533
164622	2228543
164623	2228549
164624	2228573
164625	2228591
164626	2228657
164627	2228659
164628	2228663
164629	2228687
164630	2228711
164631	2228713
164632	2228731
164633	2228741
164634	2228747
164635	2228753
164636	2228771
164637	2228777
164638	2228783
164639	2228797
164640	2228813
164641	2228867
164642	2228893
164643	2228923
164644	2228927
164645	2228939
164646	2228959
164647	2228971
164648	2228981
164649	2228983
164650	2228987
164651	2229037
164652	2229041
164653	2229043
164654	2229083
164655	2229089
164656	2229103
164657	2229107
164658	2229113
164659	2229119
164660	2229121
164661	2229133
164662	2229167
164663	2229169
164664	2229239
164665	2229247
164666	2229263
164667	2229277
164668	2229299
164669	2229307
164670	2229313
164671	2229319
164672	2229349
164673	2229371
164674	2229379
164675	2229389
164676	2229391
164677	2229407
164678	2229419
164679	2229467
164680	2229473
164681	2229497
164682	2229503
164683	2229523
164684	2229527
164685	2229541
164686	2229547
164687	2229569
164688	2229581
164689	2229587
164690	2229589
164691	2229599
164692	2229653
164693	2229659
164694	2229673
164695	2229683
164696	2229691
164697	2229697
164698	2229701
164699	2229713
164700	2229767
164701	2229769
164702	2229779
164703	2229791
164704	2229793
164705	2229809
164706	2229823
164707	2229833
164708	2229853
164709	2229863
164710	2229883
164711	2229889
164712	2229893
164713	2229917
164714	2229943
164715	2229959
164716	2229967
164717	2229971
164718	2229991
164719	2230001
164720	2230021
164721	2230051
164722	2230061
164723	2230069
164724	2230079
164725	2230093
164726	2230097
164727	2230117
164728	2230121
164729	2230133
164730	2230139
164731	2230147
164732	2230153
164733	2230157
164734	2230159
164735	2230177
164736	2230219
164737	2230243
164738	2230253
164739	2230301
164740	2230309
164741	2230331
164742	2230339
164743	2230351
164744	2230409
164745	2230411
164746	2230433
164747	2230439
164748	2230457
164749	2230469
164750	2230483
164751	2230493
164752	2230511
164753	2230513
164754	2230531
164755	2230541
164756	2230549
164757	2230561
164758	2230577
164759	2230583
164760	2230589
164761	2230597
164762	2230633
164763	2230639
164764	2230643
164765	2230663
164766	2230673
164767	2230691
164768	2230699
164769	2230721
164770	2230727
164771	2230759
164772	2230777
164773	2230783
164774	2230801
164775	2230819
164776	2230829
164777	2230861
164778	2230867
164779	2230871
164780	2230873
164781	2230939
164782	2230951
164783	2230979
164784	2231011
164785	2231027
164786	2231051
164787	2231059
164788	2231077
164789	2231087
164790	2231093
164791	2231107
164792	2231129
164793	2231149
164794	2231171
164795	2231209
164796	2231219
164797	2231269
164798	2231279
164799	2231293
164800	2231297
164801	2231309
164802	2231311
164803	2231329
164804	2231351
164805	2231357
164806	2231371
164807	2231381
164808	2231389
164809	2231407
164810	2231413
164811	2231423
164812	2231429
164813	2231431
164814	2231447
164815	2231461
164816	2231477
164817	2231479
164818	2231491
164819	2231501
164820	2231519
164821	2231533
164822	2231587
164823	2231591
164824	2231599
164825	2231609
164826	2231617
164827	2231623
164828	2231627
164829	2231653
164830	2231681
164831	2231687
164832	2231707
164833	2231711
164834	2231717
164835	2231731
164836	2231737
164837	2231767
164838	2231773
164839	2231791
164840	2231809
164841	2231819
164842	2231821
164843	2231833
164844	2231839
164845	2231843
164846	2231849
164847	2231857
164848	2231861
164849	2231881
164850	2231891
164851	2231909
164852	2231941
164853	2232017
164854	2232023
164855	2232037
164856	2232053
164857	2232059
164858	2232071
164859	2232107
164860	2232133
164861	2232157
164862	2232161
164863	2232179
164864	2232193
164865	2232199
164866	2232203
164867	2232221
164868	2232229
164869	2232257
164870	2232271
164871	2232281
164872	2232317
164873	2232323
164874	2232337
164875	2232353
164876	2232379
164877	2232401
164878	2232421
164879	2232427
164880	2232437
164881	2232463
164882	2232487
164883	2232493
164884	2232509
164885	2232511
164886	2232523
164887	2232551
164888	2232569
164889	2232583
164890	2232613
164891	2232653
164892	2232673
164893	2232677
164894	2232701
164895	2232749
164896	2232751
164897	2232761
164898	2232773
164899	2232779
164900	2232781
164901	2232793
164902	2232809
164903	2232821
164904	2232827
164905	2232833
164906	2232847
164907	2232859
164908	2232869
164909	2232887
164910	2232889
164911	2232907
164912	2232929
164913	2232931
164914	2232941
164915	2232959
164916	2232991
164917	2233003
164918	2233019
164919	2233031
164920	2233039
164921	2233057
164922	2233079
164923	2233081
164924	2233117
164925	2233123
164926	2233129
164927	2233183
164928	2233199
164929	2233201
164930	2233207
164931	2233213
164932	2233223
164933	2233243
164934	2233247
164935	2233267
164936	2233303
164937	2233331
164938	2233337
164939	2233373
164940	2233379
164941	2233381
164942	2233391
164943	2233397
164944	2233403
164945	2233417
164946	2233433
164947	2233459
164948	2233471
164949	2233481
164950	2233489
164951	2233499
164952	2233501
164953	2233513
164954	2233523
164955	2233529
164956	2233531
164957	2233537
164958	2233541
164959	2233547
164960	2233571
164961	2233573
164962	2233597
164963	2233601
164964	2233607
164965	2233631
164966	2233657
164967	2233709
164968	2233711
164969	2233717
164970	2233723
164971	2233739
164972	2233747
164973	2233753
164974	2233757
164975	2233787
164976	2233793
164977	2233843
164978	2233859
164979	2233867
164980	2233877
164981	2233879
164982	2233901
164983	2233909
164984	2233927
164985	2233937
164986	2233939
164987	2233951
164988	2233961
164989	2233969
164990	2233993
164991	2233999
164992	2234009
164993	2234017
164994	2234033
164995	2234069
164996	2234081
164997	2234107
164998	2234117
164999	2234119
165000	2234129
