116001	1525933
116002	1525957
116003	1525961
116004	1525963
116005	1525967
116006	1525969
116007	1525987
116008	1525999
116009	1526053
116010	1526069
116011	1526071
116012	1526087
116013	1526089
116014	1526093
116015	1526117
116016	1526123
116017	1526149
116018	1526167
116019	1526179
116020	1526191
116021	1526227
116022	1526263
116023	1526267
116024	1526269
116025	1526279
116026	1526297
116027	1526321
116028	1526339
116029	1526341
116030	1526351
116031	1526363
116032	1526377
116033	1526381
116034	1526387
116035	1526401
116036	1526411
116037	1526423
116038	1526431
116039	1526449
116040	1526467
116041	1526521
116042	1526537
116043	1526557
116044	1526561
116045	1526587
116046	1526597
116047	1526611
116048	1526621
116049	1526633
116050	1526639
116051	1526641
116052	1526653
116053	1526659
116054	1526687
116055	1526741
116056	1526747
116057	1526807
116058	1526813
116059	1526831
116060	1526867
116061	1526873
116062	1526909
116063	1526929
116064	1526933
116065	1526977
116066	1526999
116067	1527017
116068	1527023
116069	1527041
116070	1527047
116071	1527061
116072	1527079
116073	1527083
116074	1527107
116075	1527109
116076	1527121
116077	1527133
116078	1527137
116079	1527143
116080	1527157
116081	1527173
116082	1527179
116083	1527187
116084	1527203
116085	1527247
116086	1527271
116087	1527287
116088	1527289
116089	1527299
116090	1527311
116091	1527313
116092	1527347
116093	1527349
116094	1527371
116095	1527389
116096	1527443
116097	1527457
116098	1527497
116099	1527521
116100	1527523
116101	1527529
116102	1527541
116103	1527551
116104	1527553
116105	1527563
116106	1527577
116107	1527583
116108	1527599
116109	1527607
116110	1527613
116111	1527629
116112	1527677
116113	1527679
116114	1527689
116115	1527703
116116	1527709
116117	1527727
116118	1527731
116119	1527737
116120	1527761
116121	1527769
116122	1527791
116123	1527793
116124	1527803
116125	1527811
116126	1527839
116127	1527857
116128	1527859
116129	1527887
116130	1527893
116131	1527899
116132	1527901
116133	1527931
116134	1527941
116135	1527949
116136	1527971
116137	1527973
116138	1527979
116139	1527983
116140	1527997
116141	1528001
116142	1528013
116143	1528019
116144	1528061
116145	1528073
116146	1528103
116147	1528127
116148	1528139
116149	1528141
116150	1528157
116151	1528171
116152	1528187
116153	1528199
116154	1528223
116155	1528229
116156	1528237
116157	1528243
116158	1528253
116159	1528259
116160	1528291
116161	1528313
116162	1528321
116163	1528333
116164	1528399
116165	1528409
116166	1528421
116167	1528427
116168	1528441
116169	1528447
116170	1528459
116171	1528463
116172	1528469
116173	1528529
116174	1528537
116175	1528543
116176	1528577
116177	1528601
116178	1528609
116179	1528613
116180	1528621
116181	1528627
116182	1528633
116183	1528643
116184	1528661
116185	1528669
116186	1528687
116187	1528697
116188	1528717
116189	1528733
116190	1528771
116191	1528781
116192	1528789
116193	1528799
116194	1528811
116195	1528823
116196	1528831
116197	1528853
116198	1528859
116199	1528871
116200	1528897
116201	1528937
116202	1528939
116203	1528979
116204	1528993
116205	1528999
116206	1529009
116207	1529027
116208	1529029
116209	1529041
116210	1529053
116211	1529069
116212	1529071
116213	1529081
116214	1529089
116215	1529093
116216	1529119
116217	1529149
116218	1529153
116219	1529189
116220	1529191
116221	1529233
116222	1529243
116223	1529249
116224	1529263
116225	1529267
116226	1529273
116227	1529279
116228	1529309
116229	1529327
116230	1529357
116231	1529369
116232	1529377
116233	1529383
116234	1529387
116235	1529389
116236	1529393
116237	1529401
116238	1529413
116239	1529419
116240	1529449
116241	1529459
116242	1529471
116243	1529501
116244	1529503
116245	1529513
116246	1529531
116247	1529533
116248	1529537
116249	1529573
116250	1529581
116251	1529599
116252	1529603
116253	1529611
116254	1529621
116255	1529629
116256	1529659
116257	1529683
116258	1529701
116259	1529741
116260	1529761
116261	1529777
116262	1529791
116263	1529797
116264	1529807
116265	1529831
116266	1529849
116267	1529851
116268	1529863
116269	1529867
116270	1529893
116271	1529903
116272	1529909
116273	1529917
116274	1529933
116275	1529947
116276	1529963
116277	1529971
116278	1529977
116279	1529989
116280	1530019
116281	1530037
116282	1530071
116283	1530073
116284	1530077
116285	1530091
116286	1530097
116287	1530103
116288	1530107
116289	1530131
116290	1530143
116291	1530149
116292	1530157
116293	1530173
116294	1530197
116295	1530227
116296	1530229
116297	1530233
116298	1530281
116299	1530293
116300	1530311
116301	1530313
116302	1530329
116303	1530343
116304	1530349
116305	1530409
116306	1530457
116307	1530511
116308	1530517
116309	1530521
116310	1530523
116311	1530539
116312	1530541
116313	1530553
116314	1530559
116315	1530569
116316	1530589
116317	1530601
116318	1530611
116319	1530623
116320	1530631
116321	1530647
116322	1530667
116323	1530679
116324	1530691
116325	1530703
116326	1530709
116327	1530713
116328	1530721
116329	1530779
116330	1530791
116331	1530803
116332	1530827
116333	1530829
116334	1530839
116335	1530847
116336	1530853
116337	1530863
116338	1530869
116339	1530871
116340	1530911
116341	1530913
116342	1530937
116343	1530943
116344	1530953
116345	1530967
116346	1531021
116347	1531027
116348	1531031
116349	1531051
116350	1531081
116351	1531091
116352	1531093
116353	1531111
116354	1531129
116355	1531147
116356	1531157
116357	1531181
116358	1531199
116359	1531217
116360	1531253
116361	1531279
116362	1531297
116363	1531303
116364	1531331
116365	1531333
116366	1531337
116367	1531357
116368	1531367
116369	1531373
116370	1531379
116371	1531447
116372	1531469
116373	1531477
116374	1531487
116375	1531499
116376	1531549
116377	1531561
116378	1531567
116379	1531591
116380	1531619
116381	1531627
116382	1531631
116383	1531633
116384	1531657
116385	1531661
116386	1531669
116387	1531681
116388	1531697
116389	1531709
116390	1531721
116391	1531729
116392	1531769
116393	1531793
116394	1531807
116395	1531811
116396	1531813
116397	1531843
116398	1531847
116399	1531861
116400	1531897
116401	1531909
116402	1531987
116403	1531991
116404	1531997
116405	1532009
116406	1532017
116407	1532021
116408	1532029
116409	1532033
116410	1532039
116411	1532077
116412	1532081
116413	1532093
116414	1532107
116415	1532117
116416	1532123
116417	1532131
116418	1532143
116419	1532161
116420	1532173
116421	1532183
116422	1532231
116423	1532243
116424	1532249
116425	1532257
116426	1532287
116427	1532291
116428	1532303
116429	1532327
116430	1532351
116431	1532353
116432	1532359
116433	1532371
116434	1532413
116435	1532449
116436	1532471
116437	1532507
116438	1532543
116439	1532551
116440	1532579
116441	1532581
116442	1532593
116443	1532603
116444	1532611
116445	1532627
116446	1532633
116447	1532639
116448	1532647
116449	1532659
116450	1532681
116451	1532693
116452	1532701
116453	1532719
116454	1532723
116455	1532731
116456	1532767
116457	1532779
116458	1532803
116459	1532827
116460	1532833
116461	1532849
116462	1532887
116463	1532899
116464	1532903
116465	1532917
116466	1532929
116467	1532933
116468	1532957
116469	1532963
116470	1532983
116471	1532987
116472	1533029
116473	1533041
116474	1533083
116475	1533101
116476	1533107
116477	1533109
116478	1533127
116479	1533137
116480	1533139
116481	1533163
116482	1533197
116483	1533199
116484	1533211
116485	1533221
116486	1533239
116487	1533283
116488	1533293
116489	1533307
116490	1533313
116491	1533331
116492	1533347
116493	1533379
116494	1533397
116495	1533401
116496	1533407
116497	1533431
116498	1533437
116499	1533439
116500	1533443
116501	1533457
116502	1533461
116503	1533463
116504	1533481
116505	1533487
116506	1533503
116507	1533517
116508	1533527
116509	1533533
116510	1533557
116511	1533583
116512	1533593
116513	1533599
116514	1533619
116515	1533629
116516	1533643
116517	1533659
116518	1533673
116519	1533683
116520	1533691
116521	1533713
116522	1533731
116523	1533743
116524	1533793
116525	1533797
116526	1533799
116527	1533809
116528	1533817
116529	1533841
116530	1533871
116531	1533877
116532	1533881
116533	1533899
116534	1533901
116535	1533907
116536	1533937
116537	1533947
116538	1533953
116539	1533971
116540	1533977
116541	1534019
116542	1534021
116543	1534051
116544	1534061
116545	1534067
116546	1534069
116547	1534073
116548	1534081
116549	1534103
116550	1534121
116551	1534133
116552	1534139
116553	1534147
116554	1534151
116555	1534153
116556	1534171
116557	1534189
116558	1534207
116559	1534213
116560	1534217
116561	1534219
116562	1534223
116563	1534289
116564	1534321
116565	1534327
116566	1534331
116567	1534349
116568	1534373
116569	1534397
116570	1534411
116571	1534451
116572	1534453
116573	1534457
116574	1534483
116575	1534499
116576	1534513
116577	1534517
116578	1534549
116579	1534579
116580	1534591
116581	1534601
116582	1534609
116583	1534633
116584	1534657
116585	1534661
116586	1534667
116587	1534727
116588	1534739
116589	1534751
116590	1534783
116591	1534787
116592	1534789
116593	1534823
116594	1534837
116595	1534843
116596	1534853
116597	1534861
116598	1534873
116599	1534889
116600	1534901
116601	1534921
116602	1534931
116603	1534957
116604	1534961
116605	1534963
116606	1534969
116607	1534979
116608	1534993
116609	1535011
116610	1535041
116611	1535069
116612	1535071
116613	1535077
116614	1535101
116615	1535111
116616	1535119
116617	1535123
116618	1535137
116619	1535153
116620	1535179
116621	1535243
116622	1535249
116623	1535269
116624	1535279
116625	1535291
116626	1535293
116627	1535299
116628	1535311
116629	1535323
116630	1535341
116631	1535351
116632	1535353
116633	1535363
116634	1535377
116635	1535381
116636	1535393
116637	1535441
116638	1535453
116639	1535459
116640	1535467
116641	1535473
116642	1535477
116643	1535489
116644	1535497
116645	1535507
116646	1535531
116647	1535539
116648	1535543
116649	1535563
116650	1535581
116651	1535587
116652	1535603
116653	1535609
116654	1535621
116655	1535629
116656	1535663
116657	1535669
116658	1535671
116659	1535689
116660	1535717
116661	1535719
116662	1535741
116663	1535747
116664	1535761
116665	1535767
116666	1535773
116667	1535777
116668	1535791
116669	1535803
116670	1535813
116671	1535837
116672	1535843
116673	1535857
116674	1535861
116675	1535867
116676	1535879
116677	1535909
116678	1535923
116679	1535929
116680	1535939
116681	1535959
116682	1535969
116683	1535971
116684	1535987
116685	1536011
116686	1536013
116687	1536023
116688	1536037
116689	1536047
116690	1536049
116691	1536077
116692	1536083
116693	1536097
116694	1536107
116695	1536121
116696	1536133
116697	1536149
116698	1536167
116699	1536173
116700	1536187
116701	1536191
116702	1536211
116703	1536221
116704	1536251
116705	1536257
116706	1536263
116707	1536281
116708	1536287
116709	1536343
116710	1536349
116711	1536373
116712	1536389
116713	1536401
116714	1536439
116715	1536467
116716	1536487
116717	1536497
116718	1536527
116719	1536533
116720	1536539
116721	1536547
116722	1536553
116723	1536581
116724	1536583
116725	1536589
116726	1536593
116727	1536599
116728	1536611
116729	1536617
116730	1536631
116731	1536641
116732	1536643
116733	1536649
116734	1536659
116735	1536673
116736	1536677
116737	1536679
116738	1536683
116739	1536719
116740	1536737
116741	1536781
116742	1536793
116743	1536809
116744	1536811
116745	1536823
116746	1536839
116747	1536881
116748	1536889
116749	1536893
116750	1536907
116751	1536959
116752	1536961
116753	1536989
116754	1536991
116755	1537001
116756	1537007
116757	1537013
116758	1537027
116759	1537031
116760	1537037
116761	1537051
116762	1537061
116763	1537099
116764	1537141
116765	1537147
116766	1537153
116767	1537163
116768	1537169
116769	1537177
116770	1537183
116771	1537199
116772	1537223
116773	1537241
116774	1537247
116775	1537279
116776	1537301
116777	1537337
116778	1537357
116779	1537369
116780	1537373
116781	1537391
116782	1537397
116783	1537399
116784	1537411
116785	1537421
116786	1537427
116787	1537439
116788	1537441
116789	1537457
116790	1537469
116791	1537489
116792	1537513
116793	1537517
116794	1537559
116795	1537561
116796	1537607
116797	1537621
116798	1537639
116799	1537643
116800	1537661
116801	1537681
116802	1537691
116803	1537709
116804	1537721
116805	1537729
116806	1537751
116807	1537771
116808	1537799
116809	1537801
116810	1537807
116811	1537813
116812	1537819
116813	1537847
116814	1537853
116815	1537867
116816	1537883
116817	1537889
116818	1537897
116819	1537933
116820	1537937
116821	1537961
116822	1537967
116823	1537969
116824	1537997
116825	1537999
116826	1538011
116827	1538023
116828	1538027
116829	1538029
116830	1538039
116831	1538057
116832	1538059
116833	1538077
116834	1538081
116835	1538083
116836	1538087
116837	1538093
116838	1538101
116839	1538111
116840	1538167
116841	1538179
116842	1538191
116843	1538203
116844	1538213
116845	1538227
116846	1538233
116847	1538261
116848	1538267
116849	1538281
116850	1538293
116851	1538311
116852	1538321
116853	1538353
116854	1538389
116855	1538393
116856	1538399
116857	1538413
116858	1538419
116859	1538429
116860	1538441
116861	1538461
116862	1538473
116863	1538491
116864	1538501
116865	1538503
116866	1538507
116867	1538519
116868	1538531
116869	1538569
116870	1538573
116871	1538587
116872	1538597
116873	1538599
116874	1538609
116875	1538611
116876	1538617
116877	1538627
116878	1538629
116879	1538633
116880	1538657
116881	1538701
116882	1538731
116883	1538743
116884	1538773
116885	1538777
116886	1538807
116887	1538837
116888	1538839
116889	1538851
116890	1538879
116891	1538893
116892	1538909
116893	1538917
116894	1538939
116895	1538951
116896	1538963
116897	1538983
116898	1538989
116899	1539011
116900	1539029
116901	1539049
116902	1539053
116903	1539073
116904	1539103
116905	1539127
116906	1539149
116907	1539193
116908	1539199
116909	1539211
116910	1539217
116911	1539227
116912	1539253
116913	1539257
116914	1539259
116915	1539281
116916	1539301
116917	1539313
116918	1539331
116919	1539347
116920	1539359
116921	1539389
116922	1539397
116923	1539403
116924	1539449
116925	1539451
116926	1539463
116927	1539467
116928	1539479
116929	1539521
116930	1539547
116931	1539557
116932	1539563
116933	1539569
116934	1539583
116935	1539613
116936	1539619
116937	1539641
116938	1539649
116939	1539653
116940	1539661
116941	1539679
116942	1539691
116943	1539719
116944	1539721
116945	1539731
116946	1539737
116947	1539763
116948	1539773
116949	1539793
116950	1539799
116951	1539821
116952	1539847
116953	1539859
116954	1539869
116955	1539883
116956	1539887
116957	1539913
116958	1539917
116959	1539943
116960	1539961
116961	1539971
116962	1539973
116963	1539983
116964	1539991
116965	1539997
116966	1540003
116967	1540009
116968	1540027
116969	1540031
116970	1540039
116971	1540073
116972	1540079
116973	1540087
116974	1540109
116975	1540141
116976	1540151
116977	1540153
116978	1540157
116979	1540169
116980	1540171
116981	1540177
116982	1540193
116983	1540207
116984	1540211
116985	1540223
116986	1540229
116987	1540243
116988	1540249
116989	1540289
116990	1540309
116991	1540321
116992	1540337
116993	1540367
116994	1540403
116995	1540423
116996	1540447
116997	1540453
116998	1540477
116999	1540481
117000	1540499
