167001	2263411
167002	2263423
167003	2263427
167004	2263433
167005	2263439
167006	2263441
167007	2263447
167008	2263463
167009	2263483
167010	2263507
167011	2263517
167012	2263519
167013	2263531
167014	2263553
167015	2263559
167016	2263561
167017	2263579
167018	2263619
167019	2263627
167020	2263633
167021	2263643
167022	2263687
167023	2263691
167024	2263699
167025	2263721
167026	2263739
167027	2263741
167028	2263753
167029	2263759
167030	2263763
167031	2263777
167032	2263787
167033	2263801
167034	2263817
167035	2263829
167036	2263841
167037	2263843
167038	2263847
167039	2263861
167040	2263879
167041	2263901
167042	2263909
167043	2263927
167044	2263931
167045	2263939
167046	2263957
167047	2263969
167048	2264027
167049	2264057
167050	2264069
167051	2264081
167052	2264089
167053	2264099
167054	2264113
167055	2264149
167056	2264153
167057	2264161
167058	2264177
167059	2264183
167060	2264191
167061	2264201
167062	2264203
167063	2264231
167064	2264239
167065	2264267
167066	2264279
167067	2264293
167068	2264299
167069	2264309
167070	2264321
167071	2264329
167072	2264341
167073	2264347
167074	2264351
167075	2264357
167076	2264359
167077	2264393
167078	2264429
167079	2264443
167080	2264453
167081	2264467
167082	2264497
167083	2264501
167084	2264513
167085	2264539
167086	2264543
167087	2264551
167088	2264567
167089	2264569
167090	2264573
167091	2264593
167092	2264599
167093	2264609
167094	2264611
167095	2264617
167096	2264623
167097	2264627
167098	2264641
167099	2264657
167100	2264683
167101	2264699
167102	2264707
167103	2264719
167104	2264737
167105	2264749
167106	2264753
167107	2264761
167108	2264771
167109	2264777
167110	2264797
167111	2264803
167112	2264809
167113	2264827
167114	2264831
167115	2264839
167116	2264861
167117	2264863
167118	2264897
167119	2264903
167120	2264917
167121	2264923
167122	2264957
167123	2264959
167124	2265001
167125	2265019
167126	2265049
167127	2265079
167128	2265101
167129	2265143
167130	2265149
167131	2265163
167132	2265173
167133	2265223
167134	2265239
167135	2265269
167136	2265271
167137	2265287
167138	2265323
167139	2265331
167140	2265371
167141	2265377
167142	2265391
167143	2265413
167144	2265421
167145	2265433
167146	2265443
167147	2265463
167148	2265467
167149	2265469
167150	2265493
167151	2265499
167152	2265517
167153	2265521
167154	2265551
167155	2265581
167156	2265587
167157	2265589
167158	2265611
167159	2265623
167160	2265631
167161	2265643
167162	2265647
167163	2265671
167164	2265677
167165	2265721
167166	2265727
167167	2265737
167168	2265749
167169	2265751
167170	2265761
167171	2265779
167172	2265793
167173	2265797
167174	2265841
167175	2265869
167176	2265877
167177	2265881
167178	2265899
167179	2265911
167180	2265941
167181	2265943
167182	2265953
167183	2265979
167184	2266003
167185	2266021
167186	2266027
167187	2266037
167188	2266039
167189	2266063
167190	2266067
167191	2266079
167192	2266087
167193	2266093
167194	2266097
167195	2266109
167196	2266129
167197	2266133
167198	2266157
167199	2266163
167200	2266177
167201	2266183
167202	2266217
167203	2266223
167204	2266237
167205	2266247
167206	2266267
167207	2266283
167208	2266289
167209	2266291
167210	2266307
167211	2266331
167212	2266337
167213	2266343
167214	2266403
167215	2266427
167216	2266447
167217	2266463
167218	2266469
167219	2266471
167220	2266477
167221	2266493
167222	2266499
167223	2266501
167224	2266507
167225	2266519
167226	2266531
167227	2266549
167228	2266571
167229	2266591
167230	2266601
167231	2266619
167232	2266631
167233	2266633
167234	2266637
167235	2266639
167236	2266679
167237	2266697
167238	2266709
167239	2266711
167240	2266717
167241	2266739
167242	2266753
167243	2266769
167244	2266777
167245	2266783
167246	2266787
167247	2266801
167248	2266829
167249	2266837
167250	2266861
167251	2266883
167252	2266897
167253	2266907
167254	2266921
167255	2266961
167256	2266973
167257	2266981
167258	2266991
167259	2266993
167260	2267011
167261	2267029
167262	2267047
167263	2267051
167264	2267053
167265	2267071
167266	2267093
167267	2267117
167268	2267129
167269	2267131
167270	2267141
167271	2267143
167272	2267149
167273	2267159
167274	2267189
167275	2267197
167276	2267203
167277	2267219
167278	2267227
167279	2267231
167280	2267257
167281	2267263
167282	2267281
167283	2267297
167284	2267299
167285	2267303
167286	2267381
167287	2267383
167288	2267399
167289	2267407
167290	2267413
167291	2267417
167292	2267483
167293	2267497
167294	2267509
167295	2267521
167296	2267533
167297	2267543
167298	2267549
167299	2267561
167300	2267563
167301	2267591
167302	2267611
167303	2267623
167304	2267633
167305	2267653
167306	2267663
167307	2267677
167308	2267701
167309	2267719
167310	2267723
167311	2267729
167312	2267737
167313	2267773
167314	2267791
167315	2267801
167316	2267807
167317	2267813
167318	2267827
167319	2267831
167320	2267873
167321	2267879
167322	2267911
167323	2267917
167324	2267921
167325	2267933
167326	2267971
167327	2267977
167328	2267981
167329	2267983
167330	2268001
167331	2268031
167332	2268043
167333	2268067
167334	2268073
167335	2268083
167336	2268103
167337	2268131
167338	2268139
167339	2268143
167340	2268193
167341	2268197
167342	2268199
167343	2268209
167344	2268221
167345	2268223
167346	2268229
167347	2268247
167348	2268257
167349	2268263
167350	2268269
167351	2268271
167352	2268281
167353	2268289
167354	2268317
167355	2268319
167356	2268323
167357	2268337
167358	2268377
167359	2268389
167360	2268397
167361	2268403
167362	2268437
167363	2268443
167364	2268449
167365	2268451
167366	2268481
167367	2268503
167368	2268517
167369	2268547
167370	2268557
167371	2268577
167372	2268587
167373	2268589
167374	2268593
167375	2268631
167376	2268647
167377	2268649
167378	2268659
167379	2268671
167380	2268677
167381	2268691
167382	2268719
167383	2268779
167384	2268793
167385	2268829
167386	2268839
167387	2268841
167388	2268853
167389	2268863
167390	2268869
167391	2268887
167392	2268919
167393	2268941
167394	2268943
167395	2268949
167396	2268977
167397	2268979
167398	2268991
167399	2268997
167400	2269009
167401	2269027
167402	2269031
167403	2269039
167404	2269049
167405	2269061
167406	2269079
167407	2269087
167408	2269097
167409	2269103
167410	2269129
167411	2269133
167412	2269159
167413	2269171
167414	2269181
167415	2269217
167416	2269219
167417	2269237
167418	2269273
167419	2269277
167420	2269283
167421	2269307
167422	2269327
167423	2269331
167424	2269339
167425	2269343
167426	2269349
167427	2269361
167428	2269409
167429	2269429
167430	2269439
167431	2269441
167432	2269447
167433	2269451
167434	2269457
167435	2269459
167436	2269481
167437	2269499
167438	2269507
167439	2269529
167440	2269537
167441	2269601
167442	2269613
167443	2269621
167444	2269633
167445	2269639
167446	2269661
167447	2269699
167448	2269711
167449	2269733
167450	2269739
167451	2269763
167452	2269769
167453	2269777
167454	2269807
167455	2269819
167456	2269829
167457	2269843
167458	2269849
167459	2269853
167460	2269867
167461	2269877
167462	2269879
167463	2269889
167464	2269901
167465	2269903
167466	2269909
167467	2269931
167468	2269961
167469	2269973
167470	2269991
167471	2270003
167472	2270011
167473	2270071
167474	2270111
167475	2270113
167476	2270117
167477	2270131
167478	2270137
167479	2270141
167480	2270153
167481	2270159
167482	2270171
167483	2270173
167484	2270179
167485	2270183
167486	2270201
167487	2270239
167488	2270249
167489	2270251
167490	2270263
167491	2270267
167492	2270269
167493	2270297
167494	2270309
167495	2270311
167496	2270321
167497	2270327
167498	2270339
167499	2270341
167500	2270383
167501	2270393
167502	2270407
167503	2270413
167504	2270423
167505	2270441
167506	2270447
167507	2270449
167508	2270459
167509	2270483
167510	2270507
167511	2270531
167512	2270549
167513	2270551
167514	2270591
167515	2270599
167516	2270627
167517	2270641
167518	2270659
167519	2270663
167520	2270669
167521	2270677
167522	2270683
167523	2270687
167524	2270689
167525	2270693
167526	2270713
167527	2270717
167528	2270759
167529	2270771
167530	2270773
167531	2270777
167532	2270791
167533	2270803
167534	2270837
167535	2270839
167536	2270893
167537	2270897
167538	2270921
167539	2270929
167540	2270941
167541	2270953
167542	2270977
167543	2270981
167544	2270987
167545	2271001
167546	2271011
167547	2271037
167548	2271041
167549	2271053
167550	2271067
167551	2271083
167552	2271107
167553	2271119
167554	2271133
167555	2271151
167556	2271161
167557	2271163
167558	2271221
167559	2271223
167560	2271229
167561	2271239
167562	2271257
167563	2271263
167564	2271271
167565	2271281
167566	2271287
167567	2271301
167568	2271307
167569	2271337
167570	2271341
167571	2271343
167572	2271349
167573	2271377
167574	2271383
167575	2271391
167576	2271397
167577	2271403
167578	2271407
167579	2271419
167580	2271427
167581	2271433
167582	2271439
167583	2271443
167584	2271473
167585	2271481
167586	2271497
167587	2271499
167588	2271551
167589	2271553
167590	2271569
167591	2271571
167592	2271593
167593	2271613
167594	2271637
167595	2271673
167596	2271679
167597	2271683
167598	2271721
167599	2271743
167600	2271749
167601	2271751
167602	2271767
167603	2271781
167604	2271791
167605	2271799
167606	2271817
167607	2271821
167608	2271827
167609	2271859
167610	2271869
167611	2271877
167612	2271881
167613	2271883
167614	2271901
167615	2271923
167616	2271937
167617	2271953
167618	2271967
167619	2271977
167620	2271989
167621	2272013
167622	2272019
167623	2272073
167624	2272079
167625	2272087
167626	2272103
167627	2272117
167628	2272129
167629	2272141
167630	2272177
167631	2272183
167632	2272187
167633	2272199
167634	2272201
167635	2272211
167636	2272217
167637	2272219
167638	2272223
167639	2272241
167640	2272253
167641	2272273
167642	2272297
167643	2272301
167644	2272313
167645	2272321
167646	2272337
167647	2272351
167648	2272357
167649	2272379
167650	2272397
167651	2272409
167652	2272427
167653	2272451
167654	2272453
167655	2272463
167656	2272471
167657	2272483
167658	2272493
167659	2272499
167660	2272513
167661	2272519
167662	2272537
167663	2272547
167664	2272549
167665	2272559
167666	2272597
167667	2272603
167668	2272619
167669	2272631
167670	2272649
167671	2272657
167672	2272667
167673	2272691
167674	2272727
167675	2272729
167676	2272733
167677	2272757
167678	2272771
167679	2272811
167680	2272819
167681	2272843
167682	2272859
167683	2272861
167684	2272903
167685	2272931
167686	2272939
167687	2272943
167688	2272957
167689	2272973
167690	2272987
167691	2272993
167692	2272997
167693	2273017
167694	2273041
167695	2273059
167696	2273069
167697	2273071
167698	2273077
167699	2273083
167700	2273101
167701	2273119
167702	2273143
167703	2273153
167704	2273171
167705	2273209
167706	2273213
167707	2273231
167708	2273239
167709	2273267
167710	2273273
167711	2273279
167712	2273303
167713	2273309
167714	2273311
167715	2273333
167716	2273351
167717	2273357
167718	2273363
167719	2273399
167720	2273431
167721	2273443
167722	2273449
167723	2273459
167724	2273471
167725	2273477
167726	2273489
167727	2273497
167728	2273501
167729	2273503
167730	2273507
167731	2273533
167732	2273543
167733	2273549
167734	2273561
167735	2273567
167736	2273569
167737	2273599
167738	2273603
167739	2273651
167740	2273659
167741	2273669
167742	2273671
167743	2273693
167744	2273701
167745	2273729
167746	2273743
167747	2273759
167748	2273771
167749	2273783
167750	2273807
167751	2273827
167752	2273833
167753	2273851
167754	2273867
167755	2273911
167756	2273923
167757	2273927
167758	2273959
167759	2273963
167760	2273981
167761	2273989
167762	2273993
167763	2274007
167764	2274011
167765	2274017
167766	2274031
167767	2274049
167768	2274089
167769	2274101
167770	2274109
167771	2274121
167772	2274127
167773	2274143
167774	2274149
167775	2274163
167776	2274203
167777	2274221
167778	2274241
167779	2274247
167780	2274257
167781	2274269
167782	2274271
167783	2274287
167784	2274289
167785	2274329
167786	2274341
167787	2274347
167788	2274361
167789	2274367
167790	2274407
167791	2274409
167792	2274421
167793	2274451
167794	2274463
167795	2274469
167796	2274473
167797	2274479
167798	2274487
167799	2274491
167800	2274497
167801	2274511
167802	2274521
167803	2274523
167804	2274541
167805	2274551
167806	2274589
167807	2274593
167808	2274599
167809	2274641
167810	2274653
167811	2274667
167812	2274683
167813	2274689
167814	2274691
167815	2274703
167816	2274709
167817	2274733
167818	2274739
167819	2274761
167820	2274763
167821	2274793
167822	2274809
167823	2274817
167824	2274827
167825	2274841
167826	2274859
167827	2274887
167828	2274893
167829	2274901
167830	2274913
167831	2274917
167832	2274931
167833	2274949
167834	2274959
167835	2274971
167836	2274977
167837	2275027
167838	2275043
167839	2275057
167840	2275067
167841	2275103
167842	2275139
167843	2275151
167844	2275171
167845	2275187
167846	2275199
167847	2275201
167848	2275211
167849	2275219
167850	2275243
167851	2275271
167852	2275283
167853	2275289
167854	2275303
167855	2275309
167856	2275313
167857	2275319
167858	2275327
167859	2275333
167860	2275349
167861	2275363
167862	2275391
167863	2275393
167864	2275409
167865	2275423
167866	2275439
167867	2275447
167868	2275451
167869	2275457
167870	2275477
167871	2275513
167872	2275529
167873	2275531
167874	2275549
167875	2275561
167876	2275583
167877	2275591
167878	2275607
167879	2275613
167880	2275619
167881	2275633
167882	2275639
167883	2275657
167884	2275667
167885	2275681
167886	2275697
167887	2275703
167888	2275723
167889	2275733
167890	2275747
167891	2275769
167892	2275771
167893	2275813
167894	2275831
167895	2275837
167896	2275843
167897	2275853
167898	2275859
167899	2275879
167900	2275913
167901	2275937
167902	2275961
167903	2275993
167904	2276041
167905	2276059
167906	2276077
167907	2276081
167908	2276089
167909	2276101
167910	2276107
167911	2276117
167912	2276137
167913	2276167
167914	2276171
167915	2276179
167916	2276201
167917	2276231
167918	2276233
167919	2276243
167920	2276251
167921	2276269
167922	2276293
167923	2276303
167924	2276311
167925	2276357
167926	2276369
167927	2276383
167928	2276389
167929	2276399
167930	2276401
167931	2276411
167932	2276429
167933	2276431
167934	2276467
167935	2276503
167936	2276513
167937	2276537
167938	2276551
167939	2276557
167940	2276567
167941	2276579
167942	2276591
167943	2276629
167944	2276669
167945	2276693
167946	2276699
167947	2276707
167948	2276723
167949	2276737
167950	2276741
167951	2276749
167952	2276753
167953	2276779
167954	2276783
167955	2276809
167956	2276849
167957	2276867
167958	2276873
167959	2276909
167960	2276921
167961	2276951
167962	2276957
167963	2276969
167964	2276999
167965	2277001
167966	2277013
167967	2277047
167968	2277061
167969	2277071
167970	2277083
167971	2277097
167972	2277101
167973	2277113
167974	2277127
167975	2277139
167976	2277179
167977	2277211
167978	2277221
167979	2277259
167980	2277287
167981	2277307
167982	2277311
167983	2277329
167984	2277343
167985	2277349
167986	2277367
167987	2277377
167988	2277383
167989	2277389
167990	2277403
167991	2277413
167992	2277469
167993	2277481
167994	2277487
167995	2277493
167996	2277503
167997	2277521
167998	2277547
167999	2277551
168000	2277553
