189001	2587019
189002	2587031
189003	2587049
189004	2587069
189005	2587073
189006	2587093
189007	2587099
189008	2587103
189009	2587121
189010	2587127
189011	2587129
189012	2587139
189013	2587147
189014	2587157
189015	2587159
189016	2587163
189017	2587183
189018	2587187
189019	2587217
189020	2587253
189021	2587271
189022	2587279
189023	2587289
189024	2587337
189025	2587357
189026	2587399
189027	2587411
189028	2587421
189029	2587423
189030	2587441
189031	2587499
189032	2587531
189033	2587537
189034	2587547
189035	2587549
189036	2587567
189037	2587589
189038	2587609
189039	2587639
189040	2587649
189041	2587693
189042	2587709
189043	2587727
189044	2587747
189045	2587751
189046	2587759
189047	2587771
189048	2587789
189049	2587801
189050	2587829
189051	2587841
189052	2587847
189053	2587861
189054	2587877
189055	2587889
189056	2587903
189057	2587909
189058	2587913
189059	2587939
189060	2587943
189061	2587957
189062	2587967
189063	2587969
189064	2587979
189065	2587993
189066	2587997
189067	2588051
189068	2588059
189069	2588071
189070	2588077
189071	2588087
189072	2588093
189073	2588101
189074	2588107
189075	2588129
189076	2588141
189077	2588177
189078	2588203
189079	2588219
189080	2588227
189081	2588231
189082	2588249
189083	2588263
189084	2588269
189085	2588281
189086	2588293
189087	2588297
189088	2588303
189089	2588309
189090	2588329
189091	2588347
189092	2588353
189093	2588357
189094	2588359
189095	2588363
189096	2588401
189097	2588419
189098	2588441
189099	2588461
189100	2588473
189101	2588477
189102	2588501
189103	2588513
189104	2588527
189105	2588543
189106	2588567
189107	2588591
189108	2588611
189109	2588629
189110	2588669
189111	2588671
189112	2588681
189113	2588689
189114	2588701
189115	2588711
189116	2588723
189117	2588753
189118	2588767
189119	2588771
189120	2588809
189121	2588819
189122	2588821
189123	2588827
189124	2588869
189125	2588893
189126	2588897
189127	2588899
189128	2588923
189129	2588969
189130	2588983
189131	2589007
189132	2589011
189133	2589029
189134	2589047
189135	2589053
189136	2589071
189137	2589101
189138	2589107
189139	2589113
189140	2589121
189141	2589127
189142	2589131
189143	2589143
189144	2589161
189145	2589193
189146	2589199
189147	2589203
189148	2589217
189149	2589227
189150	2589229
189151	2589233
189152	2589239
189153	2589247
189154	2589269
189155	2589281
189156	2589289
189157	2589313
189158	2589319
189159	2589341
189160	2589343
189161	2589347
189162	2589359
189163	2589397
189164	2589407
189165	2589427
189166	2589443
189167	2589469
189168	2589473
189169	2589479
189170	2589487
189171	2589533
189172	2589551
189173	2589553
189174	2589557
189175	2589563
189176	2589577
189177	2589599
189178	2589607
189179	2589611
189180	2589619
189181	2589623
189182	2589641
189183	2589649
189184	2589659
189185	2589677
189186	2589679
189187	2589701
189188	2589703
189189	2589737
189190	2589749
189191	2589779
189192	2589791
189193	2589793
189194	2589799
189195	2589809
189196	2589817
189197	2589859
189198	2589883
189199	2589887
189200	2589893
189201	2589913
189202	2589931
189203	2589971
189204	2589991
189205	2590013
189206	2590031
189207	2590033
189208	2590039
189209	2590051
189210	2590079
189211	2590087
189212	2590097
189213	2590117
189214	2590127
189215	2590129
189216	2590139
189217	2590157
189218	2590169
189219	2590177
189220	2590183
189221	2590223
189222	2590249
189223	2590271
189224	2590279
189225	2590349
189226	2590361
189227	2590369
189228	2590373
189229	2590381
189230	2590387
189231	2590397
189232	2590411
189233	2590417
189234	2590429
189235	2590433
189236	2590439
189237	2590457
189238	2590463
189239	2590493
189240	2590501
189241	2590507
189242	2590537
189243	2590547
189244	2590583
189245	2590589
189246	2590597
189247	2590633
189248	2590649
189249	2590691
189250	2590717
189251	2590723
189252	2590729
189253	2590769
189254	2590771
189255	2590811
189256	2590829
189257	2590837
189258	2590871
189259	2590873
189260	2590877
189261	2590883
189262	2590891
189263	2590909
189264	2590921
189265	2590937
189266	2590943
189267	2590979
189268	2590997
189269	2591023
189270	2591027
189271	2591041
189272	2591053
189273	2591059
189274	2591093
189275	2591119
189276	2591131
189277	2591143
189278	2591153
189279	2591167
189280	2591189
189281	2591209
189282	2591213
189283	2591233
189284	2591243
189285	2591261
189286	2591263
189287	2591269
189288	2591273
189289	2591333
189290	2591363
189291	2591389
189292	2591401
189293	2591419
189294	2591441
189295	2591447
189296	2591453
189297	2591461
189298	2591471
189299	2591513
189300	2591521
189301	2591539
189302	2591551
189303	2591579
189304	2591587
189305	2591609
189306	2591623
189307	2591669
189308	2591681
189309	2591683
189310	2591711
189311	2591717
189312	2591731
189313	2591737
189314	2591747
189315	2591749
189316	2591767
189317	2591773
189318	2591777
189319	2591779
189320	2591783
189321	2591791
189322	2591807
189323	2591819
189324	2591821
189325	2591839
189326	2591843
189327	2591851
189328	2591857
189329	2591891
189330	2591899
189331	2591917
189332	2591921
189333	2591969
189334	2591971
189335	2591987
189336	2592043
189337	2592053
189338	2592067
189339	2592089
189340	2592103
189341	2592119
189342	2592133
189343	2592167
189344	2592193
189345	2592199
189346	2592209
189347	2592221
189348	2592229
189349	2592241
189350	2592253
189351	2592259
189352	2592263
189353	2592269
189354	2592277
189355	2592287
189356	2592311
189357	2592329
189358	2592361
189359	2592383
189360	2592409
189361	2592413
189362	2592419
189363	2592467
189364	2592487
189365	2592521
189366	2592523
189367	2592539
189368	2592547
189369	2592581
189370	2592587
189371	2592589
189372	2592593
189373	2592631
189374	2592647
189375	2592649
189376	2592673
189377	2592677
189378	2592691
189379	2592697
189380	2592719
189381	2592731
189382	2592761
189383	2592763
189384	2592769
189385	2592773
189386	2592781
189387	2592791
189388	2592829
189389	2592847
189390	2592851
189391	2592853
189392	2592869
189393	2592899
189394	2592901
189395	2592913
189396	2592929
189397	2592983
189398	2593039
189399	2593051
189400	2593067
189401	2593079
189402	2593091
189403	2593099
189404	2593117
189405	2593121
189406	2593141
189407	2593147
189408	2593159
189409	2593183
189410	2593211
189411	2593223
189412	2593247
189413	2593249
189414	2593259
189415	2593271
189416	2593277
189417	2593301
189418	2593309
189419	2593337
189420	2593361
189421	2593363
189422	2593379
189423	2593391
189424	2593397
189425	2593399
189426	2593403
189427	2593421
189428	2593439
189429	2593453
189430	2593477
189431	2593511
189432	2593517
189433	2593529
189434	2593543
189435	2593561
189436	2593607
189437	2593609
189438	2593621
189439	2593627
189440	2593651
189441	2593681
189442	2593691
189443	2593693
189444	2593697
189445	2593729
189446	2593751
189447	2593753
189448	2593757
189449	2593769
189450	2593777
189451	2593793
189452	2593841
189453	2593853
189454	2593859
189455	2593891
189456	2593897
189457	2593907
189458	2593919
189459	2593933
189460	2593939
189461	2593957
189462	2593961
189463	2593991
189464	2593993
189465	2594003
189466	2594017
189467	2594023
189468	2594027
189469	2594057
189470	2594063
189471	2594077
189472	2594093
189473	2594099
189474	2594131
189475	2594143
189476	2594153
189477	2594161
189478	2594167
189479	2594209
189480	2594213
189481	2594219
189482	2594227
189483	2594237
189484	2594243
189485	2594257
189486	2594303
189487	2594321
189488	2594327
189489	2594351
189490	2594381
189491	2594399
189492	2594413
189493	2594437
189494	2594443
189495	2594453
189496	2594479
189497	2594503
189498	2594531
189499	2594533
189500	2594539
189501	2594549
189502	2594567
189503	2594569
189504	2594573
189505	2594609
189506	2594611
189507	2594671
189508	2594677
189509	2594681
189510	2594689
189511	2594701
189512	2594707
189513	2594719
189514	2594723
189515	2594741
189516	2594747
189517	2594759
189518	2594777
189519	2594789
189520	2594803
189521	2594807
189522	2594821
189523	2594831
189524	2594861
189525	2594869
189526	2594873
189527	2594881
189528	2594909
189529	2594923
189530	2594939
189531	2594947
189532	2594951
189533	2594953
189534	2594957
189535	2594959
189536	2594971
189537	2594981
189538	2594983
189539	2594987
189540	2594989
189541	2595017
189542	2595023
189543	2595029
189544	2595031
189545	2595037
189546	2595049
189547	2595059
189548	2595079
189549	2595097
189550	2595107
189551	2595139
189552	2595149
189553	2595157
189554	2595167
189555	2595193
189556	2595247
189557	2595277
189558	2595283
189559	2595287
189560	2595311
189561	2595319
189562	2595323
189563	2595331
189564	2595337
189565	2595349
189566	2595353
189567	2595377
189568	2595401
189569	2595421
189570	2595433
189571	2595451
189572	2595473
189573	2595479
189574	2595487
189575	2595491
189576	2595517
189577	2595521
189578	2595559
189579	2595563
189580	2595583
189581	2595589
189582	2595601
189583	2595613
189584	2595629
189585	2595631
189586	2595641
189587	2595643
189588	2595653
189589	2595667
189590	2595683
189591	2595731
189592	2595737
189593	2595743
189594	2595773
189595	2595787
189596	2595793
189597	2595821
189598	2595851
189599	2595871
189600	2595893
189601	2595899
189602	2595919
189603	2595937
189604	2595947
189605	2595961
189606	2595979
189607	2596001
189608	2596021
189609	2596057
189610	2596063
189611	2596067
189612	2596091
189613	2596123
189614	2596127
189615	2596129
189616	2596133
189617	2596147
189618	2596151
189619	2596163
189620	2596213
189621	2596229
189622	2596241
189623	2596247
189624	2596277
189625	2596303
189626	2596333
189627	2596339
189628	2596351
189629	2596361
189630	2596367
189631	2596379
189632	2596387
189633	2596439
189634	2596441
189635	2596459
189636	2596481
189637	2596487
189638	2596499
189639	2596501
189640	2596513
189641	2596553
189642	2596577
189643	2596579
189644	2596589
189645	2596603
189646	2596613
189647	2596619
189648	2596621
189649	2596637
189650	2596639
189651	2596661
189652	2596663
189653	2596667
189654	2596669
189655	2596679
189656	2596681
189657	2596687
189658	2596717
189659	2596729
189660	2596739
189661	2596793
189662	2596799
189663	2596819
189664	2596837
189665	2596849
189666	2596871
189667	2596873
189668	2596883
189669	2596889
189670	2596897
189671	2596927
189672	2596933
189673	2596943
189674	2596949
189675	2596969
189676	2596973
189677	2596991
189678	2597011
189679	2597029
189680	2597041
189681	2597047
189682	2597057
189683	2597059
189684	2597081
189685	2597083
189686	2597093
189687	2597099
189688	2597113
189689	2597117
189690	2597191
189691	2597207
189692	2597233
189693	2597237
189694	2597263
189695	2597279
189696	2597297
189697	2597299
189698	2597303
189699	2597323
189700	2597333
189701	2597339
189702	2597347
189703	2597359
189704	2597377
189705	2597401
189706	2597407
189707	2597453
189708	2597461
189709	2597467
189710	2597489
189711	2597503
189712	2597513
189713	2597519
189714	2597533
189715	2597537
189716	2597591
189717	2597603
189718	2597611
189719	2597627
189720	2597629
189721	2597641
189722	2597663
189723	2597669
189724	2597681
189725	2597687
189726	2597701
189727	2597713
189728	2597723
189729	2597729
189730	2597743
189731	2597761
189732	2597773
189733	2597779
189734	2597809
189735	2597857
189736	2597867
189737	2597869
189738	2597897
189739	2597899
189740	2597909
189741	2597911
189742	2597939
189743	2597953
189744	2597963
189745	2597971
189746	2597977
189747	2597981
189748	2598091
189749	2598109
189750	2598119
189751	2598121
189752	2598133
189753	2598137
189754	2598151
189755	2598157
189756	2598163
189757	2598179
189758	2598181
189759	2598191
189760	2598199
189761	2598217
189762	2598247
189763	2598259
189764	2598283
189765	2598311
189766	2598317
189767	2598341
189768	2598347
189769	2598367
189770	2598397
189771	2598403
189772	2598439
189773	2598443
189774	2598503
189775	2598509
189776	2598511
189777	2598521
189778	2598523
189779	2598553
189780	2598571
189781	2598577
189782	2598593
189783	2598599
189784	2598601
189785	2598613
189786	2598653
189787	2598679
189788	2598689
189789	2598697
189790	2598707
189791	2598721
189792	2598731
189793	2598733
189794	2598737
189795	2598751
189796	2598767
189797	2598779
189798	2598811
189799	2598829
189800	2598847
189801	2598857
189802	2598859
189803	2598899
189804	2598907
189805	2598913
189806	2598919
189807	2598929
189808	2598941
189809	2598971
189810	2598983
189811	2598989
189812	2599013
189813	2599039
189814	2599043
189815	2599073
189816	2599087
189817	2599099
189818	2599109
189819	2599111
189820	2599117
189821	2599141
189822	2599153
189823	2599187
189824	2599189
189825	2599193
189826	2599199
189827	2599217
189828	2599231
189829	2599237
189830	2599243
189831	2599273
189832	2599297
189833	2599321
189834	2599327
189835	2599349
189836	2599397
189837	2599403
189838	2599427
189839	2599451
189840	2599489
189841	2599501
189842	2599507
189843	2599543
189844	2599549
189845	2599559
189846	2599573
189847	2599577
189848	2599591
189849	2599609
189850	2599613
189851	2599627
189852	2599631
189853	2599633
189854	2599661
189855	2599669
189856	2599673
189857	2599679
189858	2599693
189859	2599721
189860	2599739
189861	2599741
189862	2599747
189863	2599777
189864	2599783
189865	2599787
189866	2599813
189867	2599819
189868	2599829
189869	2599843
189870	2599847
189871	2599859
189872	2599867
189873	2599871
189874	2599889
189875	2599907
189876	2599931
189877	2599973
189878	2599981
189879	2599991
189880	2599999
189881	2600011
189882	2600033
189883	2600051
189884	2600057
189885	2600089
189886	2600113
189887	2600119
189888	2600137
189889	2600161
189890	2600177
189891	2600209
189892	2600231
189893	2600239
189894	2600251
189895	2600267
189896	2600287
189897	2600291
189898	2600309
189899	2600317
189900	2600327
189901	2600329
189902	2600341
189903	2600347
189904	2600383
189905	2600387
189906	2600393
189907	2600407
189908	2600417
189909	2600453
189910	2600461
189911	2600467
189912	2600483
189913	2600489
189914	2600503
189915	2600509
189916	2600519
189917	2600531
189918	2600561
189919	2600567
189920	2600569
189921	2600581
189922	2600593
189923	2600599
189924	2600603
189925	2600627
189926	2600681
189927	2600687
189928	2600707
189929	2600761
189930	2600783
189931	2600803
189932	2600809
189933	2600821
189934	2600837
189935	2600867
189936	2600887
189937	2600903
189938	2600911
189939	2600947
189940	2600951
189941	2600957
189942	2600963
189943	2600977
189944	2601023
189945	2601029
189946	2601041
189947	2601083
189948	2601089
189949	2601091
189950	2601127
189951	2601143
189952	2601149
189953	2601167
189954	2601197
189955	2601239
189956	2601253
189957	2601259
189958	2601281
189959	2601299
189960	2601301
189961	2601311
189962	2601331
189963	2601337
189964	2601349
189965	2601367
189966	2601377
189967	2601383
189968	2601413
189969	2601437
189970	2601439
189971	2601451
189972	2601463
189973	2601479
189974	2601481
189975	2601509
189976	2601517
189977	2601523
189978	2601539
189979	2601563
189980	2601569
189981	2601583
189982	2601601
189983	2601607
189984	2601617
189985	2601661
189986	2601671
189987	2601679
189988	2601713
189989	2601757
189990	2601761
189991	2601763
189992	2601773
189993	2601787
189994	2601817
189995	2601821
189996	2601827
189997	2601839
189998	2601847
189999	2601853
190000	2601857
