145001	1942751
145002	1942753
145003	1942757
145004	1942763
145005	1942771
145006	1942793
145007	1942841
145008	1942859
145009	1942873
145010	1942877
145011	1942891
145012	1942901
145013	1942909
145014	1942939
145015	1942943
145016	1942961
145017	1942979
145018	1943021
145019	1943023
145020	1943059
145021	1943069
145022	1943077
145023	1943093
145024	1943101
145025	1943107
145026	1943131
145027	1943141
145028	1943147
145029	1943171
145030	1943197
145031	1943209
145032	1943231
145033	1943237
145034	1943239
145035	1943243
145036	1943251
145037	1943257
145038	1943269
145039	1943273
145040	1943281
145041	1943311
145042	1943323
145043	1943329
145044	1943353
145045	1943363
145046	1943371
145047	1943387
145048	1943393
145049	1943411
145050	1943413
145051	1943419
145052	1943429
145053	1943437
145054	1943443
145055	1943467
145056	1943489
145057	1943531
145058	1943533
145059	1943537
145060	1943561
145061	1943587
145062	1943597
145063	1943629
145064	1943639
145065	1943651
145066	1943653
145067	1943657
145068	1943659
145069	1943663
145070	1943693
145071	1943699
145072	1943717
145073	1943723
145074	1943743
145075	1943791
145076	1943803
145077	1943819
145078	1943827
145079	1943839
145080	1943857
145081	1943861
145082	1943863
145083	1943867
145084	1943897
145085	1943911
145086	1943923
145087	1943941
145088	1943951
145089	1943959
145090	1943993
145091	1944011
145092	1944013
145093	1944049
145094	1944053
145095	1944067
145096	1944071
145097	1944079
145098	1944113
145099	1944127
145100	1944133
145101	1944143
145102	1944157
145103	1944169
145104	1944181
145105	1944197
145106	1944211
145107	1944223
145108	1944281
145109	1944287
145110	1944311
145111	1944317
145112	1944323
145113	1944329
145114	1944353
145115	1944361
145116	1944373
145117	1944377
145118	1944379
145119	1944389
145120	1944401
145121	1944457
145122	1944469
145123	1944473
145124	1944499
145125	1944521
145126	1944529
145127	1944539
145128	1944557
145129	1944563
145130	1944577
145131	1944583
145132	1944659
145133	1944667
145134	1944689
145135	1944713
145136	1944721
145137	1944727
145138	1944737
145139	1944763
145140	1944779
145141	1944781
145142	1944791
145143	1944797
145144	1944799
145145	1944823
145146	1944829
145147	1944841
145148	1944853
145149	1944881
145150	1944883
145151	1944911
145152	1944923
145153	1944931
145154	1944937
145155	1944961
145156	1944983
145157	1944991
145158	1944997
145159	1945003
145160	1945007
145161	1945043
145162	1945051
145163	1945057
145164	1945061
145165	1945091
145166	1945093
145167	1945109
145168	1945121
145169	1945129
145170	1945169
145171	1945183
145172	1945199
145173	1945243
145174	1945261
145175	1945297
145176	1945301
145177	1945303
145178	1945309
145179	1945313
145180	1945319
145181	1945331
145182	1945337
145183	1945369
145184	1945381
145185	1945393
145186	1945399
145187	1945403
145188	1945439
145189	1945453
145190	1945457
145191	1945483
145192	1945487
145193	1945499
145194	1945511
145195	1945519
145196	1945549
145197	1945553
145198	1945561
145199	1945579
145200	1945597
145201	1945607
145202	1945609
145203	1945627
145204	1945637
145205	1945649
145206	1945651
145207	1945661
145208	1945673
145209	1945681
145210	1945687
145211	1945703
145212	1945709
145213	1945711
145214	1945721
145215	1945729
145216	1945739
145217	1945751
145218	1945763
145219	1945781
145220	1945799
145221	1945817
145222	1945831
145223	1945843
145224	1945859
145225	1945873
145226	1945883
145227	1945891
145228	1945903
145229	1945913
145230	1945919
145231	1945943
145232	1945969
145233	1945981
145234	1945991
145235	1946011
145236	1946017
145237	1946029
145238	1946033
145239	1946059
145240	1946069
145241	1946081
145242	1946093
145243	1946117
145244	1946141
145245	1946171
145246	1946173
145247	1946183
145248	1946207
145249	1946209
145250	1946257
145251	1946281
145252	1946297
145253	1946299
145254	1946369
145255	1946377
145256	1946389
145257	1946401
145258	1946407
145259	1946429
145260	1946443
145261	1946447
145262	1946453
145263	1946471
145264	1946473
145265	1946489
145266	1946501
145267	1946507
145268	1946537
145269	1946543
145270	1946561
145271	1946563
145272	1946579
145273	1946603
145274	1946617
145275	1946621
145276	1946627
145277	1946629
145278	1946641
145279	1946647
145280	1946657
145281	1946663
145282	1946669
145283	1946671
145284	1946689
145285	1946699
145286	1946701
145287	1946713
145288	1946723
145289	1946731
145290	1946761
145291	1946767
145292	1946771
145293	1946779
145294	1946801
145295	1946809
145296	1946839
145297	1946851
145298	1946869
145299	1946899
145300	1946909
145301	1946921
145302	1946933
145303	1946939
145304	1946947
145305	1946963
145306	1946969
145307	1946981
145308	1946999
145309	1947041
145310	1947073
145311	1947091
145312	1947107
145313	1947109
145314	1947119
145315	1947137
145316	1947149
145317	1947151
145318	1947193
145319	1947217
145320	1947223
145321	1947227
145322	1947229
145323	1947241
145324	1947247
145325	1947259
145326	1947269
145327	1947287
145328	1947307
145329	1947311
145330	1947359
145331	1947371
145332	1947383
145333	1947391
145334	1947397
145335	1947419
145336	1947431
145337	1947457
145338	1947467
145339	1947487
145340	1947493
145341	1947497
145342	1947499
145343	1947511
145344	1947527
145345	1947551
145346	1947593
145347	1947607
145348	1947619
145349	1947629
145350	1947641
145351	1947653
145352	1947661
145353	1947667
145354	1947683
145355	1947691
145356	1947703
145357	1947719
145358	1947731
145359	1947733
145360	1947763
145361	1947773
145362	1947779
145363	1947811
145364	1947851
145365	1947853
145366	1947919
145367	1947923
145368	1947941
145369	1947971
145370	1947973
145371	1947977
145372	1947983
145373	1947989
145374	1947991
145375	1947997
145376	1948021
145377	1948043
145378	1948049
145379	1948069
145380	1948073
145381	1948091
145382	1948097
145383	1948099
145384	1948109
145385	1948129
145386	1948139
145387	1948147
145388	1948171
145389	1948181
145390	1948187
145391	1948223
145392	1948229
145393	1948231
145394	1948237
145395	1948267
145396	1948273
145397	1948283
145398	1948301
145399	1948313
145400	1948327
145401	1948337
145402	1948343
145403	1948369
145404	1948411
145405	1948433
145406	1948447
145407	1948483
145408	1948493
145409	1948511
145410	1948517
145411	1948519
145412	1948549
145413	1948553
145414	1948559
145415	1948571
145416	1948601
145417	1948603
145418	1948613
145419	1948619
145420	1948627
145421	1948637
145422	1948649
145423	1948669
145424	1948699
145425	1948703
145426	1948729
145427	1948741
145428	1948747
145429	1948759
145430	1948763
145431	1948777
145432	1948783
145433	1948789
145434	1948799
145435	1948801
145436	1948847
145437	1948861
145438	1948867
145439	1948883
145440	1948907
145441	1948909
145442	1948927
145443	1948937
145444	1948981
145445	1948987
145446	1948993
145447	1949023
145448	1949053
145449	1949081
145450	1949111
145451	1949113
145452	1949117
145453	1949141
145454	1949161
145455	1949179
145456	1949201
145457	1949251
145458	1949257
145459	1949309
145460	1949327
145461	1949333
145462	1949341
145463	1949357
145464	1949359
145465	1949371
145466	1949383
145467	1949417
145468	1949459
145469	1949471
145470	1949473
145471	1949501
145472	1949527
145473	1949531
145474	1949539
145475	1949557
145476	1949573
145477	1949579
145478	1949581
145479	1949627
145480	1949639
145481	1949657
145482	1949707
145483	1949719
145484	1949737
145485	1949741
145486	1949771
145487	1949777
145488	1949791
145489	1949809
145490	1949813
145491	1949819
145492	1949821
145493	1949833
145494	1949839
145495	1949881
145496	1949887
145497	1949911
145498	1949929
145499	1949933
145500	1949939
145501	1949947
145502	1949999
145503	1950017
145504	1950023
145505	1950037
145506	1950043
145507	1950061
145508	1950071
145509	1950073
145510	1950089
145511	1950107
145512	1950133
145513	1950139
145514	1950149
145515	1950161
145516	1950167
145517	1950173
145518	1950181
145519	1950187
145520	1950211
145521	1950227
145522	1950253
145523	1950269
145524	1950271
145525	1950283
145526	1950287
145527	1950317
145528	1950323
145529	1950343
145530	1950349
145531	1950367
145532	1950383
145533	1950391
145534	1950401
145535	1950409
145536	1950419
145537	1950433
145538	1950449
145539	1950457
145540	1950463
145541	1950517
145542	1950527
145543	1950539
145544	1950577
145545	1950617
145546	1950623
145547	1950629
145548	1950643
145549	1950649
145550	1950661
145551	1950667
145552	1950679
145553	1950691
145554	1950703
145555	1950757
145556	1950761
145557	1950763
145558	1950803
145559	1950827
145560	1950833
145561	1950853
145562	1950881
145563	1950889
145564	1950913
145565	1950919
145566	1950941
145567	1950959
145568	1950979
145569	1950989
145570	1951003
145571	1951007
145572	1951013
145573	1951043
145574	1951049
145575	1951051
145576	1951093
145577	1951097
145578	1951099
145579	1951123
145580	1951127
145581	1951133
145582	1951139
145583	1951153
145584	1951177
145585	1951193
145586	1951199
145587	1951223
145588	1951237
145589	1951249
145590	1951253
145591	1951289
145592	1951303
145593	1951321
145594	1951403
145595	1951429
145596	1951441
145597	1951457
145598	1951459
145599	1951463
145600	1951483
145601	1951489
145602	1951493
145603	1951501
145604	1951511
145605	1951529
145606	1951553
145607	1951561
145608	1951591
145609	1951597
145610	1951601
145611	1951603
145612	1951627
145613	1951633
145614	1951657
145615	1951669
145616	1951687
145617	1951693
145618	1951709
145619	1951721
145620	1951739
145621	1951759
145622	1951783
145623	1951793
145624	1951811
145625	1951819
145626	1951823
145627	1951837
145628	1951843
145629	1951867
145630	1951871
145631	1951879
145632	1951891
145633	1951949
145634	1951951
145635	1951967
145636	1951993
145637	1951997
145638	1952021
145639	1952023
145640	1952047
145641	1952053
145642	1952087
145643	1952089
145644	1952099
145645	1952123
145646	1952129
145647	1952131
145648	1952173
145649	1952191
145650	1952201
145651	1952207
145652	1952219
145653	1952221
145654	1952227
145655	1952257
145656	1952261
145657	1952267
145658	1952311
145659	1952317
145660	1952323
145661	1952339
145662	1952351
145663	1952381
145664	1952407
145665	1952413
145666	1952437
145667	1952441
145668	1952449
145669	1952477
145670	1952479
145671	1952519
145672	1952537
145673	1952551
145674	1952557
145675	1952563
145676	1952567
145677	1952579
145678	1952591
145679	1952623
145680	1952627
145681	1952641
145682	1952647
145683	1952653
145684	1952663
145685	1952689
145686	1952693
145687	1952729
145688	1952737
145689	1952747
145690	1952767
145691	1952779
145692	1952813
145693	1952833
145694	1952837
145695	1952851
145696	1952887
145697	1952893
145698	1952911
145699	1952921
145700	1952933
145701	1952939
145702	1952957
145703	1952963
145704	1952981
145705	1952989
145706	1953001
145707	1953013
145708	1953041
145709	1953043
145710	1953053
145711	1953059
145712	1953101
145713	1953109
145714	1953151
145715	1953157
145716	1953163
145717	1953167
145718	1953233
145719	1953253
145720	1953269
145721	1953277
145722	1953299
145723	1953307
145724	1953311
145725	1953323
145726	1953331
145727	1953349
145728	1953359
145729	1953373
145730	1953379
145731	1953383
145732	1953437
145733	1953451
145734	1953463
145735	1953467
145736	1953473
145737	1953481
145738	1953491
145739	1953493
145740	1953503
145741	1953509
145742	1953517
145743	1953529
145744	1953547
145745	1953557
145746	1953559
145747	1953569
145748	1953577
145749	1953587
145750	1953593
145751	1953613
145752	1953617
145753	1953629
145754	1953659
145755	1953673
145756	1953697
145757	1953709
145758	1953727
145759	1953761
145760	1953767
145761	1953799
145762	1953803
145763	1953811
145764	1953821
145765	1953823
145766	1953829
145767	1953839
145768	1953857
145769	1953863
145770	1953869
145771	1953901
145772	1953911
145773	1953943
145774	1953949
145775	1953967
145776	1953977
145777	1953983
145778	1954003
145779	1954033
145780	1954087
145781	1954097
145782	1954111
145783	1954151
145784	1954153
145785	1954157
145786	1954159
145787	1954177
145788	1954187
145789	1954193
145790	1954217
145791	1954231
145792	1954237
145793	1954247
145794	1954273
145795	1954279
145796	1954289
145797	1954291
145798	1954297
145799	1954301
145800	1954313
145801	1954319
145802	1954327
145803	1954343
145804	1954349
145805	1954357
145806	1954361
145807	1954363
145808	1954367
145809	1954369
145810	1954373
145811	1954387
145812	1954391
145813	1954411
145814	1954423
145815	1954427
145816	1954441
145817	1954483
145818	1954487
145819	1954489
145820	1954523
145821	1954531
145822	1954543
145823	1954553
145824	1954573
145825	1954597
145826	1954607
145827	1954613
145828	1954621
145829	1954627
145830	1954639
145831	1954649
145832	1954661
145833	1954679
145834	1954691
145835	1954699
145836	1954709
145837	1954717
145838	1954741
145839	1954753
145840	1954759
145841	1954763
145842	1954769
145843	1954811
145844	1954819
145845	1954873
145846	1954877
145847	1954889
145848	1954907
145849	1954933
145850	1954943
145851	1954951
145852	1954957
145853	1954963
145854	1954987
145855	1954991
145856	1955021
145857	1955027
145858	1955033
145859	1955047
145860	1955071
145861	1955099
145862	1955113
145863	1955123
145864	1955131
145865	1955137
145866	1955141
145867	1955179
145868	1955183
145869	1955197
145870	1955203
145871	1955237
145872	1955251
145873	1955279
145874	1955281
145875	1955287
145876	1955293
145877	1955333
145878	1955381
145879	1955389
145880	1955399
145881	1955407
145882	1955417
145883	1955467
145884	1955489
145885	1955491
145886	1955501
145887	1955507
145888	1955509
145889	1955521
145890	1955531
145891	1955533
145892	1955539
145893	1955543
145894	1955579
145895	1955587
145896	1955593
145897	1955609
145898	1955633
145899	1955641
145900	1955671
145901	1955687
145902	1955693
145903	1955711
145904	1955747
145905	1955761
145906	1955771
145907	1955773
145908	1955777
145909	1955801
145910	1955809
145911	1955819
145912	1955827
145913	1955831
145914	1955839
145915	1955873
145916	1955887
145917	1955893
145918	1955939
145919	1955957
145920	1955959
145921	1955977
145922	1955983
145923	1956001
145924	1956011
145925	1956029
145926	1956047
145927	1956049
145928	1956089
145929	1956091
145930	1956109
145931	1956161
145932	1956169
145933	1956179
145934	1956203
145935	1956211
145936	1956217
145937	1956239
145938	1956257
145939	1956287
145940	1956289
145941	1956299
145942	1956313
145943	1956323
145944	1956329
145945	1956337
145946	1956341
145947	1956359
145948	1956391
145949	1956419
145950	1956431
145951	1956433
145952	1956439
145953	1956481
145954	1956517
145955	1956527
145956	1956529
145957	1956533
145958	1956553
145959	1956583
145960	1956589
145961	1956599
145962	1956611
145963	1956613
145964	1956631
145965	1956637
145966	1956653
145967	1956667
145968	1956719
145969	1956737
145970	1956743
145971	1956749
145972	1956761
145973	1956763
145974	1956769
145975	1956793
145976	1956811
145977	1956839
145978	1956847
145979	1956859
145980	1956881
145981	1956883
145982	1956901
145983	1956907
145984	1956953
145985	1956961
145986	1956979
145987	1956991
145988	1957013
145989	1957027
145990	1957031
145991	1957037
145992	1957049
145993	1957051
145994	1957069
145995	1957079
145996	1957097
145997	1957099
145998	1957117
145999	1957121
146000	1957129
