184001	2513593
184002	2513617
184003	2513653
184004	2513657
184005	2513659
184006	2513663
184007	2513677
184008	2513689
184009	2513699
184010	2513723
184011	2513729
184012	2513747
184013	2513761
184014	2513801
184015	2513803
184016	2513809
184017	2513827
184018	2513839
184019	2513881
184020	2513887
184021	2513893
184022	2513899
184023	2513941
184024	2514013
184025	2514019
184026	2514037
184027	2514053
184028	2514059
184029	2514073
184030	2514089
184031	2514091
184032	2514101
184033	2514119
184034	2514139
184035	2514151
184036	2514157
184037	2514163
184038	2514173
184039	2514203
184040	2514217
184041	2514221
184042	2514227
184043	2514229
184044	2514241
184045	2514247
184046	2514257
184047	2514263
184048	2514269
184049	2514277
184050	2514287
184051	2514299
184052	2514313
184053	2514331
184054	2514341
184055	2514377
184056	2514389
184057	2514401
184058	2514427
184059	2514433
184060	2514437
184061	2514439
184062	2514451
184063	2514467
184064	2514469
184065	2514493
184066	2514509
184067	2514527
184068	2514529
184069	2514541
184070	2514563
184071	2514581
184072	2514587
184073	2514599
184074	2514647
184075	2514661
184076	2514679
184077	2514697
184078	2514713
184079	2514719
184080	2514731
184081	2514737
184082	2514767
184083	2514781
184084	2514791
184085	2514857
184086	2514877
184087	2514887
184088	2514893
184089	2514917
184090	2514931
184091	2514943
184092	2514947
184093	2514949
184094	2514959
184095	2514961
184096	2514977
184097	2514989
184098	2514991
184099	2515003
184100	2515013
184101	2515039
184102	2515067
184103	2515081
184104	2515103
184105	2515127
184106	2515147
184107	2515153
184108	2515159
184109	2515169
184110	2515189
184111	2515193
184112	2515237
184113	2515241
184114	2515273
184115	2515283
184116	2515291
184117	2515301
184118	2515313
184119	2515319
184120	2515321
184121	2515339
184122	2515343
184123	2515351
184124	2515367
184125	2515379
184126	2515397
184127	2515411
184128	2515417
184129	2515427
184130	2515451
184131	2515453
184132	2515477
184133	2515517
184134	2515523
184135	2515529
184136	2515531
184137	2515537
184138	2515553
184139	2515561
184140	2515571
184141	2515573
184142	2515577
184143	2515589
184144	2515603
184145	2515613
184146	2515621
184147	2515627
184148	2515633
184149	2515651
184150	2515673
184151	2515687
184152	2515691
184153	2515697
184154	2515699
184155	2515703
184156	2515727
184157	2515739
184158	2515757
184159	2515787
184160	2515817
184161	2515853
184162	2515859
184163	2515871
184164	2515873
184165	2515879
184166	2515897
184167	2515907
184168	2515921
184169	2515951
184170	2515967
184171	2516021
184172	2516057
184173	2516077
184174	2516089
184175	2516123
184176	2516197
184177	2516201
184178	2516209
184179	2516233
184180	2516249
184181	2516257
184182	2516263
184183	2516273
184184	2516299
184185	2516309
184186	2516351
184187	2516369
184188	2516377
184189	2516401
184190	2516411
184191	2516413
184192	2516429
184193	2516447
184194	2516467
184195	2516473
184196	2516491
184197	2516497
184198	2516513
184199	2516543
184200	2516567
184201	2516573
184202	2516581
184203	2516603
184204	2516659
184205	2516669
184206	2516681
184207	2516713
184208	2516771
184209	2516779
184210	2516783
184211	2516837
184212	2516863
184213	2516869
184214	2516887
184215	2516893
184216	2516929
184217	2516947
184218	2516953
184219	2516957
184220	2516963
184221	2516971
184222	2516981
184223	2516993
184224	2517007
184225	2517041
184226	2517049
184227	2517061
184228	2517079
184229	2517089
184230	2517103
184231	2517121
184232	2517127
184233	2517131
184234	2517133
184235	2517149
184236	2517157
184237	2517161
184238	2517197
184239	2517211
184240	2517227
184241	2517233
184242	2517239
184243	2517269
184244	2517271
184245	2517283
184246	2517289
184247	2517311
184248	2517379
184249	2517401
184250	2517407
184251	2517439
184252	2517457
184253	2517467
184254	2517469
184255	2517499
184256	2517503
184257	2517509
184258	2517533
184259	2517583
184260	2517587
184261	2517611
184262	2517617
184263	2517631
184264	2517637
184265	2517677
184266	2517679
184267	2517701
184268	2517703
184269	2517733
184270	2517737
184271	2517761
184272	2517797
184273	2517799
184274	2517811
184275	2517821
184276	2517847
184277	2517869
184278	2517877
184279	2517881
184280	2517901
184281	2517919
184282	2517929
184283	2517941
184284	2517959
184285	2518003
184286	2518067
184287	2518069
184288	2518079
184289	2518081
184290	2518093
184291	2518121
184292	2518129
184293	2518133
184294	2518147
184295	2518151
184296	2518163
184297	2518177
184298	2518181
184299	2518199
184300	2518211
184301	2518231
184302	2518237
184303	2518259
184304	2518267
184305	2518289
184306	2518291
184307	2518301
184308	2518309
184309	2518319
184310	2518337
184311	2518349
184312	2518357
184313	2518367
184314	2518379
184315	2518387
184316	2518391
184317	2518421
184318	2518429
184319	2518487
184320	2518493
184321	2518501
184322	2518511
184323	2518517
184324	2518559
184325	2518561
184326	2518577
184327	2518591
184328	2518619
184329	2518643
184330	2518667
184331	2518687
184332	2518727
184333	2518729
184334	2518759
184335	2518783
184336	2518787
184337	2518793
184338	2518823
184339	2518829
184340	2518847
184341	2518877
184342	2518903
184343	2518913
184344	2518927
184345	2518933
184346	2518939
184347	2518949
184348	2518951
184349	2518961
184350	2518973
184351	2518981
184352	2518987
184353	2519003
184354	2519017
184355	2519021
184356	2519047
184357	2519051
184358	2519063
184359	2519087
184360	2519089
184361	2519093
184362	2519107
184363	2519113
184364	2519131
184365	2519137
184366	2519149
184367	2519159
184368	2519161
184369	2519171
184370	2519177
184371	2519189
184372	2519197
184373	2519221
184374	2519263
184375	2519269
184376	2519273
184377	2519329
184378	2519333
184379	2519347
184380	2519353
184381	2519369
184382	2519393
184383	2519423
184384	2519453
184385	2519459
184386	2519467
184387	2519471
184388	2519479
184389	2519497
184390	2519509
184391	2519537
184392	2519557
184393	2519563
184394	2519579
184395	2519591
184396	2519597
184397	2519603
184398	2519611
184399	2519639
184400	2519641
184401	2519651
184402	2519659
184403	2519681
184404	2519707
184405	2519729
184406	2519731
184407	2519747
184408	2519767
184409	2519801
184410	2519813
184411	2519851
184412	2519873
184413	2519879
184414	2519899
184415	2519911
184416	2519921
184417	2519939
184418	2519941
184419	2519947
184420	2519953
184421	2519969
184422	2519977
184423	2519981
184424	2520017
184425	2520031
184426	2520073
184427	2520079
184428	2520121
184429	2520127
184430	2520139
184431	2520149
184432	2520151
184433	2520169
184434	2520173
184435	2520191
184436	2520211
184437	2520241
184438	2520247
184439	2520251
184440	2520257
184441	2520263
184442	2520277
184443	2520283
184444	2520313
184445	2520319
184446	2520347
184447	2520367
184448	2520379
184449	2520383
184450	2520431
184451	2520433
184452	2520439
184453	2520443
184454	2520451
184455	2520457
184456	2520481
184457	2520491
184458	2520503
184459	2520577
184460	2520587
184461	2520601
184462	2520611
184463	2520613
184464	2520629
184465	2520631
184466	2520649
184467	2520659
184468	2520671
184469	2520677
184470	2520689
184471	2520697
184472	2520769
184473	2520779
184474	2520781
184475	2520797
184476	2520821
184477	2520829
184478	2520841
184479	2520853
184480	2520887
184481	2520907
184482	2520929
184483	2520943
184484	2520971
184485	2520979
184486	2520983
184487	2521003
184488	2521019
184489	2521021
184490	2521031
184491	2521037
184492	2521039
184493	2521063
184494	2521067
184495	2521073
184496	2521081
184497	2521093
184498	2521111
184499	2521147
184500	2521153
184501	2521171
184502	2521223
184503	2521249
184504	2521271
184505	2521273
184506	2521297
184507	2521307
184508	2521327
184509	2521339
184510	2521361
184511	2521367
184512	2521373
184513	2521397
184514	2521417
184515	2521429
184516	2521451
184517	2521469
184518	2521481
184519	2521489
184520	2521499
184521	2521501
184522	2521507
184523	2521517
184524	2521537
184525	2521591
184526	2521609
184527	2521613
184528	2521621
184529	2521643
184530	2521681
184531	2521693
184532	2521703
184533	2521711
184534	2521721
184535	2521723
184536	2521733
184537	2521747
184538	2521751
184539	2521769
184540	2521807
184541	2521817
184542	2521823
184543	2521829
184544	2521843
184545	2521847
184546	2521901
184547	2521919
184548	2521921
184549	2521949
184550	2521969
184551	2521979
184552	2522011
184553	2522017
184554	2522021
184555	2522027
184556	2522053
184557	2522057
184558	2522059
184559	2522063
184560	2522087
184561	2522089
184562	2522119
184563	2522147
184564	2522189
184565	2522209
184566	2522213
184567	2522227
184568	2522237
184569	2522257
184570	2522263
184571	2522281
184572	2522293
184573	2522297
184574	2522329
184575	2522357
184576	2522363
184577	2522371
184578	2522381
184579	2522393
184580	2522407
184581	2522419
184582	2522431
184583	2522441
184584	2522447
184585	2522461
184586	2522473
184587	2522491
184588	2522503
184589	2522543
184590	2522557
184591	2522593
184592	2522603
184593	2522621
184594	2522629
184595	2522633
184596	2522657
184597	2522659
184598	2522669
184599	2522671
184600	2522699
184601	2522713
184602	2522717
184603	2522743
184604	2522753
184605	2522759
184606	2522761
184607	2522789
184608	2522791
184609	2522809
184610	2522813
184611	2522827
184612	2522831
184613	2522837
184614	2522867
184615	2522881
184616	2522909
184617	2522911
184618	2522917
184619	2522941
184620	2522957
184621	2522963
184622	2522977
184623	2522981
184624	2522983
184625	2522999
184626	2523011
184627	2523013
184628	2523041
184629	2523043
184630	2523047
184631	2523071
184632	2523083
184633	2523107
184634	2523133
184635	2523139
184636	2523149
184637	2523151
184638	2523161
184639	2523163
184640	2523173
184641	2523187
184642	2523211
184643	2523217
184644	2523223
184645	2523229
184646	2523251
184647	2523317
184648	2523329
184649	2523337
184650	2523343
184651	2523347
184652	2523359
184653	2523379
184654	2523401
184655	2523413
184656	2523419
184657	2523457
184658	2523473
184659	2523481
184660	2523487
184661	2523503
184662	2523517
184663	2523527
184664	2523529
184665	2523533
184666	2523539
184667	2523557
184668	2523569
184669	2523581
184670	2523589
184671	2523593
184672	2523641
184673	2523643
184674	2523671
184675	2523707
184676	2523709
184677	2523727
184678	2523739
184679	2523743
184680	2523749
184681	2523757
184682	2523779
184683	2523791
184684	2523821
184685	2523839
184686	2523863
184687	2523869
184688	2523877
184689	2523883
184690	2523887
184691	2523893
184692	2523901
184693	2523907
184694	2523923
184695	2523931
184696	2523943
184697	2523949
184698	2523953
184699	2523959
184700	2523967
184701	2523991
184702	2524003
184703	2524009
184704	2524031
184705	2524033
184706	2524061
184707	2524069
184708	2524087
184709	2524097
184710	2524117
184711	2524127
184712	2524133
184713	2524139
184714	2524153
184715	2524157
184716	2524163
184717	2524183
184718	2524187
184719	2524199
184720	2524201
184721	2524213
184722	2524217
184723	2524219
184724	2524259
184725	2524261
184726	2524289
184727	2524297
184728	2524309
184729	2524339
184730	2524343
184731	2524349
184732	2524351
184733	2524369
184734	2524373
184735	2524393
184736	2524429
184737	2524439
184738	2524453
184739	2524463
184740	2524469
184741	2524471
184742	2524477
184743	2524481
184744	2524531
184745	2524541
184746	2524553
184747	2524567
184748	2524579
184749	2524591
184750	2524637
184751	2524649
184752	2524651
184753	2524661
184754	2524667
184755	2524673
184756	2524679
184757	2524681
184758	2524693
184759	2524723
184760	2524741
184761	2524747
184762	2524751
184763	2524771
184764	2524783
184765	2524799
184766	2524807
184767	2524811
184768	2524817
184769	2524859
184770	2524861
184771	2524877
184772	2524909
184773	2524913
184774	2524927
184775	2524931
184776	2524937
184777	2524939
184778	2524961
184779	2524969
184780	2524979
184781	2524987
184782	2525011
184783	2525041
184784	2525053
184785	2525057
184786	2525071
184787	2525087
184788	2525099
184789	2525113
184790	2525123
184791	2525137
184792	2525161
184793	2525177
184794	2525179
184795	2525189
184796	2525191
184797	2525219
184798	2525221
184799	2525227
184800	2525249
184801	2525267
184802	2525269
184803	2525273
184804	2525279
184805	2525293
184806	2525323
184807	2525329
184808	2525351
184809	2525363
184810	2525371
184811	2525387
184812	2525389
184813	2525417
184814	2525429
184815	2525443
184816	2525447
184817	2525473
184818	2525489
184819	2525507
184820	2525531
184821	2525557
184822	2525569
184823	2525591
184824	2525599
184825	2525603
184826	2525617
184827	2525623
184828	2525629
184829	2525647
184830	2525669
184831	2525671
184832	2525687
184833	2525701
184834	2525711
184835	2525717
184836	2525729
184837	2525749
184838	2525753
184839	2525771
184840	2525779
184841	2525797
184842	2525801
184843	2525807
184844	2525851
184845	2525933
184846	2525959
184847	2525981
184848	2525989
184849	2526023
184850	2526037
184851	2526049
184852	2526077
184853	2526089
184854	2526119
184855	2526127
184856	2526137
184857	2526169
184858	2526187
184859	2526197
184860	2526211
184861	2526233
184862	2526239
184863	2526247
184864	2526257
184865	2526269
184866	2526289
184867	2526299
184868	2526301
184869	2526317
184870	2526361
184871	2526371
184872	2526383
184873	2526401
184874	2526409
184875	2526427
184876	2526463
184877	2526467
184878	2526473
184879	2526479
184880	2526493
184881	2526497
184882	2526521
184883	2526529
184884	2526541
184885	2526547
184886	2526553
184887	2526571
184888	2526577
184889	2526581
184890	2526583
184891	2526599
184892	2526607
184893	2526611
184894	2526617
184895	2526631
184896	2526647
184897	2526649
184898	2526653
184899	2526661
184900	2526697
184901	2526709
184902	2526721
184903	2526743
184904	2526763
184905	2526781
184906	2526787
184907	2526827
184908	2526847
184909	2526851
184910	2526869
184911	2526883
184912	2526889
184913	2526893
184914	2526913
184915	2526959
184916	2526967
184917	2526971
184918	2526983
184919	2526991
184920	2527009
184921	2527013
184922	2527037
184923	2527051
184924	2527061
184925	2527069
184926	2527087
184927	2527097
184928	2527099
184929	2527111
184930	2527157
184931	2527193
184932	2527207
184933	2527219
184934	2527223
184935	2527249
184936	2527253
184937	2527277
184938	2527279
184939	2527297
184940	2527381
184941	2527391
184942	2527397
184943	2527403
184944	2527409
184945	2527423
184946	2527429
184947	2527451
184948	2527453
184949	2527457
184950	2527477
184951	2527489
184952	2527537
184953	2527541
184954	2527549
184955	2527559
184956	2527561
184957	2527573
184958	2527579
184959	2527597
184960	2527607
184961	2527639
184962	2527643
184963	2527673
184964	2527717
184965	2527753
184966	2527757
184967	2527799
184968	2527823
184969	2527913
184970	2527919
184971	2527933
184972	2527939
184973	2527949
184974	2527961
184975	2527963
184976	2527981
184977	2527997
184978	2528003
184979	2528011
184980	2528021
184981	2528033
184982	2528059
184983	2528069
184984	2528077
184985	2528129
184986	2528147
184987	2528161
184988	2528167
184989	2528221
184990	2528231
184991	2528233
184992	2528243
184993	2528261
184994	2528269
184995	2528299
184996	2528353
184997	2528371
184998	2528377
184999	2528399
185000	2528411
