117001	1540541
117002	1540543
117003	1540559
117004	1540573
117005	1540603
117006	1540619
117007	1540621
117008	1540631
117009	1540639
117010	1540661
117011	1540673
117012	1540681
117013	1540687
117014	1540697
117015	1540699
117016	1540709
117017	1540711
117018	1540751
117019	1540753
117020	1540783
117021	1540787
117022	1540789
117023	1540807
117024	1540813
117025	1540823
117026	1540831
117027	1540841
117028	1540849
117029	1540859
117030	1540867
117031	1540871
117032	1540873
117033	1540879
117034	1540901
117035	1540927
117036	1540949
117037	1540961
117038	1540963
117039	1540967
117040	1540969
117041	1540997
117042	1541003
117043	1541009
117044	1541051
117045	1541063
117046	1541117
117047	1541119
117048	1541143
117049	1541171
117050	1541191
117051	1541209
117052	1541251
117053	1541273
117054	1541279
117055	1541291
117056	1541297
117057	1541303
117058	1541317
117059	1541333
117060	1541341
117061	1541347
117062	1541357
117063	1541359
117064	1541363
117065	1541377
117066	1541381
117067	1541389
117068	1541429
117069	1541431
117070	1541453
117071	1541471
117072	1541497
117073	1541503
117074	1541513
117075	1541539
117076	1541581
117077	1541591
117078	1541597
117079	1541629
117080	1541651
117081	1541663
117082	1541671
117083	1541681
117084	1541689
117085	1541693
117086	1541699
117087	1541707
117088	1541731
117089	1541773
117090	1541779
117091	1541783
117092	1541791
117093	1541797
117094	1541809
117095	1541819
117096	1541821
117097	1541863
117098	1541867
117099	1541873
117100	1541899
117101	1541921
117102	1541923
117103	1541933
117104	1541941
117105	1541957
117106	1541963
117107	1541987
117108	1541999
117109	1542007
117110	1542029
117111	1542031
117112	1542041
117113	1542043
117114	1542071
117115	1542077
117116	1542089
117117	1542091
117118	1542119
117119	1542131
117120	1542137
117121	1542179
117122	1542187
117123	1542193
117124	1542217
117125	1542221
117126	1542239
117127	1542251
117128	1542259
117129	1542283
117130	1542347
117131	1542349
117132	1542361
117133	1542377
117134	1542383
117135	1542421
117136	1542433
117137	1542451
117138	1542473
117139	1542479
117140	1542487
117141	1542503
117142	1542509
117143	1542511
117144	1542517
117145	1542521
117146	1542523
117147	1542533
117148	1542551
117149	1542571
117150	1542581
117151	1542589
117152	1542599
117153	1542661
117154	1542689
117155	1542691
117156	1542703
117157	1542727
117158	1542811
117159	1542823
117160	1542841
117161	1542851
117162	1542881
117163	1542889
117164	1542899
117165	1542911
117166	1542917
117167	1542941
117168	1542973
117169	1542991
117170	1542997
117171	1543007
117172	1543013
117173	1543019
117174	1543033
117175	1543037
117176	1543051
117177	1543063
117178	1543067
117179	1543081
117180	1543099
117181	1543103
117182	1543111
117183	1543127
117184	1543133
117185	1543169
117186	1543181
117187	1543187
117188	1543207
117189	1543229
117190	1543259
117191	1543271
117192	1543279
117193	1543291
117194	1543309
117195	1543319
117196	1543337
117197	1543357
117198	1543391
117199	1543393
117200	1543417
117201	1543429
117202	1543441
117203	1543463
117204	1543489
117205	1543501
117206	1543511
117207	1543513
117208	1543537
117209	1543543
117210	1543559
117211	1543589
117212	1543631
117213	1543637
117214	1543639
117215	1543649
117216	1543687
117217	1543709
117218	1543733
117219	1543741
117220	1543777
117221	1543793
117222	1543811
117223	1543813
117224	1543819
117225	1543823
117226	1543859
117227	1543879
117228	1543891
117229	1543909
117230	1543951
117231	1543961
117232	1543979
117233	1543981
117234	1543999
117235	1544003
117236	1544021
117237	1544027
117238	1544033
117239	1544051
117240	1544063
117241	1544071
117242	1544077
117243	1544083
117244	1544113
117245	1544119
117246	1544129
117247	1544131
117248	1544159
117249	1544167
117250	1544171
117251	1544177
117252	1544201
117253	1544209
117254	1544219
117255	1544227
117256	1544311
117257	1544317
117258	1544341
117259	1544357
117260	1544363
117261	1544383
117262	1544407
117263	1544423
117264	1544437
117265	1544441
117266	1544449
117267	1544479
117268	1544483
117269	1544489
117270	1544503
117271	1544507
117272	1544509
117273	1544527
117274	1544533
117275	1544537
117276	1544563
117277	1544573
117278	1544623
117279	1544633
117280	1544651
117281	1544659
117282	1544663
117283	1544693
117284	1544729
117285	1544789
117286	1544831
117287	1544849
117288	1544863
117289	1544869
117290	1544891
117291	1544903
117292	1544923
117293	1544929
117294	1544941
117295	1544957
117296	1544987
117297	1545001
117298	1545007
117299	1545017
117300	1545029
117301	1545041
117302	1545043
117303	1545059
117304	1545067
117305	1545073
117306	1545097
117307	1545101
117308	1545107
117309	1545121
117310	1545127
117311	1545139
117312	1545143
117313	1545169
117314	1545179
117315	1545217
117316	1545233
117317	1545239
117318	1545241
117319	1545253
117320	1545259
117321	1545277
117322	1545287
117323	1545311
117324	1545329
117325	1545343
117326	1545353
117327	1545361
117328	1545367
117329	1545371
117330	1545389
117331	1545391
117332	1545421
117333	1545431
117334	1545433
117335	1545449
117336	1545461
117337	1545473
117338	1545493
117339	1545499
117340	1545503
117341	1545529
117342	1545539
117343	1545547
117344	1545553
117345	1545563
117346	1545569
117347	1545581
117348	1545587
117349	1545617
117350	1545619
117351	1545641
117352	1545647
117353	1545653
117354	1545667
117355	1545701
117356	1545703
117357	1545743
117358	1545751
117359	1545769
117360	1545773
117361	1545779
117362	1545799
117363	1545809
117364	1545811
117365	1545839
117366	1545847
117367	1545857
117368	1545871
117369	1545911
117370	1545913
117371	1545917
117372	1545949
117373	1545959
117374	1545983
117375	1545989
117376	1546003
117377	1546033
117378	1546057
117379	1546073
117380	1546081
117381	1546093
117382	1546117
117383	1546121
117384	1546141
117385	1546147
117386	1546157
117387	1546189
117388	1546199
117389	1546211
117390	1546217
117391	1546219
117392	1546229
117393	1546231
117394	1546241
117395	1546247
117396	1546261
117397	1546271
117398	1546273
117399	1546291
117400	1546297
117401	1546301
117402	1546327
117403	1546351
117404	1546357
117405	1546361
117406	1546379
117407	1546387
117408	1546393
117409	1546399
117410	1546403
117411	1546423
117412	1546453
117413	1546463
117414	1546469
117415	1546477
117416	1546499
117417	1546537
117418	1546547
117419	1546549
117420	1546627
117421	1546639
117422	1546663
117423	1546669
117424	1546679
117425	1546687
117426	1546697
117427	1546709
117428	1546729
117429	1546757
117430	1546759
117431	1546781
117432	1546799
117433	1546823
117434	1546837
117435	1546861
117436	1546873
117437	1546879
117438	1546901
117439	1546903
117440	1546907
117441	1546927
117442	1546939
117443	1546967
117444	1546969
117445	1546981
117446	1546991
117447	1546997
117448	1547009
117449	1547023
117450	1547027
117451	1547069
117452	1547093
117453	1547101
117454	1547129
117455	1547131
117456	1547173
117457	1547177
117458	1547191
117459	1547197
117460	1547201
117461	1547207
117462	1547213
117463	1547239
117464	1547251
117465	1547257
117466	1547261
117467	1547267
117468	1547339
117469	1547347
117470	1547383
117471	1547389
117472	1547407
117473	1547419
117474	1547423
117475	1547431
117476	1547437
117477	1547449
117478	1547453
117479	1547471
117480	1547477
117481	1547479
117482	1547501
117483	1547519
117484	1547521
117485	1547537
117486	1547543
117487	1547563
117488	1547573
117489	1547591
117490	1547593
117491	1547597
117492	1547603
117493	1547641
117494	1547657
117495	1547659
117496	1547671
117497	1547677
117498	1547713
117499	1547717
117500	1547719
117501	1547723
117502	1547771
117503	1547773
117504	1547779
117505	1547803
117506	1547807
117507	1547827
117508	1547837
117509	1547839
117510	1547849
117511	1547857
117512	1547879
117513	1547881
117514	1547893
117515	1547921
117516	1547927
117517	1547929
117518	1547939
117519	1547941
117520	1547947
117521	1547951
117522	1547989
117523	1547993
117524	1548031
117525	1548059
117526	1548067
117527	1548073
117528	1548083
117529	1548097
117530	1548103
117531	1548121
117532	1548137
117533	1548143
117534	1548149
117535	1548161
117536	1548179
117537	1548181
117538	1548187
117539	1548221
117540	1548247
117541	1548251
117542	1548277
117543	1548307
117544	1548311
117545	1548317
117546	1548331
117547	1548347
117548	1548359
117549	1548389
117550	1548401
117551	1548409
117552	1548427
117553	1548433
117554	1548451
117555	1548461
117556	1548493
117557	1548497
117558	1548517
117559	1548527
117560	1548539
117561	1548541
117562	1548553
117563	1548577
117564	1548587
117565	1548593
117566	1548619
117567	1548623
117568	1548641
117569	1548647
117570	1548653
117571	1548719
117572	1548721
117573	1548733
117574	1548739
117575	1548761
117576	1548763
117577	1548769
117578	1548779
117579	1548787
117580	1548793
117581	1548847
117582	1548871
117583	1548881
117584	1548893
117585	1548901
117586	1548913
117587	1548917
117588	1548923
117589	1548929
117590	1548941
117591	1548947
117592	1548949
117593	1548961
117594	1548983
117595	1548991
117596	1548997
117597	1549003
117598	1549033
117599	1549049
117600	1549061
117601	1549081
117602	1549087
117603	1549099
117604	1549129
117605	1549139
117606	1549157
117607	1549169
117608	1549183
117609	1549199
117610	1549213
117611	1549271
117612	1549277
117613	1549283
117614	1549319
117615	1549321
117616	1549351
117617	1549367
117618	1549369
117619	1549391
117620	1549403
117621	1549409
117622	1549417
117623	1549439
117624	1549447
117625	1549459
117626	1549463
117627	1549477
117628	1549481
117629	1549489
117630	1549501
117631	1549511
117632	1549519
117633	1549529
117634	1549531
117635	1549547
117636	1549549
117637	1549553
117638	1549573
117639	1549577
117640	1549609
117641	1549619
117642	1549631
117643	1549657
117644	1549699
117645	1549733
117646	1549739
117647	1549741
117648	1549787
117649	1549817
117650	1549831
117651	1549837
117652	1549843
117653	1549853
117654	1549883
117655	1549897
117656	1549921
117657	1549931
117658	1549937
117659	1549943
117660	1549957
117661	1549981
117662	1549987
117663	1549997
117664	1550027
117665	1550033
117666	1550051
117667	1550053
117668	1550069
117669	1550083
117670	1550099
117671	1550119
117672	1550141
117673	1550147
117674	1550161
117675	1550167
117676	1550173
117677	1550203
117678	1550207
117679	1550209
117680	1550221
117681	1550231
117682	1550233
117683	1550243
117684	1550257
117685	1550287
117686	1550299
117687	1550309
117688	1550321
117689	1550327
117690	1550359
117691	1550363
117692	1550371
117693	1550377
117694	1550387
117695	1550401
117696	1550413
117697	1550431
117698	1550441
117699	1550443
117700	1550449
117701	1550467
117702	1550477
117703	1550503
117704	1550509
117705	1550513
117706	1550539
117707	1550551
117708	1550567
117709	1550597
117710	1550603
117711	1550611
117712	1550617
117713	1550629
117714	1550663
117715	1550669
117716	1550693
117717	1550701
117718	1550737
117719	1550741
117720	1550753
117721	1550771
117722	1550777
117723	1550779
117724	1550789
117725	1550819
117726	1550827
117727	1550831
117728	1550851
117729	1550873
117730	1550897
117731	1550947
117732	1550963
117733	1550971
117734	1550993
117735	1550999
117736	1551001
117737	1551013
117738	1551019
117739	1551037
117740	1551041
117741	1551049
117742	1551083
117743	1551089
117744	1551107
117745	1551113
117746	1551133
117747	1551157
117748	1551163
117749	1551167
117750	1551191
117751	1551197
117752	1551203
117753	1551229
117754	1551241
117755	1551269
117756	1551289
117757	1551343
117758	1551371
117759	1551383
117760	1551449
117761	1551463
117762	1551467
117763	1551479
117764	1551497
117765	1551499
117766	1551551
117767	1551577
117768	1551593
117769	1551601
117770	1551617
117771	1551619
117772	1551623
117773	1551647
117774	1551659
117775	1551661
117776	1551677
117777	1551691
117778	1551701
117779	1551707
117780	1551731
117781	1551733
117782	1551757
117783	1551763
117784	1551773
117785	1551791
117786	1551793
117787	1551853
117788	1551859
117789	1551871
117790	1551883
117791	1551887
117792	1551889
117793	1551899
117794	1551911
117795	1551917
117796	1551919
117797	1551929
117798	1551943
117799	1551959
117800	1551961
117801	1551967
117802	1551997
117803	1552007
117804	1552037
117805	1552079
117806	1552087
117807	1552121
117808	1552123
117809	1552147
117810	1552169
117811	1552207
117812	1552217
117813	1552223
117814	1552237
117815	1552241
117816	1552277
117817	1552289
117818	1552297
117819	1552307
117820	1552333
117821	1552337
117822	1552351
117823	1552367
117824	1552373
117825	1552379
117826	1552381
117827	1552393
117828	1552403
117829	1552417
117830	1552451
117831	1552469
117832	1552501
117833	1552513
117834	1552517
117835	1552531
117836	1552541
117837	1552543
117838	1552553
117839	1552561
117840	1552567
117841	1552571
117842	1552583
117843	1552589
117844	1552597
117845	1552613
117846	1552619
117847	1552643
117848	1552651
117849	1552657
117850	1552669
117851	1552693
117852	1552709
117853	1552723
117854	1552757
117855	1552781
117856	1552807
117857	1552819
117858	1552843
117859	1552861
117860	1552867
117861	1552871
117862	1552879
117863	1552909
117864	1552913
117865	1552919
117866	1552949
117867	1552963
117868	1552981
117869	1552987
117870	1552997
117871	1553009
117872	1553011
117873	1553017
117874	1553023
117875	1553053
117876	1553063
117877	1553081
117878	1553089
117879	1553093
117880	1553099
117881	1553107
117882	1553119
117883	1553129
117884	1553147
117885	1553159
117886	1553173
117887	1553177
117888	1553191
117889	1553249
117890	1553281
117891	1553287
117892	1553291
117893	1553309
117894	1553311
117895	1553329
117896	1553333
117897	1553339
117898	1553347
117899	1553369
117900	1553381
117901	1553389
117902	1553401
117903	1553407
117904	1553413
117905	1553417
117906	1553423
117907	1553429
117908	1553437
117909	1553467
117910	1553471
117911	1553479
117912	1553507
117913	1553509
117914	1553527
117915	1553537
117916	1553543
117917	1553557
117918	1553561
117919	1553567
117920	1553597
117921	1553653
117922	1553701
117923	1553707
117924	1553711
117925	1553723
117926	1553729
117927	1553737
117928	1553743
117929	1553753
117930	1553771
117931	1553803
117932	1553807
117933	1553809
117934	1553821
117935	1553837
117936	1553869
117937	1553873
117938	1553887
117939	1553897
117940	1553927
117941	1553947
117942	1553971
117943	1553983
117944	1554019
117945	1554043
117946	1554073
117947	1554083
117948	1554101
117949	1554103
117950	1554107
117951	1554151
117952	1554169
117953	1554173
117954	1554193
117955	1554221
117956	1554227
117957	1554233
117958	1554239
117959	1554277
117960	1554281
117961	1554283
117962	1554299
117963	1554307
117964	1554347
117965	1554349
117966	1554359
117967	1554367
117968	1554379
117969	1554383
117970	1554391
117971	1554401
117972	1554419
117973	1554439
117974	1554451
117975	1554461
117976	1554521
117977	1554529
117978	1554559
117979	1554569
117980	1554583
117981	1554589
117982	1554611
117983	1554613
117984	1554653
117985	1554659
117986	1554697
117987	1554733
117988	1554737
117989	1554739
117990	1554757
117991	1554779
117992	1554781
117993	1554797
117994	1554811
117995	1554821
117996	1554841
117997	1554853
117998	1554863
117999	1554877
118000	1554881
