181001	2469421
181002	2469431
181003	2469433
181004	2469457
181005	2469469
181006	2469473
181007	2469479
181008	2469497
181009	2469529
181010	2469541
181011	2469557
181012	2469559
181013	2469581
181014	2469583
181015	2469629
181016	2469637
181017	2469647
181018	2469653
181019	2469659
181020	2469673
181021	2469679
181022	2469757
181023	2469781
181024	2469793
181025	2469827
181026	2469847
181027	2469869
181028	2469871
181029	2469889
181030	2469893
181031	2469899
181032	2469919
181033	2469923
181034	2469931
181035	2469937
181036	2469953
181037	2469979
181038	2469983
181039	2469989
181040	2470001
181041	2470003
181042	2470031
181043	2470037
181044	2470051
181045	2470063
181046	2470079
181047	2470099
181048	2470103
181049	2470109
181050	2470121
181051	2470123
181052	2470141
181053	2470159
181054	2470189
181055	2470199
181056	2470201
181057	2470213
181058	2470217
181059	2470229
181060	2470241
181061	2470243
181062	2470261
181063	2470301
181064	2470313
181065	2470319
181066	2470327
181067	2470331
181068	2470333
181069	2470337
181070	2470339
181071	2470387
181072	2470397
181073	2470417
181074	2470427
181075	2470451
181076	2470463
181077	2470471
181078	2470553
181079	2470579
181080	2470603
181081	2470621
181082	2470631
181083	2470639
181084	2470667
181085	2470673
181086	2470679
181087	2470691
181088	2470693
181089	2470697
181090	2470739
181091	2470753
181092	2470757
181093	2470777
181094	2470781
181095	2470789
181096	2470801
181097	2470841
181098	2470859
181099	2470877
181100	2470889
181101	2470891
181102	2470903
181103	2470939
181104	2470957
181105	2470961
181106	2470981
181107	2470991
181108	2471009
181109	2471017
181110	2471033
181111	2471047
181112	2471057
181113	2471059
181114	2471071
181115	2471087
181116	2471089
181117	2471093
181118	2471101
181119	2471107
181120	2471113
181121	2471149
181122	2471153
181123	2471173
181124	2471179
181125	2471201
181126	2471207
181127	2471219
181128	2471233
181129	2471237
181130	2471251
181131	2471257
181132	2471299
181133	2471309
181134	2471321
181135	2471323
181136	2471347
181137	2471377
181138	2471383
181139	2471389
181140	2471393
181141	2471407
181142	2471437
181143	2471449
181144	2471461
181145	2471471
181146	2471473
181147	2471503
181148	2471507
181149	2471527
181150	2471531
181151	2471533
181152	2471551
181153	2471611
181154	2471621
181155	2471629
181156	2471633
181157	2471639
181158	2471663
181159	2471669
181160	2471701
181161	2471713
181162	2471717
181163	2471737
181164	2471743
181165	2471747
181166	2471753
181167	2471809
181168	2471813
181169	2471827
181170	2471863
181171	2471869
181172	2471899
181173	2471927
181174	2471939
181175	2471947
181176	2471951
181177	2471983
181178	2471993
181179	2472023
181180	2472037
181181	2472049
181182	2472053
181183	2472061
181184	2472077
181185	2472091
181186	2472097
181187	2472121
181188	2472131
181189	2472143
181190	2472167
181191	2472179
181192	2472181
181193	2472193
181194	2472203
181195	2472209
181196	2472227
181197	2472241
181198	2472251
181199	2472289
181200	2472313
181201	2472317
181202	2472329
181203	2472347
181204	2472359
181205	2472373
181206	2472389
181207	2472403
181208	2472443
181209	2472461
181210	2472469
181211	2472473
181212	2472517
181213	2472539
181214	2472541
181215	2472551
181216	2472557
181217	2472559
181218	2472577
181219	2472607
181220	2472611
181221	2472637
181222	2472649
181223	2472677
181224	2472683
181225	2472697
181226	2472703
181227	2472719
181228	2472727
181229	2472731
181230	2472737
181231	2472781
181232	2472791
181233	2472797
181234	2472809
181235	2472823
181236	2472851
181237	2472853
181238	2472857
181239	2472893
181240	2472919
181241	2472929
181242	2472931
181243	2472947
181244	2472959
181245	2472961
181246	2472979
181247	2473019
181248	2473027
181249	2473039
181250	2473049
181251	2473057
181252	2473063
181253	2473067
181254	2473073
181255	2473099
181256	2473127
181257	2473129
181258	2473147
181259	2473153
181260	2473157
181261	2473169
181262	2473181
181263	2473183
181264	2473189
181265	2473193
181266	2473217
181267	2473241
181268	2473277
181269	2473291
181270	2473301
181271	2473309
181272	2473321
181273	2473327
181274	2473337
181275	2473343
181276	2473349
181277	2473391
181278	2473409
181279	2473421
181280	2473423
181281	2473441
181282	2473451
181283	2473453
181284	2473463
181285	2473501
181286	2473511
181287	2473529
181288	2473547
181289	2473567
181290	2473589
181291	2473607
181292	2473609
181293	2473631
181294	2473633
181295	2473663
181296	2473697
181297	2473717
181298	2473759
181299	2473777
181300	2473813
181301	2473837
181302	2473871
181303	2473879
181304	2473907
181305	2473921
181306	2473937
181307	2473943
181308	2473951
181309	2473963
181310	2473967
181311	2473979
181312	2473997
181313	2474039
181314	2474051
181315	2474053
181316	2474057
181317	2474071
181318	2474117
181319	2474119
181320	2474183
181321	2474207
181322	2474209
181323	2474239
181324	2474261
181325	2474267
181326	2474273
181327	2474281
181328	2474287
181329	2474291
181330	2474321
181331	2474383
181332	2474387
181333	2474393
181334	2474413
181335	2474431
181336	2474489
181337	2474497
181338	2474533
181339	2474539
181340	2474543
181341	2474551
181342	2474557
181343	2474561
181344	2474569
181345	2474573
181346	2474603
181347	2474611
181348	2474629
181349	2474651
181350	2474663
181351	2474669
181352	2474677
181353	2474683
181354	2474687
181355	2474701
181356	2474711
181357	2474713
181358	2474723
181359	2474737
181360	2474743
181361	2474749
181362	2474783
181363	2474789
181364	2474821
181365	2474827
181366	2474837
181367	2474851
181368	2474861
181369	2474863
181370	2474881
181371	2474897
181372	2474903
181373	2474909
181374	2474917
181375	2474929
181376	2474939
181377	2474957
181378	2474999
181379	2475019
181380	2475023
181381	2475029
181382	2475061
181383	2475089
181384	2475091
181385	2475097
181386	2475101
181387	2475113
181388	2475139
181389	2475157
181390	2475163
181391	2475199
181392	2475223
181393	2475229
181394	2475247
181395	2475269
181396	2475287
181397	2475289
181398	2475299
181399	2475331
181400	2475367
181401	2475371
181402	2475383
181403	2475397
181404	2475427
181405	2475433
181406	2475437
181407	2475439
181408	2475493
181409	2475497
181410	2475509
181411	2475547
181412	2475587
181413	2475593
181414	2475647
181415	2475653
181416	2475673
181417	2475679
181418	2475689
181419	2475709
181420	2475721
181421	2475751
181422	2475773
181423	2475779
181424	2475787
181425	2475791
181426	2475797
181427	2475799
181428	2475821
181429	2475827
181430	2475839
181431	2475857
181432	2475859
181433	2475883
181434	2475887
181435	2475911
181436	2475917
181437	2475959
181438	2475961
181439	2475971
181440	2475989
181441	2476009
181442	2476013
181443	2476037
181444	2476039
181445	2476043
181446	2476057
181447	2476073
181448	2476079
181449	2476081
181450	2476121
181451	2476129
181452	2476141
181453	2476163
181454	2476181
181455	2476189
181456	2476219
181457	2476273
181458	2476283
181459	2476291
181460	2476297
181461	2476303
181462	2476307
181463	2476321
181464	2476333
181465	2476337
181466	2476351
181467	2476363
181468	2476367
181469	2476381
181470	2476391
181471	2476393
181472	2476421
181473	2476423
181474	2476451
181475	2476469
181476	2476489
181477	2476511
181478	2476541
181479	2476547
181480	2476561
181481	2476567
181482	2476583
181483	2476597
181484	2476601
181485	2476609
181486	2476651
181487	2476667
181488	2476673
181489	2476681
181490	2476699
181491	2476703
181492	2476711
181493	2476717
181494	2476723
181495	2476739
181496	2476751
181497	2476753
181498	2476787
181499	2476811
181500	2476819
181501	2476867
181502	2476871
181503	2476907
181504	2476913
181505	2476921
181506	2476927
181507	2476937
181508	2476967
181509	2476987
181510	2477029
181511	2477051
181512	2477063
181513	2477071
181514	2477081
181515	2477107
181516	2477129
181517	2477131
181518	2477141
181519	2477147
181520	2477159
181521	2477161
181522	2477171
181523	2477173
181524	2477177
181525	2477213
181526	2477219
181527	2477231
181528	2477249
181529	2477263
181530	2477281
181531	2477297
181532	2477309
181533	2477311
181534	2477317
181535	2477327
181536	2477329
181537	2477333
181538	2477339
181539	2477357
181540	2477381
181541	2477407
181542	2477411
181543	2477413
181544	2477471
181545	2477521
181546	2477561
181547	2477599
181548	2477609
181549	2477611
181550	2477623
181551	2477639
181552	2477641
181553	2477647
181554	2477659
181555	2477681
181556	2477689
181557	2477701
181558	2477719
181559	2477729
181560	2477743
181561	2477747
181562	2477777
181563	2477791
181564	2477807
181565	2477821
181566	2477837
181567	2477851
181568	2477863
181569	2477899
181570	2477911
181571	2477929
181572	2477933
181573	2477939
181574	2477947
181575	2477957
181576	2477983
181577	2477987
181578	2478011
181579	2478017
181580	2478023
181581	2478029
181582	2478041
181583	2478067
181584	2478083
181585	2478097
181586	2478101
181587	2478173
181588	2478187
181589	2478211
181590	2478221
181591	2478239
181592	2478241
181593	2478257
181594	2478269
181595	2478271
181596	2478293
181597	2478323
181598	2478331
181599	2478337
181600	2478347
181601	2478349
181602	2478361
181603	2478367
181604	2478373
181605	2478403
181606	2478407
181607	2478449
181608	2478473
181609	2478479
181610	2478517
181611	2478521
181612	2478523
181613	2478527
181614	2478529
181615	2478547
181616	2478557
181617	2478587
181618	2478589
181619	2478611
181620	2478631
181621	2478643
181622	2478653
181623	2478661
181624	2478673
181625	2478677
181626	2478691
181627	2478703
181628	2478709
181629	2478713
181630	2478727
181631	2478731
181632	2478743
181633	2478761
181634	2478793
181635	2478803
181636	2478809
181637	2478877
181638	2478899
181639	2478937
181640	2478953
181641	2478997
181642	2479013
181643	2479019
181644	2479027
181645	2479031
181646	2479049
181647	2479069
181648	2479117
181649	2479129
181650	2479151
181651	2479171
181652	2479189
181653	2479219
181654	2479231
181655	2479237
181656	2479241
181657	2479271
181658	2479277
181659	2479283
181660	2479307
181661	2479319
181662	2479327
181663	2479361
181664	2479381
181665	2479387
181666	2479409
181667	2479429
181668	2479453
181669	2479457
181670	2479483
181671	2479487
181672	2479489
181673	2479493
181674	2479507
181675	2479513
181676	2479523
181677	2479541
181678	2479549
181679	2479553
181680	2479567
181681	2479577
181682	2479583
181683	2479619
181684	2479627
181685	2479657
181686	2479661
181687	2479663
181688	2479667
181689	2479669
181690	2479679
181691	2479691
181692	2479693
181693	2479717
181694	2479727
181695	2479733
181696	2479751
181697	2479769
181698	2479781
181699	2479787
181700	2479801
181701	2479811
181702	2479847
181703	2479849
181704	2479879
181705	2479901
181706	2479903
181707	2479913
181708	2479927
181709	2479963
181710	2479987
181711	2479991
181712	2480003
181713	2480053
181714	2480057
181715	2480063
181716	2480069
181717	2480081
181718	2480083
181719	2480087
181720	2480119
181721	2480161
181722	2480171
181723	2480189
181724	2480201
181725	2480207
181726	2480209
181727	2480227
181728	2480263
181729	2480267
181730	2480281
181731	2480287
181732	2480311
181733	2480323
181734	2480329
181735	2480339
181736	2480383
181737	2480411
181738	2480417
181739	2480441
181740	2480447
181741	2480479
181742	2480483
181743	2480497
181744	2480501
181745	2480503
181746	2480509
181747	2480539
181748	2480551
181749	2480563
181750	2480567
181751	2480579
181752	2480587
181753	2480593
181754	2480617
181755	2480663
181756	2480671
181757	2480677
181758	2480683
181759	2480693
181760	2480717
181761	2480719
181762	2480729
181763	2480743
181764	2480749
181765	2480767
181766	2480783
181767	2480843
181768	2480851
181769	2480873
181770	2480893
181771	2480897
181772	2480903
181773	2480909
181774	2480911
181775	2480917
181776	2480927
181777	2480977
181778	2480981
181779	2481013
181780	2481019
181781	2481029
181782	2481043
181783	2481047
181784	2481067
181785	2481091
181786	2481097
181787	2481107
181788	2481113
181789	2481121
181790	2481137
181791	2481139
181792	2481169
181793	2481173
181794	2481179
181795	2481181
181796	2481187
181797	2481221
181798	2481233
181799	2481239
181800	2481247
181801	2481253
181802	2481277
181803	2481293
181804	2481307
181805	2481317
181806	2481319
181807	2481341
181808	2481389
181809	2481421
181810	2481433
181811	2481449
181812	2481461
181813	2481491
181814	2481497
181815	2481499
181816	2481503
181817	2481509
181818	2481517
181819	2481601
181820	2481629
181821	2481641
181822	2481649
181823	2481653
181824	2481697
181825	2481709
181826	2481719
181827	2481727
181828	2481749
181829	2481757
181830	2481797
181831	2481811
181832	2481823
181833	2481833
181834	2481839
181835	2481841
181836	2481851
181837	2481859
181838	2481863
181839	2481877
181840	2481887
181841	2481889
181842	2481901
181843	2481911
181844	2481959
181845	2481971
181846	2481977
181847	2481979
181848	2482009
181849	2482019
181850	2482033
181851	2482049
181852	2482061
181853	2482069
181854	2482093
181855	2482097
181856	2482111
181857	2482147
181858	2482157
181859	2482177
181860	2482199
181861	2482237
181862	2482243
181863	2482247
181864	2482253
181865	2482279
181866	2482297
181867	2482309
181868	2482339
181869	2482343
181870	2482349
181871	2482351
181872	2482379
181873	2482411
181874	2482421
181875	2482439
181876	2482451
181877	2482463
181878	2482481
181879	2482499
181880	2482523
181881	2482531
181882	2482537
181883	2482553
181884	2482567
181885	2482583
181886	2482607
181887	2482619
181888	2482621
181889	2482651
181890	2482703
181891	2482717
181892	2482741
181893	2482747
181894	2482757
181895	2482769
181896	2482771
181897	2482783
181898	2482793
181899	2482801
181900	2482807
181901	2482813
181902	2482841
181903	2482849
181904	2482861
181905	2482871
181906	2482889
181907	2482903
181908	2482913
181909	2482933
181910	2482937
181911	2482943
181912	2482967
181913	2482973
181914	2482981
181915	2482993
181916	2482999
181917	2483017
181918	2483027
181919	2483059
181920	2483077
181921	2483093
181922	2483099
181923	2483113
181924	2483119
181925	2483137
181926	2483141
181927	2483147
181928	2483161
181929	2483171
181930	2483179
181931	2483219
181932	2483233
181933	2483291
181934	2483381
181935	2483417
181936	2483431
181937	2483447
181938	2483461
181939	2483483
181940	2483519
181941	2483521
181942	2483543
181943	2483549
181944	2483561
181945	2483567
181946	2483599
181947	2483603
181948	2483617
181949	2483641
181950	2483653
181951	2483659
181952	2483669
181953	2483671
181954	2483687
181955	2483693
181956	2483707
181957	2483711
181958	2483713
181959	2483729
181960	2483743
181961	2483749
181962	2483753
181963	2483777
181964	2483797
181965	2483827
181966	2483837
181967	2483861
181968	2483867
181969	2483869
181970	2483881
181971	2483911
181972	2483917
181973	2483939
181974	2483953
181975	2484011
181976	2484017
181977	2484019
181978	2484037
181979	2484049
181980	2484059
181981	2484089
181982	2484109
181983	2484113
181984	2484127
181985	2484133
181986	2484151
181987	2484179
181988	2484191
181989	2484197
181990	2484199
181991	2484203
181992	2484233
181993	2484241
181994	2484259
181995	2484271
181996	2484289
181997	2484311
181998	2484319
181999	2484323
182000	2484331
