191001	2616707
191002	2616721
191003	2616739
191004	2616749
191005	2616767
191006	2616773
191007	2616781
191008	2616787
191009	2616791
191010	2616797
191011	2616821
191012	2616829
191013	2616863
191014	2616869
191015	2616877
191016	2616881
191017	2616883
191018	2616923
191019	2616941
191020	2616947
191021	2616959
191022	2617001
191023	2617037
191024	2617061
191025	2617067
191026	2617081
191027	2617091
191028	2617093
191029	2617103
191030	2617129
191031	2617141
191032	2617169
191033	2617171
191034	2617183
191035	2617187
191036	2617189
191037	2617207
191038	2617211
191039	2617243
191040	2617247
191041	2617253
191042	2617259
191043	2617261
191044	2617267
191045	2617271
191046	2617301
191047	2617313
191048	2617319
191049	2617379
191050	2617393
191051	2617397
191052	2617403
191053	2617409
191054	2617411
191055	2617427
191056	2617429
191057	2617457
191058	2617471
191059	2617499
191060	2617513
191061	2617519
191062	2617523
191063	2617553
191064	2617567
191065	2617577
191066	2617583
191067	2617591
191068	2617603
191069	2617613
191070	2617621
191071	2617631
191072	2617633
191073	2617651
191074	2617673
191075	2617691
191076	2617697
191077	2617717
191078	2617721
191079	2617777
191080	2617793
191081	2617799
191082	2617807
191083	2617817
191084	2617831
191085	2617873
191086	2617897
191087	2617907
191088	2617957
191089	2617961
191090	2617987
191091	2617997
191092	2618003
191093	2618023
191094	2618027
191095	2618039
191096	2618047
191097	2618053
191098	2618081
191099	2618089
191100	2618093
191101	2618101
191102	2618107
191103	2618111
191104	2618117
191105	2618173
191106	2618179
191107	2618191
191108	2618197
191109	2618237
191110	2618249
191111	2618261
191112	2618263
191113	2618279
191114	2618281
191115	2618339
191116	2618347
191117	2618387
191118	2618411
191119	2618423
191120	2618449
191121	2618461
191122	2618467
191123	2618501
191124	2618521
191125	2618531
191126	2618533
191127	2618537
191128	2618543
191129	2618579
191130	2618587
191131	2618593
191132	2618617
191133	2618633
191134	2618653
191135	2618659
191136	2618717
191137	2618741
191138	2618747
191139	2618761
191140	2618767
191141	2618773
191142	2618779
191143	2618797
191144	2618807
191145	2618813
191146	2618831
191147	2618839
191148	2618843
191149	2618873
191150	2618879
191151	2618881
191152	2618893
191153	2618909
191154	2618923
191155	2618927
191156	2618933
191157	2618953
191158	2618983
191159	2619007
191160	2619011
191161	2619013
191162	2619049
191163	2619053
191164	2619059
191165	2619103
191166	2619163
191167	2619179
191168	2619209
191169	2619223
191170	2619229
191171	2619257
191172	2619277
191173	2619289
191174	2619293
191175	2619299
191176	2619301
191177	2619329
191178	2619347
191179	2619361
191180	2619373
191181	2619389
191182	2619391
191183	2619413
191184	2619433
191185	2619443
191186	2619457
191187	2619481
191188	2619521
191189	2619557
191190	2619559
191191	2619611
191192	2619641
191193	2619647
191194	2619653
191195	2619667
191196	2619671
191197	2619691
191198	2619761
191199	2619787
191200	2619809
191201	2619817
191202	2619821
191203	2619833
191204	2619847
191205	2619857
191206	2619871
191207	2619913
191208	2619917
191209	2619919
191210	2619931
191211	2619937
191212	2619961
191213	2619973
191214	2619997
191215	2620003
191216	2620019
191217	2620021
191218	2620031
191219	2620039
191220	2620073
191221	2620087
191222	2620097
191223	2620099
191224	2620129
191225	2620139
191226	2620141
191227	2620147
191228	2620153
191229	2620171
191230	2620181
191231	2620199
191232	2620207
191233	2620223
191234	2620231
191235	2620253
191236	2620259
191237	2620273
191238	2620279
191239	2620283
191240	2620301
191241	2620307
191242	2620313
191243	2620339
191244	2620369
191245	2620379
191246	2620403
191247	2620417
191248	2620421
191249	2620439
191250	2620441
191251	2620477
191252	2620483
191253	2620493
191254	2620507
191255	2620511
191256	2620529
191257	2620531
191258	2620573
191259	2620577
191260	2620589
191261	2620591
191262	2620619
191263	2620633
191264	2620637
191265	2620661
191266	2620663
191267	2620741
191268	2620811
191269	2620819
191270	2620829
191271	2620847
191272	2620883
191273	2620897
191274	2620901
191275	2620909
191276	2620913
191277	2620921
191278	2620927
191279	2620939
191280	2620951
191281	2620967
191282	2620999
191283	2621023
191284	2621027
191285	2621033
191286	2621053
191287	2621063
191288	2621119
191289	2621131
191290	2621137
191291	2621147
191292	2621159
191293	2621167
191294	2621197
191295	2621207
191296	2621219
191297	2621239
191298	2621257
191299	2621263
191300	2621279
191301	2621303
191302	2621309
191303	2621347
191304	2621351
191305	2621369
191306	2621371
191307	2621387
191308	2621431
191309	2621447
191310	2621459
191311	2621467
191312	2621477
191313	2621501
191314	2621527
191315	2621551
191316	2621569
191317	2621573
191318	2621579
191319	2621603
191320	2621611
191321	2621617
191322	2621669
191323	2621693
191324	2621699
191325	2621737
191326	2621761
191327	2621767
191328	2621779
191329	2621789
191330	2621797
191331	2621807
191332	2621819
191333	2621837
191334	2621849
191335	2621863
191336	2621881
191337	2621897
191338	2621903
191339	2621917
191340	2621921
191341	2621923
191342	2621929
191343	2621933
191344	2621947
191345	2621951
191346	2621987
191347	2622013
191348	2622017
191349	2622031
191350	2622049
191351	2622091
191352	2622119
191353	2622121
191354	2622143
191355	2622157
191356	2622167
191357	2622173
191358	2622203
191359	2622211
191360	2622229
191361	2622241
191362	2622283
191363	2622287
191364	2622293
191365	2622307
191366	2622311
191367	2622337
191368	2622341
191369	2622343
191370	2622349
191371	2622353
191372	2622377
191373	2622397
191374	2622407
191375	2622413
191376	2622419
191377	2622427
191378	2622439
191379	2622443
191380	2622461
191381	2622469
191382	2622479
191383	2622511
191384	2622517
191385	2622533
191386	2622559
191387	2622577
191388	2622583
191389	2622593
191390	2622601
191391	2622611
191392	2622619
191393	2622623
191394	2622637
191395	2622679
191396	2622691
191397	2622707
191398	2622733
191399	2622749
191400	2622757
191401	2622761
191402	2622773
191403	2622799
191404	2622821
191405	2622827
191406	2622857
191407	2622863
191408	2622889
191409	2622911
191410	2622923
191411	2622937
191412	2622959
191413	2623039
191414	2623051
191415	2623073
191416	2623087
191417	2623091
191418	2623099
191419	2623111
191420	2623123
191421	2623133
191422	2623141
191423	2623147
191424	2623157
191425	2623163
191426	2623169
191427	2623193
191428	2623207
191429	2623217
191430	2623223
191431	2623241
191432	2623249
191433	2623259
191434	2623267
191435	2623279
191436	2623289
191437	2623331
191438	2623333
191439	2623339
191440	2623343
191441	2623351
191442	2623367
191443	2623373
191444	2623391
191445	2623409
191446	2623421
191447	2623429
191448	2623441
191449	2623451
191450	2623459
191451	2623477
191452	2623487
191453	2623529
191454	2623531
191455	2623567
191456	2623571
191457	2623573
191458	2623583
191459	2623589
191460	2623591
191461	2623597
191462	2623639
191463	2623651
191464	2623657
191465	2623711
191466	2623721
191467	2623723
191468	2623757
191469	2623759
191470	2623769
191471	2623783
191472	2623801
191473	2623807
191474	2623847
191475	2623861
191476	2623867
191477	2623883
191478	2623897
191479	2623913
191480	2623937
191481	2623939
191482	2623969
191483	2623979
191484	2623991
191485	2623993
191486	2623997
191487	2624023
191488	2624029
191489	2624051
191490	2624053
191491	2624059
191492	2624087
191493	2624099
191494	2624107
191495	2624113
191496	2624173
191497	2624177
191498	2624179
191499	2624183
191500	2624191
191501	2624203
191502	2624233
191503	2624257
191504	2624263
191505	2624267
191506	2624269
191507	2624291
191508	2624309
191509	2624311
191510	2624317
191511	2624327
191512	2624353
191513	2624357
191514	2624371
191515	2624381
191516	2624387
191517	2624411
191518	2624431
191519	2624437
191520	2624467
191521	2624483
191522	2624513
191523	2624539
191524	2624549
191525	2624561
191526	2624563
191527	2624581
191528	2624593
191529	2624623
191530	2624627
191531	2624639
191532	2624653
191533	2624659
191534	2624663
191535	2624693
191536	2624701
191537	2624711
191538	2624753
191539	2624759
191540	2624767
191541	2624771
191542	2624777
191543	2624803
191544	2624807
191545	2624813
191546	2624837
191547	2624857
191548	2624899
191549	2624911
191550	2624927
191551	2624939
191552	2624957
191553	2624959
191554	2624971
191555	2624977
191556	2624981
191557	2624989
191558	2625001
191559	2625011
191560	2625017
191561	2625023
191562	2625061
191563	2625067
191564	2625071
191565	2625079
191566	2625137
191567	2625149
191568	2625163
191569	2625169
191570	2625223
191571	2625229
191572	2625241
191573	2625247
191574	2625251
191575	2625253
191576	2625263
191577	2625277
191578	2625307
191579	2625313
191580	2625317
191581	2625349
191582	2625397
191583	2625433
191584	2625449
191585	2625481
191586	2625487
191587	2625503
191588	2625521
191589	2625523
191590	2625533
191591	2625541
191592	2625551
191593	2625563
191594	2625569
191595	2625577
191596	2625587
191597	2625613
191598	2625617
191599	2625619
191600	2625641
191601	2625643
191602	2625653
191603	2625671
191604	2625691
191605	2625761
191606	2625809
191607	2625811
191608	2625817
191609	2625829
191610	2625839
191611	2625851
191612	2625859
191613	2625869
191614	2625901
191615	2625907
191616	2625911
191617	2625929
191618	2625947
191619	2625949
191620	2625977
191621	2626003
191622	2626021
191623	2626027
191624	2626049
191625	2626051
191626	2626061
191627	2626069
191628	2626073
191629	2626079
191630	2626087
191631	2626121
191632	2626171
191633	2626181
191634	2626229
191635	2626249
191636	2626259
191637	2626277
191638	2626291
191639	2626307
191640	2626319
191641	2626363
191642	2626367
191643	2626399
191644	2626433
191645	2626447
191646	2626451
191647	2626457
191648	2626471
191649	2626493
191650	2626499
191651	2626511
191652	2626543
191653	2626567
191654	2626571
191655	2626597
191656	2626607
191657	2626633
191658	2626639
191659	2626643
191660	2626649
191661	2626691
191662	2626699
191663	2626703
191664	2626727
191665	2626751
191666	2626753
191667	2626763
191668	2626777
191669	2626781
191670	2626801
191671	2626817
191672	2626837
191673	2626861
191674	2626873
191675	2626879
191676	2626901
191677	2626903
191678	2626927
191679	2626931
191680	2626933
191681	2626937
191682	2626969
191683	2626973
191684	2627021
191685	2627041
191686	2627047
191687	2627057
191688	2627059
191689	2627063
191690	2627113
191691	2627117
191692	2627123
191693	2627143
191694	2627167
191695	2627173
191696	2627179
191697	2627189
191698	2627201
191699	2627203
191700	2627237
191701	2627243
191702	2627269
191703	2627291
191704	2627297
191705	2627357
191706	2627381
191707	2627393
191708	2627399
191709	2627413
191710	2627419
191711	2627423
191712	2627431
191713	2627473
191714	2627477
191715	2627479
191716	2627483
191717	2627507
191718	2627509
191719	2627519
191720	2627557
191721	2627561
191722	2627563
191723	2627593
191724	2627617
191725	2627627
191726	2627657
191727	2627671
191728	2627689
191729	2627693
191730	2627699
191731	2627701
191732	2627711
191733	2627759
191734	2627767
191735	2627771
191736	2627789
191737	2627791
191738	2627837
191739	2627857
191740	2627869
191741	2627879
191742	2627897
191743	2627921
191744	2627929
191745	2627953
191746	2627959
191747	2627971
191748	2627981
191749	2627983
191750	2627987
191751	2627993
191752	2628053
191753	2628077
191754	2628083
191755	2628089
191756	2628103
191757	2628107
191758	2628113
191759	2628127
191760	2628133
191761	2628139
191762	2628163
191763	2628167
191764	2628169
191765	2628191
191766	2628229
191767	2628277
191768	2628331
191769	2628341
191770	2628347
191771	2628359
191772	2628383
191773	2628401
191774	2628407
191775	2628481
191776	2628487
191777	2628499
191778	2628533
191779	2628539
191780	2628541
191781	2628553
191782	2628559
191783	2628581
191784	2628599
191785	2628607
191786	2628617
191787	2628649
191788	2628667
191789	2628679
191790	2628683
191791	2628697
191792	2628709
191793	2628713
191794	2628737
191795	2628749
191796	2628779
191797	2628781
191798	2628809
191799	2628811
191800	2628817
191801	2628823
191802	2628827
191803	2628833
191804	2628839
191805	2628889
191806	2628911
191807	2628919
191808	2628953
191809	2628979
191810	2629001
191811	2629009
191812	2629021
191813	2629031
191814	2629051
191815	2629057
191816	2629073
191817	2629091
191818	2629093
191819	2629103
191820	2629117
191821	2629127
191822	2629129
191823	2629139
191824	2629177
191825	2629213
191826	2629223
191827	2629243
191828	2629247
191829	2629261
191830	2629267
191831	2629307
191832	2629309
191833	2629351
191834	2629369
191835	2629381
191836	2629409
191837	2629421
191838	2629423
191839	2629433
191840	2629447
191841	2629457
191842	2629469
191843	2629481
191844	2629483
191845	2629499
191846	2629507
191847	2629511
191848	2629519
191849	2629537
191850	2629541
191851	2629547
191852	2629589
191853	2629591
191854	2629621
191855	2629639
191856	2629643
191857	2629651
191858	2629661
191859	2629667
191860	2629687
191861	2629703
191862	2629721
191863	2629723
191864	2629729
191865	2629763
191866	2629777
191867	2629787
191868	2629811
191869	2629813
191870	2629829
191871	2629841
191872	2629853
191873	2629859
191874	2629867
191875	2629873
191876	2629877
191877	2629897
191878	2629901
191879	2629903
191880	2629909
191881	2629927
191882	2629931
191883	2629933
191884	2629943
191885	2629969
191886	2629973
191887	2630041
191888	2630077
191889	2630093
191890	2630099
191891	2630107
191892	2630129
191893	2630143
191894	2630153
191895	2630171
191896	2630179
191897	2630197
191898	2630207
191899	2630237
191900	2630239
191901	2630281
191902	2630317
191903	2630321
191904	2630323
191905	2630333
191906	2630339
191907	2630351
191908	2630357
191909	2630363
191910	2630371
191911	2630377
191912	2630389
191913	2630399
191914	2630423
191915	2630429
191916	2630431
191917	2630447
191918	2630471
191919	2630477
191920	2630483
191921	2630489
191922	2630491
191923	2630501
191924	2630521
191925	2630539
191926	2630557
191927	2630587
191928	2630591
191929	2630599
191930	2630609
191931	2630623
191932	2630627
191933	2630681
191934	2630689
191935	2630707
191936	2630713
191937	2630729
191938	2630741
191939	2630743
191940	2630773
191941	2630791
191942	2630819
191943	2630833
191944	2630839
191945	2630843
191946	2630857
191947	2630861
191948	2630863
191949	2630879
191950	2630891
191951	2630917
191952	2630921
191953	2630923
191954	2630951
191955	2630989
191956	2631007
191957	2631019
191958	2631029
191959	2631037
191960	2631043
191961	2631049
191962	2631053
191963	2631067
191964	2631071
191965	2631077
191966	2631091
191967	2631103
191968	2631133
191969	2631137
191970	2631143
191971	2631149
191972	2631173
191973	2631179
191974	2631203
191975	2631217
191976	2631221
191977	2631241
191978	2631247
191979	2631259
191980	2631263
191981	2631271
191982	2631281
191983	2631283
191984	2631323
191985	2631337
191986	2631347
191987	2631401
191988	2631427
191989	2631437
191990	2631449
191991	2631457
191992	2631467
191993	2631469
191994	2631487
191995	2631493
191996	2631509
191997	2631511
191998	2631523
191999	2631527
192000	2631529
