111001	1455119
111002	1455121
111003	1455127
111004	1455143
111005	1455151
111006	1455193
111007	1455197
111008	1455199
111009	1455203
111010	1455211
111011	1455227
111012	1455241
111013	1455253
111014	1455257
111015	1455263
111016	1455301
111017	1455317
111018	1455323
111019	1455329
111020	1455341
111021	1455359
111022	1455361
111023	1455367
111024	1455373
111025	1455379
111026	1455383
111027	1455403
111028	1455409
111029	1455431
111030	1455437
111031	1455439
111032	1455491
111033	1455499
111034	1455527
111035	1455563
111036	1455569
111037	1455599
111038	1455607
111039	1455613
111040	1455653
111041	1455661
111042	1455673
111043	1455677
111044	1455683
111045	1455697
111046	1455703
111047	1455721
111048	1455757
111049	1455767
111050	1455781
111051	1455809
111052	1455821
111053	1455827
111054	1455833
111055	1455841
111056	1455847
111057	1455859
111058	1455871
111059	1455893
111060	1455901
111061	1455907
111062	1455911
111063	1455929
111064	1455941
111065	1455947
111066	1455953
111067	1455959
111068	1455973
111069	1455983
111070	1455991
111071	1456001
111072	1456019
111073	1456057
111074	1456087
111075	1456099
111076	1456121
111077	1456123
111078	1456127
111079	1456157
111080	1456159
111081	1456171
111082	1456187
111083	1456219
111084	1456229
111085	1456241
111086	1456243
111087	1456267
111088	1456289
111089	1456313
111090	1456321
111091	1456333
111092	1456381
111093	1456391
111094	1456393
111095	1456417
111096	1456439
111097	1456451
111098	1456501
111099	1456517
111100	1456519
111101	1456529
111102	1456537
111103	1456541
111104	1456547
111105	1456561
111106	1456603
111107	1456627
111108	1456633
111109	1456643
111110	1456657
111111	1456667
111112	1456687
111113	1456691
111114	1456703
111115	1456709
111116	1456717
111117	1456739
111118	1456759
111119	1456789
111120	1456799
111121	1456823
111122	1456837
111123	1456867
111124	1456877
111125	1456891
111126	1456919
111127	1456921
111128	1456927
111129	1456937
111130	1456943
111131	1456963
111132	1457011
111133	1457021
111134	1457033
111135	1457039
111136	1457051
111137	1457059
111138	1457069
111139	1457077
111140	1457083
111141	1457111
111142	1457143
111143	1457147
111144	1457149
111145	1457161
111146	1457177
111147	1457201
111148	1457207
111149	1457213
111150	1457219
111151	1457251
111152	1457273
111153	1457293
111154	1457321
111155	1457333
111156	1457353
111157	1457363
111158	1457371
111159	1457381
111160	1457389
111161	1457411
111162	1457419
111163	1457429
111164	1457437
111165	1457459
111166	1457479
111167	1457483
111168	1457497
111169	1457501
111170	1457503
111171	1457513
111172	1457551
111173	1457633
111174	1457639
111175	1457647
111176	1457653
111177	1457663
111178	1457683
111179	1457741
111180	1457749
111181	1457783
111182	1457791
111183	1457803
111184	1457821
111185	1457849
111186	1457857
111187	1457861
111188	1457867
111189	1457873
111190	1457879
111191	1457887
111192	1457891
111193	1457921
111194	1457933
111195	1457941
111196	1457957
111197	1457959
111198	1457969
111199	1457983
111200	1457999
111201	1458011
111202	1458019
111203	1458031
111204	1458049
111205	1458053
111206	1458071
111207	1458097
111208	1458101
111209	1458113
111210	1458151
111211	1458157
111212	1458167
111213	1458169
111214	1458179
111215	1458203
111216	1458229
111217	1458239
111218	1458253
111219	1458257
111220	1458283
111221	1458293
111222	1458319
111223	1458337
111224	1458343
111225	1458349
111226	1458371
111227	1458397
111228	1458403
111229	1458409
111230	1458427
111231	1458433
111232	1458461
111233	1458463
111234	1458469
111235	1458473
111236	1458487
111237	1458521
111238	1458533
111239	1458547
111240	1458593
111241	1458599
111242	1458601
111243	1458607
111244	1458619
111245	1458623
111246	1458629
111247	1458631
111248	1458641
111249	1458659
111250	1458673
111251	1458697
111252	1458703
111253	1458707
111254	1458713
111255	1458727
111256	1458749
111257	1458757
111258	1458817
111259	1458841
111260	1458857
111261	1458871
111262	1458881
111263	1458883
111264	1458907
111265	1458911
111266	1458971
111267	1458973
111268	1458997
111269	1459027
111270	1459061
111271	1459069
111272	1459091
111273	1459099
111274	1459109
111275	1459111
111276	1459123
111277	1459141
111278	1459153
111279	1459163
111280	1459177
111281	1459207
111282	1459217
111283	1459253
111284	1459259
111285	1459261
111286	1459277
111287	1459301
111288	1459319
111289	1459351
111290	1459369
111291	1459411
111292	1459421
111293	1459427
111294	1459429
111295	1459439
111296	1459453
111297	1459457
111298	1459481
111299	1459517
111300	1459531
111301	1459537
111302	1459543
111303	1459583
111304	1459589
111305	1459597
111306	1459609
111307	1459631
111308	1459651
111309	1459663
111310	1459681
111311	1459691
111312	1459709
111313	1459727
111314	1459771
111315	1459793
111316	1459811
111317	1459823
111318	1459849
111319	1459853
111320	1459873
111321	1459891
111322	1459901
111323	1459907
111324	1459921
111325	1459933
111326	1459937
111327	1459949
111328	1459951
111329	1459957
111330	1459963
111331	1459993
111332	1460003
111333	1460021
111334	1460027
111335	1460029
111336	1460033
111337	1460059
111338	1460071
111339	1460077
111340	1460087
111341	1460089
111342	1460099
111343	1460101
111344	1460111
111345	1460117
111346	1460143
111347	1460153
111348	1460161
111349	1460167
111350	1460171
111351	1460177
111352	1460189
111353	1460213
111354	1460233
111355	1460267
111356	1460269
111357	1460281
111358	1460311
111359	1460341
111360	1460369
111361	1460377
111362	1460383
111363	1460413
111364	1460423
111365	1460429
111366	1460447
111367	1460467
111368	1460479
111369	1460483
111370	1460497
111371	1460507
111372	1460567
111373	1460593
111374	1460603
111375	1460609
111376	1460617
111377	1460629
111378	1460633
111379	1460651
111380	1460653
111381	1460671
111382	1460681
111383	1460687
111384	1460729
111385	1460731
111386	1460737
111387	1460741
111388	1460743
111389	1460747
111390	1460773
111391	1460821
111392	1460857
111393	1460863
111394	1460867
111395	1460887
111396	1460903
111397	1460911
111398	1460923
111399	1460941
111400	1460951
111401	1460957
111402	1460971
111403	1460981
111404	1460989
111405	1460993
111406	1461001
111407	1461073
111408	1461077
111409	1461079
111410	1461091
111411	1461101
111412	1461127
111413	1461139
111414	1461151
111415	1461169
111416	1461179
111417	1461181
111418	1461193
111419	1461209
111420	1461211
111421	1461283
111422	1461287
111423	1461289
111424	1461293
111425	1461301
111426	1461311
111427	1461329
111428	1461349
111429	1461353
111430	1461359
111431	1461367
111432	1461391
111433	1461401
111434	1461403
111435	1461407
111436	1461409
111437	1461413
111438	1461419
111439	1461437
111440	1461451
111441	1461479
111442	1461497
111443	1461511
111444	1461517
111445	1461553
111446	1461563
111447	1461583
111448	1461587
111449	1461599
111450	1461601
111451	1461623
111452	1461631
111453	1461637
111454	1461641
111455	1461659
111456	1461661
111457	1461667
111458	1461671
111459	1461683
111460	1461697
111461	1461701
111462	1461703
111463	1461709
111464	1461731
111465	1461749
111466	1461763
111467	1461769
111468	1461781
111469	1461791
111470	1461797
111471	1461809
111472	1461821
111473	1461851
111474	1461853
111475	1461877
111476	1461883
111477	1461913
111478	1461923
111479	1461931
111480	1461953
111481	1461973
111482	1461979
111483	1461989
111484	1462001
111485	1462009
111486	1462033
111487	1462037
111488	1462039
111489	1462049
111490	1462057
111491	1462061
111492	1462063
111493	1462099
111494	1462127
111495	1462157
111496	1462163
111497	1462169
111498	1462171
111499	1462189
111500	1462193
111501	1462199
111502	1462213
111503	1462229
111504	1462247
111505	1462249
111506	1462313
111507	1462319
111508	1462327
111509	1462337
111510	1462339
111511	1462367
111512	1462381
111513	1462397
111514	1462399
111515	1462403
111516	1462421
111517	1462423
111518	1462427
111519	1462457
111520	1462463
111521	1462477
111522	1462507
111523	1462519
111524	1462523
111525	1462567
111526	1462589
111527	1462603
111528	1462607
111529	1462613
111530	1462619
111531	1462621
111532	1462627
111533	1462631
111534	1462651
111535	1462679
111536	1462691
111537	1462693
111538	1462711
111539	1462717
111540	1462723
111541	1462739
111542	1462751
111543	1462759
111544	1462763
111545	1462801
111546	1462807
111547	1462819
111548	1462861
111549	1462871
111550	1462873
111551	1462883
111552	1462891
111553	1462897
111554	1462927
111555	1462933
111556	1462939
111557	1462957
111558	1462973
111559	1462999
111560	1463009
111561	1463027
111562	1463047
111563	1463089
111564	1463113
111565	1463117
111566	1463123
111567	1463149
111568	1463153
111569	1463177
111570	1463179
111571	1463183
111572	1463197
111573	1463201
111574	1463219
111575	1463221
111576	1463233
111577	1463243
111578	1463257
111579	1463261
111580	1463263
111581	1463303
111582	1463327
111583	1463339
111584	1463353
111585	1463359
111586	1463447
111587	1463453
111588	1463459
111589	1463471
111590	1463491
111591	1463503
111592	1463507
111593	1463509
111594	1463521
111595	1463537
111596	1463557
111597	1463563
111598	1463569
111599	1463587
111600	1463597
111601	1463599
111602	1463611
111603	1463617
111604	1463621
111605	1463641
111606	1463647
111607	1463719
111608	1463767
111609	1463773
111610	1463797
111611	1463821
111612	1463837
111613	1463857
111614	1463863
111615	1463873
111616	1463879
111617	1463897
111618	1463899
111619	1463911
111620	1463933
111621	1463941
111622	1463947
111623	1463953
111624	1463971
111625	1463981
111626	1463983
111627	1463999
111628	1464011
111629	1464031
111630	1464049
111631	1464079
111632	1464101
111633	1464103
111634	1464131
111635	1464137
111636	1464143
111637	1464149
111638	1464163
111639	1464173
111640	1464179
111641	1464241
111642	1464251
111643	1464257
111644	1464259
111645	1464263
111646	1464269
111647	1464271
111648	1464277
111649	1464283
111650	1464289
111651	1464293
111652	1464299
111653	1464343
111654	1464371
111655	1464373
111656	1464383
111657	1464391
111658	1464401
111659	1464403
111660	1464461
111661	1464467
111662	1464481
111663	1464493
111664	1464503
111665	1464559
111666	1464563
111667	1464569
111668	1464583
111669	1464611
111670	1464641
111671	1464649
111672	1464689
111673	1464713
111674	1464721
111675	1464731
111676	1464733
111677	1464751
111678	1464769
111679	1464773
111680	1464787
111681	1464809
111682	1464811
111683	1464817
111684	1464823
111685	1464829
111686	1464863
111687	1464899
111688	1464901
111689	1464917
111690	1464929
111691	1464949
111692	1464959
111693	1464961
111694	1464977
111695	1464997
111696	1465007
111697	1465019
111698	1465021
111699	1465027
111700	1465049
111701	1465067
111702	1465073
111703	1465081
111704	1465097
111705	1465127
111706	1465129
111707	1465133
111708	1465141
111709	1465171
111710	1465181
111711	1465187
111712	1465193
111713	1465229
111714	1465231
111715	1465249
111716	1465253
111717	1465259
111718	1465273
111719	1465279
111720	1465301
111721	1465313
111722	1465351
111723	1465361
111724	1465367
111725	1465391
111726	1465393
111727	1465421
111728	1465423
111729	1465427
111730	1465433
111731	1465439
111732	1465441
111733	1465469
111734	1465481
111735	1465487
111736	1465493
111737	1465523
111738	1465547
111739	1465549
111740	1465559
111741	1465561
111742	1465567
111743	1465571
111744	1465577
111745	1465591
111746	1465637
111747	1465643
111748	1465661
111749	1465663
111750	1465669
111751	1465691
111752	1465693
111753	1465703
111754	1465727
111755	1465729
111756	1465771
111757	1465777
111758	1465801
111759	1465819
111760	1465823
111761	1465837
111762	1465843
111763	1465847
111764	1465853
111765	1465861
111766	1465889
111767	1465901
111768	1465931
111769	1465943
111770	1465957
111771	1465963
111772	1465987
111773	1465991
111774	1465993
111775	1466039
111776	1466053
111777	1466057
111778	1466099
111779	1466107
111780	1466111
111781	1466117
111782	1466123
111783	1466137
111784	1466147
111785	1466167
111786	1466177
111787	1466183
111788	1466191
111789	1466203
111790	1466243
111791	1466251
111792	1466261
111793	1466279
111794	1466291
111795	1466293
111796	1466299
111797	1466303
111798	1466317
111799	1466323
111800	1466329
111801	1466371
111802	1466383
111803	1466389
111804	1466407
111805	1466417
111806	1466449
111807	1466459
111808	1466461
111809	1466473
111810	1466519
111811	1466533
111812	1466551
111813	1466557
111814	1466567
111815	1466599
111816	1466603
111817	1466639
111818	1466653
111819	1466657
111820	1466659
111821	1466677
111822	1466701
111823	1466711
111824	1466713
111825	1466719
111826	1466741
111827	1466747
111828	1466753
111829	1466767
111830	1466771
111831	1466783
111832	1466797
111833	1466821
111834	1466833
111835	1466869
111836	1466873
111837	1466887
111838	1466893
111839	1466897
111840	1466911
111841	1466929
111842	1466953
111843	1466957
111844	1466999
111845	1467001
111846	1467007
111847	1467017
111848	1467043
111849	1467061
111850	1467091
111851	1467097
111852	1467107
111853	1467121
111854	1467131
111855	1467143
111856	1467149
111857	1467157
111858	1467173
111859	1467187
111860	1467209
111861	1467211
111862	1467217
111863	1467223
111864	1467229
111865	1467241
111866	1467281
111867	1467283
111868	1467299
111869	1467307
111870	1467317
111871	1467329
111872	1467337
111873	1467341
111874	1467353
111875	1467359
111876	1467391
111877	1467397
111878	1467413
111879	1467419
111880	1467439
111881	1467443
111882	1467493
111883	1467497
111884	1467511
111885	1467527
111886	1467533
111887	1467539
111888	1467553
111889	1467581
111890	1467589
111891	1467611
111892	1467629
111893	1467673
111894	1467691
111895	1467703
111896	1467749
111897	1467751
111898	1467773
111899	1467779
111900	1467787
111901	1467821
111902	1467839
111903	1467859
111904	1467863
111905	1467887
111906	1467889
111907	1467911
111908	1467913
111909	1467919
111910	1467937
111911	1467953
111912	1467971
111913	1467989
111914	1468079
111915	1468109
111916	1468163
111917	1468189
111918	1468193
111919	1468211
111920	1468213
111921	1468219
111922	1468261
111923	1468267
111924	1468277
111925	1468387
111926	1468391
111927	1468399
111928	1468403
111929	1468427
111930	1468447
111931	1468457
111932	1468459
111933	1468469
111934	1468499
111935	1468507
111936	1468513
111937	1468517
111938	1468543
111939	1468547
111940	1468553
111941	1468559
111942	1468561
111943	1468591
111944	1468603
111945	1468631
111946	1468633
111947	1468637
111948	1468639
111949	1468651
111950	1468657
111951	1468667
111952	1468673
111953	1468717
111954	1468723
111955	1468729
111956	1468739
111957	1468741
111958	1468759
111959	1468781
111960	1468799
111961	1468801
111962	1468807
111963	1468877
111964	1468889
111965	1468897
111966	1468913
111967	1468921
111968	1468927
111969	1468933
111970	1468939
111971	1468949
111972	1468963
111973	1468967
111974	1468969
111975	1469047
111976	1469057
111977	1469081
111978	1469087
111979	1469129
111980	1469131
111981	1469141
111982	1469147
111983	1469161
111984	1469179
111985	1469189
111986	1469197
111987	1469201
111988	1469231
111989	1469239
111990	1469249
111991	1469257
111992	1469287
111993	1469291
111994	1469311
111995	1469323
111996	1469341
111997	1469357
111998	1469359
111999	1469389
112000	1469393
