104001	1356247
104002	1356253
104003	1356259
104004	1356269
104005	1356319
104006	1356331
104007	1356337
104008	1356371
104009	1356389
104010	1356401
104011	1356409
104012	1356427
104013	1356431
104014	1356451
104015	1356461
104016	1356463
104017	1356473
104018	1356491
104019	1356497
104020	1356499
104021	1356503
104022	1356539
104023	1356547
104024	1356571
104025	1356577
104026	1356599
104027	1356611
104028	1356623
104029	1356629
104030	1356643
104031	1356647
104032	1356659
104033	1356671
104034	1356689
104035	1356697
104036	1356709
104037	1356713
104038	1356721
104039	1356727
104040	1356737
104041	1356743
104042	1356757
104043	1356763
104044	1356811
104045	1356829
104046	1356857
104047	1356869
104048	1356871
104049	1356877
104050	1356899
104051	1356907
104052	1356911
104053	1356913
104054	1356919
104055	1356947
104056	1356973
104057	1357001
104058	1357003
104059	1357009
104060	1357021
104061	1357039
104062	1357043
104063	1357061
104064	1357063
104065	1357079
104066	1357091
104067	1357129
104068	1357163
104069	1357183
104070	1357193
104071	1357201
104072	1357333
104073	1357337
104074	1357351
104075	1357361
104076	1357423
104077	1357427
104078	1357429
104079	1357453
104080	1357463
104081	1357507
104082	1357513
104083	1357537
104084	1357547
104085	1357549
104086	1357561
104087	1357571
104088	1357589
104089	1357619
104090	1357651
104091	1357661
104092	1357669
104093	1357673
104094	1357679
104095	1357703
104096	1357717
104097	1357729
104098	1357753
104099	1357771
104100	1357781
104101	1357787
104102	1357801
104103	1357817
104104	1357823
104105	1357843
104106	1357871
104107	1357883
104108	1357901
104109	1357907
104110	1357919
104111	1357927
104112	1357969
104113	1358009
104114	1358029
104115	1358033
104116	1358039
104117	1358047
104118	1358057
104119	1358059
104120	1358083
104121	1358087
104122	1358111
104123	1358143
104124	1358153
104125	1358167
104126	1358171
104127	1358179
104128	1358183
104129	1358197
104130	1358209
104131	1358213
104132	1358221
104133	1358251
104134	1358257
104135	1358263
104136	1358281
104137	1358297
104138	1358299
104139	1358303
104140	1358309
104141	1358323
104142	1358333
104143	1358353
104144	1358359
104145	1358363
104146	1358369
104147	1358377
104148	1358387
104149	1358393
104150	1358411
104151	1358417
104152	1358437
104153	1358459
104154	1358471
104155	1358477
104156	1358479
104157	1358491
104158	1358507
104159	1358509
104160	1358537
104161	1358561
104162	1358611
104163	1358639
104164	1358647
104165	1358689
104166	1358701
104167	1358713
104168	1358717
104169	1358729
104170	1358741
104171	1358743
104172	1358779
104173	1358783
104174	1358801
104175	1358803
104176	1358807
104177	1358809
104178	1358813
104179	1358821
104180	1358831
104181	1358837
104182	1358857
104183	1358881
104184	1358887
104185	1358891
104186	1358927
104187	1358933
104188	1358939
104189	1358953
104190	1358957
104191	1358977
104192	1358983
104193	1358993
104194	1359023
104195	1359053
104196	1359077
104197	1359091
104198	1359097
104199	1359161
104200	1359173
104201	1359179
104202	1359181
104203	1359209
104204	1359223
104205	1359233
104206	1359247
104207	1359271
104208	1359283
104209	1359307
104210	1359311
104211	1359313
104212	1359329
104213	1359349
104214	1359361
104215	1359367
104216	1359373
104217	1359377
104218	1359401
104219	1359427
104220	1359467
104221	1359487
104222	1359493
104223	1359499
104224	1359509
104225	1359521
104226	1359529
104227	1359563
104228	1359571
104229	1359581
104230	1359619
104231	1359641
104232	1359647
104233	1359661
104234	1359679
104235	1359689
104236	1359719
104237	1359727
104238	1359731
104239	1359733
104240	1359739
104241	1359769
104242	1359803
104243	1359817
104244	1359823
104245	1359833
104246	1359857
104247	1359859
104248	1359871
104249	1359901
104250	1359913
104251	1359937
104252	1359947
104253	1359959
104254	1359971
104255	1359977
104256	1359979
104257	1359991
104258	1359997
104259	1360027
104260	1360049
104261	1360067
104262	1360069
104263	1360081
104264	1360087
104265	1360097
104266	1360103
104267	1360141
104268	1360159
104269	1360171
104270	1360189
104271	1360193
104272	1360201
104273	1360207
104274	1360213
104275	1360223
104276	1360237
104277	1360241
104278	1360253
104279	1360259
104280	1360277
104281	1360279
104282	1360283
104283	1360309
104284	1360313
104285	1360319
104286	1360327
104287	1360349
104288	1360367
104289	1360409
104290	1360417
104291	1360423
104292	1360439
104293	1360441
104294	1360451
104295	1360507
104296	1360511
104297	1360517
104298	1360529
104299	1360531
104300	1360537
104301	1360589
104302	1360591
104303	1360607
104304	1360613
104305	1360631
104306	1360637
104307	1360673
104308	1360687
104309	1360699
104310	1360729
104311	1360747
104312	1360753
104313	1360759
104314	1360763
104315	1360769
104316	1360781
104317	1360783
104318	1360787
104319	1360789
104320	1360811
104321	1360819
104322	1360829
104323	1360847
104324	1360861
104325	1360873
104326	1360889
104327	1360903
104328	1360921
104329	1360943
104330	1360967
104331	1360973
104332	1360981
104333	1361011
104334	1361021
104335	1361023
104336	1361029
104337	1361047
104338	1361051
104339	1361053
104340	1361069
104341	1361081
104342	1361089
104343	1361099
104344	1361123
104345	1361131
104346	1361137
104347	1361149
104348	1361153
104349	1361183
104350	1361197
104351	1361273
104352	1361279
104353	1361287
104354	1361291
104355	1361299
104356	1361317
104357	1361357
104358	1361363
104359	1361383
104360	1361387
104361	1361389
104362	1361401
104363	1361417
104364	1361431
104365	1361441
104366	1361443
104367	1361453
104368	1361471
104369	1361491
104370	1361497
104371	1361533
104372	1361573
104373	1361587
104374	1361593
104375	1361599
104376	1361603
104377	1361609
104378	1361629
104379	1361677
104380	1361699
104381	1361707
104382	1361713
104383	1361741
104384	1361743
104385	1361777
104386	1361791
104387	1361803
104388	1361809
104389	1361813
104390	1361827
104391	1361831
104392	1361839
104393	1361849
104394	1361879
104395	1361903
104396	1361911
104397	1361929
104398	1361953
104399	1361957
104400	1361959
104401	1361963
104402	1361999
104403	1362017
104404	1362019
104405	1362041
104406	1362059
104407	1362071
104408	1362089
104409	1362103
104410	1362131
104411	1362161
104412	1362181
104413	1362203
104414	1362209
104415	1362211
104416	1362223
104417	1362247
104418	1362271
104419	1362287
104420	1362293
104421	1362299
104422	1362301
104423	1362337
104424	1362341
104425	1362343
104426	1362349
104427	1362353
104428	1362367
104429	1362371
104430	1362401
104431	1362407
104432	1362409
104433	1362421
104434	1362437
104435	1362443
104436	1362457
104437	1362461
104438	1362463
104439	1362479
104440	1362511
104441	1362521
104442	1362523
104443	1362551
104444	1362607
104445	1362619
104446	1362629
104447	1362631
104448	1362637
104449	1362643
104450	1362653
104451	1362689
104452	1362701
104453	1362707
104454	1362709
104455	1362719
104456	1362731
104457	1362761
104458	1362763
104459	1362787
104460	1362833
104461	1362863
104462	1362869
104463	1362883
104464	1362919
104465	1362929
104466	1362931
104467	1362937
104468	1362967
104469	1362973
104470	1362989
104471	1362997
104472	1363027
104473	1363031
104474	1363051
104475	1363069
104476	1363081
104477	1363093
104478	1363099
104479	1363121
104480	1363133
104481	1363139
104482	1363151
104483	1363157
104484	1363171
104485	1363183
104486	1363189
104487	1363207
104488	1363217
104489	1363223
104490	1363259
104491	1363267
104492	1363273
104493	1363277
104494	1363301
104495	1363309
104496	1363321
104497	1363331
104498	1363333
104499	1363361
104500	1363367
104501	1363381
104502	1363393
104503	1363403
104504	1363409
104505	1363429
104506	1363433
104507	1363447
104508	1363469
104509	1363477
104510	1363489
104511	1363511
104512	1363513
104513	1363541
104514	1363547
104515	1363559
104516	1363577
104517	1363603
104518	1363627
104519	1363631
104520	1363673
104521	1363679
104522	1363717
104523	1363727
104524	1363751
104525	1363753
104526	1363771
104527	1363781
104528	1363787
104529	1363793
104530	1363807
104531	1363811
104532	1363837
104533	1363847
104534	1363867
104535	1363883
104536	1363891
104537	1363897
104538	1363909
104539	1363913
104540	1363933
104541	1363937
104542	1363949
104543	1363963
104544	1363979
104545	1363993
104546	1364009
104547	1364017
104548	1364039
104549	1364047
104550	1364059
104551	1364071
104552	1364101
104553	1364137
104554	1364141
104555	1364161
104556	1364177
104557	1364179
104558	1364183
104559	1364191
104560	1364201
104561	1364203
104562	1364213
104563	1364221
104564	1364239
104565	1364243
104566	1364263
104567	1364287
104568	1364299
104569	1364303
104570	1364309
104571	1364323
104572	1364327
104573	1364329
104574	1364339
104575	1364351
104576	1364359
104577	1364381
104578	1364399
104579	1364401
104580	1364417
104581	1364423
104582	1364431
104583	1364453
104584	1364477
104585	1364483
104586	1364491
104587	1364533
104588	1364569
104589	1364581
104590	1364609
104591	1364617
104592	1364621
104593	1364633
104594	1364663
104595	1364677
104596	1364717
104597	1364719
104598	1364731
104599	1364747
104600	1364761
104601	1364771
104602	1364773
104603	1364791
104604	1364809
104605	1364821
104606	1364861
104607	1364897
104608	1364911
104609	1364917
104610	1364953
104611	1364963
104612	1364969
104613	1364971
104614	1365011
104615	1365019
104616	1365029
104617	1365037
104618	1365043
104619	1365047
104620	1365071
104621	1365079
104622	1365097
104623	1365103
104624	1365107
104625	1365109
104626	1365127
104627	1365137
104628	1365139
104629	1365149
104630	1365163
104631	1365167
104632	1365181
104633	1365193
104634	1365197
104635	1365223
104636	1365239
104637	1365251
104638	1365269
104639	1365281
104640	1365289
104641	1365307
104642	1365311
104643	1365313
104644	1365347
104645	1365361
104646	1365367
104647	1365373
104648	1365383
104649	1365431
104650	1365449
104651	1365461
104652	1365467
104653	1365499
104654	1365503
104655	1365547
104656	1365557
104657	1365563
104658	1365571
104659	1365577
104660	1365583
104661	1365659
104662	1365667
104663	1365703
104664	1365709
104665	1365719
104666	1365731
104667	1365733
104668	1365761
104669	1365787
104670	1365799
104671	1365811
104672	1365821
104673	1365869
104674	1365877
104675	1365907
104676	1365911
104677	1365913
104678	1365919
104679	1365977
104680	1365979
104681	1365983
104682	1366009
104683	1366019
104684	1366021
104685	1366031
104686	1366087
104687	1366093
104688	1366109
104689	1366117
104690	1366121
104691	1366159
104692	1366163
104693	1366187
104694	1366213
104695	1366241
104696	1366279
104697	1366289
104698	1366291
104699	1366297
104700	1366303
104701	1366327
104702	1366333
104703	1366349
104704	1366367
104705	1366397
104706	1366427
104707	1366433
104708	1366459
104709	1366471
104710	1366481
104711	1366483
104712	1366493
104713	1366507
104714	1366517
104715	1366523
104716	1366529
104717	1366531
104718	1366543
104719	1366549
104720	1366577
104721	1366597
104722	1366601
104723	1366609
104724	1366627
104725	1366639
104726	1366643
104727	1366649
104728	1366657
104729	1366661
104730	1366663
104731	1366667
104732	1366693
104733	1366709
104734	1366721
104735	1366747
104736	1366753
104737	1366763
104738	1366769
104739	1366793
104740	1366801
104741	1366829
104742	1366831
104743	1366837
104744	1366843
104745	1366861
104746	1366877
104747	1366889
104748	1366903
104749	1366907
104750	1366921
104751	1366933
104752	1366943
104753	1366957
104754	1366979
104755	1366991
104756	1366997
104757	1367017
104758	1367027
104759	1367057
104760	1367059
104761	1367077
104762	1367087
104763	1367101
104764	1367117
104765	1367137
104766	1367141
104767	1367153
104768	1367159
104769	1367161
104770	1367167
104771	1367203
104772	1367231
104773	1367257
104774	1367279
104775	1367291
104776	1367299
104777	1367323
104778	1367339
104779	1367341
104780	1367383
104781	1367393
104782	1367417
104783	1367423
104784	1367447
104785	1367459
104786	1367461
104787	1367479
104788	1367501
104789	1367507
104790	1367519
104791	1367521
104792	1367533
104793	1367539
104794	1367543
104795	1367551
104796	1367573
104797	1367579
104798	1367581
104799	1367593
104800	1367617
104801	1367647
104802	1367687
104803	1367711
104804	1367713
104805	1367749
104806	1367761
104807	1367777
104808	1367783
104809	1367789
104810	1367819
104811	1367827
104812	1367831
104813	1367851
104814	1367857
104815	1367869
104816	1367881
104817	1367887
104818	1367893
104819	1367903
104820	1367921
104821	1367929
104822	1367953
104823	1367963
104824	1367987
104825	1368013
104826	1368053
104827	1368071
104828	1368077
104829	1368079
104830	1368083
104831	1368119
104832	1368121
104833	1368127
104834	1368161
104835	1368163
104836	1368167
104837	1368173
104838	1368181
104839	1368187
104840	1368203
104841	1368229
104842	1368233
104843	1368251
104844	1368253
104845	1368259
104846	1368271
104847	1368281
104848	1368287
104849	1368319
104850	1368329
104851	1368331
104852	1368337
104853	1368343
104854	1368349
104855	1368373
104856	1368377
104857	1368397
104858	1368401
104859	1368439
104860	1368443
104861	1368461
104862	1368463
104863	1368467
104864	1368469
104865	1368473
104866	1368487
104867	1368491
104868	1368509
104869	1368527
104870	1368529
104871	1368547
104872	1368599
104873	1368617
104874	1368643
104875	1368659
104876	1368673
104877	1368683
104878	1368727
104879	1368737
104880	1368739
104881	1368761
104882	1368791
104883	1368793
104884	1368797
104885	1368803
104886	1368811
104887	1368827
104888	1368839
104889	1368841
104890	1368847
104891	1368869
104892	1368907
104893	1368911
104894	1368943
104895	1368967
104896	1368971
104897	1368979
104898	1368989
104899	1369009
104900	1369013
104901	1369019
104902	1369021
104903	1369033
104904	1369051
104905	1369057
104906	1369097
104907	1369099
104908	1369103
104909	1369133
104910	1369139
104911	1369153
104912	1369169
104913	1369183
104914	1369201
104915	1369217
104916	1369219
104917	1369223
104918	1369229
104919	1369243
104920	1369297
104921	1369309
104922	1369321
104923	1369337
104924	1369339
104925	1369369
104926	1369373
104927	1369391
104928	1369393
104929	1369411
104930	1369427
104931	1369429
104932	1369451
104933	1369457
104934	1369483
104935	1369499
104936	1369517
104937	1369531
104938	1369541
104939	1369559
104940	1369561
104941	1369597
104942	1369607
104943	1369619
104944	1369651
104945	1369657
104946	1369723
104947	1369727
104948	1369733
104949	1369747
104950	1369759
104951	1369763
104952	1369783
104953	1369787
104954	1369789
104955	1369793
104956	1369801
104957	1369813
104958	1369831
104959	1369853
104960	1369861
104961	1369871
104962	1369883
104963	1369897
104964	1369943
104965	1369961
104966	1369969
104967	1369981
104968	1370027
104969	1370051
104970	1370053
104971	1370059
104972	1370063
104973	1370069
104974	1370077
104975	1370093
104976	1370099
104977	1370101
104978	1370111
104979	1370113
104980	1370143
104981	1370177
104982	1370189
104983	1370197
104984	1370219
104985	1370227
104986	1370263
104987	1370269
104988	1370287
104989	1370297
104990	1370311
104991	1370321
104992	1370323
104993	1370329
104994	1370359
104995	1370377
104996	1370389
104997	1370407
104998	1370431
104999	1370449
105000	1370459
