171001	2322163
171002	2322169
171003	2322193
171004	2322211
171005	2322227
171006	2322239
171007	2322247
171008	2322253
171009	2322259
171010	2322269
171011	2322283
171012	2322337
171013	2322347
171014	2322361
171015	2322367
171016	2322373
171017	2322377
171018	2322401
171019	2322403
171020	2322409
171021	2322431
171022	2322443
171023	2322457
171024	2322479
171025	2322487
171026	2322491
171027	2322493
171028	2322497
171029	2322569
171030	2322571
171031	2322577
171032	2322583
171033	2322629
171034	2322631
171035	2322637
171036	2322647
171037	2322667
171038	2322673
171039	2322707
171040	2322713
171041	2322757
171042	2322763
171043	2322767
171044	2322779
171045	2322791
171046	2322797
171047	2322821
171048	2322851
171049	2322857
171050	2322869
171051	2322911
171052	2322917
171053	2322949
171054	2322953
171055	2322961
171056	2322967
171057	2322973
171058	2323001
171059	2323003
171060	2323021
171061	2323031
171062	2323037
171063	2323039
171064	2323081
171065	2323099
171066	2323121
171067	2323127
171068	2323151
171069	2323157
171070	2323177
171071	2323201
171072	2323213
171073	2323229
171074	2323231
171075	2323259
171076	2323261
171077	2323273
171078	2323297
171079	2323309
171080	2323313
171081	2323331
171082	2323337
171083	2323367
171084	2323369
171085	2323379
171086	2323381
171087	2323397
171088	2323403
171089	2323411
171090	2323421
171091	2323423
171092	2323427
171093	2323439
171094	2323457
171095	2323459
171096	2323463
171097	2323549
171098	2323561
171099	2323571
171100	2323583
171101	2323609
171102	2323613
171103	2323631
171104	2323669
171105	2323691
171106	2323693
171107	2323697
171108	2323703
171109	2323721
171110	2323733
171111	2323777
171112	2323787
171113	2323793
171114	2323801
171115	2323813
171116	2323817
171117	2323819
171118	2323823
171119	2323831
171120	2323837
171121	2323847
171122	2323873
171123	2323877
171124	2323889
171125	2323907
171126	2323939
171127	2323949
171128	2323969
171129	2323987
171130	2323999
171131	2324017
171132	2324033
171133	2324093
171134	2324117
171135	2324123
171136	2324129
171137	2324143
171138	2324149
171139	2324159
171140	2324171
171141	2324177
171142	2324183
171143	2324191
171144	2324233
171145	2324237
171146	2324261
171147	2324269
171148	2324281
171149	2324317
171150	2324351
171151	2324353
171152	2324381
171153	2324419
171154	2324447
171155	2324453
171156	2324459
171157	2324467
171158	2324471
171159	2324501
171160	2324503
171161	2324507
171162	2324513
171163	2324521
171164	2324533
171165	2324551
171166	2324557
171167	2324617
171168	2324629
171169	2324639
171170	2324653
171171	2324681
171172	2324683
171173	2324701
171174	2324711
171175	2324731
171176	2324743
171177	2324779
171178	2324809
171179	2324851
171180	2324867
171181	2324873
171182	2324879
171183	2324899
171184	2324929
171185	2324941
171186	2324953
171187	2324957
171188	2324981
171189	2324999
171190	2325007
171191	2325023
171192	2325061
171193	2325067
171194	2325077
171195	2325083
171196	2325097
171197	2325143
171198	2325149
171199	2325173
171200	2325181
171201	2325199
171202	2325203
171203	2325227
171204	2325241
171205	2325251
171206	2325263
171207	2325289
171208	2325299
171209	2325317
171210	2325319
171211	2325343
171212	2325361
171213	2325377
171214	2325437
171215	2325439
171216	2325469
171217	2325493
171218	2325509
171219	2325511
171220	2325517
171221	2325529
171222	2325559
171223	2325563
171224	2325571
171225	2325613
171226	2325623
171227	2325629
171228	2325647
171229	2325671
171230	2325677
171231	2325689
171232	2325703
171233	2325749
171234	2325761
171235	2325767
171236	2325773
171237	2325779
171238	2325793
171239	2325797
171240	2325803
171241	2325811
171242	2325823
171243	2325833
171244	2325871
171245	2325881
171246	2325901
171247	2325907
171248	2325919
171249	2325943
171250	2326007
171251	2326019
171252	2326021
171253	2326033
171254	2326057
171255	2326063
171256	2326067
171257	2326081
171258	2326087
171259	2326091
171260	2326097
171261	2326099
171262	2326109
171263	2326133
171264	2326141
171265	2326183
171266	2326199
171267	2326211
171268	2326213
171269	2326249
171270	2326267
171271	2326277
171272	2326279
171273	2326283
171274	2326309
171275	2326319
171276	2326327
171277	2326349
171278	2326361
171279	2326367
171280	2326369
171281	2326403
171282	2326421
171283	2326439
171284	2326447
171285	2326451
171286	2326459
171287	2326469
171288	2326481
171289	2326483
171290	2326487
171291	2326507
171292	2326517
171293	2326553
171294	2326567
171295	2326579
171296	2326613
171297	2326633
171298	2326661
171299	2326663
171300	2326669
171301	2326673
171302	2326693
171303	2326717
171304	2326733
171305	2326747
171306	2326763
171307	2326769
171308	2326771
171309	2326781
171310	2326789
171311	2326799
171312	2326813
171313	2326847
171314	2326853
171315	2326871
171316	2326889
171317	2326903
171318	2326913
171319	2326921
171320	2326927
171321	2326937
171322	2326957
171323	2326963
171324	2326991
171325	2326993
171326	2327027
171327	2327029
171328	2327033
171329	2327051
171330	2327053
171331	2327057
171332	2327069
171333	2327081
171334	2327099
171335	2327107
171336	2327123
171337	2327131
171338	2327153
171339	2327173
171340	2327183
171341	2327191
171342	2327197
171343	2327207
171344	2327233
171345	2327239
171346	2327243
171347	2327251
171348	2327257
171349	2327293
171350	2327323
171351	2327341
171352	2327359
171353	2327371
171354	2327383
171355	2327399
171356	2327401
171357	2327407
171358	2327417
171359	2327441
171360	2327467
171361	2327473
171362	2327483
171363	2327497
171364	2327509
171365	2327527
171366	2327539
171367	2327551
171368	2327579
171369	2327597
171370	2327599
171371	2327603
171372	2327629
171373	2327639
171374	2327641
171375	2327651
171376	2327653
171377	2327681
171378	2327683
171379	2327701
171380	2327711
171381	2327713
171382	2327723
171383	2327729
171384	2327737
171385	2327749
171386	2327753
171387	2327771
171388	2327777
171389	2327789
171390	2327797
171391	2327849
171392	2327851
171393	2327867
171394	2327869
171395	2327879
171396	2327887
171397	2327909
171398	2327911
171399	2327921
171400	2327933
171401	2327951
171402	2327953
171403	2327959
171404	2327987
171405	2327989
171406	2327993
171407	2328047
171408	2328071
171409	2328107
171410	2328113
171411	2328119
171412	2328143
171413	2328169
171414	2328173
171415	2328181
171416	2328211
171417	2328217
171418	2328229
171419	2328251
171420	2328259
171421	2328281
171422	2328283
171423	2328289
171424	2328307
171425	2328311
171426	2328331
171427	2328341
171428	2328377
171429	2328397
171430	2328401
171431	2328409
171432	2328413
171433	2328421
171434	2328463
171435	2328479
171436	2328509
171437	2328517
171438	2328523
171439	2328533
171440	2328539
171441	2328559
171442	2328563
171443	2328569
171444	2328617
171445	2328619
171446	2328631
171447	2328637
171448	2328649
171449	2328653
171450	2328691
171451	2328707
171452	2328713
171453	2328761
171454	2328763
171455	2328769
171456	2328791
171457	2328827
171458	2328829
171459	2328839
171460	2328857
171461	2328869
171462	2328883
171463	2328889
171464	2328899
171465	2328913
171466	2328941
171467	2328947
171468	2328967
171469	2328971
171470	2328973
171471	2329027
171472	2329031
171473	2329037
171474	2329073
171475	2329081
171476	2329091
171477	2329097
171478	2329133
171479	2329147
171480	2329189
171481	2329207
171482	2329213
171483	2329231
171484	2329241
171485	2329259
171486	2329277
171487	2329291
171488	2329303
171489	2329319
171490	2329331
171491	2329337
171492	2329339
171493	2329387
171494	2329399
171495	2329469
171496	2329471
171497	2329487
171498	2329499
171499	2329507
171500	2329513
171501	2329517
171502	2329519
171503	2329549
171504	2329553
171505	2329559
171506	2329567
171507	2329577
171508	2329583
171509	2329597
171510	2329603
171511	2329637
171512	2329667
171513	2329669
171514	2329687
171515	2329699
171516	2329709
171517	2329729
171518	2329751
171519	2329763
171520	2329777
171521	2329801
171522	2329807
171523	2329813
171524	2329819
171525	2329849
171526	2329871
171527	2329879
171528	2329883
171529	2329891
171530	2329937
171531	2329949
171532	2329961
171533	2329967
171534	2329979
171535	2329997
171536	2330021
171537	2330047
171538	2330051
171539	2330099
171540	2330101
171541	2330117
171542	2330123
171543	2330143
171544	2330147
171545	2330161
171546	2330191
171547	2330197
171548	2330201
171549	2330203
171550	2330221
171551	2330227
171552	2330249
171553	2330281
171554	2330303
171555	2330387
171556	2330389
171557	2330413
171558	2330423
171559	2330431
171560	2330459
171561	2330473
171562	2330491
171563	2330501
171564	2330539
171565	2330543
171566	2330551
171567	2330561
171568	2330591
171569	2330617
171570	2330633
171571	2330641
171572	2330663
171573	2330681
171574	2330687
171575	2330689
171576	2330719
171577	2330753
171578	2330761
171579	2330771
171580	2330789
171581	2330827
171582	2330833
171583	2330837
171584	2330849
171585	2330869
171586	2330873
171587	2330879
171588	2330893
171589	2330899
171590	2330903
171591	2330927
171592	2330929
171593	2330941
171594	2330947
171595	2330953
171596	2330957
171597	2330959
171598	2331041
171599	2331047
171600	2331061
171601	2331089
171602	2331097
171603	2331103
171604	2331113
171605	2331127
171606	2331139
171607	2331151
171608	2331163
171609	2331187
171610	2331191
171611	2331253
171612	2331271
171613	2331283
171614	2331299
171615	2331323
171616	2331337
171617	2331353
171618	2331361
171619	2331367
171620	2331377
171621	2331379
171622	2331391
171623	2331409
171624	2331419
171625	2331421
171626	2331443
171627	2331451
171628	2331463
171629	2331557
171630	2331577
171631	2331583
171632	2331587
171633	2331599
171634	2331613
171635	2331647
171636	2331649
171637	2331653
171638	2331677
171639	2331689
171640	2331691
171641	2331697
171642	2331733
171643	2331743
171644	2331751
171645	2331767
171646	2331779
171647	2331781
171648	2331829
171649	2331859
171650	2331869
171651	2331871
171652	2331887
171653	2331899
171654	2331929
171655	2331937
171656	2331949
171657	2331997
171658	2332013
171659	2332027
171660	2332049
171661	2332061
171662	2332103
171663	2332123
171664	2332129
171665	2332139
171666	2332153
171667	2332181
171668	2332219
171669	2332237
171670	2332241
171671	2332249
171672	2332259
171673	2332289
171674	2332303
171675	2332313
171676	2332321
171677	2332327
171678	2332333
171679	2332339
171680	2332373
171681	2332381
171682	2332387
171683	2332391
171684	2332397
171685	2332399
171686	2332403
171687	2332427
171688	2332439
171689	2332483
171690	2332487
171691	2332501
171692	2332507
171693	2332511
171694	2332513
171695	2332523
171696	2332529
171697	2332537
171698	2332541
171699	2332567
171700	2332597
171701	2332607
171702	2332643
171703	2332651
171704	2332661
171705	2332663
171706	2332667
171707	2332679
171708	2332691
171709	2332697
171710	2332703
171711	2332711
171712	2332721
171713	2332783
171714	2332787
171715	2332817
171716	2332829
171717	2332831
171718	2332849
171719	2332871
171720	2332903
171721	2332931
171722	2332933
171723	2332937
171724	2332951
171725	2332969
171726	2332987
171727	2332997
171728	2333017
171729	2333041
171730	2333059
171731	2333069
171732	2333081
171733	2333083
171734	2333087
171735	2333099
171736	2333119
171737	2333129
171738	2333147
171739	2333161
171740	2333167
171741	2333173
171742	2333179
171743	2333197
171744	2333203
171745	2333207
171746	2333231
171747	2333237
171748	2333239
171749	2333293
171750	2333297
171751	2333321
171752	2333323
171753	2333329
171754	2333347
171755	2333377
171756	2333381
171757	2333389
171758	2333399
171759	2333407
171760	2333459
171761	2333467
171762	2333473
171763	2333477
171764	2333483
171765	2333497
171766	2333501
171767	2333531
171768	2333533
171769	2333549
171770	2333579
171771	2333593
171772	2333609
171773	2333621
171774	2333647
171775	2333651
171776	2333657
171777	2333663
171778	2333689
171779	2333693
171780	2333707
171781	2333719
171782	2333731
171783	2333759
171784	2333767
171785	2333783
171786	2333791
171787	2333797
171788	2333801
171789	2333809
171790	2333813
171791	2333819
171792	2333839
171793	2333857
171794	2333867
171795	2333869
171796	2333873
171797	2333887
171798	2333893
171799	2333909
171800	2333927
171801	2333939
171802	2333951
171803	2333953
171804	2333957
171805	2333993
171806	2333999
171807	2334001
171808	2334019
171809	2334023
171810	2334037
171811	2334047
171812	2334061
171813	2334077
171814	2334091
171815	2334097
171816	2334107
171817	2334127
171818	2334139
171819	2334179
171820	2334187
171821	2334223
171822	2334229
171823	2334251
171824	2334257
171825	2334259
171826	2334263
171827	2334281
171828	2334301
171829	2334307
171830	2334317
171831	2334329
171832	2334337
171833	2334361
171834	2334373
171835	2334377
171836	2334391
171837	2334401
171838	2334403
171839	2334407
171840	2334421
171841	2334439
171842	2334463
171843	2334503
171844	2334509
171845	2334539
171846	2334547
171847	2334557
171848	2334583
171849	2334623
171850	2334643
171851	2334679
171852	2334691
171853	2334743
171854	2334751
171855	2334767
171856	2334769
171857	2334779
171858	2334781
171859	2334793
171860	2334803
171861	2334823
171862	2334841
171863	2334863
171864	2334881
171865	2334901
171866	2334911
171867	2334923
171868	2334947
171869	2334949
171870	2334953
171871	2334961
171872	2334989
171873	2335009
171874	2335037
171875	2335057
171876	2335063
171877	2335079
171878	2335097
171879	2335111
171880	2335117
171881	2335133
171882	2335139
171883	2335147
171884	2335153
171885	2335183
171886	2335187
171887	2335211
171888	2335217
171889	2335219
171890	2335231
171891	2335241
171892	2335243
171893	2335247
171894	2335253
171895	2335297
171896	2335303
171897	2335321
171898	2335363
171899	2335367
171900	2335369
171901	2335381
171902	2335393
171903	2335427
171904	2335433
171905	2335441
171906	2335481
171907	2335519
171908	2335523
171909	2335547
171910	2335549
171911	2335561
171912	2335577
171913	2335591
171914	2335601
171915	2335607
171916	2335637
171917	2335639
171918	2335649
171919	2335661
171920	2335667
171921	2335679
171922	2335691
171923	2335693
171924	2335709
171925	2335721
171926	2335733
171927	2335769
171928	2335789
171929	2335807
171930	2335813
171931	2335843
171932	2335849
171933	2335871
171934	2335877
171935	2335891
171936	2335909
171937	2335913
171938	2335933
171939	2335967
171940	2335969
171941	2335997
171942	2336011
171943	2336017
171944	2336023
171945	2336027
171946	2336039
171947	2336053
171948	2336063
171949	2336093
171950	2336101
171951	2336111
171952	2336119
171953	2336137
171954	2336149
171955	2336177
171956	2336189
171957	2336207
171958	2336209
171959	2336227
171960	2336251
171961	2336263
171962	2336281
171963	2336287
171964	2336309
171965	2336311
171966	2336333
171967	2336353
171968	2336359
171969	2336381
171970	2336393
171971	2336407
171972	2336413
171973	2336431
171974	2336437
171975	2336441
171976	2336447
171977	2336461
171978	2336471
171979	2336473
171980	2336479
171981	2336489
171982	2336519
171983	2336527
171984	2336557
171985	2336561
171986	2336569
171987	2336573
171988	2336597
171989	2336623
171990	2336629
171991	2336671
171992	2336707
171993	2336743
171994	2336771
171995	2336783
171996	2336801
171997	2336821
171998	2336839
171999	2336843
172000	2336861
