121001	1598021
121002	1598039
121003	1598053
121004	1598089
121005	1598099
121006	1598111
121007	1598131
121008	1598137
121009	1598167
121010	1598171
121011	1598183
121012	1598197
121013	1598209
121014	1598213
121015	1598227
121016	1598237
121017	1598239
121018	1598257
121019	1598263
121020	1598273
121021	1598279
121022	1598309
121023	1598327
121024	1598341
121025	1598371
121026	1598381
121027	1598447
121028	1598449
121029	1598501
121030	1598503
121031	1598507
121032	1598521
121033	1598539
121034	1598543
121035	1598551
121036	1598557
121037	1598563
121038	1598573
121039	1598581
121040	1598587
121041	1598617
121042	1598633
121043	1598651
121044	1598669
121045	1598677
121046	1598689
121047	1598699
121048	1598711
121049	1598743
121050	1598767
121051	1598789
121052	1598791
121053	1598801
121054	1598813
121055	1598819
121056	1598827
121057	1598843
121058	1598873
121059	1598897
121060	1598899
121061	1598911
121062	1598923
121063	1598941
121064	1598951
121065	1598953
121066	1598963
121067	1598999
121068	1599023
121069	1599047
121070	1599053
121071	1599067
121072	1599083
121073	1599109
121074	1599119
121075	1599131
121076	1599137
121077	1599151
121078	1599181
121079	1599203
121080	1599229
121081	1599253
121082	1599271
121083	1599293
121084	1599307
121085	1599319
121086	1599331
121087	1599347
121088	1599361
121089	1599373
121090	1599407
121091	1599413
121092	1599421
121093	1599427
121094	1599449
121095	1599461
121096	1599463
121097	1599469
121098	1599509
121099	1599511
121100	1599523
121101	1599529
121102	1599539
121103	1599571
121104	1599583
121105	1599601
121106	1599607
121107	1599613
121108	1599617
121109	1599677
121110	1599691
121111	1599707
121112	1599709
121113	1599803
121114	1599809
121115	1599823
121116	1599827
121117	1599839
121118	1599841
121119	1599863
121120	1599869
121121	1599877
121122	1599883
121123	1599889
121124	1599919
121125	1599931
121126	1599937
121127	1599977
121128	1600033
121129	1600037
121130	1600051
121131	1600061
121132	1600069
121133	1600097
121134	1600099
121135	1600121
121136	1600141
121137	1600153
121138	1600177
121139	1600187
121140	1600201
121141	1600211
121142	1600217
121143	1600219
121144	1600223
121145	1600241
121146	1600243
121147	1600253
121148	1600259
121149	1600267
121150	1600273
121151	1600279
121152	1600283
121153	1600321
121154	1600337
121155	1600343
121156	1600349
121157	1600367
121158	1600373
121159	1600387
121160	1600393
121161	1600421
121162	1600433
121163	1600451
121164	1600483
121165	1600519
121166	1600531
121167	1600537
121168	1600603
121169	1600607
121170	1600631
121171	1600633
121172	1600637
121173	1600649
121174	1600663
121175	1600691
121176	1600699
121177	1600721
121178	1600727
121179	1600733
121180	1600741
121181	1600787
121182	1600789
121183	1600793
121184	1600811
121185	1600813
121186	1600861
121187	1600877
121188	1600889
121189	1600891
121190	1600897
121191	1600901
121192	1600909
121193	1600913
121194	1600919
121195	1600957
121196	1600967
121197	1600969
121198	1600981
121199	1600993
121200	1601023
121201	1601051
121202	1601059
121203	1601071
121204	1601107
121205	1601113
121206	1601123
121207	1601137
121208	1601147
121209	1601161
121210	1601203
121211	1601207
121212	1601209
121213	1601219
121214	1601227
121215	1601231
121216	1601239
121217	1601261
121218	1601267
121219	1601269
121220	1601273
121221	1601287
121222	1601309
121223	1601317
121224	1601359
121225	1601371
121226	1601381
121227	1601389
121228	1601399
121229	1601423
121230	1601441
121231	1601443
121232	1601447
121233	1601459
121234	1601473
121235	1601477
121236	1601489
121237	1601503
121238	1601507
121239	1601521
121240	1601527
121241	1601533
121242	1601543
121243	1601563
121244	1601569
121245	1601573
121246	1601591
121247	1601599
121248	1601609
121249	1601617
121250	1601623
121251	1601627
121252	1601629
121253	1601647
121254	1601653
121255	1601659
121256	1601671
121257	1601687
121258	1601711
121259	1601729
121260	1601731
121261	1601741
121262	1601749
121263	1601773
121264	1601777
121265	1601779
121266	1601783
121267	1601797
121268	1601813
121269	1601843
121270	1601849
121271	1601857
121272	1601861
121273	1601867
121274	1601869
121275	1601953
121276	1601969
121277	1602011
121278	1602059
121279	1602067
121280	1602071
121281	1602077
121282	1602079
121283	1602091
121284	1602101
121285	1602103
121286	1602113
121287	1602119
121288	1602121
121289	1602143
121290	1602151
121291	1602169
121292	1602187
121293	1602193
121294	1602241
121295	1602269
121296	1602281
121297	1602283
121298	1602311
121299	1602317
121300	1602323
121301	1602347
121302	1602353
121303	1602361
121304	1602379
121305	1602383
121306	1602389
121307	1602397
121308	1602401
121309	1602407
121310	1602427
121311	1602451
121312	1602463
121313	1602473
121314	1602487
121315	1602493
121316	1602509
121317	1602527
121318	1602529
121319	1602551
121320	1602553
121321	1602589
121322	1602599
121323	1602611
121324	1602637
121325	1602661
121326	1602677
121327	1602691
121328	1602697
121329	1602703
121330	1602719
121331	1602721
121332	1602737
121333	1602749
121334	1602751
121335	1602761
121336	1602817
121337	1602823
121338	1602827
121339	1602829
121340	1602833
121341	1602851
121342	1602857
121343	1602863
121344	1602869
121345	1602883
121346	1602899
121347	1602901
121348	1602907
121349	1602919
121350	1602929
121351	1602941
121352	1602943
121353	1602949
121354	1602959
121355	1602961
121356	1603009
121357	1603013
121358	1603027
121359	1603039
121360	1603051
121361	1603057
121362	1603067
121363	1603073
121364	1603079
121365	1603081
121366	1603093
121367	1603111
121368	1603139
121369	1603159
121370	1603183
121371	1603193
121372	1603237
121373	1603241
121374	1603249
121375	1603267
121376	1603279
121377	1603291
121378	1603297
121379	1603319
121380	1603331
121381	1603333
121382	1603337
121383	1603339
121384	1603361
121385	1603363
121386	1603397
121387	1603403
121388	1603411
121389	1603417
121390	1603421
121391	1603453
121392	1603471
121393	1603489
121394	1603493
121395	1603501
121396	1603517
121397	1603519
121398	1603529
121399	1603531
121400	1603541
121401	1603573
121402	1603597
121403	1603601
121404	1603631
121405	1603649
121406	1603663
121407	1603669
121408	1603673
121409	1603681
121410	1603697
121411	1603699
121412	1603709
121413	1603711
121414	1603747
121415	1603769
121416	1603793
121417	1603799
121418	1603801
121419	1603807
121420	1603817
121421	1603837
121422	1603843
121423	1603853
121424	1603867
121425	1603871
121426	1603891
121427	1603897
121428	1603907
121429	1603919
121430	1603949
121431	1603957
121432	1603963
121433	1604003
121434	1604017
121435	1604021
121436	1604051
121437	1604059
121438	1604081
121439	1604087
121440	1604093
121441	1604101
121442	1604111
121443	1604123
121444	1604129
121445	1604131
121446	1604143
121447	1604147
121448	1604149
121449	1604167
121450	1604177
121451	1604179
121452	1604191
121453	1604231
121454	1604237
121455	1604243
121456	1604263
121457	1604279
121458	1604293
121459	1604297
121460	1604299
121461	1604311
121462	1604329
121463	1604333
121464	1604347
121465	1604359
121466	1604381
121467	1604399
121468	1604413
121469	1604419
121470	1604437
121471	1604441
121472	1604461
121473	1604479
121474	1604497
121475	1604501
121476	1604509
121477	1604513
121478	1604521
121479	1604539
121480	1604543
121481	1604557
121482	1604567
121483	1604573
121484	1604593
121485	1604597
121486	1604609
121487	1604611
121488	1604621
121489	1604651
121490	1604711
121491	1604719
121492	1604731
121493	1604737
121494	1604747
121495	1604753
121496	1604809
121497	1604821
121498	1604833
121499	1604857
121500	1604923
121501	1604929
121502	1604951
121503	1604957
121504	1604983
121505	1605001
121506	1605013
121507	1605017
121508	1605029
121509	1605031
121510	1605041
121511	1605047
121512	1605053
121513	1605083
121514	1605103
121515	1605127
121516	1605151
121517	1605169
121518	1605173
121519	1605187
121520	1605199
121521	1605209
121522	1605217
121523	1605257
121524	1605269
121525	1605277
121526	1605287
121527	1605299
121528	1605313
121529	1605323
121530	1605341
121531	1605349
121532	1605389
121533	1605413
121534	1605419
121535	1605421
121536	1605427
121537	1605431
121538	1605433
121539	1605509
121540	1605511
121541	1605533
121542	1605547
121543	1605551
121544	1605553
121545	1605559
121546	1605563
121547	1605587
121548	1605619
121549	1605629
121550	1605631
121551	1605677
121552	1605691
121553	1605697
121554	1605719
121555	1605739
121556	1605743
121557	1605757
121558	1605761
121559	1605767
121560	1605811
121561	1605829
121562	1605839
121563	1605853
121564	1605859
121565	1605869
121566	1605881
121567	1605887
121568	1605889
121569	1605907
121570	1605913
121571	1605931
121572	1605941
121573	1605971
121574	1605979
121575	1606009
121576	1606081
121577	1606097
121578	1606117
121579	1606123
121580	1606139
121581	1606151
121582	1606153
121583	1606201
121584	1606237
121585	1606247
121586	1606249
121587	1606259
121588	1606261
121589	1606273
121590	1606277
121591	1606289
121592	1606291
121593	1606309
121594	1606321
121595	1606331
121596	1606349
121597	1606379
121598	1606387
121599	1606399
121600	1606403
121601	1606427
121602	1606433
121603	1606439
121604	1606457
121605	1606463
121606	1606487
121607	1606499
121608	1606529
121609	1606537
121610	1606541
121611	1606543
121612	1606547
121613	1606559
121614	1606597
121615	1606603
121616	1606639
121617	1606643
121618	1606663
121619	1606669
121620	1606681
121621	1606723
121622	1606733
121623	1606739
121624	1606741
121625	1606751
121626	1606753
121627	1606763
121628	1606771
121629	1606777
121630	1606783
121631	1606793
121632	1606817
121633	1606837
121634	1606841
121635	1606853
121636	1606859
121637	1606879
121638	1606889
121639	1606897
121640	1606901
121641	1606909
121642	1606921
121643	1606951
121644	1606967
121645	1606981
121646	1606991
121647	1607003
121648	1607029
121649	1607051
121650	1607057
121651	1607063
121652	1607069
121653	1607083
121654	1607087
121655	1607107
121656	1607113
121657	1607131
121658	1607141
121659	1607143
121660	1607149
121661	1607173
121662	1607183
121663	1607201
121664	1607233
121665	1607237
121666	1607261
121667	1607273
121668	1607293
121669	1607321
121670	1607327
121671	1607357
121672	1607371
121673	1607377
121674	1607399
121675	1607407
121676	1607449
121677	1607471
121678	1607477
121679	1607479
121680	1607491
121681	1607509
121682	1607513
121683	1607519
121684	1607527
121685	1607563
121686	1607579
121687	1607591
121688	1607597
121689	1607603
121690	1607611
121691	1607621
121692	1607659
121693	1607663
121694	1607681
121695	1607699
121696	1607701
121697	1607713
121698	1607747
121699	1607773
121700	1607791
121701	1607807
121702	1607821
121703	1607831
121704	1607833
121705	1607839
121706	1607849
121707	1607857
121708	1607863
121709	1607867
121710	1607873
121711	1607923
121712	1607929
121713	1607941
121714	1607981
121715	1607987
121716	1608007
121717	1608017
121718	1608023
121719	1608037
121720	1608041
121721	1608083
121722	1608107
121723	1608109
121724	1608127
121725	1608133
121726	1608197
121727	1608209
121728	1608227
121729	1608239
121730	1608241
121731	1608259
121732	1608283
121733	1608323
121734	1608337
121735	1608349
121736	1608359
121737	1608371
121738	1608379
121739	1608401
121740	1608433
121741	1608437
121742	1608443
121743	1608449
121744	1608461
121745	1608463
121746	1608473
121747	1608479
121748	1608487
121749	1608493
121750	1608511
121751	1608527
121752	1608569
121753	1608571
121754	1608577
121755	1608583
121756	1608599
121757	1608611
121758	1608617
121759	1608637
121760	1608653
121761	1608661
121762	1608667
121763	1608671
121764	1608697
121765	1608703
121766	1608707
121767	1608713
121768	1608743
121769	1608751
121770	1608769
121771	1608773
121772	1608821
121773	1608823
121774	1608839
121775	1608883
121776	1608911
121777	1608913
121778	1608941
121779	1608979
121780	1609009
121781	1609021
121782	1609037
121783	1609043
121784	1609061
121785	1609063
121786	1609079
121787	1609087
121788	1609099
121789	1609109
121790	1609141
121791	1609147
121792	1609163
121793	1609177
121794	1609193
121795	1609199
121796	1609211
121797	1609219
121798	1609247
121799	1609249
121800	1609261
121801	1609301
121802	1609367
121803	1609381
121804	1609403
121805	1609417
121806	1609423
121807	1609457
121808	1609477
121809	1609493
121810	1609501
121811	1609507
121812	1609511
121813	1609519
121814	1609523
121815	1609549
121816	1609561
121817	1609567
121818	1609571
121819	1609583
121820	1609589
121821	1609627
121822	1609631
121823	1609667
121824	1609669
121825	1609691
121826	1609693
121827	1609717
121828	1609739
121829	1609757
121830	1609763
121831	1609771
121832	1609789
121833	1609801
121834	1609807
121835	1609843
121836	1609871
121837	1609873
121838	1609879
121839	1609897
121840	1609901
121841	1609903
121842	1609913
121843	1609969
121844	1609991
121845	1609997
121846	1609999
121847	1610009
121848	1610017
121849	1610027
121850	1610057
121851	1610083
121852	1610093
121853	1610101
121854	1610107
121855	1610123
121856	1610131
121857	1610149
121858	1610153
121859	1610177
121860	1610179
121861	1610183
121862	1610227
121863	1610237
121864	1610239
121865	1610251
121866	1610293
121867	1610309
121868	1610311
121869	1610333
121870	1610347
121871	1610353
121872	1610369
121873	1610377
121874	1610387
121875	1610417
121876	1610423
121877	1610429
121878	1610431
121879	1610443
121880	1610467
121881	1610471
121882	1610473
121883	1610501
121884	1610513
121885	1610519
121886	1610527
121887	1610533
121888	1610537
121889	1610551
121890	1610561
121891	1610569
121892	1610579
121893	1610591
121894	1610627
121895	1610639
121896	1610657
121897	1610659
121898	1610681
121899	1610701
121900	1610753
121901	1610761
121902	1610771
121903	1610773
121904	1610779
121905	1610783
121906	1610789
121907	1610797
121908	1610809
121909	1610813
121910	1610837
121911	1610867
121912	1610887
121913	1610893
121914	1610899
121915	1610923
121916	1610927
121917	1610933
121918	1610941
121919	1610957
121920	1610963
121921	1610969
121922	1610981
121923	1610993
121924	1611031
121925	1611053
121926	1611059
121927	1611079
121928	1611089
121929	1611097
121930	1611131
121931	1611139
121932	1611151
121933	1611157
121934	1611161
121935	1611187
121936	1611199
121937	1611217
121938	1611223
121939	1611227
121940	1611241
121941	1611251
121942	1611289
121943	1611293
121944	1611299
121945	1611307
121946	1611319
121947	1611331
121948	1611343
121949	1611353
121950	1611361
121951	1611367
121952	1611391
121953	1611397
121954	1611419
121955	1611433
121956	1611439
121957	1611451
121958	1611469
121959	1611479
121960	1611499
121961	1611517
121962	1611529
121963	1611539
121964	1611553
121965	1611563
121966	1611593
121967	1611601
121968	1611607
121969	1611613
121970	1611667
121971	1611689
121972	1611691
121973	1611697
121974	1611707
121975	1611737
121976	1611749
121977	1611761
121978	1611763
121979	1611773
121980	1611781
121981	1611809
121982	1611851
121983	1611853
121984	1611877
121985	1611881
121986	1611899
121987	1611901
121988	1611917
121989	1611947
121990	1611949
121991	1611971
121992	1612007
121993	1612019
121994	1612033
121995	1612063
121996	1612069
121997	1612073
121998	1612111
121999	1612123
122000	1612133
