100001	1299721
100002	1299743
100003	1299763
100004	1299791
100005	1299811
100006	1299817
100007	1299821
100008	1299827
100009	1299833
100010	1299841
100011	1299853
100012	1299869
100013	1299877
100014	1299887
100015	1299899
100016	1299917
100017	1299919
100018	1299941
100019	1299953
100020	1299979
100021	1299989
100022	1300021
100023	1300027
100024	1300031
100025	1300051
100026	1300073
100027	1300097
100028	1300111
100029	1300127
100030	1300129
100031	1300133
100032	1300139
100033	1300141
100034	1300147
100035	1300153
100036	1300181
100037	1300193
100038	1300199
100039	1300237
100040	1300253
100041	1300283
100042	1300289
100043	1300297
100044	1300307
100045	1300309
100046	1300319
100047	1300333
100048	1300339
100049	1300367
100050	1300391
100051	1300421
100052	1300423
100053	1300433
100054	1300451
100055	1300457
100056	1300463
100057	1300471
100058	1300477
100059	1300487
100060	1300501
100061	1300511
100062	1300553
100063	1300571
100064	1300573
100065	1300583
100066	1300597
100067	1300609
100068	1300613
100069	1300633
100070	1300639
100071	1300669
100072	1300681
100073	1300709
100074	1300711
100075	1300727
100076	1300751
100077	1300769
100078	1300771
100079	1300781
100080	1300813
100081	1300829
100082	1300837
100083	1300841
100084	1300843
100085	1300907
100086	1300921
100087	1300927
100088	1300931
100089	1300963
100090	1300967
100091	1300979
100092	1300997
100093	1301011
100094	1301017
100095	1301021
100096	1301023
100097	1301033
100098	1301057
100099	1301077
100100	1301081
100101	1301099
100102	1301119
100103	1301123
100104	1301147
100105	1301149
100106	1301171
100107	1301173
100108	1301219
100109	1301221
100110	1301233
100111	1301239
100112	1301243
100113	1301249
100114	1301257
100115	1301273
100116	1301281
100117	1301297
100118	1301323
100119	1301347
100120	1301353
100121	1301387
100122	1301389
100123	1301393
100124	1301413
100125	1301423
100126	1301437
100127	1301453
100128	1301459
100129	1301467
100130	1301471
100131	1301497
100132	1301507
100133	1301527
100134	1301533
100135	1301539
100136	1301543
100137	1301551
100138	1301561
100139	1301581
100140	1301591
100141	1301603
100142	1301617
100143	1301621
100144	1301669
100145	1301693
100146	1301701
100147	1301711
100148	1301719
100149	1301761
100150	1301779
100151	1301821
100152	1301827
100153	1301849
100154	1301851
100155	1301857
100156	1301863
100157	1301879
100158	1301887
100159	1301893
100160	1301903
100161	1301921
100162	1301929
100163	1301939
100164	1301941
100165	1301957
100166	1301959
100167	1302017
100168	1302019
100169	1302029
100170	1302043
100171	1302061
100172	1302079
100173	1302107
100174	1302121
100175	1302137
100176	1302151
100177	1302163
100178	1302173
100179	1302179
100180	1302181
100181	1302199
100182	1302209
100183	1302221
100184	1302227
100185	1302233
100186	1302239
100187	1302253
100188	1302269
100189	1302277
100190	1302281
100191	1302293
100192	1302313
100193	1302331
100194	1302347
100195	1302349
100196	1302373
100197	1302377
100198	1302383
100199	1302391
100200	1302397
100201	1302443
100202	1302449
100203	1302461
100204	1302491
100205	1302493
100206	1302563
100207	1302571
100208	1302577
100209	1302607
100210	1302617
100211	1302647
100212	1302667
100213	1302673
100214	1302683
100215	1302689
100216	1302701
100217	1302737
100218	1302739
100219	1302757
100220	1302787
100221	1302803
100222	1302827
100223	1302839
100224	1302841
100225	1302869
100226	1302901
100227	1302911
100228	1302919
100229	1302929
100230	1302937
100231	1302953
100232	1302991
100233	1303009
100234	1303013
100235	1303031
100236	1303037
100237	1303051
100238	1303061
100239	1303069
100240	1303073
100241	1303091
100242	1303097
100243	1303109
100244	1303117
100245	1303121
100246	1303129
100247	1303139
100248	1303151
100249	1303163
100250	1303171
100251	1303189
100252	1303199
100253	1303213
100254	1303219
100255	1303223
100256	1303241
100257	1303243
100258	1303261
100259	1303279
100260	1303283
100261	1303297
100262	1303307
100263	1303321
100264	1303327
100265	1303331
100266	1303363
100267	1303409
100268	1303411
100269	1303417
100270	1303427
100271	1303439
100272	1303453
100273	1303469
100274	1303481
100275	1303493
100276	1303499
100277	1303507
100278	1303517
100279	1303537
100280	1303541
100281	1303553
100282	1303567
100283	1303573
100284	1303591
100285	1303597
100286	1303613
100287	1303633
100288	1303667
100289	1303669
100290	1303693
100291	1303703
100292	1303711
100293	1303739
100294	1303741
100295	1303751
100296	1303787
100297	1303789
100298	1303793
100299	1303807
100300	1303823
100301	1303831
100302	1303859
100303	1303867
100304	1303871
100305	1303873
100306	1303879
100307	1303903
100308	1303919
100309	1303931
100310	1303933
100311	1303961
100312	1303963
100313	1303979
100314	1303987
100315	1304003
100316	1304029
100317	1304033
100318	1304071
100319	1304081
100320	1304089
100321	1304111
100322	1304113
100323	1304129
100324	1304131
100325	1304137
100326	1304167
100327	1304183
100328	1304207
100329	1304209
100330	1304221
100331	1304227
100332	1304231
100333	1304239
100334	1304243
100335	1304249
100336	1304267
100337	1304273
100338	1304299
100339	1304309
100340	1304321
100341	1304357
100342	1304371
100343	1304389
100344	1304411
100345	1304419
100346	1304477
100347	1304503
100348	1304519
100349	1304531
100350	1304539
100351	1304543
100352	1304551
100353	1304581
100354	1304591
100355	1304599
100356	1304603
100357	1304609
100358	1304627
100359	1304659
100360	1304669
100361	1304687
100362	1304707
100363	1304713
100364	1304741
100365	1304753
100366	1304783
100367	1304803
100368	1304833
100369	1304837
100370	1304857
100371	1304867
100372	1304887
100373	1304893
100374	1304923
100375	1304929
100376	1304957
100377	1304969
100378	1304981
100379	1304983
100380	1304987
100381	1305011
100382	1305013
100383	1305047
100384	1305061
100385	1305097
100386	1305121
100387	1305137
100388	1305149
100389	1305151
100390	1305163
100391	1305169
100392	1305229
100393	1305233
100394	1305247
100395	1305251
100396	1305253
100397	1305287
100398	1305289
100399	1305301
100400	1305307
100401	1305371
100402	1305373
100403	1305383
100404	1305391
100405	1305401
100406	1305427
100407	1305431
100408	1305449
100409	1305511
100410	1305517
100411	1305527
100412	1305533
100413	1305559
100414	1305571
100415	1305581
100416	1305587
100417	1305589
100418	1305593
100419	1305599
100420	1305607
100421	1305637
100422	1305643
100423	1305653
100424	1305659
100425	1305679
100426	1305691
100427	1305701
100428	1305709
100429	1305713
100430	1305739
100431	1305743
100432	1305749
100433	1305797
100434	1305803
100435	1305823
100436	1305869
100437	1305881
100438	1305893
100439	1305907
100440	1305919
100441	1305947
100442	1305959
100443	1305961
100444	1305971
100445	1306001
100446	1306007
100447	1306027
100448	1306033
100449	1306051
100450	1306069
100451	1306087
100452	1306099
100453	1306103
100454	1306121
100455	1306133
100456	1306139
100457	1306157
100458	1306159
100459	1306169
100460	1306181
100461	1306213
100462	1306223
100463	1306237
100464	1306241
100465	1306243
100466	1306259
100467	1306267
100468	1306273
100469	1306289
100470	1306313
100471	1306339
100472	1306343
100473	1306351
100474	1306367
100475	1306373
100476	1306381
100477	1306387
100478	1306391
100479	1306411
100480	1306429
100481	1306439
100482	1306447
100483	1306451
100484	1306477
100485	1306483
100486	1306489
100487	1306499
100488	1306517
100489	1306519
100490	1306541
100491	1306589
100492	1306597
100493	1306601
100494	1306633
100495	1306661
100496	1306663
100497	1306667
100498	1306691
100499	1306693
100500	1306717
100501	1306733
100502	1306751
100503	1306757
100504	1306759
100505	1306777
100506	1306817
100507	1306819
100508	1306829
100509	1306831
100510	1306849
100511	1306853
100512	1306873
100513	1306889
100514	1306891
100515	1306901
100516	1306913
100517	1306933
100518	1306961
100519	1306973
100520	1306979
100521	1306997
100522	1307051
100523	1307057
100524	1307063
100525	1307069
100526	1307077
100527	1307081
100528	1307083
100529	1307087
100530	1307093
100531	1307101
100532	1307107
100533	1307123
100534	1307153
100535	1307161
100536	1307183
100537	1307197
100538	1307209
100539	1307221
100540	1307261
100541	1307281
100542	1307303
100543	1307309
100544	1307311
100545	1307347
100546	1307353
100547	1307393
100548	1307417
100549	1307431
100550	1307437
100551	1307441
100552	1307461
100553	1307473
100554	1307479
100555	1307483
100556	1307497
100557	1307507
100558	1307519
100559	1307539
100560	1307557
100561	1307591
100562	1307627
100563	1307633
100564	1307641
100565	1307651
100566	1307671
100567	1307689
100568	1307693
100569	1307701
100570	1307729
100571	1307731
100572	1307741
100573	1307753
100574	1307767
100575	1307771
100576	1307809
100577	1307821
100578	1307833
100579	1307863
100580	1307893
100581	1307909
100582	1307923
100583	1307927
100584	1307951
100585	1307981
100586	1307993
100587	1308011
100588	1308019
100589	1308029
100590	1308037
100591	1308049
100592	1308077
100593	1308091
100594	1308121
100595	1308137
100596	1308157
100597	1308173
100598	1308191
100599	1308193
100600	1308221
100601	1308247
100602	1308287
100603	1308299
100604	1308301
100605	1308313
100606	1308323
100607	1308331
100608	1308343
100609	1308353
100610	1308367
100611	1308383
100612	1308403
100613	1308413
100614	1308421
100615	1308457
100616	1308467
100617	1308491
100618	1308497
100619	1308499
100620	1308521
100621	1308523
100622	1308529
100623	1308547
100624	1308551
100625	1308557
100626	1308563
100627	1308581
100628	1308583
100629	1308589
100630	1308599
100631	1308607
100632	1308611
100633	1308613
100634	1308647
100635	1308649
100636	1308691
100637	1308707
100638	1308709
100639	1308719
100640	1308731
100641	1308737
100642	1308757
100643	1308773
100644	1308803
100645	1308829
100646	1308841
100647	1308863
100648	1308869
100649	1308883
100650	1308887
100651	1308899
100652	1308911
100653	1308917
100654	1308919
100655	1308943
100656	1308977
100657	1309013
100658	1309039
100659	1309057
100660	1309067
100661	1309073
100662	1309079
100663	1309093
100664	1309103
100665	1309117
100666	1309123
100667	1309127
100668	1309129
100669	1309163
100670	1309177
100671	1309181
100672	1309207
100673	1309211
100674	1309219
100675	1309237
100676	1309249
100677	1309283
100678	1309291
100679	1309313
100680	1309333
100681	1309337
100682	1309339
100683	1309349
100684	1309351
100685	1309369
100686	1309397
100687	1309411
100688	1309421
100689	1309463
100690	1309501
100691	1309513
100692	1309531
100693	1309549
100694	1309559
100695	1309571
100696	1309589
100697	1309591
100698	1309601
100699	1309631
100700	1309639
100701	1309661
100702	1309673
100703	1309691
100704	1309699
100705	1309709
100706	1309717
100707	1309723
100708	1309739
100709	1309747
100710	1309753
100711	1309757
100712	1309769
100713	1309793
100714	1309801
100715	1309807
100716	1309811
100717	1309817
100718	1309829
100719	1309831
100720	1309849
100721	1309877
100722	1309883
100723	1309907
100724	1309921
100725	1309927
100726	1309939
100727	1309949
100728	1309961
100729	1309963
100730	1309999
100731	1310033
100732	1310039
100733	1310041
100734	1310053
100735	1310063
100736	1310077
100737	1310083
100738	1310087
100739	1310093
100740	1310117
100741	1310119
100742	1310123
100743	1310137
100744	1310143
100745	1310147
100746	1310171
100747	1310189
100748	1310209
100749	1310233
100750	1310251
100751	1310261
100752	1310269
100753	1310279
100754	1310293
100755	1310311
100756	1310327
100757	1310329
100758	1310359
100759	1310363
100760	1310369
100761	1310371
100762	1310381
100763	1310383
100764	1310389
100765	1310399
100766	1310417
100767	1310431
100768	1310467
100769	1310473
100770	1310489
100771	1310509
100772	1310527
100773	1310537
100774	1310549
100775	1310579
100776	1310591
100777	1310599
100778	1310611
100779	1310627
100780	1310629
100781	1310633
100782	1310657
100783	1310669
100784	1310681
100785	1310693
100786	1310719
100787	1310723
100788	1310741
100789	1310759
100790	1310779
100791	1310789
100792	1310797
100793	1310801
100794	1310807
100795	1310809
100796	1310851
100797	1310891
100798	1310899
100799	1310923
100800	1310927
100801	1310963
100802	1310987
100803	1310993
100804	1310999
100805	1311001
100806	1311029
100807	1311031
100808	1311043
100809	1311047
100810	1311053
100811	1311067
100812	1311097
100813	1311103
100814	1311109
100815	1311127
100816	1311131
100817	1311143
100818	1311173
100819	1311181
100820	1311217
100821	1311223
100822	1311229
100823	1311239
100824	1311241
100825	1311251
100826	1311259
100827	1311263
100828	1311287
100829	1311301
100830	1311307
100831	1311311
100832	1311341
100833	1311353
100834	1311367
100835	1311377
100836	1311383
100837	1311403
100838	1311407
100839	1311419
100840	1311433
100841	1311449
100842	1311473
100843	1311481
100844	1311493
100845	1311503
100846	1311509
100847	1311523
100848	1311547
100849	1311553
100850	1311559
100851	1311577
100852	1311599
100853	1311617
100854	1311619
100855	1311623
100856	1311643
100857	1311689
100858	1311691
100859	1311701
100860	1311721
100861	1311733
100862	1311749
100863	1311767
100864	1311769
100865	1311773
100866	1311797
100867	1311799
100868	1311829
100869	1311847
100870	1311853
100871	1311857
100872	1311899
100873	1311901
100874	1311917
100875	1311923
100876	1311967
100877	1311971
100878	1311991
100879	1312001
100880	1312019
100881	1312027
100882	1312079
100883	1312093
100884	1312133
100885	1312139
100886	1312153
100887	1312169
100888	1312177
100889	1312183
100890	1312187
100891	1312189
100892	1312211
100893	1312229
100894	1312237
100895	1312277
100896	1312301
100897	1312303
100898	1312319
100899	1312331
100900	1312343
100901	1312351
100902	1312373
100903	1312379
100904	1312391
100905	1312393
100906	1312397
100907	1312411
100908	1312459
100909	1312471
100910	1312513
100911	1312517
100912	1312523
100913	1312543
100914	1312547
100915	1312559
100916	1312561
100917	1312567
100918	1312579
100919	1312583
100920	1312601
100921	1312603
100922	1312637
100923	1312657
100924	1312667
100925	1312669
100926	1312673
100927	1312681
100928	1312733
100929	1312739
100930	1312769
100931	1312777
100932	1312789
100933	1312813
100934	1312823
100935	1312841
100936	1312847
100937	1312853
100938	1312867
100939	1312873
100940	1312877
100941	1312889
100942	1312891
100943	1312907
100944	1312921
100945	1312931
100946	1312937
100947	1312951
100948	1312963
100949	1312967
100950	1313041
100951	1313057
100952	1313069
100953	1313083
100954	1313087
100955	1313141
100956	1313153
100957	1313161
100958	1313171
100959	1313219
100960	1313237
100961	1313239
100962	1313293
100963	1313297
100964	1313311
100965	1313317
100966	1313329
100967	1313339
100968	1313357
100969	1313359
100970	1313363
100971	1313371
100972	1313383
100973	1313423
100974	1313443
100975	1313447
100976	1313449
100977	1313453
100978	1313467
100979	1313567
100980	1313569
100981	1313579
100982	1313597
100983	1313621
100984	1313623
100985	1313629
100986	1313633
100987	1313651
100988	1313657
100989	1313677
100990	1313699
100991	1313701
100992	1313723
100993	1313731
100994	1313747
100995	1313761
100996	1313771
100997	1313797
100998	1313813
100999	1313827
101000	1313839
