196001	2690579
196002	2690581
196003	2690587
196004	2690593
196005	2690599
196006	2690621
196007	2690629
196008	2690657
196009	2690659
196010	2690663
196011	2690671
196012	2690689
196013	2690711
196014	2690717
196015	2690719
196016	2690767
196017	2690773
196018	2690783
196019	2690803
196020	2690827
196021	2690851
196022	2690887
196023	2690911
196024	2690923
196025	2690957
196026	2690959
196027	2690993
196028	2691001
196029	2691011
196030	2691019
196031	2691037
196032	2691041
196033	2691043
196034	2691053
196035	2691061
196036	2691067
196037	2691097
196038	2691119
196039	2691127
196040	2691131
196041	2691149
196042	2691163
196043	2691187
196044	2691191
196045	2691193
196046	2691197
196047	2691209
196048	2691223
196049	2691233
196050	2691239
196051	2691251
196052	2691277
196053	2691317
196054	2691329
196055	2691373
196056	2691401
196057	2691421
196058	2691427
196059	2691431
196060	2691433
196061	2691439
196062	2691443
196063	2691463
196064	2691467
196065	2691517
196066	2691523
196067	2691551
196068	2691571
196069	2691581
196070	2691587
196071	2691589
196072	2691599
196073	2691617
196074	2691631
196075	2691641
196076	2691659
196077	2691677
196078	2691701
196079	2691719
196080	2691721
196081	2691739
196082	2691743
196083	2691781
196084	2691803
196085	2691811
196086	2691827
196087	2691839
196088	2691841
196089	2691853
196090	2691893
196091	2691907
196092	2691911
196093	2691917
196094	2691959
196095	2691979
196096	2692003
196097	2692043
196098	2692051
196099	2692061
196100	2692087
196101	2692093
196102	2692117
196103	2692121
196104	2692139
196105	2692147
196106	2692159
196107	2692169
196108	2692199
196109	2692213
196110	2692223
196111	2692237
196112	2692247
196113	2692259
196114	2692289
196115	2692297
196116	2692303
196117	2692337
196118	2692343
196119	2692363
196120	2692367
196121	2692411
196122	2692427
196123	2692439
196124	2692463
196125	2692493
196126	2692507
196127	2692513
196128	2692519
196129	2692537
196130	2692549
196131	2692553
196132	2692561
196133	2692577
196134	2692609
196135	2692619
196136	2692631
196137	2692637
196138	2692639
196139	2692643
196140	2692667
196141	2692709
196142	2692727
196143	2692733
196144	2692741
196145	2692747
196146	2692759
196147	2692763
196148	2692777
196149	2692787
196150	2692799
196151	2692801
196152	2692831
196153	2692843
196154	2692849
196155	2692861
196156	2692871
196157	2692891
196158	2692933
196159	2692951
196160	2692973
196161	2692981
196162	2692999
196163	2693023
196164	2693039
196165	2693057
196166	2693059
196167	2693071
196168	2693107
196169	2693111
196170	2693113
196171	2693149
196172	2693153
196173	2693177
196174	2693183
196175	2693203
196176	2693213
196177	2693227
196178	2693237
196179	2693239
196180	2693261
196181	2693263
196182	2693279
196183	2693287
196184	2693309
196185	2693321
196186	2693329
196187	2693351
196188	2693357
196189	2693359
196190	2693363
196191	2693371
196192	2693377
196193	2693381
196194	2693389
196195	2693393
196196	2693441
196197	2693443
196198	2693447
196199	2693479
196200	2693501
196201	2693503
196202	2693521
196203	2693533
196204	2693591
196205	2693609
196206	2693629
196207	2693651
196208	2693653
196209	2693671
196210	2693707
196211	2693729
196212	2693731
196213	2693749
196214	2693767
196215	2693777
196216	2693791
196217	2693813
196218	2693833
196219	2693849
196220	2693851
196221	2693857
196222	2693891
196223	2693893
196224	2693903
196225	2693917
196226	2693923
196227	2693927
196228	2693969
196229	2693989
196230	2694001
196231	2694017
196232	2694023
196233	2694031
196234	2694037
196235	2694047
196236	2694049
196237	2694053
196238	2694061
196239	2694089
196240	2694103
196241	2694121
196242	2694157
196243	2694161
196244	2694169
196245	2694173
196246	2694191
196247	2694199
196248	2694203
196249	2694217
196250	2694221
196251	2694239
196252	2694253
196253	2694281
196254	2694287
196255	2694299
196256	2694301
196257	2694323
196258	2694343
196259	2694359
196260	2694383
196261	2694389
196262	2694401
196263	2694407
196264	2694413
196265	2694421
196266	2694457
196267	2694469
196268	2694481
196269	2694493
196270	2694499
196271	2694511
196272	2694533
196273	2694541
196274	2694569
196275	2694577
196276	2694607
196277	2694623
196278	2694631
196279	2694641
196280	2694647
196281	2694661
196282	2694667
196283	2694677
196284	2694689
196285	2694691
196286	2694719
196287	2694733
196288	2694739
196289	2694743
196290	2694787
196291	2694803
196292	2694829
196293	2694833
196294	2694847
196295	2694851
196296	2694863
196297	2694869
196298	2694871
196299	2694877
196300	2694893
196301	2694899
196302	2694907
196303	2694911
196304	2694973
196305	2694977
196306	2695003
196307	2695031
196308	2695037
196309	2695051
196310	2695073
196311	2695127
196312	2695139
196313	2695141
196314	2695151
196315	2695177
196316	2695181
196317	2695183
196318	2695211
196319	2695229
196320	2695237
196321	2695249
196322	2695267
196323	2695279
196324	2695291
196325	2695313
196326	2695331
196327	2695337
196328	2695351
196329	2695391
196330	2695409
196331	2695411
196332	2695447
196333	2695453
196334	2695457
196335	2695471
196336	2695493
196337	2695499
196338	2695507
196339	2695523
196340	2695573
196341	2695597
196342	2695601
196343	2695607
196344	2695619
196345	2695643
196346	2695661
196347	2695697
196348	2695699
196349	2695703
196350	2695711
196351	2695733
196352	2695751
196353	2695787
196354	2695789
196355	2695793
196356	2695813
196357	2695831
196358	2695837
196359	2695867
196360	2695871
196361	2695883
196362	2695909
196363	2695933
196364	2695943
196365	2695949
196366	2695961
196367	2695981
196368	2695997
196369	2695999
196370	2696003
196371	2696009
196372	2696011
196373	2696021
196374	2696051
196375	2696053
196376	2696063
196377	2696069
196378	2696087
196379	2696093
196380	2696107
196381	2696117
196382	2696131
196383	2696137
196384	2696167
196385	2696171
196386	2696189
196387	2696203
196388	2696209
196389	2696257
196390	2696273
196391	2696279
196392	2696299
196393	2696303
196394	2696311
196395	2696329
196396	2696363
196397	2696377
196398	2696399
196399	2696413
196400	2696429
196401	2696459
196402	2696471
196403	2696483
196404	2696501
196405	2696513
196406	2696521
196407	2696527
196408	2696563
196409	2696569
196410	2696581
196411	2696593
196412	2696609
196413	2696621
196414	2696633
196415	2696641
196416	2696647
196417	2696653
196418	2696663
196419	2696669
196420	2696677
196421	2696699
196422	2696717
196423	2696731
196424	2696779
196425	2696843
196426	2696851
196427	2696861
196428	2696873
196429	2696909
196430	2696921
196431	2696923
196432	2696927
196433	2696929
196434	2696959
196435	2696977
196436	2696989
196437	2697007
196438	2697043
196439	2697053
196440	2697059
196441	2697061
196442	2697073
196443	2697109
196444	2697113
196445	2697133
196446	2697137
196447	2697151
196448	2697173
196449	2697179
196450	2697193
196451	2697199
196452	2697209
196453	2697229
196454	2697239
196455	2697241
196456	2697269
196457	2697281
196458	2697301
196459	2697307
196460	2697379
196461	2697389
196462	2697397
196463	2697413
196464	2697419
196465	2697437
196466	2697439
196467	2697451
196468	2697479
196469	2697491
196470	2697511
196471	2697517
196472	2697529
196473	2697533
196474	2697547
196475	2697553
196476	2697571
196477	2697581
196478	2697587
196479	2697599
196480	2697637
196481	2697661
196482	2697689
196483	2697697
196484	2697701
196485	2697719
196486	2697727
196487	2697733
196488	2697743
196489	2697757
196490	2697763
196491	2697767
196492	2697769
196493	2697797
196494	2697803
196495	2697809
196496	2697823
196497	2697853
196498	2697869
196499	2697887
196500	2697911
196501	2697913
196502	2697931
196503	2697953
196504	2697971
196505	2697973
196506	2697977
196507	2697983
196508	2697991
196509	2697997
196510	2698001
196511	2698009
196512	2698021
196513	2698027
196514	2698049
196515	2698063
196516	2698079
196517	2698097
196518	2698099
196519	2698103
196520	2698109
196521	2698159
196522	2698181
196523	2698183
196524	2698187
196525	2698193
196526	2698211
196527	2698217
196528	2698229
196529	2698231
196530	2698253
196531	2698261
196532	2698273
196533	2698277
196534	2698279
196535	2698303
196536	2698321
196537	2698331
196538	2698357
196539	2698387
196540	2698441
196541	2698453
196542	2698463
196543	2698471
196544	2698481
196545	2698499
196546	2698517
196547	2698541
196548	2698571
196549	2698573
196550	2698583
196551	2698607
196552	2698609
196553	2698649
196554	2698651
196555	2698667
196556	2698679
196557	2698681
196558	2698687
196559	2698691
196560	2698697
196561	2698721
196562	2698727
196563	2698739
196564	2698753
196565	2698771
196566	2698777
196567	2698789
196568	2698799
196569	2698807
196570	2698819
196571	2698841
196572	2698847
196573	2698853
196574	2698867
196575	2698921
196576	2698933
196577	2698951
196578	2698967
196579	2698979
196580	2699009
196581	2699017
196582	2699051
196583	2699087
196584	2699093
196585	2699101
196586	2699111
196587	2699129
196588	2699143
196589	2699149
196590	2699171
196591	2699183
196592	2699269
196593	2699287
196594	2699297
196595	2699299
196596	2699327
196597	2699339
196598	2699341
196599	2699357
196600	2699369
196601	2699371
196602	2699377
196603	2699383
196604	2699393
196605	2699419
196606	2699423
196607	2699429
196608	2699453
196609	2699461
196610	2699471
196611	2699479
196612	2699507
196613	2699513
196614	2699531
196615	2699561
196616	2699569
196617	2699591
196618	2699597
196619	2699611
196620	2699621
196621	2699623
196622	2699647
196623	2699657
196624	2699659
196625	2699687
196626	2699689
196627	2699701
196628	2699713
196629	2699743
196630	2699747
196631	2699761
196632	2699773
196633	2699777
196634	2699803
196635	2699839
196636	2699867
196637	2699869
196638	2699887
196639	2699903
196640	2699911
196641	2699951
196642	2699971
196643	2699981
196644	2699989
196645	2699999
196646	2700023
196647	2700037
196648	2700067
196649	2700079
196650	2700083
196651	2700091
196652	2700101
196653	2700107
196654	2700119
196655	2700121
196656	2700143
196657	2700151
196658	2700163
196659	2700169
196660	2700179
196661	2700199
196662	2700209
196663	2700211
196664	2700227
196665	2700233
196666	2700241
196667	2700281
196668	2700319
196669	2700323
196670	2700329
196671	2700367
196672	2700377
196673	2700389
196674	2700391
196675	2700419
196676	2700427
196677	2700431
196678	2700449
196679	2700463
196680	2700469
196681	2700487
196682	2700493
196683	2700497
196684	2700517
196685	2700521
196686	2700541
196687	2700559
196688	2700563
196689	2700583
196690	2700601
196691	2700611
196692	2700613
196693	2700617
196694	2700623
196695	2700647
196696	2700707
196697	2700713
196698	2700727
196699	2700743
196700	2700767
196701	2700779
196702	2700809
196703	2700811
196704	2700823
196705	2700829
196706	2700833
196707	2700839
196708	2700847
196709	2700851
196710	2700853
196711	2700881
196712	2700899
196713	2700917
196714	2700967
196715	2700979
196716	2700989
196717	2701007
196718	2701009
196719	2701091
196720	2701099
196721	2701103
196722	2701109
196723	2701117
196724	2701151
196725	2701177
196726	2701183
196727	2701201
196728	2701207
196729	2701261
196730	2701267
196731	2701271
196732	2701277
196733	2701297
196734	2701301
196735	2701319
196736	2701331
196737	2701339
196738	2701343
196739	2701393
196740	2701403
196741	2701409
196742	2701411
196743	2701423
196744	2701427
196745	2701459
196746	2701471
196747	2701483
196748	2701493
196749	2701529
196750	2701571
196751	2701577
196752	2701579
196753	2701583
196754	2701597
196755	2701627
196756	2701631
196757	2701637
196758	2701661
196759	2701663
196760	2701679
196761	2701687
196762	2701693
196763	2701709
196764	2701723
196765	2701739
196766	2701789
196767	2701847
196768	2701849
196769	2701871
196770	2701877
196771	2701883
196772	2701903
196773	2701913
196774	2701927
196775	2701931
196776	2701957
196777	2701967
196778	2701969
196779	2701987
196780	2702003
196781	2702033
196782	2702041
196783	2702057
196784	2702059
196785	2702069
196786	2702081
196787	2702083
196788	2702093
196789	2702107
196790	2702113
196791	2702143
196792	2702153
196793	2702159
196794	2702173
196795	2702197
196796	2702209
196797	2702213
196798	2702233
196799	2702243
196800	2702257
196801	2702261
196802	2702309
196803	2702317
196804	2702321
196805	2702327
196806	2702347
196807	2702393
196808	2702449
196809	2702467
196810	2702471
196811	2702489
196812	2702509
196813	2702551
196814	2702603
196815	2702639
196816	2702647
196817	2702653
196818	2702657
196819	2702671
196820	2702681
196821	2702701
196822	2702719
196823	2702723
196824	2702737
196825	2702741
196826	2702747
196827	2702759
196828	2702773
196829	2702789
196830	2702803
196831	2702809
196832	2702837
196833	2702839
196834	2702857
196835	2702879
196836	2702893
196837	2702897
196838	2702929
196839	2702951
196840	2702977
196841	2702993
196842	2703011
196843	2703013
196844	2703031
196845	2703047
196846	2703049
196847	2703067
196848	2703101
196849	2703137
196850	2703139
196851	2703163
196852	2703191
196853	2703193
196854	2703199
196855	2703251
196856	2703269
196857	2703271
196858	2703313
196859	2703317
196860	2703341
196861	2703347
196862	2703373
196863	2703401
196864	2703403
196865	2703413
196866	2703419
196867	2703427
196868	2703433
196869	2703461
196870	2703473
196871	2703497
196872	2703551
196873	2703577
196874	2703587
196875	2703593
196876	2703599
196877	2703601
196878	2703607
196879	2703611
196880	2703619
196881	2703637
196882	2703653
196883	2703667
196884	2703671
196885	2703677
196886	2703683
196887	2703707
196888	2703733
196889	2703739
196890	2703761
196891	2703763
196892	2703781
196893	2703787
196894	2703809
196895	2703829
196896	2703859
196897	2703887
196898	2703889
196899	2703907
196900	2703917
196901	2703929
196902	2703941
196903	2703973
196904	2703979
196905	2703983
196906	2704019
196907	2704021
196908	2704027
196909	2704043
196910	2704049
196911	2704067
196912	2704103
196913	2704109
196914	2704111
196915	2704127
196916	2704129
196917	2704157
196918	2704189
196919	2704193
196920	2704199
196921	2704217
196922	2704253
196923	2704277
196924	2704283
196925	2704291
196926	2704297
196927	2704301
196928	2704349
196929	2704357
196930	2704381
196931	2704391
196932	2704393
196933	2704417
196934	2704421
196935	2704447
196936	2704451
196937	2704469
196938	2704519
196939	2704529
196940	2704543
196941	2704549
196942	2704553
196943	2704567
196944	2704579
196945	2704591
196946	2704607
196947	2704661
196948	2704693
196949	2704697
196950	2704703
196951	2704711
196952	2704733
196953	2704739
196954	2704747
196955	2704753
196956	2704769
196957	2704771
196958	2704789
196959	2704813
196960	2704817
196961	2704831
196962	2704837
196963	2704841
196964	2704847
196965	2704873
196966	2704901
196967	2704903
196968	2704907
196969	2704909
196970	2704927
196971	2704931
196972	2704937
196973	2704939
196974	2704943
196975	2704957
196976	2704963
196977	2704969
196978	2704979
196979	2704981
196980	2704987
196981	2704993
196982	2704997
196983	2705009
196984	2705041
196985	2705047
196986	2705051
196987	2705063
196988	2705069
196989	2705071
196990	2705077
196991	2705081
196992	2705093
196993	2705111
196994	2705113
196995	2705137
196996	2705141
196997	2705147
196998	2705189
196999	2705203
197000	2705243
