183001	2499041
183002	2499053
183003	2499059
183004	2499061
183005	2499083
183006	2499103
183007	2499121
183008	2499137
183009	2499139
183010	2499143
183011	2499149
183012	2499151
183013	2499163
183014	2499169
183015	2499179
183016	2499193
183017	2499197
183018	2499247
183019	2499253
183020	2499257
183021	2499269
183022	2499311
183023	2499337
183024	2499373
183025	2499383
183026	2499389
183027	2499403
183028	2499421
183029	2499439
183030	2499443
183031	2499449
183032	2499457
183033	2499463
183034	2499509
183035	2499517
183036	2499521
183037	2499551
183038	2499577
183039	2499589
183040	2499599
183041	2499613
183042	2499619
183043	2499631
183044	2499641
183045	2499643
183046	2499661
183047	2499667
183048	2499671
183049	2499689
183050	2499727
183051	2499751
183052	2499779
183053	2499781
183054	2499793
183055	2499803
183056	2499821
183057	2499853
183058	2499859
183059	2499863
183060	2499881
183061	2499907
183062	2499919
183063	2499923
183064	2499941
183065	2499943
183066	2499947
183067	2499949
183068	2499953
183069	2499967
183070	2499983
183071	2499989
183072	2499997
183073	2500009
183074	2500027
183075	2500049
183076	2500051
183077	2500067
183078	2500081
183079	2500087
183080	2500097
183081	2500109
183082	2500117
183083	2500151
183084	2500159
183085	2500163
183086	2500171
183087	2500187
183088	2500213
183089	2500273
183090	2500297
183091	2500301
183092	2500331
183093	2500339
183094	2500357
183095	2500363
183096	2500403
183097	2500417
183098	2500439
183099	2500441
183100	2500523
183101	2500529
183102	2500543
183103	2500559
183104	2500591
183105	2500601
183106	2500621
183107	2500637
183108	2500639
183109	2500651
183110	2500669
183111	2500679
183112	2500709
183113	2500727
183114	2500733
183115	2500741
183116	2500747
183117	2500753
183118	2500759
183119	2500769
183120	2500781
183121	2500783
183122	2500807
183123	2500831
183124	2500843
183125	2500847
183126	2500879
183127	2500889
183128	2500891
183129	2500919
183130	2500933
183131	2500937
183132	2500957
183133	2500961
183134	2500969
183135	2500973
183136	2500999
183137	2501003
183138	2501071
183139	2501077
183140	2501099
183141	2501101
183142	2501113
183143	2501119
183144	2501131
183145	2501137
183146	2501143
183147	2501171
183148	2501189
183149	2501197
183150	2501201
183151	2501243
183152	2501249
183153	2501251
183154	2501269
183155	2501281
183156	2501299
183157	2501327
183158	2501333
183159	2501347
183160	2501351
183161	2501357
183162	2501383
183163	2501399
183164	2501413
183165	2501417
183166	2501449
183167	2501461
183168	2501479
183169	2501489
183170	2501501
183171	2501507
183172	2501563
183173	2501573
183174	2501591
183175	2501593
183176	2501599
183177	2501623
183178	2501647
183179	2501651
183180	2501657
183181	2501677
183182	2501689
183183	2501699
183184	2501761
183185	2501789
183186	2501791
183187	2501803
183188	2501813
183189	2501819
183190	2501833
183191	2501843
183192	2501881
183193	2501897
183194	2501899
183195	2501911
183196	2501923
183197	2501953
183198	2501957
183199	2501959
183200	2501987
183201	2501999
183202	2502001
183203	2502007
183204	2502011
183205	2502047
183206	2502067
183207	2502079
183208	2502083
183209	2502089
183210	2502113
183211	2502121
183212	2502133
183213	2502151
183214	2502163
183215	2502169
183216	2502173
183217	2502191
183218	2502197
183219	2502209
183220	2502211
183221	2502229
183222	2502251
183223	2502259
183224	2502263
183225	2502287
183226	2502293
183227	2502301
183228	2502317
183229	2502329
183230	2502337
183231	2502341
183232	2502343
183233	2502359
183234	2502361
183235	2502371
183236	2502373
183237	2502389
183238	2502391
183239	2502397
183240	2502407
183241	2502443
183242	2502463
183243	2502473
183244	2502481
183245	2502527
183246	2502541
183247	2502551
183248	2502559
183249	2502571
183250	2502581
183251	2502583
183252	2502593
183253	2502629
183254	2502637
183255	2502649
183256	2502667
183257	2502677
183258	2502683
183259	2502701
183260	2502719
183261	2502733
183262	2502761
183263	2502767
183264	2502779
183265	2502781
183266	2502793
183267	2502803
183268	2502809
183269	2502827
183270	2502833
183271	2502917
183272	2502931
183273	2502937
183274	2502943
183275	2502953
183276	2502991
183277	2503001
183278	2503027
183279	2503037
183280	2503069
183281	2503103
183282	2503121
183283	2503139
183284	2503141
183285	2503147
183286	2503153
183287	2503181
183288	2503183
183289	2503201
183290	2503211
183291	2503213
183292	2503217
183293	2503253
183294	2503261
183295	2503283
183296	2503313
183297	2503327
183298	2503339
183299	2503351
183300	2503357
183301	2503373
183302	2503381
183303	2503387
183304	2503409
183305	2503427
183306	2503433
183307	2503439
183308	2503453
183309	2503463
183310	2503469
183311	2503477
183312	2503499
183313	2503507
183314	2503511
183315	2503513
183316	2503537
183317	2503559
183318	2503577
183319	2503597
183320	2503637
183321	2503639
183322	2503651
183323	2503663
183324	2503703
183325	2503717
183326	2503729
183327	2503751
183328	2503759
183329	2503799
183330	2503817
183331	2503841
183332	2503859
183333	2503871
183334	2503873
183335	2503883
183336	2503909
183337	2503927
183338	2503931
183339	2503961
183340	2503979
183341	2503997
183342	2503999
183343	2504009
183344	2504011
183345	2504069
183346	2504071
183347	2504077
183348	2504081
183349	2504101
183350	2504129
183351	2504141
183352	2504147
183353	2504153
183354	2504167
183355	2504189
183356	2504213
183357	2504251
183358	2504261
183359	2504269
183360	2504291
183361	2504297
183362	2504317
183363	2504323
183364	2504329
183365	2504347
183366	2504351
183367	2504377
183368	2504399
183369	2504407
183370	2504413
183371	2504417
183372	2504429
183373	2504431
183374	2504441
183375	2504473
183376	2504479
183377	2504501
183378	2504503
183379	2504519
183380	2504531
183381	2504543
183382	2504563
183383	2504569
183384	2504581
183385	2504587
183386	2504597
183387	2504603
183388	2504611
183389	2504629
183390	2504639
183391	2504657
183392	2504669
183393	2504681
183394	2504687
183395	2504693
183396	2504717
183397	2504737
183398	2504741
183399	2504753
183400	2504767
183401	2504779
183402	2504783
183403	2504791
183404	2504807
183405	2504819
183406	2504837
183407	2504869
183408	2504881
183409	2504891
183410	2504917
183411	2504923
183412	2504927
183413	2504969
183414	2504981
183415	2504987
183416	2505007
183417	2505043
183418	2505067
183419	2505073
183420	2505077
183421	2505101
183422	2505109
183423	2505119
183424	2505121
183425	2505127
183426	2505133
183427	2505143
183428	2505157
183429	2505161
183430	2505163
183431	2505187
183432	2505193
183433	2505227
183434	2505247
183435	2505253
183436	2505259
183437	2505263
183438	2505271
183439	2505277
183440	2505301
183441	2505311
183442	2505337
183443	2505343
183444	2505353
183445	2505361
183446	2505379
183447	2505383
183448	2505401
183449	2505407
183450	2505421
183451	2505457
183452	2505487
183453	2505499
183454	2505527
183455	2505533
183456	2505539
183457	2505541
183458	2505557
183459	2505611
183460	2505623
183461	2505631
183462	2505641
183463	2505673
183464	2505683
183465	2505691
183466	2505707
183467	2505743
183468	2505773
183469	2505779
183470	2505791
183471	2505793
183472	2505809
183473	2505829
183474	2505847
183475	2505857
183476	2505859
183477	2505863
183478	2505901
183479	2505917
183480	2505983
183481	2505989
183482	2505991
183483	2506003
183484	2506013
183485	2506033
183486	2506069
183487	2506073
183488	2506079
183489	2506099
183490	2506109
183491	2506129
183492	2506183
183493	2506193
183494	2506199
183495	2506201
183496	2506223
183497	2506253
183498	2506277
183499	2506279
183500	2506291
183501	2506313
183502	2506321
183503	2506337
183504	2506363
183505	2506367
183506	2506373
183507	2506391
183508	2506397
183509	2506409
183510	2506411
183511	2506421
183512	2506447
183513	2506459
183514	2506481
183515	2506489
183516	2506501
183517	2506523
183518	2506541
183519	2506547
183520	2506549
183521	2506561
183522	2506571
183523	2506579
183524	2506583
183525	2506619
183526	2506631
183527	2506643
183528	2506649
183529	2506657
183530	2506661
183531	2506681
183532	2506687
183533	2506697
183534	2506717
183535	2506723
183536	2506729
183537	2506759
183538	2506783
183539	2506799
183540	2506807
183541	2506813
183542	2506831
183543	2506843
183544	2506859
183545	2506873
183546	2506883
183547	2506909
183548	2506913
183549	2506919
183550	2506927
183551	2506949
183552	2506957
183553	2506961
183554	2506979
183555	2506981
183556	2506991
183557	2506997
183558	2507003
183559	2507017
183560	2507033
183561	2507047
183562	2507051
183563	2507093
183564	2507147
183565	2507149
183566	2507203
183567	2507213
183568	2507227
183569	2507233
183570	2507243
183571	2507251
183572	2507291
183573	2507303
183574	2507317
183575	2507339
183576	2507383
183577	2507387
183578	2507389
183579	2507413
183580	2507467
183581	2507473
183582	2507489
183583	2507567
183584	2507581
183585	2507587
183586	2507597
183587	2507627
183588	2507629
183589	2507641
183590	2507647
183591	2507671
183592	2507689
183593	2507693
183594	2507707
183595	2507719
183596	2507723
183597	2507731
183598	2507737
183599	2507767
183600	2507773
183601	2507777
183602	2507821
183603	2507837
183604	2507861
183605	2507863
183606	2507881
183607	2507899
183608	2507903
183609	2507909
183610	2507917
183611	2507927
183612	2507957
183613	2507963
183614	2508001
183615	2508017
183616	2508041
183617	2508043
183618	2508047
183619	2508049
183620	2508053
183621	2508067
183622	2508073
183623	2508083
183624	2508089
183625	2508091
183626	2508097
183627	2508101
183628	2508113
183629	2508139
183630	2508151
183631	2508161
183632	2508167
183633	2508203
183634	2508211
183635	2508223
183636	2508227
183637	2508269
183638	2508277
183639	2508281
183640	2508283
183641	2508293
183642	2508307
183643	2508313
183644	2508347
183645	2508371
183646	2508379
183647	2508383
183648	2508391
183649	2508409
183650	2508433
183651	2508481
183652	2508511
183653	2508521
183654	2508557
183655	2508559
183656	2508581
183657	2508593
183658	2508599
183659	2508619
183660	2508629
183661	2508641
183662	2508677
183663	2508683
183664	2508689
183665	2508691
183666	2508697
183667	2508743
183668	2508763
183669	2508769
183670	2508773
183671	2508787
183672	2508797
183673	2508823
183674	2508827
183675	2508833
183676	2508871
183677	2508899
183678	2508901
183679	2508917
183680	2508929
183681	2508953
183682	2508971
183683	2509027
183684	2509037
183685	2509061
183686	2509063
183687	2509079
183688	2509103
183689	2509123
183690	2509127
183691	2509141
183692	2509147
183693	2509163
183694	2509181
183695	2509207
183696	2509219
183697	2509237
183698	2509253
183699	2509259
183700	2509267
183701	2509271
183702	2509279
183703	2509301
183704	2509307
183705	2509313
183706	2509333
183707	2509337
183708	2509363
183709	2509379
183710	2509411
183711	2509417
183712	2509427
183713	2509433
183714	2509483
183715	2509499
183716	2509513
183717	2509517
183718	2509519
183719	2509531
183720	2509537
183721	2509541
183722	2509561
183723	2509571
183724	2509597
183725	2509613
183726	2509621
183727	2509627
183728	2509649
183729	2509679
183730	2509687
183731	2509721
183732	2509757
183733	2509777
183734	2509807
183735	2509811
183736	2509823
183737	2509831
183738	2509841
183739	2509849
183740	2509861
183741	2509891
183742	2509907
183743	2509933
183744	2509937
183745	2509961
183746	2509963
183747	2509981
183748	2509993
183749	2510017
183750	2510023
183751	2510041
183752	2510047
183753	2510051
183754	2510077
183755	2510083
183756	2510087
183757	2510099
183758	2510107
183759	2510111
183760	2510141
183761	2510149
183762	2510159
183763	2510171
183764	2510219
183765	2510227
183766	2510279
183767	2510293
183768	2510303
183769	2510309
183770	2510329
183771	2510341
183772	2510401
183773	2510429
183774	2510437
183775	2510447
183776	2510449
183777	2510477
183778	2510491
183779	2510503
183780	2510507
183781	2510513
183782	2510531
183783	2510533
183784	2510537
183785	2510549
183786	2510551
183787	2510567
183788	2510579
183789	2510581
183790	2510591
183791	2510609
183792	2510623
183793	2510653
183794	2510681
183795	2510701
183796	2510707
183797	2510723
183798	2510731
183799	2510741
183800	2510743
183801	2510771
183802	2510777
183803	2510789
183804	2510801
183805	2510803
183806	2510843
183807	2510867
183808	2510873
183809	2510891
183810	2510903
183811	2510909
183812	2510927
183813	2510941
183814	2510947
183815	2510971
183816	2511001
183817	2511011
183818	2511017
183819	2511029
183820	2511043
183821	2511049
183822	2511083
183823	2511101
183824	2511107
183825	2511109
183826	2511133
183827	2511137
183828	2511143
183829	2511149
183830	2511151
183831	2511161
183832	2511167
183833	2511169
183834	2511241
183835	2511247
183836	2511253
183837	2511259
183838	2511269
183839	2511293
183840	2511307
183841	2511319
183842	2511323
183843	2511337
183844	2511343
183845	2511349
183846	2511389
183847	2511407
183848	2511413
183849	2511433
183850	2511451
183851	2511473
183852	2511493
183853	2511499
183854	2511503
183855	2511517
183856	2511521
183857	2511541
183858	2511547
183859	2511557
183860	2511569
183861	2511581
183862	2511601
183863	2511637
183864	2511643
183865	2511659
183866	2511697
183867	2511703
183868	2511709
183869	2511721
183870	2511749
183871	2511779
183872	2511791
183873	2511793
183874	2511799
183875	2511809
183876	2511811
183877	2511823
183878	2511827
183879	2511851
183880	2511871
183881	2511881
183882	2511911
183883	2511917
183884	2511941
183885	2511953
183886	2511979
183887	2511983
183888	2511997
183889	2512001
183890	2512007
183891	2512019
183892	2512021
183893	2512033
183894	2512063
183895	2512087
183896	2512093
183897	2512109
183898	2512117
183899	2512127
183900	2512171
183901	2512177
183902	2512207
183903	2512217
183904	2512219
183905	2512229
183906	2512249
183907	2512283
183908	2512297
183909	2512303
183910	2512331
183911	2512339
183912	2512343
183913	2512369
183914	2512399
183915	2512403
183916	2512409
183917	2512417
183918	2512423
183919	2512429
183920	2512453
183921	2512459
183922	2512463
183923	2512469
183924	2512501
183925	2512507
183926	2512511
183927	2512513
183928	2512537
183929	2512553
183930	2512561
183931	2512597
183932	2512637
183933	2512639
183934	2512649
183935	2512661
183936	2512673
183937	2512691
183938	2512709
183939	2512721
183940	2512723
183941	2512739
183942	2512747
183943	2512759
183944	2512771
183945	2512789
183946	2512801
183947	2512813
183948	2512831
183949	2512837
183950	2512841
183951	2512843
183952	2512847
183953	2512897
183954	2512919
183955	2512943
183956	2512967
183957	2512999
183958	2513011
183959	2513029
183960	2513033
183961	2513039
183962	2513047
183963	2513051
183964	2513057
183965	2513083
183966	2513087
183967	2513089
183968	2513107
183969	2513113
183970	2513123
183971	2513131
183972	2513143
183973	2513153
183974	2513179
183975	2513197
183976	2513209
183977	2513249
183978	2513281
183979	2513293
183980	2513309
183981	2513311
183982	2513327
183983	2513333
183984	2513347
183985	2513351
183986	2513353
183987	2513363
183988	2513443
183989	2513461
183990	2513473
183991	2513477
183992	2513503
183993	2513507
183994	2513519
183995	2513527
183996	2513549
183997	2513551
183998	2513557
183999	2513579
184000	2513591
