177001	2410627
177002	2410631
177003	2410643
177004	2410649
177005	2410657
177006	2410687
177007	2410693
177008	2410697
177009	2410703
177010	2410711
177011	2410717
177012	2410721
177013	2410729
177014	2410747
177015	2410783
177016	2410813
177017	2410829
177018	2410831
177019	2410847
177020	2410867
177021	2410897
177022	2410907
177023	2410927
177024	2410931
177025	2410937
177026	2410939
177027	2410943
177028	2410949
177029	2410997
177030	2410999
177031	2411009
177032	2411011
177033	2411027
177034	2411029
177035	2411033
177036	2411041
177037	2411069
177038	2411077
177039	2411107
177040	2411111
177041	2411131
177042	2411177
177043	2411191
177044	2411197
177045	2411203
177046	2411207
177047	2411209
177048	2411219
177049	2411221
177050	2411239
177051	2411243
177052	2411257
177053	2411287
177054	2411291
177055	2411293
177056	2411351
177057	2411371
177058	2411393
177059	2411413
177060	2411441
177061	2411449
177062	2411471
177063	2411489
177064	2411503
177065	2411543
177066	2411551
177067	2411567
177068	2411581
177069	2411587
177070	2411593
177071	2411597
177072	2411627
177073	2411639
177074	2411641
177075	2411663
177076	2411693
177077	2411699
177078	2411729
177079	2411737
177080	2411777
177081	2411797
177082	2411821
177083	2411833
177084	2411837
177085	2411867
177086	2411869
177087	2411881
177088	2411957
177089	2411963
177090	2411971
177091	2412013
177092	2412019
177093	2412023
177094	2412029
177095	2412037
177096	2412041
177097	2412073
177098	2412077
177099	2412089
177100	2412119
177101	2412127
177102	2412131
177103	2412143
177104	2412197
177105	2412199
177106	2412209
177107	2412233
177108	2412239
177109	2412247
177110	2412271
177111	2412287
177112	2412299
177113	2412301
177114	2412323
177115	2412331
177116	2412337
177117	2412341
177118	2412349
177119	2412379
177120	2412391
177121	2412407
177122	2412409
177123	2412439
177124	2412457
177125	2412461
177126	2412467
177127	2412479
177128	2412491
177129	2412541
177130	2412547
177131	2412551
177132	2412593
177133	2412617
177134	2412629
177135	2412643
177136	2412647
177137	2412653
177138	2412667
177139	2412671
177140	2412679
177141	2412689
177142	2412703
177143	2412721
177144	2412731
177145	2412749
177146	2412763
177147	2412779
177148	2412797
177149	2412799
177150	2412803
177151	2412811
177152	2412821
177153	2412833
177154	2412847
177155	2412853
177156	2412857
177157	2412877
177158	2412899
177159	2412941
177160	2412959
177161	2412961
177162	2413001
177163	2413007
177164	2413043
177165	2413051
177166	2413063
177167	2413097
177168	2413111
177169	2413123
177170	2413153
177171	2413163
177172	2413189
177173	2413211
177174	2413217
177175	2413223
177176	2413231
177177	2413241
177178	2413253
177179	2413259
177180	2413261
177181	2413267
177182	2413291
177183	2413297
177184	2413331
177185	2413339
177186	2413349
177187	2413357
177188	2413373
177189	2413379
177190	2413421
177191	2413423
177192	2413427
177193	2413429
177194	2413451
177195	2413469
177196	2413471
177197	2413483
177198	2413493
177199	2413511
177200	2413517
177201	2413519
177202	2413531
177203	2413549
177204	2413553
177205	2413559
177206	2413573
177207	2413577
177208	2413601
177209	2413603
177210	2413613
177211	2413637
177212	2413639
177213	2413657
177214	2413679
177215	2413693
177216	2413721
177217	2413727
177218	2413739
177219	2413751
177220	2413771
177221	2413777
177222	2413783
177223	2413819
177224	2413823
177225	2413849
177226	2413861
177227	2413871
177228	2413883
177229	2413909
177230	2413913
177231	2413921
177232	2413927
177233	2413933
177234	2413951
177235	2413963
177236	2413973
177237	2413981
177238	2413987
177239	2413993
177240	2414021
177241	2414053
177242	2414081
177243	2414089
177244	2414099
177245	2414101
177246	2414107
177247	2414117
177248	2414123
177249	2414129
177250	2414131
177251	2414171
177252	2414177
177253	2414179
177254	2414201
177255	2414207
177256	2414219
177257	2414231
177258	2414239
177259	2414261
177260	2414263
177261	2414281
177262	2414299
177263	2414341
177264	2414353
177265	2414371
177266	2414389
177267	2414393
177268	2414411
177269	2414413
177270	2414417
177271	2414443
177272	2414491
177273	2414507
177274	2414513
177275	2414543
177276	2414549
177277	2414551
177278	2414557
177279	2414567
177280	2414591
177281	2414593
177282	2414597
177283	2414611
177284	2414681
177285	2414689
177286	2414717
177287	2414749
177288	2414761
177289	2414771
177290	2414779
177291	2414791
177292	2414803
177293	2414827
177294	2414849
177295	2414851
177296	2414861
177297	2414887
177298	2414897
177299	2414911
177300	2414921
177301	2414927
177302	2414933
177303	2414947
177304	2414959
177305	2414963
177306	2414981
177307	2414983
177308	2414989
177309	2414999
177310	2415013
177311	2415019
177312	2415031
177313	2415073
177314	2415079
177315	2415103
177316	2415137
177317	2415143
177318	2415151
177319	2415167
177320	2415191
177321	2415197
177322	2415209
177323	2415221
177324	2415233
177325	2415239
177326	2415271
177327	2415293
177328	2415319
177329	2415359
177330	2415379
177331	2415389
177332	2415407
177333	2415409
177334	2415431
177335	2415443
177336	2415449
177337	2415463
177338	2415473
177339	2415487
177340	2415499
177341	2415503
177342	2415521
177343	2415533
177344	2415541
177345	2415557
177346	2415559
177347	2415571
177348	2415593
177349	2415607
177350	2415629
177351	2415631
177352	2415653
177353	2415689
177354	2415691
177355	2415701
177356	2415703
177357	2415719
177358	2415733
177359	2415769
177360	2415779
177361	2415839
177362	2415859
177363	2415863
177364	2415871
177365	2415893
177366	2415913
177367	2415937
177368	2415947
177369	2415997
177370	2416003
177371	2416009
177372	2416013
177373	2416039
177374	2416061
177375	2416067
177376	2416093
177377	2416103
177378	2416123
177379	2416133
177380	2416147
177381	2416153
177382	2416157
177383	2416163
177384	2416177
177385	2416189
177386	2416207
177387	2416229
177388	2416231
177389	2416241
177390	2416243
177391	2416247
177392	2416259
177393	2416273
177394	2416283
177395	2416289
177396	2416301
177397	2416303
177398	2416307
177399	2416313
177400	2416327
177401	2416331
177402	2416361
177403	2416369
177404	2416391
177405	2416399
177406	2416409
177407	2416423
177408	2416441
177409	2416451
177410	2416459
177411	2416487
177412	2416493
177413	2416501
177414	2416517
177415	2416577
177416	2416597
177417	2416607
177418	2416613
177419	2416619
177420	2416649
177421	2416681
177422	2416697
177423	2416709
177424	2416717
177425	2416721
177426	2416727
177427	2416741
177428	2416751
177429	2416763
177430	2416807
177431	2416837
177432	2416849
177433	2416859
177434	2416861
177435	2416867
177436	2416871
177437	2416903
177438	2416913
177439	2416927
177440	2416943
177441	2416963
177442	2416969
177443	2417017
177444	2417021
177445	2417027
177446	2417029
177447	2417033
177448	2417083
177449	2417087
177450	2417089
177451	2417117
177452	2417119
177453	2417131
177454	2417141
177455	2417153
177456	2417201
177457	2417203
177458	2417221
177459	2417243
177460	2417251
177461	2417267
177462	2417273
177463	2417279
177464	2417291
177465	2417297
177466	2417309
177467	2417339
177468	2417341
177469	2417347
177470	2417357
177471	2417377
177472	2417399
177473	2417419
177474	2417423
177475	2417431
177476	2417447
177477	2417477
177478	2417497
177479	2417501
177480	2417521
177481	2417533
177482	2417537
177483	2417551
177484	2417557
177485	2417581
177486	2417593
177487	2417603
177488	2417609
177489	2417663
177490	2417671
177491	2417683
177492	2417713
177493	2417717
177494	2417741
177495	2417743
177496	2417747
177497	2417771
177498	2417773
177499	2417797
177500	2417801
177501	2417813
177502	2417827
177503	2417837
177504	2417843
177505	2417851
177506	2417897
177507	2417903
177508	2417911
177509	2417917
177510	2417923
177511	2417929
177512	2417939
177513	2417941
177514	2417951
177515	2417971
177516	2417977
177517	2417981
177518	2417983
177519	2417999
177520	2418001
177521	2418007
177522	2418037
177523	2418067
177524	2418071
177525	2418077
177526	2418079
177527	2418083
177528	2418109
177529	2418137
177530	2418161
177531	2418173
177532	2418181
177533	2418203
177534	2418257
177535	2418293
177536	2418319
177537	2418329
177538	2418343
177539	2418347
177540	2418349
177541	2418359
177542	2418373
177543	2418379
177544	2418389
177545	2418401
177546	2418407
177547	2418421
177548	2418439
177549	2418457
177550	2418463
177551	2418509
177552	2418511
177553	2418517
177554	2418523
177555	2418541
177556	2418547
177557	2418553
177558	2418557
177559	2418613
177560	2418659
177561	2418671
177562	2418673
177563	2418677
177564	2418679
177565	2418683
177566	2418697
177567	2418701
177568	2418721
177569	2418733
177570	2418737
177571	2418769
177572	2418781
177573	2418791
177574	2418799
177575	2418821
177576	2418839
177577	2418851
177578	2418859
177579	2418863
177580	2418883
177581	2418893
177582	2418907
177583	2418943
177584	2418953
177585	2418967
177586	2419007
177587	2419013
177588	2419019
177589	2419033
177590	2419057
177591	2419063
177592	2419069
177593	2419073
177594	2419091
177595	2419103
177596	2419127
177597	2419159
177598	2419181
177599	2419187
177600	2419229
177601	2419237
177602	2419247
177603	2419259
177604	2419273
177605	2419331
177606	2419343
177607	2419363
177608	2419379
177609	2419387
177610	2419421
177611	2419433
177612	2419463
177613	2419489
177614	2419493
177615	2419507
177616	2419523
177617	2419553
177618	2419561
177619	2419579
177620	2419583
177621	2419589
177622	2419597
177623	2419601
177624	2419603
177625	2419619
177626	2419621
177627	2419639
177628	2419679
177629	2419693
177630	2419709
177631	2419717
177632	2419721
177633	2419723
177634	2419733
177635	2419741
177636	2419771
177637	2419777
177638	2419787
177639	2419793
177640	2419799
177641	2419801
177642	2419811
177643	2419819
177644	2419867
177645	2419871
177646	2419873
177647	2419883
177648	2419913
177649	2419919
177650	2419939
177651	2419979
177652	2419981
177653	2419987
177654	2419993
177655	2420009
177656	2420017
177657	2420051
177658	2420063
177659	2420071
177660	2420111
177661	2420113
177662	2420123
177663	2420167
177664	2420179
177665	2420213
177666	2420237
177667	2420251
177668	2420261
177669	2420269
177670	2420279
177671	2420287
177672	2420291
177673	2420309
177674	2420321
177675	2420333
177676	2420339
177677	2420371
177678	2420377
177679	2420399
177680	2420417
177681	2420423
177682	2420459
177683	2420471
177684	2420479
177685	2420519
177686	2420531
177687	2420549
177688	2420557
177689	2420567
177690	2420569
177691	2420609
177692	2420611
177693	2420633
177694	2420687
177695	2420689
177696	2420699
177697	2420701
177698	2420707
177699	2420723
177700	2420767
177701	2420779
177702	2420801
177703	2420807
177704	2420813
177705	2420827
177706	2420839
177707	2420849
177708	2420863
177709	2420867
177710	2420879
177711	2420897
177712	2420917
177713	2420921
177714	2420941
177715	2420959
177716	2420969
177717	2420981
177718	2420989
177719	2420993
177720	2421031
177721	2421043
177722	2421047
177723	2421053
177724	2421061
177725	2421073
177726	2421077
177727	2421109
177728	2421119
177729	2421137
177730	2421149
177731	2421163
177732	2421203
177733	2421229
177734	2421247
177735	2421253
177736	2421277
177737	2421281
177738	2421283
177739	2421311
177740	2421319
177741	2421329
177742	2421343
177743	2421347
177744	2421383
177745	2421389
177746	2421403
177747	2421407
177748	2421421
177749	2421439
177750	2421443
177751	2421449
177752	2421451
177753	2421467
177754	2421469
177755	2421473
177756	2421491
177757	2421511
177758	2421527
177759	2421533
177760	2421541
177761	2421547
177762	2421553
177763	2421577
177764	2421589
177765	2421593
177766	2421641
177767	2421649
177768	2421659
177769	2421673
177770	2421707
177771	2421733
177772	2421737
177773	2421743
177774	2421767
177775	2421781
177776	2421791
177777	2421817
177778	2421821
177779	2421823
177780	2421841
177781	2421847
177782	2421893
177783	2421901
177784	2421907
177785	2421917
177786	2421919
177787	2421931
177788	2421943
177789	2421959
177790	2421971
177791	2421989
177792	2421997
177793	2422027
177794	2422033
177795	2422037
177796	2422073
177797	2422087
177798	2422093
177799	2422099
177800	2422111
177801	2422169
177802	2422171
177803	2422183
177804	2422201
177805	2422207
177806	2422223
177807	2422229
177808	2422237
177809	2422241
177810	2422243
177811	2422261
177812	2422267
177813	2422289
177814	2422327
177815	2422351
177816	2422369
177817	2422391
177818	2422411
177819	2422421
177820	2422423
177821	2422439
177822	2422447
177823	2422451
177824	2422463
177825	2422477
177826	2422487
177827	2422489
177828	2422499
177829	2422513
177830	2422523
177831	2422531
177832	2422543
177833	2422547
177834	2422559
177835	2422561
177836	2422579
177837	2422621
177838	2422627
177839	2422643
177840	2422657
177841	2422661
177842	2422691
177843	2422697
177844	2422699
177845	2422703
177846	2422711
177847	2422727
177848	2422741
177849	2422757
177850	2422759
177851	2422781
177852	2422793
177853	2422807
177854	2422811
177855	2422829
177856	2422837
177857	2422873
177858	2422877
177859	2422907
177860	2422939
177861	2422949
177862	2422957
177863	2422969
177864	2422997
177865	2422999
177866	2423021
177867	2423023
177868	2423039
177869	2423041
177870	2423087
177871	2423117
177872	2423131
177873	2423137
177874	2423147
177875	2423149
177876	2423191
177877	2423209
177878	2423219
177879	2423227
177880	2423233
177881	2423237
177882	2423249
177883	2423339
177884	2423353
177885	2423359
177886	2423383
177887	2423411
177888	2423413
177889	2423417
177890	2423419
177891	2423429
177892	2423453
177893	2423459
177894	2423489
177895	2423497
177896	2423521
177897	2423539
177898	2423563
177899	2423567
177900	2423569
177901	2423581
177902	2423593
177903	2423627
177904	2423651
177905	2423669
177906	2423689
177907	2423711
177908	2423731
177909	2423747
177910	2423753
177911	2423777
177912	2423789
177913	2423801
177914	2423803
177915	2423807
177916	2423821
177917	2423831
177918	2423851
177919	2423857
177920	2423873
177921	2423891
177922	2423909
177923	2423917
177924	2423929
177925	2423951
177926	2423969
177927	2423999
177928	2424017
177929	2424029
177930	2424073
177931	2424083
177932	2424089
177933	2424091
177934	2424113
177935	2424137
177936	2424157
177937	2424161
177938	2424173
177939	2424199
177940	2424209
177941	2424241
177942	2424259
177943	2424263
177944	2424283
177945	2424287
177946	2424329
177947	2424341
177948	2424349
177949	2424377
177950	2424391
177951	2424427
177952	2424439
177953	2424481
177954	2424491
177955	2424493
177956	2424511
177957	2424547
177958	2424553
177959	2424559
177960	2424563
177961	2424599
177962	2424613
177963	2424619
177964	2424629
177965	2424649
177966	2424691
177967	2424713
177968	2424739
177969	2424743
177970	2424767
177971	2424791
177972	2424809
177973	2424823
177974	2424827
177975	2424833
177976	2424839
177977	2424853
177978	2424859
177979	2424887
177980	2424907
177981	2424937
177982	2424949
177983	2424953
177984	2424967
177985	2424971
177986	2424973
177987	2424991
177988	2424997
177989	2425001
177990	2425019
177991	2425021
177992	2425039
177993	2425043
177994	2425069
177995	2425081
177996	2425117
177997	2425139
177998	2425193
177999	2425207
178000	2425229
