155001	2088139
155002	2088199
155003	2088217
155004	2088221
155005	2088227
155006	2088241
155007	2088259
155008	2088269
155009	2088277
155010	2088287
155011	2088293
155012	2088301
155013	2088329
155014	2088341
155015	2088343
155016	2088349
155017	2088367
155018	2088403
155019	2088407
155020	2088409
155021	2088413
155022	2088419
155023	2088421
155024	2088431
155025	2088451
155026	2088473
155027	2088479
155028	2088487
155029	2088497
155030	2088503
155031	2088511
155032	2088517
155033	2088547
155034	2088557
155035	2088577
155036	2088587
155037	2088589
155038	2088599
155039	2088601
155040	2088623
155041	2088631
155042	2088641
155043	2088643
155044	2088661
155045	2088679
155046	2088683
155047	2088703
155048	2088719
155049	2088721
155050	2088731
155051	2088733
155052	2088787
155053	2088817
155054	2088829
155055	2088833
155056	2088847
155057	2088869
155058	2088871
155059	2088881
155060	2088901
155061	2088907
155062	2088913
155063	2088949
155064	2088953
155065	2088971
155066	2088973
155067	2088979
155068	2089001
155069	2089037
155070	2089039
155071	2089049
155072	2089051
155073	2089091
155074	2089093
155075	2089117
155076	2089123
155077	2089141
155078	2089151
155079	2089169
155080	2089177
155081	2089211
155082	2089223
155083	2089231
155084	2089253
155085	2089267
155086	2089271
155087	2089273
155088	2089303
155089	2089357
155090	2089361
155091	2089379
155092	2089391
155093	2089393
155094	2089397
155095	2089403
155096	2089441
155097	2089447
155098	2089457
155099	2089489
155100	2089511
155101	2089517
155102	2089523
155103	2089541
155104	2089543
155105	2089559
155106	2089567
155107	2089583
155108	2089613
155109	2089621
155110	2089627
155111	2089643
155112	2089651
155113	2089669
155114	2089673
155115	2089693
155116	2089697
155117	2089727
155118	2089751
155119	2089781
155120	2089807
155121	2089831
155122	2089847
155123	2089853
155124	2089859
155125	2089873
155126	2089889
155127	2089897
155128	2089933
155129	2089939
155130	2089951
155131	2089979
155132	2090003
155133	2090009
155134	2090017
155135	2090021
155136	2090041
155137	2090047
155138	2090069
155139	2090071
155140	2090089
155141	2090111
155142	2090119
155143	2090131
155144	2090147
155145	2090159
155146	2090173
155147	2090177
155148	2090191
155149	2090197
155150	2090203
155151	2090213
155152	2090219
155153	2090227
155154	2090239
155155	2090251
155156	2090279
155157	2090281
155158	2090317
155159	2090327
155160	2090329
155161	2090351
155162	2090353
155163	2090357
155164	2090381
155165	2090441
155166	2090461
155167	2090477
155168	2090489
155169	2090497
155170	2090509
155171	2090567
155172	2090573
155173	2090593
155174	2090597
155175	2090603
155176	2090623
155177	2090633
155178	2090651
155179	2090681
155180	2090689
155181	2090717
155182	2090719
155183	2090749
155184	2090771
155185	2090791
155186	2090807
155187	2090821
155188	2090827
155189	2090831
155190	2090843
155191	2090849
155192	2090863
155193	2090873
155194	2090923
155195	2090951
155196	2090989
155197	2091053
155198	2091097
155199	2091139
155200	2091149
155201	2091151
155202	2091191
155203	2091211
155204	2091227
155205	2091239
155206	2091241
155207	2091247
155208	2091251
155209	2091269
155210	2091281
155211	2091283
155212	2091293
155213	2091301
155214	2091317
155215	2091319
155216	2091337
155217	2091343
155218	2091347
155219	2091361
155220	2091379
155221	2091389
155222	2091409
155223	2091421
155224	2091431
155225	2091437
155226	2091443
155227	2091449
155228	2091461
155229	2091473
155230	2091487
155231	2091497
155232	2091503
155233	2091521
155234	2091553
155235	2091581
155236	2091587
155237	2091599
155238	2091613
155239	2091619
155240	2091623
155241	2091631
155242	2091637
155243	2091659
155244	2091667
155245	2091671
155246	2091703
155247	2091707
155248	2091709
155249	2091737
155250	2091763
155251	2091769
155252	2091773
155253	2091797
155254	2091809
155255	2091839
155256	2091847
155257	2091851
155258	2091863
155259	2091871
155260	2091877
155261	2091889
155262	2091913
155263	2091917
155264	2091931
155265	2091953
155266	2091959
155267	2091983
155268	2091997
155269	2092019
155270	2092021
155271	2092039
155272	2092043
155273	2092049
155274	2092073
155275	2092093
155276	2092099
155277	2092133
155278	2092163
155279	2092177
155280	2092183
155281	2092187
155282	2092217
155283	2092229
155284	2092243
155285	2092249
155286	2092273
155287	2092291
155288	2092303
155289	2092319
155290	2092327
155291	2092351
155292	2092369
155293	2092381
155294	2092397
155295	2092403
155296	2092427
155297	2092429
155298	2092439
155299	2092457
155300	2092481
155301	2092501
155302	2092529
155303	2092537
155304	2092543
155305	2092549
155306	2092561
155307	2092589
155308	2092591
155309	2092613
155310	2092621
155311	2092637
155312	2092661
155313	2092663
155314	2092667
155315	2092687
155316	2092693
155317	2092721
155318	2092723
155319	2092733
155320	2092759
155321	2092771
155322	2092777
155323	2092799
155324	2092801
155325	2092817
155326	2092823
155327	2092829
155328	2092847
155329	2092859
155330	2092861
155331	2092891
155332	2092897
155333	2092919
155334	2092943
155335	2092963
155336	2092973
155337	2092991
155338	2092997
155339	2092999
155340	2093029
155341	2093041
155342	2093071
155343	2093081
155344	2093101
155345	2093123
155346	2093131
155347	2093141
155348	2093149
155349	2093153
155350	2093171
155351	2093183
155352	2093219
155353	2093237
155354	2093243
155355	2093251
155356	2093257
155357	2093279
155358	2093291
155359	2093297
155360	2093303
155361	2093317
155362	2093321
155363	2093323
155364	2093327
155365	2093339
155366	2093347
155367	2093359
155368	2093389
155369	2093393
155370	2093407
155371	2093411
155372	2093417
155373	2093449
155374	2093453
155375	2093467
155376	2093489
155377	2093491
155378	2093503
155379	2093513
155380	2093527
155381	2093537
155382	2093557
155383	2093573
155384	2093603
155385	2093617
155386	2093639
155387	2093653
155388	2093699
155389	2093701
155390	2093761
155391	2093783
155392	2093789
155393	2093801
155394	2093807
155395	2093813
155396	2093821
155397	2093827
155398	2093837
155399	2093863
155400	2093869
155401	2093881
155402	2093893
155403	2093929
155404	2093953
155405	2093981
155406	2094011
155407	2094023
155408	2094031
155409	2094041
155410	2094067
155411	2094073
155412	2094091
155413	2094101
155414	2094107
155415	2094109
155416	2094139
155417	2094167
155418	2094187
155419	2094203
155420	2094221
155421	2094227
155422	2094233
155423	2094271
155424	2094277
155425	2094317
155426	2094331
155427	2094341
155428	2094343
155429	2094359
155430	2094361
155431	2094373
155432	2094377
155433	2094413
155434	2094439
155435	2094473
155436	2094481
155437	2094497
155438	2094509
155439	2094523
155440	2094551
155441	2094569
155442	2094601
155443	2094623
155444	2094637
155445	2094647
155446	2094683
155447	2094691
155448	2094707
155449	2094721
155450	2094727
155451	2094737
155452	2094749
155453	2094751
155454	2094767
155455	2094779
155456	2094787
155457	2094797
155458	2094803
155459	2094809
155460	2094811
155461	2094847
155462	2094929
155463	2094943
155464	2094973
155465	2094979
155466	2094991
155467	2095007
155468	2095021
155469	2095057
155470	2095061
155471	2095081
155472	2095099
155473	2095109
155474	2095117
155475	2095127
155476	2095151
155477	2095189
155478	2095193
155479	2095201
155480	2095211
155481	2095217
155482	2095229
155483	2095237
155484	2095253
155485	2095283
155486	2095309
155487	2095343
155488	2095351
155489	2095361
155490	2095363
155491	2095367
155492	2095391
155493	2095397
155494	2095399
155495	2095409
155496	2095439
155497	2095451
155498	2095459
155499	2095463
155500	2095481
155501	2095487
155502	2095493
155503	2095517
155504	2095523
155505	2095547
155506	2095571
155507	2095591
155508	2095601
155509	2095609
155510	2095619
155511	2095637
155512	2095651
155513	2095657
155514	2095679
155515	2095697
155516	2095699
155517	2095721
155518	2095727
155519	2095733
155520	2095747
155521	2095759
155522	2095771
155523	2095789
155524	2095813
155525	2095823
155526	2095831
155527	2095837
155528	2095853
155529	2095867
155530	2095927
155531	2095931
155532	2095943
155533	2095969
155534	2095987
155535	2095993
155536	2095997
155537	2096009
155538	2096011
155539	2096047
155540	2096051
155541	2096057
155542	2096063
155543	2096071
155544	2096089
155545	2096111
155546	2096123
155547	2096147
155548	2096183
155549	2096191
155550	2096209
155551	2096221
155552	2096231
155553	2096233
155554	2096261
155555	2096273
155556	2096291
155557	2096357
155558	2096377
155559	2096399
155560	2096401
155561	2096407
155562	2096411
155563	2096429
155564	2096431
155565	2096449
155566	2096483
155567	2096533
155568	2096539
155569	2096569
155570	2096597
155571	2096599
155572	2096621
155573	2096629
155574	2096639
155575	2096681
155576	2096687
155577	2096693
155578	2096713
155579	2096737
155580	2096741
155581	2096761
155582	2096777
155583	2096789
155584	2096791
155585	2096807
155586	2096837
155587	2096851
155588	2096867
155589	2096873
155590	2096881
155591	2096893
155592	2096909
155593	2096911
155594	2096923
155595	2096947
155596	2096957
155597	2096959
155598	2096971
155599	2096987
155600	2096993
155601	2097013
155602	2097023
155603	2097031
155604	2097041
155605	2097047
155606	2097083
155607	2097091
155608	2097097
155609	2097131
155610	2097133
155611	2097143
155612	2097169
155613	2097211
155614	2097223
155615	2097229
155616	2097257
155617	2097259
155618	2097287
155619	2097289
155620	2097311
155621	2097317
155622	2097349
155623	2097373
155624	2097383
155625	2097397
155626	2097401
155627	2097421
155628	2097427
155629	2097449
155630	2097451
155631	2097461
155632	2097479
155633	2097481
155634	2097499
155635	2097503
155636	2097517
155637	2097523
155638	2097533
155639	2097539
155640	2097559
155641	2097593
155642	2097611
155643	2097617
155644	2097629
155645	2097643
155646	2097653
155647	2097671
155648	2097673
155649	2097679
155650	2097709
155651	2097713
155652	2097727
155653	2097743
155654	2097757
155655	2097763
155656	2097769
155657	2097779
155658	2097787
155659	2097803
155660	2097829
155661	2097833
155662	2097857
155663	2097859
155664	2097883
155665	2097911
155666	2097917
155667	2097941
155668	2097959
155669	2097967
155670	2097983
155671	2097989
155672	2098009
155673	2098027
155674	2098051
155675	2098079
155676	2098081
155677	2098097
155678	2098133
155679	2098153
155680	2098169
155681	2098171
155682	2098183
155683	2098193
155684	2098211
155685	2098241
155686	2098249
155687	2098253
155688	2098277
155689	2098279
155690	2098289
155691	2098321
155692	2098337
155693	2098351
155694	2098363
155695	2098391
155696	2098403
155697	2098423
155698	2098427
155699	2098441
155700	2098471
155701	2098511
155702	2098519
155703	2098541
155704	2098553
155705	2098559
155706	2098573
155707	2098609
155708	2098639
155709	2098651
155710	2098673
155711	2098687
155712	2098693
155713	2098697
155714	2098699
155715	2098711
155716	2098717
155717	2098729
155718	2098739
155719	2098741
155720	2098757
155721	2098763
155722	2098777
155723	2098781
155724	2098783
155725	2098801
155726	2098813
155727	2098841
155728	2098861
155729	2098867
155730	2098883
155731	2098897
155732	2098903
155733	2098907
155734	2098927
155735	2098931
155736	2098937
155737	2098961
155738	2098981
155739	2099017
155740	2099021
155741	2099033
155742	2099059
155743	2099081
155744	2099089
155745	2099093
155746	2099129
155747	2099147
155748	2099179
155749	2099191
155750	2099197
155751	2099203
155752	2099213
155753	2099219
155754	2099221
155755	2099249
155756	2099263
155757	2099287
155758	2099299
155759	2099309
155760	2099327
155761	2099341
155762	2099359
155763	2099369
155764	2099387
155765	2099393
155766	2099411
155767	2099431
155768	2099441
155769	2099453
155770	2099467
155771	2099477
155772	2099479
155773	2099497
155774	2099507
155775	2099521
155776	2099543
155777	2099549
155778	2099593
155779	2099611
155780	2099623
155781	2099627
155782	2099641
155783	2099659
155784	2099677
155785	2099707
155786	2099711
155787	2099717
155788	2099731
155789	2099743
155790	2099749
155791	2099761
155792	2099767
155793	2099771
155794	2099809
155795	2099821
155796	2099827
155797	2099837
155798	2099863
155799	2099887
155800	2099893
155801	2099921
155802	2099927
155803	2099939
155804	2099941
155805	2099963
155806	2100001
155807	2100011
155808	2100031
155809	2100041
155810	2100053
155811	2100071
155812	2100079
155813	2100097
155814	2100113
155815	2100121
155816	2100167
155817	2100173
155818	2100181
155819	2100191
155820	2100193
155821	2100221
155822	2100227
155823	2100229
155824	2100239
155825	2100247
155826	2100253
155827	2100257
155828	2100269
155829	2100277
155830	2100313
155831	2100353
155832	2100377
155833	2100403
155834	2100407
155835	2100409
155836	2100451
155837	2100463
155838	2100473
155839	2100487
155840	2100493
155841	2100523
155842	2100533
155843	2100541
155844	2100551
155845	2100559
155846	2100563
155847	2100569
155848	2100587
155849	2100589
155850	2100607
155851	2100629
155852	2100649
155853	2100661
155854	2100691
155855	2100713
155856	2100719
155857	2100727
155858	2100733
155859	2100737
155860	2100743
155861	2100781
155862	2100793
155863	2100803
155864	2100821
155865	2100841
155866	2100859
155867	2100869
155868	2100893
155869	2100899
155870	2100913
155871	2100929
155872	2100941
155873	2100953
155874	2100983
155875	2100991
155876	2100997
155877	2101003
155878	2101007
155879	2101019
155880	2101051
155881	2101061
155882	2101067
155883	2101091
155884	2101093
155885	2101111
155886	2101123
155887	2101129
155888	2101139
155889	2101157
155890	2101181
155891	2101189
155892	2101199
155893	2101207
155894	2101213
155895	2101219
155896	2101223
155897	2101237
155898	2101243
155899	2101247
155900	2101249
155901	2101259
155902	2101261
155903	2101277
155904	2101283
155905	2101313
155906	2101327
155907	2101357
155908	2101391
155909	2101423
155910	2101433
155911	2101439
155912	2101447
155913	2101471
155914	2101481
155915	2101483
155916	2101499
155917	2101501
155918	2101513
155919	2101531
155920	2101549
155921	2101553
155922	2101607
155923	2101613
155924	2101621
155925	2101651
155926	2101657
155927	2101667
155928	2101669
155929	2101681
155930	2101703
155931	2101721
155932	2101733
155933	2101741
155934	2101751
155935	2101789
155936	2101807
155937	2101811
155938	2101817
155939	2101823
155940	2101843
155941	2101849
155942	2101867
155943	2101871
155944	2101873
155945	2101903
155946	2101907
155947	2101909
155948	2101961
155949	2102021
155950	2102057
155951	2102069
155952	2102083
155953	2102099
155954	2102117
155955	2102137
155956	2102143
155957	2102167
155958	2102171
155959	2102173
155960	2102183
155961	2102201
155962	2102207
155963	2102213
155964	2102249
155965	2102251
155966	2102257
155967	2102267
155968	2102273
155969	2102279
155970	2102291
155971	2102311
155972	2102323
155973	2102329
155974	2102341
155975	2102383
155976	2102411
155977	2102417
155978	2102431
155979	2102459
155980	2102461
155981	2102467
155982	2102479
155983	2102489
155984	2102497
155985	2102519
155986	2102531
155987	2102533
155988	2102549
155989	2102557
155990	2102561
155991	2102567
155992	2102579
155993	2102593
155994	2102623
155995	2102629
155996	2102647
155997	2102651
155998	2102687
155999	2102693
156000	2102717
