114001	1497557
114002	1497571
114003	1497577
114004	1497593
114005	1497619
114006	1497653
114007	1497659
114008	1497667
114009	1497673
114010	1497701
114011	1497707
114012	1497719
114013	1497721
114014	1497731
114015	1497757
114016	1497787
114017	1497799
114018	1497803
114019	1497809
114020	1497841
114021	1497851
114022	1497857
114023	1497863
114024	1497869
114025	1497877
114026	1497911
114027	1497949
114028	1497961
114029	1497983
114030	1497997
114031	1498001
114032	1498009
114033	1498027
114034	1498073
114035	1498097
114036	1498121
114037	1498129
114038	1498139
114039	1498141
114040	1498153
114041	1498213
114042	1498223
114043	1498229
114044	1498279
114045	1498303
114046	1498309
114047	1498319
114048	1498327
114049	1498333
114050	1498349
114051	1498351
114052	1498361
114053	1498379
114054	1498391
114055	1498403
114056	1498411
114057	1498417
114058	1498429
114059	1498433
114060	1498439
114061	1498457
114062	1498481
114063	1498489
114064	1498513
114065	1498529
114066	1498531
114067	1498543
114068	1498561
114069	1498577
114070	1498583
114071	1498619
114072	1498621
114073	1498649
114074	1498661
114075	1498667
114076	1498687
114077	1498697
114078	1498729
114079	1498741
114080	1498751
114081	1498789
114082	1498799
114083	1498801
114084	1498811
114085	1498813
114086	1498823
114087	1498829
114088	1498843
114089	1498921
114090	1498927
114091	1498951
114092	1498961
114093	1498969
114094	1498993
114095	1498997
114096	1499011
114097	1499041
114098	1499053
114099	1499059
114100	1499123
114101	1499149
114102	1499153
114103	1499161
114104	1499167
114105	1499189
114106	1499207
114107	1499219
114108	1499221
114109	1499227
114110	1499231
114111	1499237
114112	1499243
114113	1499257
114114	1499273
114115	1499287
114116	1499291
114117	1499321
114118	1499353
114119	1499357
114120	1499359
114121	1499369
114122	1499389
114123	1499413
114124	1499419
114125	1499429
114126	1499447
114127	1499467
114128	1499471
114129	1499497
114130	1499521
114131	1499549
114132	1499551
114133	1499567
114134	1499569
114135	1499579
114136	1499593
114137	1499609
114138	1499611
114139	1499627
114140	1499681
114141	1499683
114142	1499699
114143	1499713
114144	1499759
114145	1499767
114146	1499779
114147	1499831
114148	1499843
114149	1499857
114150	1499881
114151	1499891
114152	1499921
114153	1499933
114154	1499963
114155	1499977
114156	1500007
114157	1500019
114158	1500041
114159	1500043
114160	1500047
114161	1500061
114162	1500071
114163	1500073
114164	1500101
114165	1500113
114166	1500127
114167	1500133
114168	1500139
114169	1500143
114170	1500151
114171	1500157
114172	1500181
114173	1500229
114174	1500241
114175	1500269
114176	1500277
114177	1500283
114178	1500293
114179	1500337
114180	1500341
114181	1500347
114182	1500349
114183	1500353
114184	1500371
114185	1500379
114186	1500397
114187	1500407
114188	1500409
114189	1500413
114190	1500419
114191	1500463
114192	1500467
114193	1500469
114194	1500479
114195	1500491
114196	1500503
114197	1500511
114198	1500517
114199	1500523
114200	1500529
114201	1500533
114202	1500593
114203	1500613
114204	1500619
114205	1500643
114206	1500647
114207	1500649
114208	1500691
114209	1500701
114210	1500703
114211	1500713
114212	1500731
114213	1500739
114214	1500761
114215	1500767
114216	1500769
114217	1500781
114218	1500787
114219	1500797
114220	1500799
114221	1500817
114222	1500823
114223	1500827
114224	1500833
114225	1500839
114226	1500847
114227	1500853
114228	1500857
114229	1500859
114230	1500871
114231	1500893
114232	1500899
114233	1500929
114234	1500931
114235	1500937
114236	1500973
114237	1500991
114238	1500997
114239	1501009
114240	1501021
114241	1501037
114242	1501043
114243	1501081
114244	1501139
114245	1501169
114246	1501177
114247	1501193
114248	1501207
114249	1501217
114250	1501223
114251	1501229
114252	1501261
114253	1501303
114254	1501307
114255	1501333
114256	1501343
114257	1501351
114258	1501363
114259	1501369
114260	1501411
114261	1501427
114262	1501429
114263	1501441
114264	1501447
114265	1501471
114266	1501481
114267	1501483
114268	1501499
114269	1501501
114270	1501523
114271	1501529
114272	1501541
114273	1501561
114274	1501573
114275	1501583
114276	1501597
114277	1501607
114278	1501613
114279	1501639
114280	1501663
114281	1501667
114282	1501673
114283	1501679
114284	1501681
114285	1501699
114286	1501723
114287	1501777
114288	1501781
114289	1501783
114290	1501807
114291	1501811
114292	1501837
114293	1501847
114294	1501849
114295	1501859
114296	1501873
114297	1501889
114298	1501897
114299	1501901
114300	1501909
114301	1501921
114302	1501937
114303	1501943
114304	1501949
114305	1501957
114306	1501961
114307	1501999
114308	1502021
114309	1502023
114310	1502041
114311	1502047
114312	1502057
114313	1502063
114314	1502093
114315	1502099
114316	1502101
114317	1502141
114318	1502143
114319	1502161
114320	1502183
114321	1502191
114322	1502201
114323	1502203
114324	1502209
114325	1502219
114326	1502227
114327	1502233
114328	1502269
114329	1502297
114330	1502309
114331	1502323
114332	1502327
114333	1502329
114334	1502381
114335	1502407
114336	1502419
114337	1502437
114338	1502467
114339	1502471
114340	1502503
114341	1502551
114342	1502563
114343	1502569
114344	1502581
114345	1502591
114346	1502621
114347	1502629
114348	1502639
114349	1502651
114350	1502687
114351	1502689
114352	1502717
114353	1502719
114354	1502723
114355	1502741
114356	1502747
114357	1502759
114358	1502771
114359	1502801
114360	1502819
114361	1502827
114362	1502861
114363	1502863
114364	1502869
114365	1502887
114366	1502909
114367	1502923
114368	1502929
114369	1502933
114370	1502939
114371	1502947
114372	1502959
114373	1502971
114374	1502989
114375	1502993
114376	1503017
114377	1503031
114378	1503037
114379	1503043
114380	1503049
114381	1503053
114382	1503059
114383	1503091
114384	1503113
114385	1503127
114386	1503137
114387	1503149
114388	1503163
114389	1503169
114390	1503181
114391	1503233
114392	1503241
114393	1503247
114394	1503253
114395	1503263
114396	1503269
114397	1503287
114398	1503311
114399	1503317
114400	1503319
114401	1503329
114402	1503353
114403	1503367
114404	1503371
114405	1503373
114406	1503377
114407	1503401
114408	1503419
114409	1503431
114410	1503461
114411	1503473
114412	1503479
114413	1503499
114414	1503503
114415	1503517
114416	1503521
114417	1503529
114418	1503583
114419	1503611
114420	1503613
114421	1503637
114422	1503647
114423	1503653
114424	1503659
114425	1503661
114426	1503683
114427	1503713
114428	1503721
114429	1503731
114430	1503739
114431	1503751
114432	1503767
114433	1503781
114434	1503787
114435	1503811
114436	1503823
114437	1503829
114438	1503847
114439	1503863
114440	1503881
114441	1503883
114442	1503899
114443	1503913
114444	1503919
114445	1503937
114446	1503941
114447	1503959
114448	1503961
114449	1503967
114450	1503989
114451	1504033
114452	1504037
114453	1504057
114454	1504067
114455	1504073
114456	1504093
114457	1504103
114458	1504117
114459	1504121
114460	1504147
114461	1504157
114462	1504171
114463	1504187
114464	1504231
114465	1504247
114466	1504267
114467	1504271
114468	1504289
114469	1504297
114470	1504319
114471	1504339
114472	1504379
114473	1504409
114474	1504411
114475	1504417
114476	1504421
114477	1504429
114478	1504463
114479	1504469
114480	1504471
114481	1504487
114482	1504493
114483	1504501
114484	1504513
114485	1504519
114486	1504537
114487	1504543
114488	1504571
114489	1504579
114490	1504583
114491	1504589
114492	1504609
114493	1504627
114494	1504631
114495	1504651
114496	1504661
114497	1504663
114498	1504669
114499	1504673
114500	1504681
114501	1504691
114502	1504693
114503	1504697
114504	1504717
114505	1504733
114506	1504739
114507	1504747
114508	1504757
114509	1504777
114510	1504793
114511	1504801
114512	1504813
114513	1504817
114514	1504831
114515	1504843
114516	1504847
114517	1504859
114518	1504861
114519	1504879
114520	1504903
114521	1504907
114522	1504949
114523	1504961
114524	1504967
114525	1504969
114526	1504981
114527	1504991
114528	1504999
114529	1505003
114530	1505011
114531	1505033
114532	1505083
114533	1505087
114534	1505089
114535	1505093
114536	1505099
114537	1505107
114538	1505111
114539	1505117
114540	1505131
114541	1505137
114542	1505167
114543	1505173
114544	1505177
114545	1505183
114546	1505191
114547	1505201
114548	1505209
114549	1505227
114550	1505243
114551	1505261
114552	1505279
114553	1505291
114554	1505293
114555	1505311
114556	1505323
114557	1505341
114558	1505353
114559	1505369
114560	1505381
114561	1505407
114562	1505411
114563	1505417
114564	1505431
114565	1505437
114566	1505443
114567	1505447
114568	1505459
114569	1505489
114570	1505507
114571	1505519
114572	1505521
114573	1505563
114574	1505587
114575	1505591
114576	1505599
114577	1505611
114578	1505657
114579	1505659
114580	1505681
114581	1505683
114582	1505687
114583	1505711
114584	1505723
114585	1505729
114586	1505737
114587	1505743
114588	1505747
114589	1505753
114590	1505761
114591	1505773
114592	1505797
114593	1505813
114594	1505831
114595	1505837
114596	1505849
114597	1505851
114598	1505873
114599	1505893
114600	1505899
114601	1505929
114602	1505953
114603	1505983
114604	1505993
114605	1506007
114606	1506023
114607	1506031
114608	1506059
114609	1506077
114610	1506079
114611	1506091
114612	1506103
114613	1506121
114614	1506137
114615	1506157
114616	1506163
114617	1506179
114618	1506191
114619	1506199
114620	1506203
114621	1506223
114622	1506229
114623	1506257
114624	1506269
114625	1506287
114626	1506317
114627	1506341
114628	1506359
114629	1506371
114630	1506389
114631	1506391
114632	1506413
114633	1506433
114634	1506443
114635	1506457
114636	1506473
114637	1506487
114638	1506493
114639	1506497
114640	1506499
114641	1506509
114642	1506511
114643	1506551
114644	1506553
114645	1506559
114646	1506563
114647	1506587
114648	1506607
114649	1506611
114650	1506613
114651	1506619
114652	1506623
114653	1506641
114654	1506649
114655	1506653
114656	1506689
114657	1506697
114658	1506721
114659	1506731
114660	1506733
114661	1506749
114662	1506779
114663	1506781
114664	1506797
114665	1506803
114666	1506809
114667	1506823
114668	1506839
114669	1506851
114670	1506877
114671	1506887
114672	1506889
114673	1506907
114674	1506917
114675	1506929
114676	1506943
114677	1506959
114678	1506977
114679	1506979
114680	1506997
114681	1507007
114682	1507019
114683	1507039
114684	1507057
114685	1507069
114686	1507073
114687	1507091
114688	1507097
114689	1507111
114690	1507123
114691	1507139
114692	1507141
114693	1507153
114694	1507171
114695	1507183
114696	1507211
114697	1507229
114698	1507291
114699	1507301
114700	1507321
114701	1507369
114702	1507379
114703	1507421
114704	1507423
114705	1507427
114706	1507439
114707	1507453
114708	1507469
114709	1507481
114710	1507483
114711	1507487
114712	1507501
114713	1507531
114714	1507559
114715	1507591
114716	1507603
114717	1507607
114718	1507609
114719	1507613
114720	1507637
114721	1507651
114722	1507657
114723	1507687
114724	1507697
114725	1507699
114726	1507729
114727	1507763
114728	1507769
114729	1507771
114730	1507789
114731	1507813
114732	1507837
114733	1507841
114734	1507853
114735	1507867
114736	1507879
114737	1507889
114738	1507907
114739	1507921
114740	1507993
114741	1507997
114742	1508033
114743	1508047
114744	1508051
114745	1508063
114746	1508077
114747	1508081
114748	1508093
114749	1508113
114750	1508131
114751	1508141
114752	1508147
114753	1508173
114754	1508197
114755	1508207
114756	1508219
114757	1508249
114758	1508251
114759	1508263
114760	1508279
114761	1508281
114762	1508293
114763	1508303
114764	1508321
114765	1508323
114766	1508383
114767	1508389
114768	1508401
114769	1508407
114770	1508413
114771	1508417
114772	1508449
114773	1508459
114774	1508471
114775	1508473
114776	1508489
114777	1508509
114778	1508519
114779	1508531
114780	1508561
114781	1508579
114782	1508587
114783	1508621
114784	1508623
114785	1508627
114786	1508629
114787	1508651
114788	1508659
114789	1508671
114790	1508687
114791	1508693
114792	1508707
114793	1508711
114794	1508719
114795	1508723
114796	1508729
114797	1508743
114798	1508753
114799	1508779
114800	1508789
114801	1508797
114802	1508803
114803	1508813
114804	1508833
114805	1508851
114806	1508867
114807	1508873
114808	1508879
114809	1508893
114810	1508909
114811	1508911
114812	1508921
114813	1508929
114814	1508933
114815	1508939
114816	1508951
114817	1508953
114818	1508959
114819	1508977
114820	1508981
114821	1508993
114822	1509019
114823	1509031
114824	1509059
114825	1509061
114826	1509071
114827	1509077
114828	1509097
114829	1509127
114830	1509133
114831	1509143
114832	1509163
114833	1509187
114834	1509197
114835	1509203
114836	1509229
114837	1509269
114838	1509289
114839	1509307
114840	1509331
114841	1509353
114842	1509367
114843	1509371
114844	1509377
114845	1509407
114846	1509427
114847	1509437
114848	1509439
114849	1509457
114850	1509463
114851	1509491
114852	1509509
114853	1509517
114854	1509523
114855	1509533
114856	1509551
114857	1509553
114858	1509581
114859	1509587
114860	1509589
114861	1509623
114862	1509631
114863	1509643
114864	1509659
114865	1509701
114866	1509727
114867	1509733
114868	1509737
114869	1509749
114870	1509757
114871	1509779
114872	1509841
114873	1509857
114874	1509863
114875	1509887
114876	1509899
114877	1509913
114878	1509919
114879	1509929
114880	1509941
114881	1509947
114882	1509953
114883	1509961
114884	1509967
114885	1509971
114886	1509997
114887	1510013
114888	1510021
114889	1510039
114890	1510043
114891	1510049
114892	1510057
114893	1510087
114894	1510109
114895	1510121
114896	1510141
114897	1510147
114898	1510163
114899	1510189
114900	1510199
114901	1510207
114902	1510213
114903	1510217
114904	1510219
114905	1510259
114906	1510273
114907	1510279
114908	1510307
114909	1510309
114910	1510319
114911	1510321
114912	1510337
114913	1510339
114914	1510343
114915	1510357
114916	1510361
114917	1510363
114918	1510373
114919	1510391
114920	1510393
114921	1510417
114922	1510423
114923	1510427
114924	1510429
114925	1510469
114926	1510477
114927	1510489
114928	1510493
114929	1510507
114930	1510511
114931	1510541
114932	1510573
114933	1510583
114934	1510591
114935	1510601
114936	1510643
114937	1510651
114938	1510669
114939	1510679
114940	1510681
114941	1510687
114942	1510693
114943	1510703
114944	1510741
114945	1510753
114946	1510757
114947	1510759
114948	1510763
114949	1510777
114950	1510781
114951	1510799
114952	1510819
114953	1510843
114954	1510853
114955	1510867
114956	1510877
114957	1510889
114958	1510897
114959	1510913
114960	1510921
114961	1510933
114962	1510961
114963	1510963
114964	1510967
114965	1510991
114966	1511017
114967	1511021
114968	1511047
114969	1511053
114970	1511099
114971	1511101
114972	1511119
114973	1511129
114974	1511143
114975	1511179
114976	1511201
114977	1511207
114978	1511227
114979	1511231
114980	1511233
114981	1511239
114982	1511243
114983	1511269
114984	1511273
114985	1511287
114986	1511291
114987	1511303
114988	1511327
114989	1511329
114990	1511371
114991	1511387
114992	1511423
114993	1511429
114994	1511441
114995	1511443
114996	1511449
114997	1511459
114998	1511527
114999	1511533
115000	1511539
