108001	1412647
108002	1412651
108003	1412659
108004	1412681
108005	1412689
108006	1412693
108007	1412711
108008	1412713
108009	1412753
108010	1412759
108011	1412767
108012	1412777
108013	1412779
108014	1412791
108015	1412797
108016	1412813
108017	1412833
108018	1412837
108019	1412849
108020	1412857
108021	1412861
108022	1412863
108023	1412893
108024	1412903
108025	1412911
108026	1412933
108027	1412947
108028	1412969
108029	1412981
108030	1413001
108031	1413007
108032	1413017
108033	1413029
108034	1413031
108035	1413043
108036	1413077
108037	1413079
108038	1413089
108039	1413103
108040	1413107
108041	1413131
108042	1413133
108043	1413161
108044	1413169
108045	1413173
108046	1413179
108047	1413211
108048	1413221
108049	1413233
108050	1413253
108051	1413271
108052	1413283
108053	1413301
108054	1413341
108055	1413361
108056	1413371
108057	1413413
108058	1413427
108059	1413439
108060	1413443
108061	1413449
108062	1413479
108063	1413481
108064	1413487
108065	1413509
108066	1413521
108067	1413523
108068	1413527
108069	1413541
108070	1413551
108071	1413571
108072	1413593
108073	1413623
108074	1413641
108075	1413647
108076	1413661
108077	1413673
108078	1413677
108079	1413679
108080	1413689
108081	1413691
108082	1413749
108083	1413751
108084	1413773
108085	1413781
108086	1413793
108087	1413827
108088	1413829
108089	1413851
108090	1413859
108091	1413877
108092	1413889
108093	1413931
108094	1413949
108095	1413959
108096	1413991
108097	1414001
108098	1414027
108099	1414031
108100	1414067
108101	1414073
108102	1414081
108103	1414097
108104	1414123
108105	1414129
108106	1414181
108107	1414207
108108	1414211
108109	1414241
108110	1414261
108111	1414267
108112	1414291
108113	1414297
108114	1414307
108115	1414319
108116	1414321
108117	1414331
108118	1414373
108119	1414381
108120	1414393
108121	1414397
108122	1414409
108123	1414423
108124	1414453
108125	1414463
108126	1414481
108127	1414507
108128	1414513
108129	1414549
108130	1414573
108131	1414577
108132	1414597
108133	1414613
108134	1414619
108135	1414627
108136	1414631
108137	1414663
108138	1414681
108139	1414697
108140	1414703
108141	1414709
108142	1414733
108143	1414741
108144	1414801
108145	1414837
108146	1414849
108147	1414913
108148	1414921
108149	1414943
108150	1414957
108151	1414979
108152	1414993
108153	1414999
108154	1415023
108155	1415039
108156	1415059
108157	1415069
108158	1415077
108159	1415081
108160	1415083
108161	1415093
108162	1415137
108163	1415143
108164	1415179
108165	1415191
108166	1415207
108167	1415221
108168	1415231
108169	1415237
108170	1415263
108171	1415273
108172	1415303
108173	1415317
108174	1415321
108175	1415339
108176	1415341
108177	1415357
108178	1415377
108179	1415387
108180	1415411
108181	1415419
108182	1415441
108183	1415459
108184	1415467
108185	1415473
108186	1415497
108187	1415507
108188	1415567
108189	1415569
108190	1415591
108191	1415611
108192	1415629
108193	1415639
108194	1415647
108195	1415651
108196	1415681
108197	1415707
108198	1415741
108199	1415753
108200	1415773
108201	1415779
108202	1415783
108203	1415803
108204	1415819
108205	1415831
108206	1415833
108207	1415837
108208	1415851
108209	1415881
108210	1415929
108211	1415933
108212	1415957
108213	1415971
108214	1415977
108215	1415989
108216	1416007
108217	1416011
108218	1416029
108219	1416031
108220	1416043
108221	1416047
108222	1416053
108223	1416061
108224	1416067
108225	1416071
108226	1416073
108227	1416097
108228	1416109
108229	1416113
108230	1416137
108231	1416143
108232	1416161
108233	1416167
108234	1416187
108235	1416197
108236	1416199
108237	1416209
108238	1416211
108239	1416223
108240	1416277
108241	1416293
108242	1416299
108243	1416329
108244	1416341
108245	1416433
108246	1416449
108247	1416461
108248	1416473
108249	1416479
108250	1416487
108251	1416497
108252	1416511
108253	1416551
108254	1416577
108255	1416587
108256	1416601
108257	1416617
108258	1416629
108259	1416631
108260	1416641
108261	1416671
108262	1416691
108263	1416703
108264	1416713
108265	1416739
108266	1416749
108267	1416757
108268	1416769
108269	1416799
108270	1416803
108271	1416809
108272	1416829
108273	1416851
108274	1416859
108275	1416871
108276	1416913
108277	1416931
108278	1416937
108279	1416941
108280	1416949
108281	1416953
108282	1416977
108283	1416997
108284	1417019
108285	1417033
108286	1417051
108287	1417057
108288	1417067
108289	1417093
108290	1417123
108291	1417159
108292	1417183
108293	1417189
108294	1417217
108295	1417219
108296	1417223
108297	1417253
108298	1417261
108299	1417271
108300	1417279
108301	1417301
108302	1417303
108303	1417309
108304	1417313
108305	1417319
108306	1417331
108307	1417337
108308	1417349
108309	1417363
108310	1417369
108311	1417393
108312	1417399
108313	1417417
108314	1417439
108315	1417453
108316	1417459
108317	1417463
108318	1417469
108319	1417487
108320	1417489
108321	1417499
108322	1417523
108323	1417541
108324	1417543
108325	1417561
108326	1417573
108327	1417583
108328	1417597
108329	1417631
108330	1417639
108331	1417649
108332	1417679
108333	1417693
108334	1417699
108335	1417727
108336	1417747
108337	1417751
108338	1417769
108339	1417771
108340	1417777
108341	1417807
108342	1417831
108343	1417841
108344	1417873
108345	1417883
108346	1417891
108347	1417901
108348	1417907
108349	1417931
108350	1417967
108351	1417979
108352	1417991
108353	1417993
108354	1418009
108355	1418023
108356	1418047
108357	1418051
108358	1418059
108359	1418063
108360	1418077
108361	1418093
108362	1418101
108363	1418107
108364	1418117
108365	1418119
108366	1418147
108367	1418159
108368	1418161
108369	1418167
108370	1418201
108371	1418213
108372	1418233
108373	1418239
108374	1418243
108375	1418251
108376	1418257
108377	1418267
108378	1418297
108379	1418299
108380	1418353
108381	1418363
108382	1418399
108383	1418423
108384	1418447
108385	1418449
108386	1418453
108387	1418491
108388	1418513
108389	1418551
108390	1418561
108391	1418567
108392	1418569
108393	1418579
108394	1418581
108395	1418611
108396	1418621
108397	1418687
108398	1418689
108399	1418693
108400	1418741
108401	1418759
108402	1418771
108403	1418783
108404	1418797
108405	1418831
108406	1418849
108407	1418867
108408	1418869
108409	1418873
108410	1418881
108411	1418917
108412	1418951
108413	1418953
108414	1418959
108415	1418983
108416	1419001
108417	1419023
108418	1419029
108419	1419037
108420	1419059
108421	1419073
108422	1419079
108423	1419083
108424	1419097
108425	1419137
108426	1419157
108427	1419161
108428	1419163
108429	1419179
108430	1419199
108431	1419233
108432	1419239
108433	1419247
108434	1419251
108435	1419263
108436	1419269
108437	1419293
108438	1419311
108439	1419317
108440	1419337
108441	1419349
108442	1419359
108443	1419371
108444	1419373
108445	1419377
108446	1419389
108447	1419403
108448	1419427
108449	1419469
108450	1419487
108451	1419493
108452	1419497
108453	1419511
108454	1419527
108455	1419533
108456	1419557
108457	1419563
108458	1419589
108459	1419611
108460	1419617
108461	1419641
108462	1419643
108463	1419673
108464	1419679
108465	1419683
108466	1419689
108467	1419697
108468	1419701
108469	1419713
108470	1419739
108471	1419749
108472	1419763
108473	1419791
108474	1419799
108475	1419809
108476	1419827
108477	1419829
108478	1419833
108479	1419839
108480	1419877
108481	1419883
108482	1419911
108483	1419919
108484	1419947
108485	1419961
108486	1419967
108487	1419973
108488	1420009
108489	1420031
108490	1420037
108491	1420039
108492	1420057
108493	1420063
108494	1420073
108495	1420091
108496	1420093
108497	1420099
108498	1420109
108499	1420121
108500	1420123
108501	1420151
108502	1420169
108503	1420201
108504	1420207
108505	1420253
108506	1420259
108507	1420261
108508	1420277
108509	1420283
108510	1420291
108511	1420301
108512	1420303
108513	1420357
108514	1420369
108515	1420373
108516	1420399
108517	1420403
108518	1420429
108519	1420483
108520	1420493
108521	1420501
108522	1420511
108523	1420519
108524	1420561
108525	1420577
108526	1420583
108527	1420603
108528	1420607
108529	1420613
108530	1420621
108531	1420631
108532	1420633
108533	1420651
108534	1420667
108535	1420697
108536	1420717
108537	1420721
108538	1420729
108539	1420753
108540	1420777
108541	1420789
108542	1420807
108543	1420817
108544	1420819
108545	1420831
108546	1420841
108547	1420847
108548	1420879
108549	1420883
108550	1420891
108551	1420901
108552	1420919
108553	1420921
108554	1420931
108555	1420933
108556	1420949
108557	1420967
108558	1420981
108559	1420999
108560	1421011
108561	1421027
108562	1421039
108563	1421041
108564	1421083
108565	1421093
108566	1421099
108567	1421113
108568	1421141
108569	1421153
108570	1421159
108571	1421191
108572	1421213
108573	1421221
108574	1421227
108575	1421243
108576	1421249
108577	1421267
108578	1421291
108579	1421293
108580	1421309
108581	1421317
108582	1421339
108583	1421351
108584	1421389
108585	1421401
108586	1421417
108587	1421437
108588	1421449
108589	1421461
108590	1421471
108591	1421473
108592	1421479
108593	1421501
108594	1421521
108595	1421527
108596	1421543
108597	1421549
108598	1421569
108599	1421603
108600	1421611
108601	1421621
108602	1421627
108603	1421639
108604	1421647
108605	1421663
108606	1421669
108607	1421677
108608	1421689
108609	1421711
108610	1421731
108611	1421737
108612	1421741
108613	1421747
108614	1421759
108615	1421773
108616	1421779
108617	1421801
108618	1421813
108619	1421857
108620	1421867
108621	1421909
108622	1421911
108623	1421933
108624	1421963
108625	1421969
108626	1421977
108627	1421989
108628	1422007
108629	1422011
108630	1422013
108631	1422023
108632	1422061
108633	1422089
108634	1422097
108635	1422103
108636	1422107
108637	1422119
108638	1422133
108639	1422163
108640	1422191
108641	1422193
108642	1422199
108643	1422221
108644	1422227
108645	1422229
108646	1422241
108647	1422257
108648	1422277
108649	1422287
108650	1422293
108651	1422367
108652	1422409
108653	1422419
108654	1422433
108655	1422437
108656	1422439
108657	1422461
108658	1422469
108659	1422493
108660	1422521
108661	1422523
108662	1422541
108663	1422563
108664	1422583
108665	1422593
108666	1422599
108667	1422601
108668	1422637
108669	1422647
108670	1422661
108671	1422671
108672	1422677
108673	1422691
108674	1422709
108675	1422721
108676	1422727
108677	1422749
108678	1422763
108679	1422797
108680	1422821
108681	1422833
108682	1422857
108683	1422877
108684	1422899
108685	1422907
108686	1422923
108687	1422937
108688	1422961
108689	1422973
108690	1422977
108691	1422979
108692	1422991
108693	1423003
108694	1423039
108695	1423061
108696	1423067
108697	1423073
108698	1423091
108699	1423111
108700	1423127
108701	1423129
108702	1423159
108703	1423181
108704	1423183
108705	1423187
108706	1423193
108707	1423231
108708	1423237
108709	1423243
108710	1423259
108711	1423273
108712	1423277
108713	1423283
108714	1423297
108715	1423307
108716	1423319
108717	1423321
108718	1423327
108719	1423333
108720	1423339
108721	1423361
108722	1423369
108723	1423379
108724	1423381
108725	1423391
108726	1423399
108727	1423403
108728	1423417
108729	1423439
108730	1423441
108731	1423451
108732	1423453
108733	1423463
108734	1423469
108735	1423481
108736	1423483
108737	1423507
108738	1423511
108739	1423547
108740	1423553
108741	1423579
108742	1423589
108743	1423603
108744	1423607
108745	1423627
108746	1423637
108747	1423663
108748	1423691
108749	1423703
108750	1423711
108751	1423717
108752	1423753
108753	1423757
108754	1423759
108755	1423781
108756	1423789
108757	1423819
108758	1423843
108759	1423853
108760	1423897
108761	1423901
108762	1423909
108763	1423921
108764	1423931
108765	1423943
108766	1423949
108767	1423957
108768	1423967
108769	1423969
108770	1423979
108771	1423991
108772	1423997
108773	1424021
108774	1424023
108775	1424041
108776	1424077
108777	1424119
108778	1424123
108779	1424149
108780	1424177
108781	1424191
108782	1424231
108783	1424237
108784	1424257
108785	1424261
108786	1424263
108787	1424317
108788	1424323
108789	1424341
108790	1424347
108791	1424351
108792	1424359
108793	1424369
108794	1424399
108795	1424407
108796	1424417
108797	1424431
108798	1424441
108799	1424443
108800	1424471
108801	1424477
108802	1424483
108803	1424497
108804	1424503
108805	1424513
108806	1424519
108807	1424531
108808	1424539
108809	1424557
108810	1424561
108811	1424569
108812	1424573
108813	1424581
108814	1424603
108815	1424659
108816	1424681
108817	1424699
108818	1424701
108819	1424707
108820	1424723
108821	1424737
108822	1424743
108823	1424749
108824	1424767
108825	1424771
108826	1424779
108827	1424789
108828	1424803
108829	1424809
108830	1424831
108831	1424837
108832	1424849
108833	1424851
108834	1424869
108835	1424881
108836	1424903
108837	1424911
108838	1424933
108839	1424939
108840	1424947
108841	1424959
108842	1424963
108843	1424989
108844	1425007
108845	1425029
108846	1425049
108847	1425071
108848	1425077
108849	1425079
108850	1425091
108851	1425097
108852	1425113
108853	1425121
108854	1425139
108855	1425169
108856	1425187
108857	1425199
108858	1425217
108859	1425227
108860	1425251
108861	1425253
108862	1425271
108863	1425293
108864	1425299
108865	1425301
108866	1425311
108867	1425337
108868	1425343
108869	1425367
108870	1425371
108871	1425427
108872	1425439
108873	1425451
108874	1425469
108875	1425481
108876	1425491
108877	1425497
108878	1425503
108879	1425511
108880	1425521
108881	1425527
108882	1425539
108883	1425547
108884	1425583
108885	1425601
108886	1425607
108887	1425629
108888	1425649
108889	1425653
108890	1425661
108891	1425667
108892	1425707
108893	1425733
108894	1425757
108895	1425769
108896	1425791
108897	1425797
108898	1425811
108899	1425821
108900	1425863
108901	1425877
108902	1425881
108903	1425883
108904	1425889
108905	1425899
108906	1425911
108907	1425913
108908	1425917
108909	1425929
108910	1425953
108911	1425967
108912	1425973
108913	1426003
108914	1426043
108915	1426057
108916	1426063
108917	1426067
108918	1426081
108919	1426097
108920	1426109
108921	1426111
108922	1426123
108923	1426127
108924	1426129
108925	1426141
108926	1426151
108927	1426153
108928	1426157
108929	1426163
108930	1426169
108931	1426171
108932	1426199
108933	1426211
108934	1426213
108935	1426223
108936	1426231
108937	1426237
108938	1426247
108939	1426277
108940	1426289
108941	1426291
108942	1426301
108943	1426303
108944	1426331
108945	1426343
108946	1426361
108947	1426367
108948	1426379
108949	1426393
108950	1426427
108951	1426429
108952	1426457
108953	1426471
108954	1426489
108955	1426499
108956	1426511
108957	1426519
108958	1426541
108959	1426543
108960	1426553
108961	1426559
108962	1426567
108963	1426583
108964	1426613
108965	1426619
108966	1426627
108967	1426643
108968	1426669
108969	1426673
108970	1426693
108971	1426699
108972	1426703
108973	1426717
108974	1426723
108975	1426741
108976	1426751
108977	1426753
108978	1426781
108979	1426801
108980	1426807
108981	1426811
108982	1426847
108983	1426877
108984	1426883
108985	1426889
108986	1426891
108987	1426907
108988	1426913
108989	1426927
108990	1426933
108991	1426939
108992	1426949
108993	1426951
108994	1426969
108995	1426981
108996	1426987
108997	1426991
108998	1427017
108999	1427021
109000	1427039
