153001	2058877
153002	2058893
153003	2058899
153004	2058919
153005	2058949
153006	2058967
153007	2059009
153008	2059033
153009	2059039
153010	2059063
153011	2059093
153012	2059097
153013	2059133
153014	2059153
153015	2059157
153016	2059181
153017	2059207
153018	2059217
153019	2059223
153020	2059231
153021	2059243
153022	2059249
153023	2059271
153024	2059273
153025	2059283
153026	2059297
153027	2059303
153028	2059327
153029	2059331
153030	2059339
153031	2059367
153032	2059381
153033	2059411
153034	2059417
153035	2059427
153036	2059441
153037	2059459
153038	2059469
153039	2059481
153040	2059501
153041	2059511
153042	2059517
153043	2059537
153044	2059573
153045	2059613
153046	2059621
153047	2059637
153048	2059649
153049	2059661
153050	2059697
153051	2059709
153052	2059711
153053	2059721
153054	2059723
153055	2059741
153056	2059747
153057	2059751
153058	2059763
153059	2059769
153060	2059777
153061	2059793
153062	2059807
153063	2059817
153064	2059819
153065	2059823
153066	2059843
153067	2059859
153068	2059861
153069	2059879
153070	2059891
153071	2059913
153072	2059921
153073	2059927
153074	2059931
153075	2059933
153076	2059943
153077	2059973
153078	2059979
153079	2060021
153080	2060059
153081	2060063
153082	2060089
153083	2060099
153084	2060101
153085	2060117
153086	2060129
153087	2060137
153088	2060141
153089	2060159
153090	2060161
153091	2060171
153092	2060203
153093	2060231
153094	2060243
153095	2060249
153096	2060251
153097	2060263
153098	2060273
153099	2060287
153100	2060327
153101	2060347
153102	2060351
153103	2060389
153104	2060407
153105	2060437
153106	2060441
153107	2060447
153108	2060449
153109	2060453
153110	2060473
153111	2060489
153112	2060503
153113	2060507
153114	2060543
153115	2060551
153116	2060561
153117	2060563
153118	2060579
153119	2060581
153120	2060599
153121	2060609
153122	2060627
153123	2060629
153124	2060657
153125	2060671
153126	2060687
153127	2060749
153128	2060753
153129	2060767
153130	2060801
153131	2060803
153132	2060843
153133	2060857
153134	2060867
153135	2060879
153136	2060881
153137	2060909
153138	2060921
153139	2060963
153140	2060977
153141	2061013
153142	2061041
153143	2061049
153144	2061067
153145	2061077
153146	2061079
153147	2061109
153148	2061113
153149	2061127
153150	2061149
153151	2061161
153152	2061173
153153	2061179
153154	2061181
153155	2061187
153156	2061197
153157	2061203
153158	2061209
153159	2061217
153160	2061239
153161	2061247
153162	2061271
153163	2061277
153164	2061287
153165	2061289
153166	2061313
153167	2061331
153168	2061341
153169	2061361
153170	2061379
153171	2061383
153172	2061391
153173	2061413
153174	2061419
153175	2061427
153176	2061431
153177	2061491
153178	2061503
153179	2061533
153180	2061551
153181	2061583
153182	2061589
153183	2061599
153184	2061601
153185	2061613
153186	2061623
153187	2061629
153188	2061649
153189	2061667
153190	2061673
153191	2061679
153192	2061691
153193	2061733
153194	2061757
153195	2061793
153196	2061847
153197	2061869
153198	2061877
153199	2061883
153200	2061887
153201	2061907
153202	2061919
153203	2061923
153204	2061967
153205	2061971
153206	2062001
153207	2062003
153208	2062007
153209	2062009
153210	2062033
153211	2062037
153212	2062043
153213	2062057
153214	2062061
153215	2062063
153216	2062069
153217	2062091
153218	2062129
153219	2062147
153220	2062153
153221	2062169
153222	2062187
153223	2062199
153224	2062201
153225	2062217
153226	2062223
153227	2062231
153228	2062243
153229	2062267
153230	2062273
153231	2062289
153232	2062297
153233	2062303
153234	2062339
153235	2062351
153236	2062381
153237	2062391
153238	2062429
153239	2062477
153240	2062483
153241	2062493
153242	2062513
153243	2062517
153244	2062519
153245	2062531
153246	2062537
153247	2062547
153248	2062553
153249	2062561
153250	2062573
153251	2062597
153252	2062637
153253	2062651
153254	2062657
153255	2062673
153256	2062681
153257	2062693
153258	2062703
153259	2062721
153260	2062747
153261	2062757
153262	2062759
153263	2062789
153264	2062807
153265	2062829
153266	2062843
153267	2062859
153268	2062871
153269	2062873
153270	2062883
153271	2062889
153272	2062891
153273	2062903
153274	2062909
153275	2062913
153276	2062937
153277	2062943
153278	2062979
153279	2062993
153280	2062999
153281	2063003
153282	2063021
153283	2063029
153284	2063057
153285	2063059
153286	2063107
153287	2063111
153288	2063129
153289	2063141
153290	2063167
153291	2063179
153292	2063213
153293	2063249
153294	2063251
153295	2063279
153296	2063291
153297	2063293
153298	2063323
153299	2063339
153300	2063351
153301	2063359
153302	2063377
153303	2063389
153304	2063393
153305	2063423
153306	2063429
153307	2063459
153308	2063461
153309	2063483
153310	2063497
153311	2063507
153312	2063521
153313	2063539
153314	2063543
153315	2063549
153316	2063557
153317	2063561
153318	2063563
153319	2063573
153320	2063587
153321	2063597
153322	2063603
153323	2063617
153324	2063627
153325	2063651
153326	2063671
153327	2063687
153328	2063693
153329	2063707
153330	2063729
153331	2063731
153332	2063741
153333	2063771
153334	2063773
153335	2063777
153336	2063779
153337	2063797
153338	2063807
153339	2063819
153340	2063827
153341	2063833
153342	2063839
153343	2063857
153344	2063861
153345	2063863
153346	2063881
153347	2063903
153348	2063909
153349	2063917
153350	2063921
153351	2063933
153352	2063939
153353	2063983
153354	2063993
153355	2064031
153356	2064047
153357	2064061
153358	2064067
153359	2064071
153360	2064077
153361	2064109
153362	2064113
153363	2064121
153364	2064143
153365	2064149
153366	2064151
153367	2064169
153368	2064187
153369	2064199
153370	2064229
153371	2064241
153372	2064247
153373	2064263
153374	2064277
153375	2064299
153376	2064313
153377	2064317
153378	2064323
153379	2064329
153380	2064343
153381	2064353
153382	2064371
153383	2064373
153384	2064379
153385	2064389
153386	2064421
153387	2064427
153388	2064431
153389	2064437
153390	2064443
153391	2064449
153392	2064487
153393	2064511
153394	2064523
153395	2064527
153396	2064529
153397	2064547
153398	2064551
153399	2064571
153400	2064581
153401	2064583
153402	2064589
153403	2064611
153404	2064619
153405	2064649
153406	2064653
153407	2064679
153408	2064703
153409	2064737
153410	2064761
153411	2064763
153412	2064767
153413	2064781
153414	2064793
153415	2064809
153416	2064833
153417	2064847
153418	2064857
153419	2064877
153420	2064899
153421	2064913
153422	2064919
153423	2064929
153424	2064943
153425	2064947
153426	2064949
153427	2064961
153428	2064971
153429	2064983
153430	2065031
153431	2065043
153432	2065073
153433	2065087
153434	2065103
153435	2065111
153436	2065117
153437	2065121
153438	2065153
153439	2065157
153440	2065163
153441	2065169
153442	2065181
153443	2065187
153444	2065213
153445	2065241
153446	2065267
153447	2065309
153448	2065363
153449	2065369
153450	2065379
153451	2065387
153452	2065397
153453	2065411
153454	2065417
153455	2065429
153456	2065489
153457	2065493
153458	2065501
153459	2065523
153460	2065559
153461	2065571
153462	2065573
153463	2065577
153464	2065579
153465	2065597
153466	2065627
153467	2065633
153468	2065639
153469	2065663
153470	2065667
153471	2065669
153472	2065711
153473	2065717
153474	2065727
153475	2065729
153476	2065733
153477	2065751
153478	2065759
153479	2065769
153480	2065799
153481	2065801
153482	2065807
153483	2065829
153484	2065841
153485	2065879
153486	2065897
153487	2065907
153488	2065937
153489	2065961
153490	2065967
153491	2065991
153492	2065997
153493	2066017
153494	2066033
153495	2066059
153496	2066069
153497	2066081
153498	2066083
153499	2066101
153500	2066111
153501	2066123
153502	2066137
153503	2066149
153504	2066153
153505	2066161
153506	2066173
153507	2066177
153508	2066179
153509	2066201
153510	2066203
153511	2066209
153512	2066219
153513	2066249
153514	2066257
153515	2066287
153516	2066293
153517	2066321
153518	2066329
153519	2066399
153520	2066419
153521	2066437
153522	2066443
153523	2066447
153524	2066461
153525	2066473
153526	2066501
153527	2066507
153528	2066509
153529	2066521
153530	2066539
153531	2066549
153532	2066551
153533	2066563
153534	2066579
153535	2066587
153536	2066599
153537	2066609
153538	2066641
153539	2066653
153540	2066681
153541	2066683
153542	2066693
153543	2066699
153544	2066717
153545	2066723
153546	2066759
153547	2066761
153548	2066767
153549	2066777
153550	2066789
153551	2066797
153552	2066833
153553	2066879
153554	2066887
153555	2066893
153556	2066899
153557	2066903
153558	2066923
153559	2066929
153560	2066951
153561	2066957
153562	2066963
153563	2066969
153564	2066971
153565	2066989
153566	2066993
153567	2067001
153568	2067007
153569	2067019
153570	2067041
153571	2067061
153572	2067071
153573	2067073
153574	2067083
153575	2067101
153576	2067119
153577	2067137
153578	2067187
153579	2067209
153580	2067211
153581	2067253
153582	2067269
153583	2067277
153584	2067337
153585	2067349
153586	2067379
153587	2067383
153588	2067407
153589	2067413
153590	2067427
153591	2067431
153592	2067437
153593	2067451
153594	2067479
153595	2067491
153596	2067511
153597	2067517
153598	2067529
153599	2067547
153600	2067581
153601	2067587
153602	2067617
153603	2067623
153604	2067647
153605	2067661
153606	2067679
153607	2067691
153608	2067697
153609	2067719
153610	2067721
153611	2067739
153612	2067781
153613	2067797
153614	2067799
153615	2067811
153616	2067823
153617	2067851
153618	2067853
153619	2067883
153620	2067887
153621	2067911
153622	2067929
153623	2067937
153624	2067977
153625	2067997
153626	2068037
153627	2068039
153628	2068043
153629	2068061
153630	2068063
153631	2068069
153632	2068109
153633	2068117
153634	2068123
153635	2068133
153636	2068139
153637	2068147
153638	2068151
153639	2068201
153640	2068211
153641	2068249
153642	2068267
153643	2068273
153644	2068279
153645	2068291
153646	2068333
153647	2068349
153648	2068361
153649	2068387
153650	2068393
153651	2068399
153652	2068403
153653	2068421
153654	2068427
153655	2068439
153656	2068453
153657	2068463
153658	2068471
153659	2068477
153660	2068487
153661	2068489
153662	2068499
153663	2068501
153664	2068513
153665	2068519
153666	2068529
153667	2068553
153668	2068579
153669	2068589
153670	2068607
153671	2068637
153672	2068639
153673	2068667
153674	2068673
153675	2068681
153676	2068699
153677	2068709
153678	2068741
153679	2068751
153680	2068753
153681	2068757
153682	2068763
153683	2068769
153684	2068811
153685	2068813
153686	2068817
153687	2068823
153688	2068841
153689	2068877
153690	2068897
153691	2068903
153692	2068921
153693	2068939
153694	2068943
153695	2068949
153696	2068973
153697	2068991
153698	2068999
153699	2069009
153700	2069017
153701	2069029
153702	2069047
153703	2069051
153704	2069069
153705	2069101
153706	2069113
153707	2069129
153708	2069141
153709	2069183
153710	2069191
153711	2069209
153712	2069213
153713	2069227
153714	2069239
153715	2069251
153716	2069261
153717	2069267
153718	2069329
153719	2069341
153720	2069351
153721	2069377
153722	2069381
153723	2069383
153724	2069387
153725	2069399
153726	2069413
153727	2069443
153728	2069449
153729	2069489
153730	2069497
153731	2069503
153732	2069519
153733	2069531
153734	2069533
153735	2069549
153736	2069569
153737	2069581
153738	2069603
153739	2069629
153740	2069647
153741	2069657
153742	2069671
153743	2069681
153744	2069687
153745	2069707
153746	2069713
153747	2069723
153748	2069729
153749	2069737
153750	2069761
153751	2069773
153752	2069783
153753	2069797
153754	2069807
153755	2069819
153756	2069827
153757	2069843
153758	2069857
153759	2069861
153760	2069887
153761	2069909
153762	2069911
153763	2069923
153764	2069929
153765	2069941
153766	2069953
153767	2069957
153768	2069959
153769	2069983
153770	2069987
153771	2069989
153772	2069999
153773	2070041
153774	2070043
153775	2070067
153776	2070071
153777	2070083
153778	2070091
153779	2070137
153780	2070143
153781	2070179
153782	2070181
153783	2070203
153784	2070217
153785	2070239
153786	2070241
153787	2070283
153788	2070287
153789	2070301
153790	2070307
153791	2070317
153792	2070319
153793	2070323
153794	2070329
153795	2070371
153796	2070421
153797	2070427
153798	2070433
153799	2070443
153800	2070451
153801	2070461
153802	2070463
153803	2070469
153804	2070473
153805	2070479
153806	2070517
153807	2070527
153808	2070533
153809	2070553
153810	2070559
153811	2070569
153812	2070581
153813	2070587
153814	2070611
153815	2070613
153816	2070619
153817	2070641
153818	2070643
153819	2070661
153820	2070709
153821	2070737
153822	2070749
153823	2070781
153824	2070793
153825	2070797
153826	2070799
153827	2070811
153828	2070823
153829	2070833
153830	2070839
153831	2070863
153832	2070877
153833	2070883
153834	2070907
153835	2070911
153836	2070931
153837	2070947
153838	2070953
153839	2070973
153840	2070997
153841	2071007
153842	2071063
153843	2071073
153844	2071087
153845	2071123
153846	2071159
153847	2071169
153848	2071189
153849	2071193
153850	2071213
153851	2071259
153852	2071261
153853	2071271
153854	2071291
153855	2071319
153856	2071339
153857	2071343
153858	2071351
153859	2071367
153860	2071373
153861	2071379
153862	2071393
153863	2071397
153864	2071411
153865	2071427
153866	2071429
153867	2071453
153868	2071457
153869	2071463
153870	2071471
153871	2071481
153872	2071493
153873	2071507
153874	2071543
153875	2071561
153876	2071579
153877	2071583
153878	2071591
153879	2071613
153880	2071631
153881	2071649
153882	2071661
153883	2071669
153884	2071681
153885	2071687
153886	2071711
153887	2071721
153888	2071723
153889	2071733
153890	2071753
153891	2071759
153892	2071781
153893	2071799
153894	2071801
153895	2071819
153896	2071837
153897	2071859
153898	2071873
153899	2071879
153900	2071897
153901	2071913
153902	2071921
153903	2071939
153904	2071957
153905	2071961
153906	2071973
153907	2071991
153908	2071997
153909	2071999
153910	2072003
153911	2072023
153912	2072029
153913	2072033
153914	2072039
153915	2072053
153916	2072087
153917	2072101
153918	2072117
153919	2072123
153920	2072129
153921	2072131
153922	2072153
153923	2072179
153924	2072201
153925	2072207
153926	2072209
153927	2072267
153928	2072293
153929	2072321
153930	2072327
153931	2072363
153932	2072383
153933	2072393
153934	2072423
153935	2072429
153936	2072431
153937	2072437
153938	2072467
153939	2072479
153940	2072489
153941	2072491
153942	2072527
153943	2072531
153944	2072549
153945	2072563
153946	2072569
153947	2072573
153948	2072579
153949	2072617
153950	2072647
153951	2072663
153952	2072683
153953	2072687
153954	2072699
153955	2072701
153956	2072731
153957	2072743
153958	2072773
153959	2072789
153960	2072801
153961	2072809
153962	2072821
153963	2072831
153964	2072839
153965	2072869
153966	2072893
153967	2072897
153968	2072927
153969	2072933
153970	2072953
153971	2072969
153972	2072977
153973	2073011
153974	2073041
153975	2073061
153976	2073067
153977	2073089
153978	2073101
153979	2073103
153980	2073107
153981	2073119
153982	2073121
153983	2073131
153984	2073143
153985	2073163
153986	2073173
153987	2073193
153988	2073199
153989	2073209
153990	2073233
153991	2073241
153992	2073251
153993	2073263
153994	2073277
153995	2073283
153996	2073293
153997	2073317
153998	2073343
153999	2073347
154000	2073349
