156001	2102741
156002	2102753
156003	2102759
156004	2102777
156005	2102783
156006	2102791
156007	2102797
156008	2102801
156009	2102809
156010	2102831
156011	2102839
156012	2102851
156013	2102857
156014	2102873
156015	2102879
156016	2102887
156017	2102897
156018	2102927
156019	2102941
156020	2102999
156021	2103007
156022	2103011
156023	2103029
156024	2103041
156025	2103067
156026	2103083
156027	2103103
156028	2103107
156029	2103119
156030	2103139
156031	2103149
156032	2103151
156033	2103163
156034	2103169
156035	2103181
156036	2103187
156037	2103193
156038	2103229
156039	2103239
156040	2103301
156041	2103307
156042	2103317
156043	2103377
156044	2103383
156045	2103389
156046	2103403
156047	2103407
156048	2103449
156049	2103473
156050	2103503
156051	2103523
156052	2103553
156053	2103583
156054	2103589
156055	2103601
156056	2103611
156057	2103613
156058	2103617
156059	2103653
156060	2103667
156061	2103671
156062	2103679
156063	2103683
156064	2103713
156065	2103719
156066	2103743
156067	2103749
156068	2103769
156069	2103781
156070	2103791
156071	2103793
156072	2103797
156073	2103811
156074	2103817
156075	2103821
156076	2103839
156077	2103859
156078	2103887
156079	2103901
156080	2103911
156081	2103919
156082	2103953
156083	2103961
156084	2103973
156085	2103977
156086	2103989
156087	2104013
156088	2104019
156089	2104021
156090	2104031
156091	2104051
156092	2104057
156093	2104061
156094	2104087
156095	2104097
156096	2104103
156097	2104111
156098	2104129
156099	2104139
156100	2104147
156101	2104159
156102	2104163
156103	2104169
156104	2104177
156105	2104181
156106	2104213
156107	2104217
156108	2104229
156109	2104241
156110	2104261
156111	2104273
156112	2104313
156113	2104337
156114	2104343
156115	2104357
156116	2104363
156117	2104381
156118	2104391
156119	2104397
156120	2104423
156121	2104433
156122	2104441
156123	2104483
156124	2104499
156125	2104507
156126	2104541
156127	2104547
156128	2104567
156129	2104591
156130	2104601
156131	2104607
156132	2104633
156133	2104643
156134	2104657
156135	2104673
156136	2104679
156137	2104699
156138	2104703
156139	2104717
156140	2104723
156141	2104727
156142	2104741
156143	2104747
156144	2104757
156145	2104759
156146	2104811
156147	2104841
156148	2104847
156149	2104853
156150	2104859
156151	2104867
156152	2104871
156153	2104901
156154	2104909
156155	2104913
156156	2104933
156157	2104951
156158	2104961
156159	2104969
156160	2104987
156161	2105003
156162	2105009
156163	2105027
156164	2105069
156165	2105071
156166	2105111
156167	2105119
156168	2105141
156169	2105149
156170	2105183
156171	2105203
156172	2105209
156173	2105231
156174	2105251
156175	2105267
156176	2105269
156177	2105273
156178	2105287
156179	2105317
156180	2105329
156181	2105347
156182	2105357
156183	2105359
156184	2105377
156185	2105381
156186	2105407
156187	2105413
156188	2105417
156189	2105419
156190	2105431
156191	2105449
156192	2105483
156193	2105497
156194	2105503
156195	2105507
156196	2105513
156197	2105549
156198	2105557
156199	2105567
156200	2105591
156201	2105611
156202	2105641
156203	2105669
156204	2105681
156205	2105693
156206	2105699
156207	2105717
156208	2105729
156209	2105731
156210	2105759
156211	2105767
156212	2105809
156213	2105813
156214	2105819
156215	2105833
156216	2105837
156217	2105843
156218	2105863
156219	2105881
156220	2105891
156221	2105897
156222	2105911
156223	2105921
156224	2105927
156225	2105933
156226	2105947
156227	2105953
156228	2105963
156229	2105969
156230	2105993
156231	2106019
156232	2106029
156233	2106059
156234	2106089
156235	2106107
156236	2106149
156237	2106173
156238	2106191
156239	2106197
156240	2106199
156241	2106217
156242	2106227
156243	2106229
156244	2106239
156245	2106257
156246	2106277
156247	2106281
156248	2106289
156249	2106301
156250	2106311
156251	2106329
156252	2106337
156253	2106341
156254	2106343
156255	2106347
156256	2106353
156257	2106361
156258	2106383
156259	2106389
156260	2106407
156261	2106421
156262	2106427
156263	2106431
156264	2106437
156265	2106451
156266	2106463
156267	2106479
156268	2106491
156269	2106523
156270	2106529
156271	2106551
156272	2106563
156273	2106617
156274	2106619
156275	2106631
156276	2106653
156277	2106673
156278	2106677
156279	2106679
156280	2106733
156281	2106737
156282	2106749
156283	2106773
156284	2106779
156285	2106781
156286	2106809
156287	2106829
156288	2106833
156289	2106847
156290	2106857
156291	2106877
156292	2106887
156293	2106901
156294	2106911
156295	2106917
156296	2106919
156297	2106931
156298	2106943
156299	2106953
156300	2106959
156301	2106983
156302	2106989
156303	2106991
156304	2107003
156305	2107013
156306	2107033
156307	2107037
156308	2107051
156309	2107069
156310	2107073
156311	2107087
156312	2107103
156313	2107109
156314	2107117
156315	2107141
156316	2107153
156317	2107177
156318	2107181
156319	2107199
156320	2107207
156321	2107223
156322	2107243
156323	2107247
156324	2107289
156325	2107319
156326	2107321
156327	2107327
156328	2107361
156329	2107381
156330	2107393
156331	2107403
156332	2107447
156333	2107451
156334	2107529
156335	2107531
156336	2107543
156337	2107601
156338	2107603
156339	2107607
156340	2107627
156341	2107661
156342	2107663
156343	2107667
156344	2107669
156345	2107709
156346	2107717
156347	2107723
156348	2107739
156349	2107747
156350	2107751
156351	2107759
156352	2107771
156353	2107811
156354	2107837
156355	2107849
156356	2107867
156357	2107873
156358	2107877
156359	2107883
156360	2107909
156361	2107913
156362	2107939
156363	2107961
156364	2107967
156365	2107979
156366	2107999
156367	2108003
156368	2108009
156369	2108033
156370	2108047
156371	2108059
156372	2108063
156373	2108077
156374	2108081
156375	2108087
156376	2108089
156377	2108123
156378	2108137
156379	2108159
156380	2108177
156381	2108231
156382	2108243
156383	2108251
156384	2108257
156385	2108263
156386	2108291
156387	2108299
156388	2108317
156389	2108339
156390	2108347
156391	2108363
156392	2108369
156393	2108383
156394	2108389
156395	2108401
156396	2108429
156397	2108437
156398	2108443
156399	2108453
156400	2108461
156401	2108473
156402	2108497
156403	2108501
156404	2108521
156405	2108531
156406	2108539
156407	2108543
156408	2108549
156409	2108551
156410	2108597
156411	2108599
156412	2108611
156413	2108621
156414	2108627
156415	2108641
156416	2108647
156417	2108653
156418	2108657
156419	2108669
156420	2108699
156421	2108723
156422	2108737
156423	2108759
156424	2108761
156425	2108767
156426	2108773
156427	2108807
156428	2108809
156429	2108819
156430	2108839
156431	2108857
156432	2108879
156433	2108881
156434	2108927
156435	2108929
156436	2108941
156437	2108957
156438	2108983
156439	2108987
156440	2108993
156441	2109011
156442	2109013
156443	2109049
156444	2109053
156445	2109059
156446	2109067
156447	2109097
156448	2109101
156449	2109103
156450	2109109
156451	2109119
156452	2109127
156453	2109161
156454	2109167
156455	2109179
156456	2109203
156457	2109223
156458	2109253
156459	2109269
156460	2109277
156461	2109287
156462	2109293
156463	2109311
156464	2109329
156465	2109391
156466	2109403
156467	2109421
156468	2109449
156469	2109461
156470	2109509
156471	2109521
156472	2109533
156473	2109553
156474	2109571
156475	2109577
156476	2109593
156477	2109607
156478	2109617
156479	2109619
156480	2109641
156481	2109647
156482	2109671
156483	2109697
156484	2109707
156485	2109727
156486	2109733
156487	2109739
156488	2109743
156489	2109761
156490	2109769
156491	2109791
156492	2109797
156493	2109799
156494	2109841
156495	2109857
156496	2109869
156497	2109871
156498	2109889
156499	2109911
156500	2109941
156501	2109949
156502	2109959
156503	2109973
156504	2109979
156505	2110001
156506	2110019
156507	2110021
156508	2110027
156509	2110033
156510	2110037
156511	2110063
156512	2110099
156513	2110103
156514	2110123
156515	2110133
156516	2110151
156517	2110153
156518	2110177
156519	2110183
156520	2110187
156521	2110189
156522	2110217
156523	2110223
156524	2110247
156525	2110259
156526	2110267
156527	2110289
156528	2110291
156529	2110313
156530	2110321
156531	2110337
156532	2110343
156533	2110351
156534	2110391
156535	2110399
156536	2110439
156537	2110453
156538	2110469
156539	2110477
156540	2110519
156541	2110523
156542	2110529
156543	2110531
156544	2110543
156545	2110547
156546	2110553
156547	2110579
156548	2110621
156549	2110627
156550	2110637
156551	2110657
156552	2110673
156553	2110679
156554	2110699
156555	2110709
156556	2110751
156557	2110753
156558	2110763
156559	2110769
156560	2110781
156561	2110811
156562	2110837
156563	2110847
156564	2110853
156565	2110859
156566	2110861
156567	2110877
156568	2110879
156569	2110891
156570	2110909
156571	2110921
156572	2110931
156573	2110949
156574	2110951
156575	2110973
156576	2110981
156577	2111023
156578	2111029
156579	2111041
156580	2111051
156581	2111059
156582	2111089
156583	2111093
156584	2111107
156585	2111129
156586	2111159
156587	2111167
156588	2111177
156589	2111189
156590	2111231
156591	2111251
156592	2111267
156593	2111303
156594	2111309
156595	2111311
156596	2111321
156597	2111353
156598	2111357
156599	2111359
156600	2111363
156601	2111387
156602	2111407
156603	2111411
156604	2111419
156605	2111443
156606	2111453
156607	2111471
156608	2111491
156609	2111497
156610	2111507
156611	2111509
156612	2111513
156613	2111531
156614	2111533
156615	2111539
156616	2111567
156617	2111579
156618	2111597
156619	2111633
156620	2111677
156621	2111713
156622	2111729
156623	2111731
156624	2111737
156625	2111771
156626	2111779
156627	2111783
156628	2111789
156629	2111801
156630	2111803
156631	2111819
156632	2111839
156633	2111843
156634	2111861
156635	2111873
156636	2111897
156637	2111909
156638	2111917
156639	2111933
156640	2111939
156641	2111953
156642	2111959
156643	2111969
156644	2111971
156645	2112007
156646	2112013
156647	2112017
156648	2112053
156649	2112079
156650	2112107
156651	2112127
156652	2112139
156653	2112151
156654	2112161
156655	2112169
156656	2112191
156657	2112193
156658	2112217
156659	2112239
156660	2112263
156661	2112307
156662	2112323
156663	2112329
156664	2112337
156665	2112347
156666	2112353
156667	2112413
156668	2112419
156669	2112469
156670	2112493
156671	2112499
156672	2112511
156673	2112533
156674	2112541
156675	2112569
156676	2112571
156677	2112581
156678	2112587
156679	2112601
156680	2112631
156681	2112683
156682	2112703
156683	2112707
156684	2112713
156685	2112727
156686	2112751
156687	2112767
156688	2112779
156689	2112793
156690	2112821
156691	2112827
156692	2112829
156693	2112833
156694	2112841
156695	2112863
156696	2112871
156697	2112893
156698	2112919
156699	2112923
156700	2112937
156701	2112953
156702	2112961
156703	2112973
156704	2112989
156705	2112997
156706	2113003
156707	2113037
156708	2113039
156709	2113043
156710	2113087
156711	2113091
156712	2113109
156713	2113129
156714	2113147
156715	2113159
156716	2113187
156717	2113207
156718	2113211
156719	2113229
156720	2113249
156721	2113273
156722	2113283
156723	2113289
156724	2113291
156725	2113333
156726	2113337
156727	2113343
156728	2113361
156729	2113369
156730	2113373
156731	2113379
156732	2113393
156733	2113399
156734	2113417
156735	2113421
156736	2113451
156737	2113459
156738	2113469
156739	2113471
156740	2113511
156741	2113513
156742	2113523
156743	2113567
156744	2113583
156745	2113603
156746	2113609
156747	2113651
156748	2113667
156749	2113669
156750	2113679
156751	2113681
156752	2113703
156753	2113733
156754	2113739
156755	2113747
156756	2113753
156757	2113757
156758	2113759
156759	2113789
156760	2113801
156761	2113819
156762	2113823
156763	2113843
156764	2113873
156765	2113879
156766	2113901
156767	2113913
156768	2113931
156769	2113939
156770	2113949
156771	2113957
156772	2113973
156773	2113987
156774	2114003
156775	2114023
156776	2114027
156777	2114039
156778	2114041
156779	2114059
156780	2114081
156781	2114087
156782	2114089
156783	2114113
156784	2114141
156785	2114159
156786	2114191
156787	2114197
156788	2114207
156789	2114221
156790	2114227
156791	2114243
156792	2114249
156793	2114251
156794	2114269
156795	2114297
156796	2114317
156797	2114323
156798	2114327
156799	2114347
156800	2114351
156801	2114363
156802	2114369
156803	2114381
156804	2114393
156805	2114407
156806	2114429
156807	2114449
156808	2114461
156809	2114467
156810	2114507
156811	2114509
156812	2114531
156813	2114533
156814	2114549
156815	2114621
156816	2114627
156817	2114653
156818	2114699
156819	2114711
156820	2114713
156821	2114741
156822	2114743
156823	2114747
156824	2114771
156825	2114797
156826	2114803
156827	2114807
156828	2114813
156829	2114831
156830	2114837
156831	2114857
156832	2114867
156833	2114881
156834	2114887
156835	2114897
156836	2114933
156837	2114951
156838	2114963
156839	2114969
156840	2114971
156841	2114977
156842	2115007
156843	2115013
156844	2115017
156845	2115049
156846	2115059
156847	2115073
156848	2115077
156849	2115079
156850	2115083
156851	2115097
156852	2115101
156853	2115107
156854	2115121
156855	2115131
156856	2115133
156857	2115181
156858	2115187
156859	2115193
156860	2115203
156861	2115221
156862	2115227
156863	2115229
156864	2115233
156865	2115277
156866	2115301
156867	2115307
156868	2115317
156869	2115319
156870	2115331
156871	2115343
156872	2115371
156873	2115397
156874	2115427
156875	2115431
156876	2115433
156877	2115437
156878	2115457
156879	2115461
156880	2115469
156881	2115481
156882	2115493
156883	2115499
156884	2115511
156885	2115523
156886	2115527
156887	2115539
156888	2115571
156889	2115629
156890	2115653
156891	2115671
156892	2115677
156893	2115683
156894	2115689
156895	2115703
156896	2115713
156897	2115721
156898	2115727
156899	2115749
156900	2115761
156901	2115767
156902	2115787
156903	2115791
156904	2115823
156905	2115829
156906	2115847
156907	2115853
156908	2115863
156909	2115877
156910	2115923
156911	2115937
156912	2115943
156913	2115961
156914	2115979
156915	2115983
156916	2116019
156917	2116021
156918	2116027
156919	2116039
156920	2116063
156921	2116097
156922	2116099
156923	2116117
156924	2116123
156925	2116129
156926	2116183
156927	2116187
156928	2116199
156929	2116291
156930	2116307
156931	2116327
156932	2116351
156933	2116357
156934	2116393
156935	2116397
156936	2116403
156937	2116409
156938	2116423
156939	2116427
156940	2116441
156941	2116447
156942	2116459
156943	2116469
156944	2116481
156945	2116487
156946	2116501
156947	2116519
156948	2116523
156949	2116531
156950	2116537
156951	2116559
156952	2116561
156953	2116571
156954	2116573
156955	2116577
156956	2116579
156957	2116591
156958	2116601
156959	2116607
156960	2116627
156961	2116633
156962	2116651
156963	2116663
156964	2116669
156965	2116679
156966	2116691
156967	2116693
156968	2116717
156969	2116729
156970	2116747
156971	2116757
156972	2116783
156973	2116799
156974	2116801
156975	2116811
156976	2116813
156977	2116817
156978	2116837
156979	2116867
156980	2116901
156981	2116903
156982	2116921
156983	2116949
156984	2116951
156985	2116957
156986	2116967
156987	2116969
156988	2116973
156989	2116981
156990	2116987
156991	2116991
156992	2116997
156993	2117039
156994	2117041
156995	2117051
156996	2117053
156997	2117077
156998	2117099
156999	2117119
157000	2117131
