137001	1827673
137002	1827697
137003	1827703
137004	1827731
137005	1827733
137006	1827737
137007	1827751
137008	1827757
137009	1827767
137010	1827773
137011	1827779
137012	1827799
137013	1827803
137014	1827809
137015	1827817
137016	1827829
137017	1827863
137018	1827869
137019	1827901
137020	1827929
137021	1827937
137022	1827949
137023	1827953
137024	1827983
137025	1828003
137026	1828019
137027	1828051
137028	1828069
137029	1828093
137030	1828117
137031	1828121
137032	1828153
137033	1828193
137034	1828217
137035	1828223
137036	1828243
137037	1828249
137038	1828259
137039	1828271
137040	1828273
137041	1828279
137042	1828283
137043	1828291
137044	1828301
137045	1828303
137046	1828319
137047	1828331
137048	1828361
137049	1828373
137050	1828381
137051	1828397
137052	1828399
137053	1828423
137054	1828433
137055	1828439
137056	1828451
137057	1828471
137058	1828481
137059	1828487
137060	1828499
137061	1828501
137062	1828507
137063	1828517
137064	1828531
137065	1828543
137066	1828549
137067	1828583
137068	1828591
137069	1828601
137070	1828609
137071	1828627
137072	1828633
137073	1828637
137074	1828649
137075	1828663
137076	1828667
137077	1828669
137078	1828681
137079	1828691
137080	1828703
137081	1828709
137082	1828727
137083	1828759
137084	1828763
137085	1828781
137086	1828789
137087	1828793
137088	1828829
137089	1828831
137090	1828847
137091	1828867
137092	1828901
137093	1828903
137094	1828933
137095	1828973
137096	1828993
137097	1828999
137098	1829011
137099	1829017
137100	1829027
137101	1829041
137102	1829057
137103	1829089
137104	1829119
137105	1829137
137106	1829141
137107	1829143
137108	1829171
137109	1829197
137110	1829203
137111	1829209
137112	1829221
137113	1829227
137114	1829249
137115	1829257
137116	1829281
137117	1829293
137118	1829299
137119	1829309
137120	1829389
137121	1829417
137122	1829441
137123	1829449
137124	1829459
137125	1829473
137126	1829479
137127	1829483
137128	1829497
137129	1829501
137130	1829519
137131	1829533
137132	1829537
137133	1829549
137134	1829551
137135	1829563
137136	1829579
137137	1829587
137138	1829609
137139	1829617
137140	1829621
137141	1829623
137142	1829629
137143	1829647
137144	1829671
137145	1829683
137146	1829699
137147	1829701
137148	1829717
137149	1829743
137150	1829747
137151	1829753
137152	1829759
137153	1829771
137154	1829777
137155	1829797
137156	1829801
137157	1829803
137158	1829827
137159	1829831
137160	1829843
137161	1829873
137162	1829879
137163	1829911
137164	1829923
137165	1829959
137166	1829963
137167	1830011
137168	1830013
137169	1830029
137170	1830047
137171	1830053
137172	1830071
137173	1830077
137174	1830079
137175	1830083
137176	1830089
137177	1830113
137178	1830119
137179	1830163
137180	1830181
137181	1830211
137182	1830223
137183	1830253
137184	1830263
137185	1830287
137186	1830307
137187	1830319
137188	1830331
137189	1830337
137190	1830341
137191	1830343
137192	1830347
137193	1830349
137194	1830379
137195	1830391
137196	1830401
137197	1830419
137198	1830421
137199	1830431
137200	1830443
137201	1830469
137202	1830481
137203	1830511
137204	1830523
137205	1830533
137206	1830539
137207	1830557
137208	1830559
137209	1830571
137210	1830583
137211	1830589
137212	1830599
137213	1830613
137214	1830617
137215	1830623
137216	1830629
137217	1830637
137218	1830659
137219	1830677
137220	1830701
137221	1830733
137222	1830739
137223	1830749
137224	1830757
137225	1830817
137226	1830833
137227	1830839
137228	1830863
137229	1830887
137230	1830889
137231	1830901
137232	1830911
137233	1830923
137234	1830931
137235	1830943
137236	1830967
137237	1830971
137238	1830977
137239	1831001
137240	1831003
137241	1831009
137242	1831013
137243	1831021
137244	1831033
137245	1831051
137246	1831079
137247	1831103
137248	1831111
137249	1831127
137250	1831129
137251	1831133
137252	1831153
137253	1831169
137254	1831171
137255	1831187
137256	1831211
137257	1831243
137258	1831253
137259	1831267
137260	1831273
137261	1831289
137262	1831307
137263	1831331
137264	1831339
137265	1831343
137266	1831369
137267	1831373
137268	1831381
137269	1831399
137270	1831411
137271	1831441
137272	1831447
137273	1831451
137274	1831469
137275	1831477
137276	1831481
137277	1831483
137278	1831493
137279	1831507
137280	1831517
137281	1831523
137282	1831589
137283	1831591
137284	1831601
137285	1831633
137286	1831667
137287	1831673
137288	1831679
137289	1831681
137290	1831693
137291	1831703
137292	1831723
137293	1831741
137294	1831747
137295	1831751
137296	1831783
137297	1831787
137298	1831799
137299	1831807
137300	1831811
137301	1831831
137302	1831849
137303	1831853
137304	1831861
137305	1831867
137306	1831877
137307	1831909
137308	1831913
137309	1831933
137310	1831939
137311	1831967
137312	1831969
137313	1831979
137314	1831987
137315	1831993
137316	1832011
137317	1832029
137318	1832057
137319	1832063
137320	1832071
137321	1832093
137322	1832099
137323	1832119
137324	1832123
137325	1832137
137326	1832143
137327	1832147
137328	1832177
137329	1832179
137330	1832183
137331	1832197
137332	1832213
137333	1832219
137334	1832221
137335	1832239
137336	1832251
137337	1832261
137338	1832279
137339	1832291
137340	1832293
137341	1832309
137342	1832329
137343	1832333
137344	1832353
137345	1832371
137346	1832377
137347	1832381
137348	1832393
137349	1832407
137350	1832419
137351	1832459
137352	1832461
137353	1832471
137354	1832477
137355	1832497
137356	1832513
137357	1832543
137358	1832561
137359	1832629
137360	1832641
137361	1832653
137362	1832657
137363	1832669
137364	1832681
137365	1832693
137366	1832707
137367	1832711
137368	1832791
137369	1832819
137370	1832833
137371	1832839
137372	1832851
137373	1832861
137374	1832863
137375	1832881
137376	1832927
137377	1832933
137378	1832947
137379	1832969
137380	1832977
137381	1832983
137382	1833001
137383	1833019
137384	1833023
137385	1833067
137386	1833079
137387	1833089
137388	1833113
137389	1833121
137390	1833131
137391	1833137
137392	1833157
137393	1833163
137394	1833173
137395	1833179
137396	1833257
137397	1833259
137398	1833269
137399	1833317
137400	1833319
137401	1833341
137402	1833343
137403	1833347
137404	1833383
137405	1833389
137406	1833401
137407	1833427
137408	1833431
137409	1833437
137410	1833439
137411	1833451
137412	1833457
137413	1833473
137414	1833487
137415	1833509
137416	1833521
137417	1833523
137418	1833527
137419	1833529
137420	1833551
137421	1833571
137422	1833581
137423	1833613
137424	1833631
137425	1833647
137426	1833653
137427	1833673
137428	1833677
137429	1833679
137430	1833697
137431	1833701
137432	1833731
137433	1833737
137434	1833749
137435	1833751
137436	1833761
137437	1833763
137438	1833781
137439	1833787
137440	1833803
137441	1833809
137442	1833817
137443	1833851
137444	1833863
137445	1833883
137446	1833911
137447	1833919
137448	1833947
137449	1833961
137450	1833983
137451	1834031
137452	1834033
137453	1834037
137454	1834039
137455	1834067
137456	1834069
137457	1834099
137458	1834109
137459	1834111
137460	1834117
137461	1834139
137462	1834141
137463	1834153
137464	1834159
137465	1834193
137466	1834199
137467	1834207
137468	1834229
137469	1834237
137470	1834243
137471	1834253
137472	1834303
137473	1834307
137474	1834309
137475	1834321
137476	1834333
137477	1834373
137478	1834397
137479	1834403
137480	1834421
137481	1834429
137482	1834433
137483	1834439
137484	1834447
137485	1834451
137486	1834477
137487	1834501
137488	1834513
137489	1834523
137490	1834597
137491	1834601
137492	1834603
137493	1834607
137494	1834619
137495	1834631
137496	1834639
137497	1834643
137498	1834663
137499	1834667
137500	1834669
137501	1834717
137502	1834727
137503	1834741
137504	1834747
137505	1834751
137506	1834753
137507	1834757
137508	1834783
137509	1834799
137510	1834813
137511	1834831
137512	1834879
137513	1834883
137514	1834901
137515	1834907
137516	1834909
137517	1834919
137518	1834967
137519	1834969
137520	1834981
137521	1834991
137522	1834993
137523	1834999
137524	1835003
137525	1835017
137526	1835027
137527	1835051
137528	1835081
137529	1835083
137530	1835087
137531	1835117
137532	1835129
137533	1835131
137534	1835161
137535	1835177
137536	1835189
137537	1835227
137538	1835257
137539	1835263
137540	1835291
137541	1835297
137542	1835299
137543	1835321
137544	1835329
137545	1835333
137546	1835359
137547	1835363
137548	1835399
137549	1835401
137550	1835411
137551	1835413
137552	1835453
137553	1835461
137554	1835467
137555	1835501
137556	1835527
137557	1835557
137558	1835569
137559	1835573
137560	1835591
137561	1835593
137562	1835633
137563	1835651
137564	1835657
137565	1835689
137566	1835737
137567	1835741
137568	1835753
137569	1835767
137570	1835797
137571	1835809
137572	1835819
137573	1835839
137574	1835861
137575	1835863
137576	1835879
137577	1835909
137578	1835921
137579	1835923
137580	1835941
137581	1835947
137582	1835957
137583	1835969
137584	1835993
137585	1836011
137586	1836031
137587	1836041
137588	1836047
137589	1836053
137590	1836059
137591	1836061
137592	1836073
137593	1836091
137594	1836151
137595	1836157
137596	1836239
137597	1836259
137598	1836271
137599	1836277
137600	1836287
137601	1836299
137602	1836301
137603	1836319
137604	1836379
137605	1836383
137606	1836413
137607	1836427
137608	1836433
137609	1836437
137610	1836449
137611	1836451
137612	1836467
137613	1836473
137614	1836479
137615	1836511
137616	1836517
137617	1836539
137618	1836553
137619	1836563
137620	1836581
137621	1836623
137622	1836641
137623	1836647
137624	1836689
137625	1836691
137626	1836727
137627	1836733
137628	1836761
137629	1836763
137630	1836797
137631	1836811
137632	1836827
137633	1836839
137634	1836853
137635	1836911
137636	1836929
137637	1836931
137638	1836937
137639	1836943
137640	1836949
137641	1836959
137642	1836971
137643	1836973
137644	1836979
137645	1837007
137646	1837009
137647	1837027
137648	1837061
137649	1837067
137650	1837097
137651	1837103
137652	1837117
137653	1837123
137654	1837127
137655	1837151
137656	1837159
137657	1837181
137658	1837189
137659	1837223
137660	1837249
137661	1837271
137662	1837273
137663	1837289
137664	1837313
137665	1837349
137666	1837361
137667	1837379
137668	1837387
137669	1837391
137670	1837393
137671	1837397
137672	1837399
137673	1837427
137674	1837453
137675	1837477
137676	1837481
137677	1837489
137678	1837529
137679	1837541
137680	1837573
137681	1837601
137682	1837607
137683	1837621
137684	1837639
137685	1837657
137686	1837663
137687	1837681
137688	1837687
137689	1837709
137690	1837727
137691	1837729
137692	1837733
137693	1837739
137694	1837741
137695	1837763
137696	1837789
137697	1837831
137698	1837837
137699	1837867
137700	1837873
137701	1837879
137702	1837903
137703	1837919
137704	1837931
137705	1837937
137706	1837943
137707	1837961
137708	1837967
137709	1837973
137710	1837981
137711	1838033
137712	1838047
137713	1838051
137714	1838063
137715	1838069
137716	1838087
137717	1838101
137718	1838131
137719	1838141
137720	1838143
137721	1838167
137722	1838173
137723	1838191
137724	1838203
137725	1838209
137726	1838233
137727	1838237
137728	1838257
137729	1838297
137730	1838299
137731	1838327
137732	1838341
137733	1838371
137734	1838377
137735	1838401
137736	1838407
137737	1838423
137738	1838429
137739	1838453
137740	1838461
137741	1838519
137742	1838521
137743	1838527
137744	1838531
137745	1838549
137746	1838569
137747	1838587
137748	1838591
137749	1838621
137750	1838659
137751	1838671
137752	1838693
137753	1838717
137754	1838719
137755	1838741
137756	1838743
137757	1838747
137758	1838761
137759	1838773
137760	1838791
137761	1838807
137762	1838813
137763	1838819
137764	1838843
137765	1838869
137766	1838909
137767	1838911
137768	1838923
137769	1838933
137770	1838957
137771	1838983
137772	1838987
137773	1838989
137774	1838999
137775	1839001
137776	1839059
137777	1839073
137778	1839091
137779	1839121
137780	1839127
137781	1839133
137782	1839169
137783	1839203
137784	1839221
137785	1839283
137786	1839293
137787	1839317
137788	1839329
137789	1839347
137790	1839353
137791	1839359
137792	1839361
137793	1839373
137794	1839377
137795	1839401
137796	1839413
137797	1839427
137798	1839433
137799	1839449
137800	1839457
137801	1839463
137802	1839469
137803	1839473
137804	1839479
137805	1839491
137806	1839493
137807	1839511
137808	1839559
137809	1839589
137810	1839601
137811	1839611
137812	1839631
137813	1839647
137814	1839653
137815	1839659
137816	1839667
137817	1839671
137818	1839697
137819	1839727
137820	1839737
137821	1839743
137822	1839763
137823	1839767
137824	1839769
137825	1839787
137826	1839809
137827	1839833
137828	1839853
137829	1839857
137830	1839907
137831	1839911
137832	1839913
137833	1839919
137834	1839923
137835	1839947
137836	1839949
137837	1839953
137838	1839967
137839	1839983
137840	1839991
137841	1839997
137842	1840019
137843	1840031
137844	1840043
137845	1840049
137846	1840051
137847	1840057
137848	1840073
137849	1840087
137850	1840109
137851	1840117
137852	1840123
137853	1840171
137854	1840183
137855	1840219
137856	1840231
137857	1840259
137858	1840261
137859	1840297
137860	1840313
137861	1840327
137862	1840331
137863	1840337
137864	1840351
137865	1840393
137866	1840429
137867	1840441
137868	1840453
137869	1840457
137870	1840459
137871	1840469
137872	1840493
137873	1840519
137874	1840537
137875	1840541
137876	1840561
137877	1840577
137878	1840591
137879	1840603
137880	1840633
137881	1840649
137882	1840651
137883	1840669
137884	1840673
137885	1840679
137886	1840697
137887	1840703
137888	1840711
137889	1840723
137890	1840733
137891	1840747
137892	1840771
137893	1840781
137894	1840789
137895	1840829
137896	1840843
137897	1840847
137898	1840871
137899	1840877
137900	1840921
137901	1840939
137902	1840957
137903	1840961
137904	1840973
137905	1841003
137906	1841011
137907	1841039
137908	1841057
137909	1841069
137910	1841071
137911	1841087
137912	1841089
137913	1841107
137914	1841111
137915	1841113
137916	1841141
137917	1841153
137918	1841171
137919	1841201
137920	1841221
137921	1841237
137922	1841249
137923	1841251
137924	1841261
137925	1841267
137926	1841291
137927	1841293
137928	1841299
137929	1841317
137930	1841327
137931	1841339
137932	1841377
137933	1841383
137934	1841387
137935	1841401
137936	1841429
137937	1841443
137938	1841447
137939	1841473
137940	1841479
137941	1841513
137942	1841519
137943	1841531
137944	1841557
137945	1841579
137946	1841599
137947	1841603
137948	1841621
137949	1841639
137950	1841641
137951	1841657
137952	1841659
137953	1841681
137954	1841699
137955	1841701
137956	1841711
137957	1841713
137958	1841759
137959	1841779
137960	1841783
137961	1841821
137962	1841837
137963	1841849
137964	1841857
137965	1841869
137966	1841891
137967	1841911
137968	1841923
137969	1841929
137970	1841941
137971	1841947
137972	1841951
137973	1841969
137974	1842011
137975	1842023
137976	1842041
137977	1842067
137978	1842073
137979	1842079
137980	1842083
137981	1842097
137982	1842101
137983	1842131
137984	1842133
137985	1842151
137986	1842161
137987	1842173
137988	1842187
137989	1842199
137990	1842229
137991	1842233
137992	1842251
137993	1842263
137994	1842287
137995	1842289
137996	1842293
137997	1842311
137998	1842317
137999	1842329
138000	1842349
