169001	2292491
169002	2292497
169003	2292509
169004	2292523
169005	2292529
169006	2292533
169007	2292541
169008	2292547
169009	2292593
169010	2292601
169011	2292607
169012	2292623
169013	2292643
169014	2292691
169015	2292701
169016	2292713
169017	2292733
169018	2292737
169019	2292751
169020	2292767
169021	2292781
169022	2292793
169023	2292809
169024	2292859
169025	2292869
169026	2292877
169027	2292881
169028	2292887
169029	2292919
169030	2292923
169031	2292947
169032	2292949
169033	2292959
169034	2292967
169035	2293013
169036	2293037
169037	2293063
169038	2293069
169039	2293103
169040	2293111
169041	2293121
169042	2293127
169043	2293139
169044	2293141
169045	2293157
169046	2293183
169047	2293199
169048	2293219
169049	2293231
169050	2293267
169051	2293273
169052	2293301
169053	2293303
169054	2293309
169055	2293321
169056	2293327
169057	2293367
169058	2293391
169059	2293393
169060	2293397
169061	2293427
169062	2293439
169063	2293463
169064	2293481
169065	2293483
169066	2293531
169067	2293541
169068	2293549
169069	2293559
169070	2293567
169071	2293579
169072	2293591
169073	2293631
169074	2293633
169075	2293637
169076	2293649
169077	2293673
169078	2293693
169079	2293703
169080	2293723
169081	2293727
169082	2293729
169083	2293751
169084	2293757
169085	2293771
169086	2293777
169087	2293789
169088	2293799
169089	2293801
169090	2293817
169091	2293829
169092	2293831
169093	2293847
169094	2293849
169095	2293867
169096	2293877
169097	2293883
169098	2293891
169099	2293901
169100	2293919
169101	2293937
169102	2293957
169103	2293961
169104	2293981
169105	2294009
169106	2294011
169107	2294021
169108	2294051
169109	2294053
169110	2294057
169111	2294059
169112	2294077
169113	2294113
169114	2294137
169115	2294141
169116	2294177
169117	2294209
169118	2294221
169119	2294249
169120	2294251
169121	2294261
169122	2294267
169123	2294291
169124	2294309
169125	2294311
169126	2294321
169127	2294359
169128	2294363
169129	2294377
169130	2294387
169131	2294419
169132	2294429
169133	2294431
169134	2294449
169135	2294477
169136	2294489
169137	2294491
169138	2294519
169139	2294533
169140	2294627
169141	2294659
169142	2294671
169143	2294689
169144	2294693
169145	2294707
169146	2294723
169147	2294731
169148	2294767
169149	2294771
169150	2294783
169151	2294797
169152	2294807
169153	2294819
169154	2294827
169155	2294833
169156	2294843
169157	2294861
169158	2294879
169159	2294891
169160	2294911
169161	2294921
169162	2294939
169163	2294977
169164	2294987
169165	2294993
169166	2295001
169167	2295011
169168	2295019
169169	2295053
169170	2295061
169171	2295071
169172	2295077
169173	2295079
169174	2295103
169175	2295107
169176	2295113
169177	2295121
169178	2295131
169179	2295169
169180	2295173
169181	2295179
169182	2295233
169183	2295253
169184	2295259
169185	2295269
169186	2295281
169187	2295301
169188	2295313
169189	2295329
169190	2295341
169191	2295361
169192	2295367
169193	2295389
169194	2295401
169195	2295407
169196	2295451
169197	2295473
169198	2295479
169199	2295481
169200	2295509
169201	2295521
169202	2295533
169203	2295539
169204	2295541
169205	2295547
169206	2295551
169207	2295569
169208	2295583
169209	2295593
169210	2295619
169211	2295647
169212	2295659
169213	2295673
169214	2295677
169215	2295691
169216	2295703
169217	2295719
169218	2295721
169219	2295743
169220	2295763
169221	2295773
169222	2295793
169223	2295803
169224	2295817
169225	2295823
169226	2295841
169227	2295859
169228	2295869
169229	2295911
169230	2295913
169231	2295919
169232	2295947
169233	2295949
169234	2295971
169235	2295989
169236	2296001
169237	2296009
169238	2296027
169239	2296039
169240	2296057
169241	2296061
169242	2296079
169243	2296081
169244	2296097
169245	2296117
169246	2296127
169247	2296163
169248	2296171
169249	2296187
169250	2296213
169251	2296219
169252	2296237
169253	2296247
169254	2296271
169255	2296277
169256	2296351
169257	2296363
169258	2296367
169259	2296381
169260	2296433
169261	2296447
169262	2296487
169263	2296517
169264	2296519
169265	2296529
169266	2296571
169267	2296577
169268	2296621
169269	2296633
169270	2296643
169271	2296661
169272	2296687
169273	2296691
169274	2296699
169275	2296727
169276	2296729
169277	2296733
169278	2296741
169279	2296747
169280	2296781
169281	2296783
169282	2296787
169283	2296807
169284	2296813
169285	2296817
169286	2296837
169287	2296867
169288	2296871
169289	2296873
169290	2296907
169291	2296909
169292	2296913
169293	2296919
169294	2296939
169295	2296963
169296	2296979
169297	2296999
169298	2297011
169299	2297021
169300	2297027
169301	2297039
169302	2297041
169303	2297051
169304	2297059
169305	2297093
169306	2297101
169307	2297137
169308	2297149
169309	2297153
169310	2297203
169311	2297213
169312	2297221
169313	2297231
169314	2297249
169315	2297257
169316	2297291
169317	2297297
169318	2297311
169319	2297327
169320	2297333
169321	2297341
169322	2297359
169323	2297369
169324	2297371
169325	2297387
169326	2297411
169327	2297429
169328	2297437
169329	2297473
169330	2297479
169331	2297483
169332	2297509
169333	2297521
169334	2297543
169335	2297573
169336	2297587
169337	2297591
169338	2297593
169339	2297597
169340	2297653
169341	2297657
169342	2297671
169343	2297693
169344	2297707
169345	2297717
169346	2297719
169347	2297731
169348	2297741
169349	2297747
169350	2297749
169351	2297759
169352	2297761
169353	2297777
169354	2297797
169355	2297807
169356	2297819
169357	2297843
169358	2297849
169359	2297857
169360	2297863
169361	2297881
169362	2297887
169363	2297903
169364	2297909
169365	2297923
169366	2297951
169367	2297957
169368	2297969
169369	2297983
169370	2297987
169371	2298007
169372	2298011
169373	2298013
169374	2298019
169375	2298029
169376	2298041
169377	2298059
169378	2298071
169379	2298073
169380	2298089
169381	2298097
169382	2298103
169383	2298119
169384	2298139
169385	2298143
169386	2298151
169387	2298161
169388	2298193
169389	2298203
169390	2298209
169391	2298211
169392	2298223
169393	2298293
169394	2298311
169395	2298313
169396	2298343
169397	2298377
169398	2298379
169399	2298389
169400	2298391
169401	2298397
169402	2298409
169403	2298427
169404	2298469
169405	2298481
169406	2298493
169407	2298503
169408	2298577
169409	2298589
169410	2298599
169411	2298607
169412	2298613
169413	2298631
169414	2298641
169415	2298661
169416	2298671
169417	2298679
169418	2298683
169419	2298691
169420	2298707
169421	2298713
169422	2298719
169423	2298731
169424	2298749
169425	2298761
169426	2298763
169427	2298787
169428	2298833
169429	2298839
169430	2298841
169431	2298853
169432	2298869
169433	2298871
169434	2298887
169435	2298889
169436	2298937
169437	2298949
169438	2298953
169439	2298973
169440	2298977
169441	2298983
169442	2299001
169443	2299021
169444	2299039
169445	2299049
169446	2299079
169447	2299093
169448	2299111
169449	2299117
169450	2299139
169451	2299147
169452	2299159
169453	2299163
169454	2299169
169455	2299189
169456	2299229
169457	2299249
169458	2299259
169459	2299303
169460	2299309
169461	2299313
169462	2299327
169463	2299337
169464	2299357
169465	2299387
169466	2299391
169467	2299397
169468	2299433
169469	2299447
169470	2299463
169471	2299469
169472	2299481
169473	2299483
169474	2299489
169475	2299499
169476	2299519
169477	2299523
169478	2299529
169479	2299541
169480	2299547
169481	2299553
169482	2299571
169483	2299601
169484	2299603
169485	2299637
169486	2299651
169487	2299657
169488	2299667
169489	2299697
169490	2299711
169491	2299727
169492	2299733
169493	2299753
169494	2299763
169495	2299771
169496	2299783
169497	2299789
169498	2299823
169499	2299837
169500	2299841
169501	2299867
169502	2299873
169503	2299901
169504	2299907
169505	2299919
169506	2299933
169507	2299937
169508	2299939
169509	2299949
169510	2299951
169511	2299963
169512	2300003
169513	2300017
169514	2300021
169515	2300029
169516	2300047
169517	2300057
169518	2300063
169519	2300071
169520	2300087
169521	2300131
169522	2300143
169523	2300149
169524	2300153
169525	2300167
169526	2300173
169527	2300189
169528	2300201
169529	2300203
169530	2300209
169531	2300239
169532	2300261
169533	2300267
169534	2300269
169535	2300279
169536	2300281
169537	2300297
169538	2300317
169539	2300323
169540	2300357
169541	2300377
169542	2300399
169543	2300413
169544	2300429
169545	2300443
169546	2300447
169547	2300489
169548	2300497
169549	2300513
169550	2300527
169551	2300531
169552	2300563
169553	2300581
169554	2300591
169555	2300609
169556	2300611
169557	2300651
169558	2300659
169559	2300671
169560	2300689
169561	2300693
169562	2300707
169563	2300719
169564	2300731
169565	2300747
169566	2300761
169567	2300777
169568	2300803
169569	2300813
169570	2300819
169571	2300833
169572	2300839
169573	2300861
169574	2300869
169575	2300891
169576	2300911
169577	2300923
169578	2300927
169579	2300951
169580	2300953
169581	2300959
169582	2300971
169583	2300983
169584	2300999
169585	2301011
169586	2301017
169587	2301023
169588	2301029
169589	2301031
169590	2301041
169591	2301049
169592	2301077
169593	2301097
169594	2301107
169595	2301119
169596	2301151
169597	2301163
169598	2301193
169599	2301197
169600	2301199
169601	2301209
169602	2301217
169603	2301227
169604	2301241
169605	2301251
169606	2301259
169607	2301269
169608	2301281
169609	2301283
169610	2301287
169611	2301293
169612	2301301
169613	2301319
169614	2301361
169615	2301389
169616	2301401
169617	2301407
169618	2301421
169619	2301461
169620	2301473
169621	2301479
169622	2301491
169623	2301493
169624	2301499
169625	2301503
169626	2301521
169627	2301547
169628	2301569
169629	2301571
169630	2301581
169631	2301589
169632	2301599
169633	2301601
169634	2301619
169635	2301623
169636	2301683
169637	2301703
169638	2301707
169639	2301709
169640	2301727
169641	2301743
169642	2301757
169643	2301779
169644	2301787
169645	2301797
169646	2301811
169647	2301821
169648	2301829
169649	2301841
169650	2301847
169651	2301857
169652	2301877
169653	2301883
169654	2301889
169655	2301899
169656	2301941
169657	2301973
169658	2301977
169659	2301989
169660	2301997
169661	2302009
169662	2302019
169663	2302043
169664	2302051
169665	2302067
169666	2302087
169667	2302099
169668	2302117
169669	2302151
169670	2302159
169671	2302169
169672	2302217
169673	2302219
169674	2302229
169675	2302243
169676	2302253
169677	2302283
169678	2302291
169679	2302301
169680	2302303
169681	2302309
169682	2302331
169683	2302343
169684	2302367
169685	2302379
169686	2302381
169687	2302387
169688	2302403
169689	2302411
169690	2302441
169691	2302451
169692	2302453
169693	2302471
169694	2302481
169695	2302511
169696	2302523
169697	2302537
169698	2302543
169699	2302561
169700	2302579
169701	2302609
169702	2302631
169703	2302661
169704	2302679
169705	2302681
169706	2302709
169707	2302717
169708	2302753
169709	2302757
169710	2302787
169711	2302793
169712	2302799
169713	2302841
169714	2302879
169715	2302889
169716	2302907
169717	2302913
169718	2302969
169719	2302981
169720	2302987
169721	2302999
169722	2303003
169723	2303017
169724	2303029
169725	2303057
169726	2303089
169727	2303117
169728	2303129
169729	2303137
169730	2303153
169731	2303159
169732	2303173
169733	2303179
169734	2303219
169735	2303227
169736	2303239
169737	2303251
169738	2303263
169739	2303293
169740	2303297
169741	2303303
169742	2303309
169743	2303321
169744	2303359
169745	2303377
169746	2303387
169747	2303407
169748	2303437
169749	2303461
169750	2303471
169751	2303489
169752	2303501
169753	2303513
169754	2303531
169755	2303533
169756	2303563
169757	2303569
169758	2303573
169759	2303591
169760	2303593
169761	2303597
169762	2303599
169763	2303621
169764	2303627
169765	2303629
169766	2303663
169767	2303669
169768	2303677
169769	2303681
169770	2303701
169771	2303713
169772	2303723
169773	2303729
169774	2303753
169775	2303767
169776	2303779
169777	2303783
169778	2303797
169779	2303803
169780	2303843
169781	2303849
169782	2303867
169783	2303923
169784	2303927
169785	2303947
169786	2303971
169787	2303981
169788	2303989
169789	2303999
169790	2304011
169791	2304017
169792	2304019
169793	2304023
169794	2304037
169795	2304053
169796	2304059
169797	2304089
169798	2304097
169799	2304103
169800	2304139
169801	2304157
169802	2304179
169803	2304191
169804	2304217
169805	2304223
169806	2304229
169807	2304233
169808	2304251
169809	2304257
169810	2304271
169811	2304283
169812	2304287
169813	2304307
169814	2304317
169815	2304319
169816	2304343
169817	2304349
169818	2304373
169819	2304389
169820	2304403
169821	2304443
169822	2304451
169823	2304461
169824	2304479
169825	2304521
169826	2304527
169827	2304541
169828	2304553
169829	2304559
169830	2304563
169831	2304581
169832	2304593
169833	2304607
169834	2304611
169835	2304629
169836	2304637
169837	2304647
169838	2304689
169839	2304691
169840	2304721
169841	2304727
169842	2304749
169843	2304773
169844	2304781
169845	2304787
169846	2304791
169847	2304793
169848	2304803
169849	2304823
169850	2304839
169851	2304851
169852	2304857
169853	2304893
169854	2304901
169855	2304931
169856	2304937
169857	2304961
169858	2304997
169859	2305003
169860	2305027
169861	2305049
169862	2305091
169863	2305103
169864	2305109
169865	2305111
169866	2305117
169867	2305133
169868	2305153
169869	2305169
169870	2305271
169871	2305279
169872	2305291
169873	2305301
169874	2305321
169875	2305333
169876	2305337
169877	2305339
169878	2305351
169879	2305357
169880	2305361
169881	2305363
169882	2305393
169883	2305409
169884	2305411
169885	2305463
169886	2305481
169887	2305483
169888	2305487
169889	2305549
169890	2305607
169891	2305609
169892	2305613
169893	2305621
169894	2305627
169895	2305637
169896	2305643
169897	2305649
169898	2305651
169899	2305691
169900	2305711
169901	2305733
169902	2305747
169903	2305753
169904	2305763
169905	2305777
169906	2305781
169907	2305837
169908	2305883
169909	2305889
169910	2305903
169911	2305909
169912	2305949
169913	2305967
169914	2305969
169915	2305987
169916	2306023
169917	2306027
169918	2306039
169919	2306041
169920	2306053
169921	2306063
169922	2306071
169923	2306081
169924	2306107
169925	2306119
169926	2306123
169927	2306131
169928	2306147
169929	2306153
169930	2306159
169931	2306179
169932	2306191
169933	2306197
169934	2306221
169935	2306261
169936	2306267
169937	2306299
169938	2306303
169939	2306309
169940	2306327
169941	2306329
169942	2306333
169943	2306357
169944	2306363
169945	2306387
169946	2306389
169947	2306393
169948	2306413
169949	2306449
169950	2306453
169951	2306519
169952	2306527
169953	2306531
169954	2306561
169955	2306567
169956	2306569
169957	2306587
169958	2306597
169959	2306621
169960	2306627
169961	2306639
169962	2306641
169963	2306651
169964	2306663
169965	2306671
169966	2306677
169967	2306737
169968	2306753
169969	2306761
169970	2306797
169971	2306851
169972	2306867
169973	2306881
169974	2306893
169975	2306897
169976	2306911
169977	2306957
169978	2306971
169979	2306977
169980	2306981
169981	2307031
169982	2307043
169983	2307047
169984	2307059
169985	2307073
169986	2307083
169987	2307091
169988	2307103
169989	2307119
169990	2307127
169991	2307139
169992	2307157
169993	2307161
169994	2307163
169995	2307167
169996	2307181
169997	2307187
169998	2307191
169999	2307197
170000	2307229
