141001	1885207
141002	1885243
141003	1885253
141004	1885259
141005	1885267
141006	1885271
141007	1885277
141008	1885291
141009	1885307
141010	1885309
141011	1885321
141012	1885339
141013	1885349
141014	1885363
141015	1885381
141016	1885391
141017	1885393
141018	1885423
141019	1885439
141020	1885459
141021	1885469
141022	1885489
141023	1885501
141024	1885519
141025	1885523
141026	1885529
141027	1885553
141028	1885561
141029	1885567
141030	1885573
141031	1885577
141032	1885601
141033	1885603
141034	1885607
141035	1885613
141036	1885619
141037	1885627
141038	1885633
141039	1885649
141040	1885673
141041	1885703
141042	1885711
141043	1885717
141044	1885729
141045	1885733
141046	1885753
141047	1885757
141048	1885789
141049	1885801
141050	1885811
141051	1885847
141052	1885859
141053	1885867
141054	1885879
141055	1885907
141056	1885909
141057	1885913
141058	1885943
141059	1885979
141060	1885981
141061	1885991
141062	1885993
141063	1886011
141064	1886021
141065	1886029
141066	1886047
141067	1886051
141068	1886081
141069	1886107
141070	1886113
141071	1886119
141072	1886153
141073	1886173
141074	1886179
141075	1886197
141076	1886231
141077	1886233
141078	1886237
141079	1886243
141080	1886267
141081	1886279
141082	1886293
141083	1886317
141084	1886327
141085	1886329
141086	1886347
141087	1886351
141088	1886389
141089	1886411
141090	1886413
141091	1886447
141092	1886449
141093	1886459
141094	1886471
141095	1886503
141096	1886509
141097	1886513
141098	1886527
141099	1886543
141100	1886557
141101	1886561
141102	1886569
141103	1886611
141104	1886623
141105	1886657
141106	1886659
141107	1886663
141108	1886671
141109	1886693
141110	1886699
141111	1886701
141112	1886723
141113	1886743
141114	1886749
141115	1886777
141116	1886783
141117	1886809
141118	1886821
141119	1886849
141120	1886867
141121	1886869
141122	1886887
141123	1886891
141124	1886903
141125	1886917
141126	1886923
141127	1886957
141128	1886981
141129	1886993
141130	1886999
141131	1887013
141132	1887019
141133	1887029
141134	1887049
141135	1887071
141136	1887079
141137	1887091
141138	1887103
141139	1887113
141140	1887131
141141	1887133
141142	1887143
141143	1887161
141144	1887167
141145	1887169
141146	1887181
141147	1887199
141148	1887209
141149	1887211
141150	1887217
141151	1887229
141152	1887247
141153	1887253
141154	1887283
141155	1887307
141156	1887341
141157	1887359
141158	1887409
141159	1887419
141160	1887421
141161	1887433
141162	1887437
141163	1887443
141164	1887451
141165	1887463
141166	1887499
141167	1887511
141168	1887521
141169	1887539
141170	1887563
141171	1887569
141172	1887577
141173	1887607
141174	1887617
141175	1887619
141176	1887637
141177	1887643
141178	1887659
141179	1887667
141180	1887671
141181	1887713
141182	1887719
141183	1887727
141184	1887737
141185	1887749
141186	1887757
141187	1887773
141188	1887797
141189	1887803
141190	1887811
141191	1887857
141192	1887877
141193	1887883
141194	1887917
141195	1887923
141196	1887947
141197	1887967
141198	1888031
141199	1888043
141200	1888063
141201	1888069
141202	1888079
141203	1888097
141204	1888121
141205	1888123
141206	1888129
141207	1888151
141208	1888157
141209	1888169
141210	1888171
141211	1888189
141212	1888193
141213	1888199
141214	1888213
141215	1888217
141216	1888223
141217	1888247
141218	1888253
141219	1888267
141220	1888279
141221	1888283
141222	1888301
141223	1888307
141224	1888331
141225	1888349
141226	1888351
141227	1888361
141228	1888399
141229	1888409
141230	1888421
141231	1888441
141232	1888457
141233	1888463
141234	1888483
141235	1888487
141236	1888559
141237	1888561
141238	1888571
141239	1888597
141240	1888609
141241	1888633
141242	1888651
141243	1888673
141244	1888723
141245	1888727
141246	1888753
141247	1888759
141248	1888763
141249	1888769
141250	1888793
141251	1888807
141252	1888837
141253	1888841
141254	1888849
141255	1888879
141256	1888897
141257	1888907
141258	1888919
141259	1888927
141260	1888933
141261	1888963
141262	1888979
141263	1888981
141264	1889009
141265	1889011
141266	1889029
141267	1889039
141268	1889051
141269	1889053
141270	1889077
141271	1889081
141272	1889087
141273	1889099
141274	1889101
141275	1889117
141276	1889131
141277	1889143
141278	1889177
141279	1889191
141280	1889201
141281	1889213
141282	1889219
141283	1889221
141284	1889267
141285	1889273
141286	1889287
141287	1889309
141288	1889311
141289	1889317
141290	1889347
141291	1889351
141292	1889359
141293	1889369
141294	1889383
141295	1889387
141296	1889389
141297	1889399
141298	1889401
141299	1889411
141300	1889423
141301	1889429
141302	1889441
141303	1889453
141304	1889471
141305	1889477
141306	1889483
141307	1889491
141308	1889497
141309	1889501
141310	1889509
141311	1889521
141312	1889527
141313	1889539
141314	1889551
141315	1889561
141316	1889579
141317	1889603
141318	1889617
141319	1889621
141320	1889647
141321	1889651
141322	1889653
141323	1889677
141324	1889689
141325	1889707
141326	1889717
141327	1889743
141328	1889747
141329	1889753
141330	1889761
141331	1889801
141332	1889803
141333	1889819
141334	1889831
141335	1889957
141336	1889969
141337	1889981
141338	1889999
141339	1890019
141340	1890023
141341	1890029
141342	1890037
141343	1890041
141344	1890079
141345	1890089
141346	1890103
141347	1890107
141348	1890113
141349	1890121
141350	1890149
141351	1890167
141352	1890173
141353	1890193
141354	1890211
141355	1890221
141356	1890227
141357	1890241
141358	1890257
141359	1890269
141360	1890277
141361	1890283
141362	1890289
141363	1890299
141364	1890313
141365	1890319
141366	1890331
141367	1890337
141368	1890373
141369	1890379
141370	1890389
141371	1890397
141372	1890401
141373	1890403
141374	1890467
141375	1890479
141376	1890487
141377	1890509
141378	1890521
141379	1890523
141380	1890527
141381	1890529
141382	1890541
141383	1890547
141384	1890571
141385	1890593
141386	1890599
141387	1890601
141388	1890611
141389	1890617
141390	1890631
141391	1890641
141392	1890643
141393	1890677
141394	1890697
141395	1890701
141396	1890719
141397	1890731
141398	1890743
141399	1890769
141400	1890793
141401	1890799
141402	1890809
141403	1890827
141404	1890851
141405	1890869
141406	1890877
141407	1890901
141408	1890913
141409	1890923
141410	1890953
141411	1890997
141412	1891007
141413	1891027
141414	1891039
141415	1891049
141416	1891069
141417	1891073
141418	1891103
141419	1891111
141420	1891133
141421	1891147
141422	1891163
141423	1891171
141424	1891187
141425	1891189
141426	1891213
141427	1891223
141428	1891243
141429	1891249
141430	1891273
141431	1891277
141432	1891283
141433	1891291
141434	1891297
141435	1891303
141436	1891319
141437	1891333
141438	1891361
141439	1891367
141440	1891381
141441	1891387
141442	1891391
141443	1891429
141444	1891433
141445	1891447
141446	1891457
141447	1891489
141448	1891499
141449	1891501
141450	1891529
141451	1891537
141452	1891541
141453	1891567
141454	1891579
141455	1891601
141456	1891619
141457	1891627
141458	1891639
141459	1891657
141460	1891661
141461	1891663
141462	1891667
141463	1891679
141464	1891711
141465	1891739
141466	1891753
141467	1891789
141468	1891807
141469	1891829
141470	1891843
141471	1891859
141472	1891861
141473	1891889
141474	1891907
141475	1891909
141476	1891927
141477	1891933
141478	1891949
141479	1891951
141480	1891969
141481	1891987
141482	1891991
141483	1891997
141484	1892017
141485	1892021
141486	1892029
141487	1892057
141488	1892089
141489	1892113
141490	1892119
141491	1892123
141492	1892161
141493	1892167
141494	1892171
141495	1892183
141496	1892197
141497	1892203
141498	1892239
141499	1892249
141500	1892257
141501	1892299
141502	1892309
141503	1892311
141504	1892329
141505	1892353
141506	1892357
141507	1892383
141508	1892399
141509	1892413
141510	1892431
141511	1892441
141512	1892461
141513	1892477
141514	1892489
141515	1892497
141516	1892503
141517	1892507
141518	1892531
141519	1892537
141520	1892551
141521	1892563
141522	1892591
141523	1892599
141524	1892617
141525	1892621
141526	1892629
141527	1892633
141528	1892651
141529	1892663
141530	1892669
141531	1892677
141532	1892687
141533	1892699
141534	1892701
141535	1892713
141536	1892719
141537	1892749
141538	1892753
141539	1892771
141540	1892773
141541	1892777
141542	1892783
141543	1892827
141544	1892833
141545	1892843
141546	1892857
141547	1892861
141548	1892867
141549	1892879
141550	1892887
141551	1892893
141552	1892911
141553	1892921
141554	1892927
141555	1892977
141556	1892983
141557	1892999
141558	1893029
141559	1893049
141560	1893071
141561	1893083
141562	1893131
141563	1893163
141564	1893173
141565	1893181
141566	1893187
141567	1893191
141568	1893193
141569	1893197
141570	1893209
141571	1893211
141572	1893223
141573	1893277
141574	1893289
141575	1893299
141576	1893317
141577	1893329
141578	1893347
141579	1893349
141580	1893361
141581	1893371
141582	1893373
141583	1893377
141584	1893391
141585	1893403
141586	1893413
141587	1893427
141588	1893431
141589	1893457
141590	1893467
141591	1893469
141592	1893473
141593	1893481
141594	1893517
141595	1893527
141596	1893533
141597	1893539
141598	1893581
141599	1893587
141600	1893589
141601	1893599
141602	1893607
141603	1893643
141604	1893701
141605	1893707
141606	1893713
141607	1893719
141608	1893733
141609	1893737
141610	1893757
141611	1893779
141612	1893781
141613	1893799
141614	1893809
141615	1893823
141616	1893877
141617	1893887
141618	1893911
141619	1893917
141620	1893929
141621	1893937
141622	1893949
141623	1893967
141624	1893971
141625	1893973
141626	1893979
141627	1894001
141628	1894003
141629	1894033
141630	1894037
141631	1894043
141632	1894049
141633	1894051
141634	1894063
141635	1894099
141636	1894103
141637	1894117
141638	1894121
141639	1894127
141640	1894163
141641	1894171
141642	1894181
141643	1894213
141644	1894229
141645	1894247
141646	1894253
141647	1894267
141648	1894271
141649	1894283
141650	1894307
141651	1894337
141652	1894339
141653	1894369
141654	1894381
141655	1894393
141656	1894397
141657	1894411
141658	1894439
141659	1894481
141660	1894489
141661	1894577
141662	1894583
141663	1894601
141664	1894603
141665	1894609
141666	1894631
141667	1894639
141668	1894643
141669	1894663
141670	1894687
141671	1894691
141672	1894727
141673	1894729
141674	1894741
141675	1894757
141676	1894787
141677	1894793
141678	1894811
141679	1894817
141680	1894853
141681	1894859
141682	1894873
141683	1894883
141684	1894913
141685	1894931
141686	1894933
141687	1894969
141688	1895009
141689	1895011
141690	1895017
141691	1895027
141692	1895051
141693	1895057
141694	1895071
141695	1895081
141696	1895083
141697	1895093
141698	1895099
141699	1895119
141700	1895129
141701	1895141
141702	1895167
141703	1895189
141704	1895191
141705	1895207
141706	1895219
141707	1895233
141708	1895239
141709	1895249
141710	1895261
141711	1895263
141712	1895273
141713	1895287
141714	1895317
141715	1895321
141716	1895351
141717	1895357
141718	1895359
141719	1895479
141720	1895489
141721	1895501
141722	1895507
141723	1895513
141724	1895521
141725	1895533
141726	1895539
141727	1895563
141728	1895567
141729	1895581
141730	1895587
141731	1895599
141732	1895603
141733	1895609
141734	1895623
141735	1895627
141736	1895633
141737	1895657
141738	1895693
141739	1895711
141740	1895713
141741	1895749
141742	1895753
141743	1895767
141744	1895779
141745	1895797
141746	1895809
141747	1895833
141748	1895851
141749	1895869
141750	1895893
141751	1895903
141752	1895909
141753	1895939
141754	1895981
141755	1895989
141756	1896001
141757	1896017
141758	1896019
141759	1896023
141760	1896031
141761	1896043
141762	1896047
141763	1896071
141764	1896077
141765	1896091
141766	1896101
141767	1896109
141768	1896133
141769	1896149
141770	1896151
141771	1896157
141772	1896161
141773	1896173
141774	1896199
141775	1896203
141776	1896211
141777	1896221
141778	1896227
141779	1896229
141780	1896241
141781	1896247
141782	1896259
141783	1896263
141784	1896269
141785	1896313
141786	1896317
141787	1896331
141788	1896341
141789	1896353
141790	1896407
141791	1896413
141792	1896421
141793	1896431
141794	1896443
141795	1896451
141796	1896463
141797	1896473
141798	1896527
141799	1896529
141800	1896547
141801	1896563
141802	1896577
141803	1896581
141804	1896593
141805	1896607
141806	1896617
141807	1896647
141808	1896659
141809	1896667
141810	1896677
141811	1896683
141812	1896689
141813	1896721
141814	1896737
141815	1896761
141816	1896767
141817	1896781
141818	1896823
141819	1896847
141820	1896871
141821	1896883
141822	1896887
141823	1896889
141824	1896893
141825	1896899
141826	1896901
141827	1896959
141828	1896989
141829	1896991
141830	1897001
141831	1897009
141832	1897037
141833	1897057
141834	1897069
141835	1897073
141836	1897079
141837	1897087
141838	1897097
141839	1897099
141840	1897121
141841	1897127
141842	1897139
141843	1897141
141844	1897163
141845	1897171
141846	1897177
141847	1897199
141848	1897219
141849	1897229
141850	1897237
141851	1897243
141852	1897277
141853	1897279
141854	1897327
141855	1897361
141856	1897367
141857	1897403
141858	1897409
141859	1897429
141860	1897459
141861	1897481
141862	1897517
141863	1897529
141864	1897537
141865	1897561
141866	1897573
141867	1897583
141868	1897589
141869	1897601
141870	1897627
141871	1897639
141872	1897667
141873	1897669
141874	1897681
141875	1897691
141876	1897703
141877	1897711
141878	1897717
141879	1897729
141880	1897733
141881	1897741
141882	1897751
141883	1897787
141884	1897793
141885	1897801
141886	1897807
141887	1897823
141888	1897843
141889	1897871
141890	1897939
141891	1897943
141892	1897949
141893	1897957
141894	1897969
141895	1897979
141896	1897991
141897	1898009
141898	1898011
141899	1898023
141900	1898027
141901	1898047
141902	1898051
141903	1898053
141904	1898069
141905	1898077
141906	1898087
141907	1898107
141908	1898123
141909	1898131
141910	1898153
141911	1898179
141912	1898201
141913	1898209
141914	1898227
141915	1898243
141916	1898249
141917	1898257
141918	1898279
141919	1898297
141920	1898317
141921	1898353
141922	1898363
141923	1898371
141924	1898383
141925	1898389
141926	1898417
141927	1898419
141928	1898431
141929	1898447
141930	1898467
141931	1898483
141932	1898521
141933	1898527
141934	1898539
141935	1898549
141936	1898557
141937	1898563
141938	1898569
141939	1898573
141940	1898591
141941	1898593
141942	1898609
141943	1898621
141944	1898629
141945	1898641
141946	1898681
141947	1898693
141948	1898711
141949	1898737
141950	1898749
141951	1898759
141952	1898761
141953	1898773
141954	1898783
141955	1898801
141956	1898807
141957	1898861
141958	1898863
141959	1898867
141960	1898873
141961	1898881
141962	1898887
141963	1898893
141964	1898921
141965	1898959
141966	1898977
141967	1898983
141968	1899017
141969	1899047
141970	1899049
141971	1899059
141972	1899077
141973	1899083
141974	1899089
141975	1899101
141976	1899109
141977	1899119
141978	1899137
141979	1899167
141980	1899187
141981	1899193
141982	1899197
141983	1899199
141984	1899253
141985	1899263
141986	1899281
141987	1899301
141988	1899307
141989	1899311
141990	1899323
141991	1899341
141992	1899343
141993	1899347
141994	1899371
141995	1899377
141996	1899419
141997	1899421
141998	1899437
141999	1899473
142000	1899481
