128001	1698089
128002	1698101
128003	1698119
128004	1698121
128005	1698127
128006	1698131
128007	1698133
128008	1698139
128009	1698167
128010	1698217
128011	1698227
128012	1698233
128013	1698241
128014	1698247
128015	1698253
128016	1698259
128017	1698271
128018	1698289
128019	1698311
128020	1698313
128021	1698349
128022	1698377
128023	1698379
128024	1698409
128025	1698413
128026	1698427
128027	1698449
128028	1698461
128029	1698469
128030	1698497
128031	1698509
128032	1698511
128033	1698539
128034	1698553
128035	1698569
128036	1698607
128037	1698611
128038	1698643
128039	1698647
128040	1698679
128041	1698689
128042	1698701
128043	1698709
128044	1698713
128045	1698727
128046	1698751
128047	1698773
128048	1698797
128049	1698799
128050	1698821
128051	1698833
128052	1698857
128053	1698859
128054	1698869
128055	1698871
128056	1698877
128057	1698881
128058	1698883
128059	1698913
128060	1698943
128061	1698947
128062	1698953
128063	1698967
128064	1698971
128065	1699001
128066	1699007
128067	1699039
128068	1699043
128069	1699063
128070	1699067
128071	1699069
128072	1699073
128073	1699091
128074	1699109
128075	1699111
128076	1699129
128077	1699153
128078	1699157
128079	1699177
128080	1699193
128081	1699213
128082	1699219
128083	1699223
128084	1699237
128085	1699249
128086	1699279
128087	1699289
128088	1699297
128089	1699301
128090	1699307
128091	1699319
128092	1699331
128093	1699333
128094	1699349
128095	1699361
128096	1699381
128097	1699391
128098	1699393
128099	1699421
128100	1699427
128101	1699457
128102	1699469
128103	1699471
128104	1699499
128105	1699501
128106	1699517
128107	1699543
128108	1699547
128109	1699571
128110	1699597
128111	1699619
128112	1699627
128113	1699639
128114	1699651
128115	1699667
128116	1699679
128117	1699681
128118	1699703
128119	1699717
128120	1699727
128121	1699739
128122	1699741
128123	1699781
128124	1699783
128125	1699787
128126	1699793
128127	1699799
128128	1699801
128129	1699829
128130	1699837
128131	1699853
128132	1699871
128133	1699877
128134	1699879
128135	1699897
128136	1699921
128137	1699933
128138	1699937
128139	1699939
128140	1699969
128141	1699993
128142	1700021
128143	1700047
128144	1700053
128145	1700059
128146	1700077
128147	1700087
128148	1700099
128149	1700107
128150	1700129
128151	1700141
128152	1700143
128153	1700161
128154	1700173
128155	1700189
128156	1700197
128157	1700219
128158	1700233
128159	1700267
128160	1700269
128161	1700287
128162	1700297
128163	1700327
128164	1700339
128165	1700341
128166	1700353
128167	1700359
128168	1700371
128169	1700383
128170	1700423
128171	1700431
128172	1700437
128173	1700441
128174	1700471
128175	1700477
128176	1700513
128177	1700533
128178	1700549
128179	1700563
128180	1700591
128181	1700593
128182	1700603
128183	1700609
128184	1700617
128185	1700627
128186	1700651
128187	1700659
128188	1700669
128189	1700683
128190	1700687
128191	1700719
128192	1700723
128193	1700729
128194	1700749
128195	1700759
128196	1700761
128197	1700767
128198	1700771
128199	1700801
128200	1700807
128201	1700813
128202	1700819
128203	1700849
128204	1700851
128205	1700917
128206	1700921
128207	1700981
128208	1700983
128209	1700987
128210	1701017
128211	1701019
128212	1701023
128213	1701041
128214	1701043
128215	1701047
128216	1701059
128217	1701061
128218	1701079
128219	1701101
128220	1701121
128221	1701137
128222	1701151
128223	1701179
128224	1701181
128225	1701199
128226	1701233
128227	1701239
128228	1701263
128229	1701269
128230	1701277
128231	1701289
128232	1701299
128233	1701307
128234	1701313
128235	1701361
128236	1701367
128237	1701389
128238	1701391
128239	1701397
128240	1701433
128241	1701437
128242	1701439
128243	1701449
128244	1701461
128245	1701487
128246	1701493
128247	1701503
128248	1701509
128249	1701521
128250	1701523
128251	1701527
128252	1701533
128253	1701571
128254	1701577
128255	1701589
128256	1701607
128257	1701613
128258	1701617
128259	1701629
128260	1701641
128261	1701643
128262	1701647
128263	1701653
128264	1701709
128265	1701719
128266	1701727
128267	1701731
128268	1701743
128269	1701757
128270	1701761
128271	1701767
128272	1701803
128273	1701809
128274	1701827
128275	1701829
128276	1701841
128277	1701851
128278	1701857
128279	1701859
128280	1701871
128281	1701877
128282	1701881
128283	1701899
128284	1701901
128285	1701911
128286	1701913
128287	1701967
128288	1701971
128289	1701979
128290	1701991
128291	1702009
128292	1702013
128293	1702061
128294	1702079
128295	1702087
128296	1702093
128297	1702109
128298	1702121
128299	1702133
128300	1702139
128301	1702171
128302	1702177
128303	1702189
128304	1702219
128305	1702237
128306	1702243
128307	1702249
128308	1702291
128309	1702313
128310	1702319
128311	1702321
128312	1702339
128313	1702369
128314	1702373
128315	1702409
128316	1702417
128317	1702423
128318	1702429
128319	1702507
128320	1702511
128321	1702523
128322	1702543
128323	1702549
128324	1702553
128325	1702573
128326	1702577
128327	1702627
128328	1702637
128329	1702639
128330	1702643
128331	1702661
128332	1702663
128333	1702697
128334	1702709
128335	1702711
128336	1702717
128337	1702721
128338	1702739
128339	1702741
128340	1702747
128341	1702751
128342	1702781
128343	1702783
128344	1702801
128345	1702807
128346	1702817
128347	1702819
128348	1702823
128349	1702849
128350	1702867
128351	1702879
128352	1702891
128353	1702901
128354	1702903
128355	1702927
128356	1702931
128357	1702933
128358	1702949
128359	1702963
128360	1702969
128361	1702991
128362	1702993
128363	1703041
128364	1703063
128365	1703071
128366	1703089
128367	1703113
128368	1703123
128369	1703159
128370	1703183
128371	1703203
128372	1703227
128373	1703231
128374	1703237
128375	1703267
128376	1703269
128377	1703287
128378	1703291
128379	1703297
128380	1703323
128381	1703381
128382	1703399
128383	1703413
128384	1703437
128385	1703447
128386	1703453
128387	1703461
128388	1703467
128389	1703479
128390	1703501
128391	1703557
128392	1703563
128393	1703573
128394	1703593
128395	1703599
128396	1703627
128397	1703651
128398	1703683
128399	1703687
128400	1703693
128401	1703707
128402	1703717
128403	1703719
128404	1703731
128405	1703773
128406	1703783
128407	1703809
128408	1703833
128409	1703843
128410	1703851
128411	1703857
128412	1703899
128413	1703903
128414	1703941
128415	1703957
128416	1703963
128417	1703983
128418	1703993
128419	1704023
128420	1704041
128421	1704067
128422	1704077
128423	1704103
128424	1704119
128425	1704121
128426	1704137
128427	1704149
128428	1704161
128429	1704169
128430	1704181
128431	1704187
128432	1704203
128433	1704211
128434	1704217
128435	1704229
128436	1704251
128437	1704271
128438	1704289
128439	1704299
128440	1704343
128441	1704347
128442	1704371
128443	1704377
128444	1704397
128445	1704407
128446	1704421
128447	1704431
128448	1704449
128449	1704463
128450	1704487
128451	1704499
128452	1704511
128453	1704517
128454	1704529
128455	1704551
128456	1704559
128457	1704587
128458	1704589
128459	1704601
128460	1704611
128461	1704613
128462	1704671
128463	1704673
128464	1704679
128465	1704683
128466	1704713
128467	1704727
128468	1704751
128469	1704757
128470	1704763
128471	1704793
128472	1704799
128473	1704803
128474	1704809
128475	1704841
128476	1704847
128477	1704877
128478	1704887
128479	1704893
128480	1704919
128481	1704929
128482	1704931
128483	1704943
128484	1704953
128485	1704961
128486	1704971
128487	1704979
128488	1704991
128489	1705001
128490	1705009
128491	1705021
128492	1705051
128493	1705097
128494	1705103
128495	1705111
128496	1705127
128497	1705129
128498	1705139
128499	1705141
128500	1705153
128501	1705157
128502	1705181
128503	1705189
128504	1705199
128505	1705211
128506	1705241
128507	1705247
128508	1705267
128509	1705271
128510	1705273
128511	1705303
128512	1705309
128513	1705331
128514	1705339
128515	1705369
128516	1705387
128517	1705393
128518	1705397
128519	1705399
128520	1705409
128521	1705433
128522	1705447
128523	1705463
128524	1705481
128525	1705493
128526	1705549
128527	1705579
128528	1705591
128529	1705597
128530	1705601
128531	1705637
128532	1705667
128533	1705679
128534	1705721
128535	1705747
128536	1705757
128537	1705799
128538	1705807
128539	1705813
128540	1705817
128541	1705819
128542	1705829
128543	1705843
128544	1705849
128545	1705859
128546	1705861
128547	1705871
128548	1705883
128549	1705889
128550	1705897
128551	1705903
128552	1705931
128553	1705943
128554	1705973
128555	1705997
128556	1706009
128557	1706057
128558	1706063
128559	1706077
128560	1706087
128561	1706113
128562	1706129
128563	1706141
128564	1706153
128565	1706167
128566	1706179
128567	1706191
128568	1706213
128569	1706227
128570	1706233
128571	1706249
128572	1706251
128573	1706281
128574	1706291
128575	1706293
128576	1706311
128577	1706317
128578	1706323
128579	1706363
128580	1706381
128581	1706387
128582	1706399
128583	1706417
128584	1706437
128585	1706449
128586	1706459
128587	1706473
128588	1706483
128589	1706489
128590	1706491
128591	1706501
128592	1706527
128593	1706533
128594	1706539
128595	1706567
128596	1706569
128597	1706591
128598	1706603
128599	1706629
128600	1706633
128601	1706641
128602	1706651
128603	1706657
128604	1706659
128605	1706687
128606	1706689
128607	1706701
128608	1706741
128609	1706743
128610	1706777
128611	1706791
128612	1706797
128613	1706801
128614	1706821
128615	1706843
128616	1706849
128617	1706857
128618	1706863
128619	1706867
128620	1706869
128621	1706897
128622	1706927
128623	1706951
128624	1706977
128625	1706981
128626	1706989
128627	1707067
128628	1707071
128629	1707073
128630	1707107
128631	1707113
128632	1707119
128633	1707127
128634	1707137
128635	1707161
128636	1707163
128637	1707179
128638	1707197
128639	1707253
128640	1707257
128641	1707301
128642	1707331
128643	1707341
128644	1707347
128645	1707353
128646	1707367
128647	1707371
128648	1707379
128649	1707389
128650	1707403
128651	1707413
128652	1707421
128653	1707437
128654	1707443
128655	1707457
128656	1707467
128657	1707499
128658	1707509
128659	1707521
128660	1707523
128661	1707529
128662	1707533
128663	1707539
128664	1707551
128665	1707577
128666	1707581
128667	1707611
128668	1707617
128669	1707631
128670	1707647
128671	1707649
128672	1707707
128673	1707709
128674	1707733
128675	1707737
128676	1707757
128677	1707767
128678	1707779
128679	1707787
128680	1707791
128681	1707833
128682	1707851
128683	1707863
128684	1707869
128685	1707887
128686	1707889
128687	1707899
128688	1707907
128689	1707913
128690	1707919
128691	1707931
128692	1707941
128693	1707943
128694	1707947
128695	1707977
128696	1707983
128697	1708009
128698	1708033
128699	1708037
128700	1708039
128701	1708051
128702	1708067
128703	1708079
128704	1708087
128705	1708103
128706	1708159
128707	1708163
128708	1708169
128709	1708181
128710	1708207
128711	1708219
128712	1708229
128713	1708247
128714	1708283
128715	1708307
128716	1708321
128717	1708339
128718	1708351
128719	1708363
128720	1708373
128721	1708387
128722	1708391
128723	1708397
128724	1708409
128725	1708411
128726	1708439
128727	1708453
128728	1708457
128729	1708493
128730	1708507
128731	1708513
128732	1708523
128733	1708529
128734	1708541
128735	1708543
128736	1708571
128737	1708573
128738	1708579
128739	1708607
128740	1708621
128741	1708639
128742	1708649
128743	1708657
128744	1708669
128745	1708703
128746	1708717
128747	1708741
128748	1708769
128749	1708781
128750	1708783
128751	1708799
128752	1708807
128753	1708829
128754	1708853
128755	1708859
128756	1708871
128757	1708909
128758	1708939
128759	1708943
128760	1708951
128761	1708961
128762	1708963
128763	1708979
128764	1708981
128765	1708991
128766	1708997
128767	1709009
128768	1709017
128769	1709033
128770	1709047
128771	1709077
128772	1709087
128773	1709093
128774	1709131
128775	1709137
128776	1709143
128777	1709161
128778	1709189
128779	1709203
128780	1709209
128781	1709233
128782	1709243
128783	1709251
128784	1709261
128785	1709263
128786	1709269
128787	1709287
128788	1709317
128789	1709321
128790	1709327
128791	1709339
128792	1709341
128793	1709353
128794	1709359
128795	1709377
128796	1709387
128797	1709443
128798	1709453
128799	1709473
128800	1709479
128801	1709483
128802	1709489
128803	1709497
128804	1709501
128805	1709507
128806	1709509
128807	1709527
128808	1709593
128809	1709599
128810	1709611
128811	1709633
128812	1709663
128813	1709671
128814	1709689
128815	1709693
128816	1709699
128817	1709711
128818	1709713
128819	1709749
128820	1709767
128821	1709783
128822	1709789
128823	1709837
128824	1709861
128825	1709863
128826	1709909
128827	1709923
128828	1709933
128829	1709941
128830	1709951
128831	1709959
128832	1709963
128833	1709969
128834	1709971
128835	1709989
128836	1709993
128837	1709999
128838	1710011
128839	1710017
128840	1710061
128841	1710077
128842	1710083
128843	1710091
128844	1710097
128845	1710131
128846	1710139
128847	1710161
128848	1710167
128849	1710179
128850	1710193
128851	1710197
128852	1710199
128853	1710221
128854	1710229
128855	1710253
128856	1710263
128857	1710287
128858	1710299
128859	1710307
128860	1710311
128861	1710337
128862	1710341
128863	1710343
128864	1710347
128865	1710383
128866	1710389
128867	1710403
128868	1710407
128869	1710409
128870	1710413
128871	1710419
128872	1710431
128873	1710439
128874	1710493
128875	1710517
128876	1710529
128877	1710539
128878	1710593
128879	1710601
128880	1710607
128881	1710613
128882	1710617
128883	1710619
128884	1710629
128885	1710647
128886	1710661
128887	1710677
128888	1710689
128889	1710691
128890	1710697
128891	1710701
128892	1710757
128893	1710767
128894	1710781
128895	1710791
128896	1710799
128897	1710833
128898	1710851
128899	1710853
128900	1710857
128901	1710869
128902	1710871
128903	1710881
128904	1710923
128905	1710937
128906	1710953
128907	1710959
128908	1710997
128909	1711019
128910	1711043
128911	1711049
128912	1711051
128913	1711069
128914	1711081
128915	1711091
128916	1711093
128917	1711097
128918	1711103
128919	1711117
128920	1711123
128921	1711153
128922	1711163
128923	1711181
128924	1711189
128925	1711207
128926	1711277
128927	1711279
128928	1711289
128929	1711291
128930	1711327
128931	1711351
128932	1711379
128933	1711397
128934	1711399
128935	1711427
128936	1711447
128937	1711459
128938	1711471
128939	1711481
128940	1711487
128941	1711511
128942	1711517
128943	1711519
128944	1711547
128945	1711553
128946	1711561
128947	1711573
128948	1711613
128949	1711621
128950	1711639
128951	1711643
128952	1711651
128953	1711669
128954	1711673
128955	1711687
128956	1711753
128957	1711763
128958	1711793
128959	1711799
128960	1711811
128961	1711813
128962	1711817
128963	1711819
128964	1711859
128965	1711889
128966	1711891
128967	1711901
128968	1711909
128969	1711921
128970	1711937
128971	1711949
128972	1711961
128973	1711967
128974	1711973
128975	1711979
128976	1711981
128977	1711993
128978	1712017
128979	1712047
128980	1712057
128981	1712077
128982	1712129
128983	1712141
128984	1712149
128985	1712153
128986	1712171
128987	1712173
128988	1712177
128989	1712197
128990	1712203
128991	1712213
128992	1712219
128993	1712231
128994	1712237
128995	1712267
128996	1712287
128997	1712311
128998	1712329
128999	1712339
129000	1712353
