192001	2631533
192002	2631539
192003	2631553
192004	2631581
192005	2631631
192006	2631647
192007	2631649
192008	2631653
192009	2631661
192010	2631679
192011	2631689
192012	2631691
192013	2631701
192014	2631731
192015	2631743
192016	2631767
192017	2631793
192018	2631817
192019	2631833
192020	2631851
192021	2631887
192022	2631917
192023	2631919
192024	2631929
192025	2631947
192026	2631949
192027	2631971
192028	2631973
192029	2631983
192030	2631989
192031	2632001
192032	2632009
192033	2632027
192034	2632031
192035	2632037
192036	2632057
192037	2632061
192038	2632067
192039	2632079
192040	2632099
192041	2632111
192042	2632121
192043	2632129
192044	2632151
192045	2632153
192046	2632163
192047	2632169
192048	2632177
192049	2632187
192050	2632213
192051	2632219
192052	2632247
192053	2632249
192054	2632271
192055	2632277
192056	2632309
192057	2632313
192058	2632319
192059	2632339
192060	2632361
192061	2632369
192062	2632379
192063	2632387
192064	2632391
192065	2632397
192066	2632411
192067	2632429
192068	2632447
192069	2632463
192070	2632471
192071	2632477
192072	2632493
192073	2632499
192074	2632523
192075	2632537
192076	2632543
192077	2632549
192078	2632573
192079	2632579
192080	2632601
192081	2632627
192082	2632633
192083	2632657
192084	2632673
192085	2632687
192086	2632691
192087	2632717
192088	2632723
192089	2632727
192090	2632759
192091	2632781
192092	2632789
192093	2632793
192094	2632801
192095	2632829
192096	2632831
192097	2632859
192098	2632867
192099	2632873
192100	2632901
192101	2632907
192102	2632919
192103	2632921
192104	2632937
192105	2632967
192106	2632999
192107	2633023
192108	2633041
192109	2633053
192110	2633083
192111	2633101
192112	2633107
192113	2633123
192114	2633129
192115	2633131
192116	2633161
192117	2633173
192118	2633203
192119	2633207
192120	2633219
192121	2633221
192122	2633227
192123	2633261
192124	2633263
192125	2633273
192126	2633291
192127	2633297
192128	2633303
192129	2633311
192130	2633321
192131	2633333
192132	2633353
192133	2633359
192134	2633387
192135	2633399
192136	2633417
192137	2633429
192138	2633437
192139	2633441
192140	2633443
192141	2633447
192142	2633459
192143	2633467
192144	2633473
192145	2633483
192146	2633489
192147	2633497
192148	2633509
192149	2633531
192150	2633537
192151	2633539
192152	2633557
192153	2633563
192154	2633581
192155	2633593
192156	2633597
192157	2633629
192158	2633639
192159	2633641
192160	2633651
192161	2633663
192162	2633677
192163	2633681
192164	2633689
192165	2633711
192166	2633713
192167	2633737
192168	2633749
192169	2633783
192170	2633789
192171	2633831
192172	2633843
192173	2633857
192174	2633863
192175	2633899
192176	2633909
192177	2633923
192178	2633947
192179	2633987
192180	2634001
192181	2634011
192182	2634013
192183	2634083
192184	2634109
192185	2634119
192186	2634131
192187	2634139
192188	2634161
192189	2634193
192190	2634199
192191	2634227
192192	2634241
192193	2634251
192194	2634263
192195	2634301
192196	2634319
192197	2634341
192198	2634353
192199	2634377
192200	2634403
192201	2634419
192202	2634427
192203	2634433
192204	2634449
192205	2634461
192206	2634479
192207	2634487
192208	2634493
192209	2634509
192210	2634517
192211	2634523
192212	2634539
192213	2634551
192214	2634557
192215	2634607
192216	2634613
192217	2634623
192218	2634629
192219	2634631
192220	2634649
192221	2634689
192222	2634691
192223	2634707
192224	2634713
192225	2634727
192226	2634743
192227	2634761
192228	2634769
192229	2634781
192230	2634791
192231	2634823
192232	2634829
192233	2634833
192234	2634839
192235	2634859
192236	2634871
192237	2634883
192238	2634893
192239	2634923
192240	2634941
192241	2634943
192242	2634953
192243	2634967
192244	2634991
192245	2635007
192246	2635019
192247	2635033
192248	2635037
192249	2635057
192250	2635063
192251	2635079
192252	2635097
192253	2635099
192254	2635109
192255	2635121
192256	2635141
192257	2635163
192258	2635189
192259	2635229
192260	2635247
192261	2635253
192262	2635267
192263	2635313
192264	2635331
192265	2635349
192266	2635387
192267	2635411
192268	2635429
192269	2635447
192270	2635481
192271	2635483
192272	2635487
192273	2635489
192274	2635543
192275	2635553
192276	2635583
192277	2635597
192278	2635613
192279	2635643
192280	2635673
192281	2635691
192282	2635693
192283	2635709
192284	2635727
192285	2635747
192286	2635757
192287	2635783
192288	2635793
192289	2635819
192290	2635861
192291	2635877
192292	2635879
192293	2635883
192294	2635891
192295	2635907
192296	2635909
192297	2635933
192298	2635939
192299	2635949
192300	2635967
192301	2635973
192302	2635979
192303	2635987
192304	2636009
192305	2636021
192306	2636027
192307	2636033
192308	2636059
192309	2636063
192310	2636077
192311	2636087
192312	2636107
192313	2636119
192314	2636143
192315	2636149
192316	2636171
192317	2636197
192318	2636203
192319	2636233
192320	2636243
192321	2636251
192322	2636261
192323	2636279
192324	2636311
192325	2636317
192326	2636323
192327	2636339
192328	2636353
192329	2636357
192330	2636369
192331	2636401
192332	2636407
192333	2636437
192334	2636449
192335	2636453
192336	2636471
192337	2636483
192338	2636503
192339	2636507
192340	2636527
192341	2636539
192342	2636549
192343	2636567
192344	2636597
192345	2636609
192346	2636617
192347	2636633
192348	2636663
192349	2636671
192350	2636677
192351	2636701
192352	2636713
192353	2636719
192354	2636759
192355	2636773
192356	2636779
192357	2636791
192358	2636797
192359	2636813
192360	2636831
192361	2636857
192362	2636863
192363	2636873
192364	2636897
192365	2636917
192366	2636929
192367	2636939
192368	2636957
192369	2636971
192370	2636983
192371	2637001
192372	2637013
192373	2637017
192374	2637043
192375	2637083
192376	2637119
192377	2637133
192378	2637163
192379	2637169
192380	2637191
192381	2637197
192382	2637199
192383	2637209
192384	2637221
192385	2637251
192386	2637253
192387	2637259
192388	2637269
192389	2637281
192390	2637287
192391	2637301
192392	2637331
192393	2637343
192394	2637353
192395	2637361
192396	2637373
192397	2637379
192398	2637419
192399	2637451
192400	2637469
192401	2637493
192402	2637497
192403	2637529
192404	2637539
192405	2637541
192406	2637553
192407	2637581
192408	2637587
192409	2637611
192410	2637631
192411	2637647
192412	2637659
192413	2637667
192414	2637671
192415	2637673
192416	2637683
192417	2637689
192418	2637707
192419	2637743
192420	2637763
192421	2637769
192422	2637773
192423	2637779
192424	2637787
192425	2637797
192426	2637799
192427	2637911
192428	2637919
192429	2637931
192430	2637937
192431	2637953
192432	2637959
192433	2637961
192434	2637983
192435	2637997
192436	2638003
192437	2638039
192438	2638057
192439	2638061
192440	2638073
192441	2638087
192442	2638177
192443	2638187
192444	2638199
192445	2638201
192446	2638231
192447	2638243
192448	2638253
192449	2638267
192450	2638271
192451	2638297
192452	2638301
192453	2638319
192454	2638327
192455	2638331
192456	2638357
192457	2638367
192458	2638369
192459	2638381
192460	2638403
192461	2638411
192462	2638469
192463	2638477
192464	2638501
192465	2638529
192466	2638543
192467	2638561
192468	2638567
192469	2638579
192470	2638589
192471	2638607
192472	2638613
192473	2638631
192474	2638633
192475	2638651
192476	2638667
192477	2638673
192478	2638687
192479	2638693
192480	2638697
192481	2638717
192482	2638747
192483	2638771
192484	2638787
192485	2638793
192486	2638841
192487	2638843
192488	2638849
192489	2638873
192490	2638879
192491	2638897
192492	2638901
192493	2638907
192494	2638919
192495	2638931
192496	2638949
192497	2638973
192498	2639041
192499	2639069
192500	2639071
192501	2639083
192502	2639093
192503	2639107
192504	2639111
192505	2639149
192506	2639171
192507	2639177
192508	2639179
192509	2639183
192510	2639201
192511	2639207
192512	2639213
192513	2639239
192514	2639251
192515	2639291
192516	2639303
192517	2639323
192518	2639333
192519	2639339
192520	2639353
192521	2639389
192522	2639393
192523	2639401
192524	2639407
192525	2639419
192526	2639431
192527	2639447
192528	2639477
192529	2639489
192530	2639491
192531	2639501
192532	2639509
192533	2639513
192534	2639521
192535	2639561
192536	2639569
192537	2639587
192538	2639597
192539	2639633
192540	2639639
192541	2639669
192542	2639699
192543	2639701
192544	2639711
192545	2639723
192546	2639759
192547	2639761
192548	2639773
192549	2639789
192550	2639801
192551	2639809
192552	2639827
192553	2639863
192554	2639869
192555	2639873
192556	2639881
192557	2639887
192558	2639891
192559	2639911
192560	2639921
192561	2639927
192562	2639939
192563	2639941
192564	2639953
192565	2639969
192566	2639971
192567	2639999
192568	2640013
192569	2640017
192570	2640023
192571	2640041
192572	2640059
192573	2640067
192574	2640137
192575	2640139
192576	2640163
192577	2640167
192578	2640181
192579	2640217
192580	2640227
192581	2640251
192582	2640271
192583	2640289
192584	2640299
192585	2640317
192586	2640343
192587	2640347
192588	2640349
192589	2640361
192590	2640367
192591	2640371
192592	2640383
192593	2640397
192594	2640409
192595	2640497
192596	2640503
192597	2640509
192598	2640511
192599	2640527
192600	2640551
192601	2640571
192602	2640577
192603	2640581
192604	2640643
192605	2640683
192606	2640689
192607	2640707
192608	2640709
192609	2640713
192610	2640721
192611	2640739
192612	2640749
192613	2640761
192614	2640767
192615	2640779
192616	2640821
192617	2640823
192618	2640853
192619	2640857
192620	2640863
192621	2640871
192622	2640881
192623	2640889
192624	2640893
192625	2640901
192626	2640907
192627	2640917
192628	2640919
192629	2640941
192630	2640947
192631	2640959
192632	2640973
192633	2640997
192634	2641013
192635	2641027
192636	2641031
192637	2641039
192638	2641061
192639	2641063
192640	2641099
192641	2641109
192642	2641123
192643	2641127
192644	2641151
192645	2641153
192646	2641187
192647	2641193
192648	2641217
192649	2641237
192650	2641277
192651	2641279
192652	2641283
192653	2641313
192654	2641337
192655	2641351
192656	2641357
192657	2641363
192658	2641367
192659	2641369
192660	2641391
192661	2641411
192662	2641421
192663	2641423
192664	2641433
192665	2641451
192666	2641459
192667	2641469
192668	2641487
192669	2641493
192670	2641501
192671	2641517
192672	2641519
192673	2641531
192674	2641543
192675	2641547
192676	2641549
192677	2641553
192678	2641559
192679	2641567
192680	2641571
192681	2641577
192682	2641631
192683	2641633
192684	2641637
192685	2641649
192686	2641657
192687	2641663
192688	2641669
192689	2641687
192690	2641739
192691	2641747
192692	2641759
192693	2641777
192694	2641799
192695	2641801
192696	2641811
192697	2641829
192698	2641831
192699	2641841
192700	2641879
192701	2641889
192702	2641901
192703	2641907
192704	2641909
192705	2641921
192706	2641927
192707	2641939
192708	2641949
192709	2641993
192710	2642039
192711	2642041
192712	2642063
192713	2642077
192714	2642111
192715	2642117
192716	2642137
192717	2642141
192718	2642147
192719	2642149
192720	2642173
192721	2642179
192722	2642201
192723	2642203
192724	2642231
192725	2642239
192726	2642257
192727	2642287
192728	2642291
192729	2642323
192730	2642329
192731	2642333
192732	2642351
192733	2642357
192734	2642359
192735	2642369
192736	2642383
192737	2642389
192738	2642449
192739	2642473
192740	2642483
192741	2642513
192742	2642537
192743	2642543
192744	2642561
192745	2642569
192746	2642587
192747	2642603
192748	2642609
192749	2642621
192750	2642639
192751	2642693
192752	2642699
192753	2642707
192754	2642713
192755	2642771
192756	2642777
192757	2642789
192758	2642791
192759	2642797
192760	2642821
192761	2642839
192762	2642863
192763	2642869
192764	2642879
192765	2642891
192766	2642897
192767	2642929
192768	2642933
192769	2642971
192770	2642987
192771	2642993
192772	2643013
192773	2643019
192774	2643037
192775	2643059
192776	2643061
192777	2643073
192778	2643079
192779	2643097
192780	2643107
192781	2643119
192782	2643131
192783	2643133
192784	2643161
192785	2643181
192786	2643209
192787	2643227
192788	2643239
192789	2643241
192790	2643247
192791	2643283
192792	2643307
192793	2643331
192794	2643341
192795	2643343
192796	2643349
192797	2643353
192798	2643383
192799	2643397
192800	2643427
192801	2643439
192802	2643457
192803	2643461
192804	2643479
192805	2643491
192806	2643497
192807	2643523
192808	2643547
192809	2643559
192810	2643569
192811	2643581
192812	2643583
192813	2643593
192814	2643607
192815	2643629
192816	2643647
192817	2643659
192818	2643661
192819	2643671
192820	2643673
192821	2643677
192822	2643691
192823	2643709
192824	2643713
192825	2643733
192826	2643737
192827	2643743
192828	2643757
192829	2643779
192830	2643791
192831	2643821
192832	2643833
192833	2643853
192834	2643871
192835	2643889
192836	2643899
192837	2643913
192838	2643917
192839	2643943
192840	2643947
192841	2643961
192842	2643989
192843	2644003
192844	2644007
192845	2644039
192846	2644043
192847	2644063
192848	2644067
192849	2644073
192850	2644091
192851	2644093
192852	2644121
192853	2644127
192854	2644139
192855	2644141
192856	2644151
192857	2644153
192858	2644157
192859	2644171
192860	2644177
192861	2644181
192862	2644183
192863	2644219
192864	2644247
192865	2644261
192866	2644277
192867	2644339
192868	2644357
192869	2644381
192870	2644387
192871	2644399
192872	2644403
192873	2644409
192874	2644429
192875	2644451
192876	2644489
192877	2644507
192878	2644513
192879	2644531
192880	2644547
192881	2644561
192882	2644573
192883	2644613
192884	2644619
192885	2644627
192886	2644637
192887	2644657
192888	2644669
192889	2644687
192890	2644709
192891	2644727
192892	2644729
192893	2644751
192894	2644769
192895	2644799
192896	2644823
192897	2644847
192898	2644849
192899	2644853
192900	2644879
192901	2644883
192902	2644891
192903	2644903
192904	2644907
192905	2644913
192906	2644919
192907	2644921
192908	2644927
192909	2644981
192910	2645011
192911	2645051
192912	2645057
192913	2645063
192914	2645087
192915	2645099
192916	2645101
192917	2645129
192918	2645131
192919	2645141
192920	2645171
192921	2645189
192922	2645191
192923	2645213
192924	2645219
192925	2645221
192926	2645233
192927	2645239
192928	2645257
192929	2645263
192930	2645267
192931	2645297
192932	2645311
192933	2645329
192934	2645341
192935	2645359
192936	2645371
192937	2645393
192938	2645399
192939	2645413
192940	2645417
192941	2645429
192942	2645431
192943	2645453
192944	2645477
192945	2645479
192946	2645507
192947	2645519
192948	2645521
192949	2645527
192950	2645543
192951	2645549
192952	2645551
192953	2645561
192954	2645567
192955	2645569
192956	2645581
192957	2645597
192958	2645603
192959	2645639
192960	2645647
192961	2645651
192962	2645663
192963	2645681
192964	2645701
192965	2645711
192966	2645717
192967	2645723
192968	2645743
192969	2645749
192970	2645777
192971	2645779
192972	2645809
192973	2645827
192974	2645831
192975	2645843
192976	2645849
192977	2645861
192978	2645879
192979	2645887
192980	2645891
192981	2645893
192982	2645899
192983	2645911
192984	2645917
192985	2645927
192986	2645933
192987	2645941
192988	2645971
192989	2645977
192990	2645987
192991	2646001
192992	2646011
192993	2646013
192994	2646019
192995	2646023
192996	2646029
192997	2646041
192998	2646071
192999	2646079
193000	2646089
