131001	1741427
131002	1741447
131003	1741451
131004	1741459
131005	1741469
131006	1741477
131007	1741511
131008	1741517
131009	1741529
131010	1741541
131011	1741547
131012	1741573
131013	1741603
131014	1741609
131015	1741613
131016	1741651
131017	1741657
131018	1741687
131019	1741693
131020	1741697
131021	1741699
131022	1741723
131023	1741741
131024	1741757
131025	1741781
131026	1741793
131027	1741807
131028	1741811
131029	1741841
131030	1741877
131031	1741879
131032	1741891
131033	1741897
131034	1741903
131035	1741913
131036	1741969
131037	1741979
131038	1742017
131039	1742021
131040	1742033
131041	1742051
131042	1742063
131043	1742077
131044	1742101
131045	1742161
131046	1742171
131047	1742173
131048	1742179
131049	1742197
131050	1742249
131051	1742261
131052	1742297
131053	1742303
131054	1742309
131055	1742339
131056	1742359
131057	1742369
131058	1742383
131059	1742387
131060	1742393
131061	1742401
131062	1742413
131063	1742423
131064	1742443
131065	1742453
131066	1742467
131067	1742473
131068	1742497
131069	1742501
131070	1742513
131071	1742527
131072	1742537
131073	1742539
131074	1742563
131075	1742579
131076	1742591
131077	1742593
131078	1742617
131079	1742647
131080	1742659
131081	1742669
131082	1742677
131083	1742681
131084	1742701
131085	1742707
131086	1742711
131087	1742723
131088	1742731
131089	1742753
131090	1742771
131091	1742773
131092	1742791
131093	1742809
131094	1742843
131095	1742861
131096	1742893
131097	1742899
131098	1742903
131099	1742941
131100	1742947
131101	1742969
131102	1742971
131103	1742989
131104	1742999
131105	1743013
131106	1743017
131107	1743023
131108	1743031
131109	1743047
131110	1743059
131111	1743067
131112	1743113
131113	1743127
131114	1743143
131115	1743149
131116	1743179
131117	1743221
131118	1743229
131119	1743233
131120	1743241
131121	1743271
131122	1743283
131123	1743317
131124	1743341
131125	1743353
131126	1743359
131127	1743397
131128	1743419
131129	1743433
131130	1743437
131131	1743457
131132	1743461
131133	1743463
131134	1743473
131135	1743487
131136	1743491
131137	1743517
131138	1743523
131139	1743527
131140	1743529
131141	1743557
131142	1743569
131143	1743589
131144	1743593
131145	1743601
131146	1743613
131147	1743629
131148	1743631
131149	1743641
131150	1743659
131151	1743661
131152	1743671
131153	1743701
131154	1743713
131155	1743727
131156	1743737
131157	1743739
131158	1743761
131159	1743793
131160	1743803
131161	1743811
131162	1743823
131163	1743827
131164	1743829
131165	1743851
131166	1743869
131167	1743871
131168	1743881
131169	1743919
131170	1743923
131171	1743941
131172	1743971
131173	1744007
131174	1744009
131175	1744027
131176	1744049
131177	1744063
131178	1744087
131179	1744097
131180	1744103
131181	1744111
131182	1744139
131183	1744151
131184	1744187
131185	1744213
131186	1744231
131187	1744243
131188	1744247
131189	1744261
131190	1744273
131191	1744279
131192	1744289
131193	1744307
131194	1744313
131195	1744331
131196	1744357
131197	1744361
131198	1744363
131199	1744367
131200	1744397
131201	1744423
131202	1744429
131203	1744433
131204	1744441
131205	1744469
131206	1744493
131207	1744507
131208	1744517
131209	1744531
131210	1744543
131211	1744549
131212	1744559
131213	1744579
131214	1744583
131215	1744597
131216	1744609
131217	1744621
131218	1744643
131219	1744657
131220	1744663
131221	1744679
131222	1744697
131223	1744709
131224	1744723
131225	1744733
131226	1744753
131227	1744777
131228	1744793
131229	1744801
131230	1744817
131231	1744819
131232	1744859
131233	1744871
131234	1744877
131235	1744891
131236	1744927
131237	1744991
131238	1744993
131239	1745011
131240	1745039
131241	1745057
131242	1745077
131243	1745087
131244	1745111
131245	1745113
131246	1745137
131247	1745141
131248	1745143
131249	1745147
131250	1745153
131251	1745173
131252	1745197
131253	1745213
131254	1745231
131255	1745239
131256	1745257
131257	1745281
131258	1745297
131259	1745311
131260	1745333
131261	1745351
131262	1745353
131263	1745371
131264	1745389
131265	1745431
131266	1745437
131267	1745453
131268	1745459
131269	1745461
131270	1745467
131271	1745479
131272	1745489
131273	1745501
131274	1745519
131275	1745537
131276	1745561
131277	1745581
131278	1745593
131279	1745599
131280	1745621
131281	1745629
131282	1745647
131283	1745669
131284	1745687
131285	1745693
131286	1745699
131287	1745707
131288	1745717
131289	1745729
131290	1745741
131291	1745749
131292	1745753
131293	1745761
131294	1745773
131295	1745789
131296	1745803
131297	1745813
131298	1745831
131299	1745839
131300	1745851
131301	1745879
131302	1745897
131303	1745911
131304	1745921
131305	1745923
131306	1745927
131307	1745957
131308	1745969
131309	1745971
131310	1746007
131311	1746023
131312	1746029
131313	1746037
131314	1746109
131315	1746127
131316	1746139
131317	1746167
131318	1746169
131319	1746179
131320	1746181
131321	1746193
131322	1746203
131323	1746209
131324	1746211
131325	1746259
131326	1746263
131327	1746281
131328	1746287
131329	1746299
131330	1746301
131331	1746307
131332	1746317
131333	1746331
131334	1746337
131335	1746343
131336	1746383
131337	1746389
131338	1746397
131339	1746401
131340	1746419
131341	1746421
131342	1746439
131343	1746443
131344	1746449
131345	1746463
131346	1746497
131347	1746517
131348	1746533
131349	1746539
131350	1746541
131351	1746557
131352	1746581
131353	1746587
131354	1746599
131355	1746601
131356	1746607
131357	1746629
131358	1746637
131359	1746649
131360	1746673
131361	1746677
131362	1746683
131363	1746697
131364	1746707
131365	1746713
131366	1746737
131367	1746743
131368	1746751
131369	1746761
131370	1746763
131371	1746779
131372	1746821
131373	1746847
131374	1746859
131375	1746883
131376	1746893
131377	1746907
131378	1746911
131379	1746923
131380	1746929
131381	1746947
131382	1746949
131383	1746967
131384	1746973
131385	1746991
131386	1747001
131387	1747003
131388	1747007
131389	1747013
131390	1747027
131391	1747033
131392	1747043
131393	1747061
131394	1747063
131395	1747079
131396	1747087
131397	1747099
131398	1747117
131399	1747121
131400	1747153
131401	1747169
131402	1747171
131403	1747181
131404	1747201
131405	1747217
131406	1747231
131407	1747237
131408	1747247
131409	1747271
131410	1747289
131411	1747301
131412	1747303
131413	1747307
131414	1747313
131415	1747327
131416	1747331
131417	1747363
131418	1747367
131419	1747387
131420	1747429
131421	1747433
131422	1747441
131423	1747483
131424	1747489
131425	1747513
131426	1747519
131427	1747531
131428	1747541
131429	1747573
131430	1747579
131431	1747591
131432	1747607
131433	1747619
131434	1747633
131435	1747643
131436	1747661
131437	1747699
131438	1747721
131439	1747723
131440	1747727
131441	1747729
131442	1747763
131443	1747783
131444	1747799
131445	1747847
131446	1747877
131447	1747891
131448	1747903
131449	1747939
131450	1747951
131451	1747969
131452	1747979
131453	1747987
131454	1748003
131455	1748009
131456	1748027
131457	1748029
131458	1748039
131459	1748041
131460	1748051
131461	1748053
131462	1748083
131463	1748107
131464	1748113
131465	1748119
131466	1748129
131467	1748137
131468	1748143
131469	1748167
131470	1748177
131471	1748179
131472	1748189
131473	1748237
131474	1748239
131475	1748261
131476	1748267
131477	1748269
131478	1748291
131479	1748333
131480	1748339
131481	1748359
131482	1748377
131483	1748401
131484	1748407
131485	1748419
131486	1748441
131487	1748459
131488	1748471
131489	1748473
131490	1748477
131491	1748479
131492	1748489
131493	1748491
131494	1748503
131495	1748519
131496	1748563
131497	1748587
131498	1748599
131499	1748611
131500	1748623
131501	1748639
131502	1748647
131503	1748653
131504	1748699
131505	1748707
131506	1748711
131507	1748723
131508	1748737
131509	1748743
131510	1748749
131511	1748777
131512	1748783
131513	1748797
131514	1748833
131515	1748843
131516	1748849
131517	1748863
131518	1748881
131519	1748891
131520	1748899
131521	1748911
131522	1748933
131523	1748941
131524	1748951
131525	1748959
131526	1748963
131527	1748993
131528	1749001
131529	1749023
131530	1749029
131531	1749031
131532	1749047
131533	1749049
131534	1749067
131535	1749071
131536	1749073
131537	1749089
131538	1749091
131539	1749107
131540	1749119
131541	1749133
131542	1749149
131543	1749151
131544	1749157
131545	1749179
131546	1749191
131547	1749211
131548	1749217
131549	1749221
131550	1749229
131551	1749233
131552	1749239
131553	1749247
131554	1749257
131555	1749259
131556	1749263
131557	1749269
131558	1749271
131559	1749277
131560	1749281
131561	1749287
131562	1749313
131563	1749329
131564	1749337
131565	1749359
131566	1749373
131567	1749383
131568	1749389
131569	1749413
131570	1749431
131571	1749439
131572	1749443
131573	1749457
131574	1749467
131575	1749469
131576	1749491
131577	1749493
131578	1749497
131579	1749499
131580	1749509
131581	1749529
131582	1749533
131583	1749569
131584	1749581
131585	1749611
131586	1749617
131587	1749641
131588	1749647
131589	1749673
131590	1749697
131591	1749701
131592	1749703
131593	1749731
131594	1749749
131595	1749779
131596	1749833
131597	1749851
131598	1749859
131599	1749877
131600	1749887
131601	1749899
131602	1749911
131603	1749941
131604	1749949
131605	1749959
131606	1749961
131607	1749967
131608	1749991
131609	1750009
131610	1750013
131611	1750037
131612	1750061
131613	1750069
131614	1750081
131615	1750103
131616	1750123
131617	1750127
131618	1750129
131619	1750141
131620	1750153
131621	1750159
131622	1750169
131623	1750181
131624	1750183
131625	1750193
131626	1750253
131627	1750267
131628	1750271
131629	1750283
131630	1750289
131631	1750297
131632	1750319
131633	1750351
131634	1750361
131635	1750379
131636	1750381
131637	1750391
131638	1750409
131639	1750423
131640	1750447
131641	1750453
131642	1750459
131643	1750493
131644	1750499
131645	1750501
131646	1750513
131647	1750519
131648	1750523
131649	1750531
131650	1750549
131651	1750579
131652	1750583
131653	1750591
131654	1750597
131655	1750607
131656	1750621
131657	1750631
131658	1750657
131659	1750669
131660	1750673
131661	1750681
131662	1750687
131663	1750699
131664	1750733
131665	1750747
131666	1750751
131667	1750769
131668	1750807
131669	1750811
131670	1750871
131671	1750873
131672	1750901
131673	1750909
131674	1750913
131675	1750919
131676	1750927
131677	1750937
131678	1750979
131679	1750981
131680	1750999
131681	1751011
131682	1751023
131683	1751033
131684	1751039
131685	1751041
131686	1751047
131687	1751053
131688	1751063
131689	1751083
131690	1751093
131691	1751117
131692	1751131
131693	1751143
131694	1751149
131695	1751177
131696	1751207
131697	1751213
131698	1751231
131699	1751273
131700	1751291
131701	1751293
131702	1751311
131703	1751327
131704	1751333
131705	1751353
131706	1751377
131707	1751411
131708	1751413
131709	1751419
131710	1751437
131711	1751443
131712	1751467
131713	1751507
131714	1751551
131715	1751557
131716	1751567
131717	1751569
131718	1751573
131719	1751579
131720	1751587
131721	1751599
131722	1751623
131723	1751627
131724	1751639
131725	1751647
131726	1751653
131727	1751671
131728	1751683
131729	1751689
131730	1751693
131731	1751699
131732	1751707
131733	1751719
131734	1751741
131735	1751753
131736	1751767
131737	1751773
131738	1751791
131739	1751801
131740	1751821
131741	1751837
131742	1751851
131743	1751879
131744	1751891
131745	1751923
131746	1751929
131747	1751941
131748	1751947
131749	1751993
131750	1752001
131751	1752007
131752	1752011
131753	1752013
131754	1752029
131755	1752031
131756	1752077
131757	1752097
131758	1752119
131759	1752131
131760	1752137
131761	1752181
131762	1752187
131763	1752193
131764	1752197
131765	1752211
131766	1752221
131767	1752227
131768	1752229
131769	1752239
131770	1752253
131771	1752263
131772	1752269
131773	1752271
131774	1752307
131775	1752319
131776	1752323
131777	1752341
131778	1752353
131779	1752371
131780	1752397
131781	1752403
131782	1752407
131783	1752419
131784	1752437
131785	1752449
131786	1752467
131787	1752481
131788	1752497
131789	1752521
131790	1752529
131791	1752539
131792	1752563
131793	1752599
131794	1752601
131795	1752607
131796	1752613
131797	1752629
131798	1752631
131799	1752643
131800	1752659
131801	1752679
131802	1752691
131803	1752701
131804	1752703
131805	1752719
131806	1752721
131807	1752749
131808	1752757
131809	1752781
131810	1752799
131811	1752811
131812	1752823
131813	1752827
131814	1752841
131815	1752851
131816	1752857
131817	1752871
131818	1752889
131819	1752893
131820	1752901
131821	1752913
131822	1752917
131823	1752923
131824	1752937
131825	1752941
131826	1752943
131827	1752953
131828	1752977
131829	1752979
131830	1752983
131831	1753007
131832	1753013
131833	1753039
131834	1753049
131835	1753051
131836	1753069
131837	1753093
131838	1753109
131839	1753139
131840	1753151
131841	1753177
131842	1753181
131843	1753229
131844	1753243
131845	1753249
131846	1753289
131847	1753291
131848	1753309
131849	1753343
131850	1753373
131851	1753379
131852	1753403
131853	1753417
131854	1753439
131855	1753441
131856	1753459
131857	1753471
131858	1753481
131859	1753513
131860	1753517
131861	1753519
131862	1753537
131863	1753547
131864	1753553
131865	1753559
131866	1753561
131867	1753579
131868	1753597
131869	1753603
131870	1753607
131871	1753613
131872	1753637
131873	1753649
131874	1753651
131875	1753673
131876	1753691
131877	1753733
131878	1753747
131879	1753753
131880	1753769
131881	1753777
131882	1753789
131883	1753799
131884	1753831
131885	1753849
131886	1753853
131887	1753867
131888	1753877
131889	1753883
131890	1753889
131891	1753897
131892	1753901
131893	1753903
131894	1753931
131895	1753943
131896	1753951
131897	1753963
131898	1753967
131899	1753979
131900	1753981
131901	1753991
131902	1754033
131903	1754063
131904	1754113
131905	1754143
131906	1754147
131907	1754153
131908	1754171
131909	1754173
131910	1754189
131911	1754209
131912	1754231
131913	1754237
131914	1754273
131915	1754287
131916	1754293
131917	1754303
131918	1754309
131919	1754323
131920	1754359
131921	1754377
131922	1754381
131923	1754387
131924	1754407
131925	1754411
131926	1754419
131927	1754437
131928	1754447
131929	1754453
131930	1754461
131931	1754491
131932	1754497
131933	1754527
131934	1754531
131935	1754549
131936	1754561
131937	1754567
131938	1754579
131939	1754581
131940	1754591
131941	1754609
131942	1754617
131943	1754629
131944	1754639
131945	1754653
131946	1754659
131947	1754681
131948	1754699
131949	1754713
131950	1754729
131951	1754743
131952	1754749
131953	1754801
131954	1754803
131955	1754843
131956	1754849
131957	1754861
131958	1754867
131959	1754891
131960	1754899
131961	1754911
131962	1754939
131963	1754953
131964	1754957
131965	1754971
131966	1755023
131967	1755037
131968	1755041
131969	1755043
131970	1755059
131971	1755101
131972	1755113
131973	1755133
131974	1755161
131975	1755179
131976	1755181
131977	1755197
131978	1755209
131979	1755241
131980	1755253
131981	1755263
131982	1755287
131983	1755319
131984	1755331
131985	1755343
131986	1755359
131987	1755371
131988	1755401
131989	1755421
131990	1755443
131991	1755451
131992	1755487
131993	1755491
131994	1755493
131995	1755503
131996	1755511
131997	1755517
131998	1755527
131999	1755553
132000	1755563
