199001	2735143
199002	2735153
199003	2735167
199004	2735177
199005	2735189
199006	2735191
199007	2735197
199008	2735207
199009	2735231
199010	2735263
199011	2735267
199012	2735269
199013	2735279
199014	2735281
199015	2735287
199016	2735323
199017	2735329
199018	2735339
199019	2735357
199020	2735377
199021	2735387
199022	2735437
199023	2735441
199024	2735443
199025	2735477
199026	2735501
199027	2735507
199028	2735519
199029	2735527
199030	2735581
199031	2735587
199032	2735609
199033	2735611
199034	2735641
199035	2735671
199036	2735683
199037	2735699
199038	2735713
199039	2735717
199040	2735723
199041	2735731
199042	2735737
199043	2735767
199044	2735797
199045	2735809
199046	2735839
199047	2735857
199048	2735869
199049	2735881
199050	2735899
199051	2735921
199052	2735923
199053	2735951
199054	2735959
199055	2735977
199056	2735983
199057	2736043
199058	2736049
199059	2736061
199060	2736067
199061	2736077
199062	2736089
199063	2736131
199064	2736137
199065	2736143
199066	2736157
199067	2736169
199068	2736193
199069	2736203
199070	2736211
199071	2736221
199072	2736229
199073	2736233
199074	2736257
199075	2736263
199076	2736313
199077	2736317
199078	2736329
199079	2736359
199080	2736367
199081	2736397
199082	2736403
199083	2736413
199084	2736431
199085	2736451
199086	2736491
199087	2736497
199088	2736499
199089	2736511
199090	2736523
199091	2736533
199092	2736571
199093	2736581
199094	2736583
199095	2736623
199096	2736637
199097	2736673
199098	2736689
199099	2736691
199100	2736707
199101	2736733
199102	2736737
199103	2736757
199104	2736787
199105	2736863
199106	2736869
199107	2736889
199108	2736911
199109	2736917
199110	2736941
199111	2736947
199112	2736961
199113	2736967
199114	2736997
199115	2737003
199116	2737013
199117	2737027
199118	2737043
199119	2737057
199120	2737061
199121	2737067
199122	2737073
199123	2737081
199124	2737093
199125	2737103
199126	2737109
199127	2737127
199128	2737129
199129	2737157
199130	2737169
199131	2737171
199132	2737183
199133	2737211
199134	2737213
199135	2737219
199136	2737247
199137	2737309
199138	2737313
199139	2737321
199140	2737333
199141	2737351
199142	2737363
199143	2737367
199144	2737409
199145	2737411
199146	2737433
199147	2737439
199148	2737477
199149	2737487
199150	2737489
199151	2737523
199152	2737543
199153	2737583
199154	2737597
199155	2737607
199156	2737639
199157	2737649
199158	2737661
199159	2737673
199160	2737699
199161	2737717
199162	2737723
199163	2737727
199164	2737747
199165	2737751
199166	2737789
199167	2737793
199168	2737817
199169	2737841
199170	2737849
199171	2737871
199172	2737873
199173	2737937
199174	2737949
199175	2737961
199176	2737979
199177	2737981
199178	2737991
199179	2737997
199180	2738017
199181	2738027
199182	2738039
199183	2738051
199184	2738059
199185	2738063
199186	2738077
199187	2738117
199188	2738119
199189	2738123
199190	2738129
199191	2738149
199192	2738167
199193	2738179
199194	2738191
199195	2738201
199196	2738227
199197	2738231
199198	2738243
199199	2738251
199200	2738269
199201	2738273
199202	2738279
199203	2738287
199204	2738291
199205	2738317
199206	2738321
199207	2738327
199208	2738341
199209	2738347
199210	2738353
199211	2738371
199212	2738381
199213	2738387
199214	2738389
199215	2738423
199216	2738453
199217	2738459
199218	2738467
199219	2738503
199220	2738507
199221	2738539
199222	2738573
199223	2738579
199224	2738599
199225	2738621
199226	2738623
199227	2738639
199228	2738647
199229	2738651
199230	2738653
199231	2738657
199232	2738707
199233	2738719
199234	2738753
199235	2738761
199236	2738773
199237	2738779
199238	2738783
199239	2738803
199240	2738809
199241	2738821
199242	2738861
199243	2738899
199244	2738933
199245	2738941
199246	2738947
199247	2739013
199248	2739017
199249	2739031
199250	2739043
199251	2739049
199252	2739053
199253	2739071
199254	2739089
199255	2739103
199256	2739119
199257	2739127
199258	2739133
199259	2739151
199260	2739181
199261	2739203
199262	2739223
199263	2739239
199264	2739241
199265	2739259
199266	2739271
199267	2739281
199268	2739283
199269	2739293
199270	2739299
199271	2739313
199272	2739337
199273	2739353
199274	2739371
199275	2739379
199276	2739383
199277	2739389
199278	2739403
199279	2739409
199280	2739419
199281	2739421
199282	2739433
199283	2739437
199284	2739479
199285	2739523
199286	2739557
199287	2739559
199288	2739577
199289	2739587
199290	2739613
199291	2739619
199292	2739631
199293	2739637
199294	2739643
199295	2739647
199296	2739673
199297	2739683
199298	2739701
199299	2739707
199300	2739713
199301	2739719
199302	2739721
199303	2739731
199304	2739733
199305	2739757
199306	2739761
199307	2739769
199308	2739773
199309	2739787
199310	2739809
199311	2739817
199312	2739853
199313	2739859
199314	2739871
199315	2739881
199316	2739899
199317	2739931
199318	2739973
199319	2739977
199320	2739983
199321	2739991
199322	2740027
199323	2740037
199324	2740039
199325	2740051
199326	2740057
199327	2740061
199328	2740069
199329	2740093
199330	2740139
199331	2740141
199332	2740169
199333	2740187
199334	2740189
199335	2740207
199336	2740211
199337	2740217
199338	2740219
199339	2740223
199340	2740249
199341	2740267
199342	2740291
199343	2740301
199344	2740319
199345	2740333
199346	2740337
199347	2740343
199348	2740357
199349	2740379
199350	2740393
199351	2740403
199352	2740421
199353	2740453
199354	2740459
199355	2740469
199356	2740477
199357	2740483
199358	2740489
199359	2740511
199360	2740513
199361	2740537
199362	2740559
199363	2740567
199364	2740583
199365	2740597
199366	2740601
199367	2740603
199368	2740607
199369	2740631
199370	2740643
199371	2740649
199372	2740667
199373	2740721
199374	2740733
199375	2740739
199376	2740763
199377	2740799
199378	2740811
199379	2740817
199380	2740831
199381	2740853
199382	2740867
199383	2740889
199384	2740919
199385	2740937
199386	2740943
199387	2740957
199388	2740987
199389	2740999
199390	2741003
199391	2741009
199392	2741021
199393	2741033
199394	2741047
199395	2741059
199396	2741083
199397	2741093
199398	2741119
199399	2741143
199400	2741147
199401	2741159
199402	2741183
199403	2741201
199404	2741227
199405	2741231
199406	2741251
199407	2741257
199408	2741261
199409	2741269
199410	2741273
199411	2741281
199412	2741287
199413	2741303
199414	2741309
199415	2741351
199416	2741353
199417	2741357
199418	2741363
199419	2741411
199420	2741449
199421	2741483
199422	2741489
199423	2741509
199424	2741513
199425	2741521
199426	2741533
199427	2741561
199428	2741579
199429	2741581
199430	2741593
199431	2741597
199432	2741603
199433	2741617
199434	2741621
199435	2741633
199436	2741653
199437	2741657
199438	2741659
199439	2741693
199440	2741729
199441	2741731
199442	2741741
199443	2741759
199444	2741773
199445	2741779
199446	2741797
199447	2741801
199448	2741813
199449	2741821
199450	2741867
199451	2741873
199452	2741887
199453	2741891
199454	2741903
199455	2741927
199456	2741929
199457	2741939
199458	2741941
199459	2741971
199460	2741989
199461	2741993
199462	2742007
199463	2742013
199464	2742017
199465	2742029
199466	2742031
199467	2742041
199468	2742073
199469	2742119
199470	2742127
199471	2742139
199472	2742161
199473	2742163
199474	2742197
199475	2742199
199476	2742209
199477	2742217
199478	2742227
199479	2742241
199480	2742247
199481	2742263
199482	2742277
199483	2742283
199484	2742293
199485	2742317
199486	2742323
199487	2742343
199488	2742347
199489	2742361
199490	2742371
199491	2742407
199492	2742409
199493	2742427
199494	2742461
199495	2742463
199496	2742469
199497	2742473
199498	2742503
199499	2742521
199500	2742529
199501	2742533
199502	2742541
199503	2742547
199504	2742563
199505	2742587
199506	2742629
199507	2742637
199508	2742647
199509	2742653
199510	2742667
199511	2742671
199512	2742673
199513	2742679
199514	2742689
199515	2742703
199516	2742721
199517	2742737
199518	2742739
199519	2742749
199520	2742757
199521	2742769
199522	2742781
199523	2742793
199524	2742799
199525	2742809
199526	2742811
199527	2742853
199528	2742863
199529	2742871
199530	2742881
199531	2742889
199532	2742893
199533	2742917
199534	2742919
199535	2742931
199536	2742937
199537	2742953
199538	2742977
199539	2742979
199540	2742983
199541	2742989
199542	2742991
199543	2743007
199544	2743019
199545	2743031
199546	2743043
199547	2743057
199548	2743079
199549	2743093
199550	2743129
199551	2743133
199552	2743177
199553	2743183
199554	2743207
199555	2743219
199556	2743229
199557	2743243
199558	2743259
199559	2743289
199560	2743297
199561	2743381
199562	2743387
199563	2743397
199564	2743423
199565	2743457
199566	2743483
199567	2743493
199568	2743501
199569	2743523
199570	2743541
199571	2743547
199572	2743549
199573	2743561
199574	2743567
199575	2743571
199576	2743577
199577	2743589
199578	2743621
199579	2743627
199580	2743669
199581	2743673
199582	2743691
199583	2743703
199584	2743709
199585	2743711
199586	2743723
199587	2743747
199588	2743751
199589	2743759
199590	2743789
199591	2743823
199592	2743849
199593	2743859
199594	2743861
199595	2743901
199596	2743931
199597	2743933
199598	2743943
199599	2743967
199600	2743991
199601	2744003
199602	2744017
199603	2744029
199604	2744039
199605	2744051
199606	2744081
199607	2744083
199608	2744087
199609	2744099
199610	2744111
199611	2744117
199612	2744129
199613	2744197
199614	2744233
199615	2744237
199616	2744243
199617	2744257
199618	2744263
199619	2744279
199620	2744297
199621	2744309
199622	2744317
199623	2744323
199624	2744347
199625	2744351
199626	2744359
199627	2744411
199628	2744419
199629	2744447
199630	2744449
199631	2744453
199632	2744459
199633	2744491
199634	2744501
199635	2744509
199636	2744513
199637	2744519
199638	2744543
199639	2744551
199640	2744557
199641	2744563
199642	2744579
199643	2744587
199644	2744591
199645	2744593
199646	2744611
199647	2744617
199648	2744629
199649	2744639
199650	2744689
199651	2744699
199652	2744713
199653	2744719
199654	2744723
199655	2744743
199656	2744747
199657	2744761
199658	2744773
199659	2744779
199660	2744783
199661	2744867
199662	2744881
199663	2744891
199664	2744921
199665	2744933
199666	2744953
199667	2744969
199668	2745011
199669	2745031
199670	2745047
199671	2745049
199672	2745091
199673	2745103
199674	2745107
199675	2745121
199676	2745131
199677	2745151
199678	2745157
199679	2745161
199680	2745179
199681	2745209
199682	2745229
199683	2745251
199684	2745263
199685	2745269
199686	2745277
199687	2745283
199688	2745287
199689	2745307
199690	2745361
199691	2745371
199692	2745373
199693	2745377
199694	2745397
199695	2745419
199696	2745433
199697	2745451
199698	2745467
199699	2745473
199700	2745497
199701	2745503
199702	2745521
199703	2745529
199704	2745541
199705	2745569
199706	2745571
199707	2745581
199708	2745607
199709	2745637
199710	2745643
199711	2745661
199712	2745697
199713	2745719
199714	2745731
199715	2745737
199716	2745761
199717	2745767
199718	2745781
199719	2745797
199720	2745829
199721	2745833
199722	2745839
199723	2745859
199724	2745863
199725	2745907
199726	2745913
199727	2745929
199728	2745931
199729	2745971
199730	2745979
199731	2745989
199732	2746021
199733	2746031
199734	2746033
199735	2746063
199736	2746091
199737	2746111
199738	2746123
199739	2746147
199740	2746151
199741	2746169
199742	2746181
199743	2746189
199744	2746199
199745	2746201
199746	2746207
199747	2746217
199748	2746229
199749	2746283
199750	2746297
199751	2746309
199752	2746319
199753	2746327
199754	2746339
199755	2746379
199756	2746409
199757	2746417
199758	2746421
199759	2746423
199760	2746433
199761	2746459
199762	2746463
199763	2746481
199764	2746483
199765	2746511
199766	2746529
199767	2746543
199768	2746577
199769	2746603
199770	2746607
199771	2746609
199772	2746643
199773	2746651
199774	2746661
199775	2746663
199776	2746669
199777	2746699
199778	2746717
199779	2746739
199780	2746753
199781	2746781
199782	2746787
199783	2746789
199784	2746801
199785	2746813
199786	2746819
199787	2746829
199788	2746847
199789	2746873
199790	2746889
199791	2746901
199792	2746921
199793	2746949
199794	2746957
199795	2746973
199796	2746999
199797	2747021
199798	2747023
199799	2747033
199800	2747071
199801	2747089
199802	2747093
199803	2747111
199804	2747117
199805	2747119
199806	2747131
199807	2747161
199808	2747177
199809	2747179
199810	2747207
199811	2747221
199812	2747231
199813	2747237
199814	2747243
199815	2747249
199816	2747263
199817	2747273
199818	2747279
199819	2747293
199820	2747309
199821	2747321
199822	2747323
199823	2747347
199824	2747351
199825	2747357
199826	2747359
199827	2747363
199828	2747389
199829	2747401
199830	2747429
199831	2747441
199832	2747447
199833	2747449
199834	2747473
199835	2747483
199836	2747491
199837	2747497
199838	2747527
199839	2747531
199840	2747543
199841	2747551
199842	2747567
199843	2747579
199844	2747597
199845	2747611
199846	2747617
199847	2747621
199848	2747627
199849	2747639
199850	2747671
199851	2747683
199852	2747687
199853	2747707
199854	2747711
199855	2747713
199856	2747749
199857	2747753
199858	2747791
199859	2747803
199860	2747819
199861	2747831
199862	2747851
199863	2747869
199864	2747873
199865	2747903
199866	2747911
199867	2747923
199868	2747947
199869	2747959
199870	2747963
199871	2747977
199872	2748013
199873	2748019
199874	2748037
199875	2748041
199876	2748059
199877	2748061
199878	2748077
199879	2748089
199880	2748113
199881	2748131
199882	2748133
199883	2748149
199884	2748157
199885	2748167
199886	2748191
199887	2748227
199888	2748241
199889	2748253
199890	2748257
199891	2748281
199892	2748283
199893	2748287
199894	2748313
199895	2748371
199896	2748391
199897	2748401
199898	2748413
199899	2748433
199900	2748439
199901	2748443
199902	2748457
199903	2748467
199904	2748469
199905	2748497
199906	2748503
199907	2748547
199908	2748563
199909	2748583
199910	2748589
199911	2748593
199912	2748601
199913	2748617
199914	2748643
199915	2748659
199916	2748703
199917	2748719
199918	2748727
199919	2748731
199920	2748769
199921	2748803
199922	2748817
199923	2748827
199924	2748829
199925	2748833
199926	2748857
199927	2748859
199928	2748919
199929	2748923
199930	2748931
199931	2748953
199932	2748971
199933	2748973
199934	2749007
199935	2749027
199936	2749031
199937	2749067
199938	2749069
199939	2749081
199940	2749093
199941	2749127
199942	2749133
199943	2749147
199944	2749157
199945	2749183
199946	2749193
199947	2749207
199948	2749231
199949	2749237
199950	2749247
199951	2749277
199952	2749283
199953	2749289
199954	2749301
199955	2749303
199956	2749309
199957	2749339
199958	2749343
199959	2749361
199960	2749363
199961	2749387
199962	2749391
199963	2749441
199964	2749447
199965	2749499
199966	2749511
199967	2749531
199968	2749543
199969	2749567
199970	2749573
199971	2749589
199972	2749609
199973	2749639
199974	2749667
199975	2749679
199976	2749687
199977	2749709
199978	2749711
199979	2749717
199980	2749723
199981	2749763
199982	2749777
199983	2749787
199984	2749823
199985	2749847
199986	2749849
199987	2749883
199988	2749891
199989	2749907
199990	2749913
199991	2749919
199992	2749921
199993	2749991
199994	2750021
199995	2750029
199996	2750053
199997	2750071
199998	2750123
199999	2750131
200000	2750159
