162001	2190043
162002	2190047
162003	2190077
162004	2190079
162005	2190091
162006	2190103
162007	2190107
162008	2190131
162009	2190143
162010	2190157
162011	2190169
162012	2190173
162013	2190191
162014	2190193
162015	2190203
162016	2190217
162017	2190233
162018	2190269
162019	2190271
162020	2190277
162021	2190299
162022	2190311
162023	2190317
162024	2190329
162025	2190337
162026	2190347
162027	2190361
162028	2190371
162029	2190389
162030	2190403
162031	2190407
162032	2190413
162033	2190427
162034	2190439
162035	2190469
162036	2190473
162037	2190479
162038	2190481
162039	2190499
162040	2190521
162041	2190523
162042	2190533
162043	2190541
162044	2190577
162045	2190581
162046	2190583
162047	2190593
162048	2190599
162049	2190607
162050	2190613
162051	2190647
162052	2190653
162053	2190679
162054	2190691
162055	2190737
162056	2190751
162057	2190763
162058	2190809
162059	2190817
162060	2190821
162061	2190823
162062	2190829
162063	2190857
162064	2190887
162065	2190901
162066	2190959
162067	2190971
162068	2190983
162069	2190997
162070	2191001
162071	2191019
162072	2191027
162073	2191031
162074	2191051
162075	2191067
162076	2191069
162077	2191087
162078	2191097
162079	2191121
162080	2191127
162081	2191159
162082	2191169
162083	2191171
162084	2191193
162085	2191199
162086	2191229
162087	2191243
162088	2191247
162089	2191261
162090	2191291
162091	2191331
162092	2191337
162093	2191339
162094	2191363
162095	2191373
162096	2191393
162097	2191429
162098	2191433
162099	2191451
162100	2191457
162101	2191459
162102	2191471
162103	2191477
162104	2191489
162105	2191493
162106	2191507
162107	2191513
162108	2191523
162109	2191529
162110	2191537
162111	2191549
162112	2191561
162113	2191583
162114	2191619
162115	2191627
162116	2191633
162117	2191687
162118	2191703
162119	2191711
162120	2191723
162121	2191727
162122	2191799
162123	2191807
162124	2191811
162125	2191823
162126	2191873
162127	2191883
162128	2191949
162129	2191951
162130	2191957
162131	2191967
162132	2191993
162133	2192009
162134	2192017
162135	2192051
162136	2192053
162137	2192059
162138	2192063
162139	2192077
162140	2192089
162141	2192093
162142	2192101
162143	2192111
162144	2192123
162145	2192129
162146	2192131
162147	2192143
162148	2192161
162149	2192207
162150	2192243
162151	2192249
162152	2192251
162153	2192257
162154	2192261
162155	2192273
162156	2192293
162157	2192299
162158	2192327
162159	2192339
162160	2192341
162161	2192363
162162	2192387
162163	2192417
162164	2192423
162165	2192431
162166	2192459
162167	2192471
162168	2192549
162169	2192563
162170	2192569
162171	2192573
162172	2192579
162173	2192587
162174	2192591
162175	2192621
162176	2192623
162177	2192629
162178	2192633
162179	2192651
162180	2192653
162181	2192669
162182	2192713
162183	2192717
162184	2192737
162185	2192741
162186	2192747
162187	2192761
162188	2192783
162189	2192789
162190	2192791
162191	2192821
162192	2192831
162193	2192837
162194	2192849
162195	2192851
162196	2192857
162197	2192863
162198	2192873
162199	2192887
162200	2192899
162201	2192917
162202	2192921
162203	2192933
162204	2192941
162205	2192947
162206	2192963
162207	2193007
162208	2193019
162209	2193031
162210	2193041
162211	2193053
162212	2193077
162213	2193097
162214	2193127
162215	2193137
162216	2193167
162217	2193173
162218	2193181
162219	2193197
162220	2193209
162221	2193223
162222	2193239
162223	2193251
162224	2193259
162225	2193263
162226	2193271
162227	2193311
162228	2193313
162229	2193319
162230	2193337
162231	2193353
162232	2193371
162233	2193383
162234	2193413
162235	2193419
162236	2193421
162237	2193439
162238	2193449
162239	2193463
162240	2193469
162241	2193479
162242	2193481
162243	2193509
162244	2193523
162245	2193547
162246	2193553
162247	2193557
162248	2193599
162249	2193601
162250	2193637
162251	2193641
162252	2193643
162253	2193649
162254	2193661
162255	2193673
162256	2193677
162257	2193689
162258	2193701
162259	2193703
162260	2193707
162261	2193713
162262	2193733
162263	2193739
162264	2193749
162265	2193757
162266	2193769
162267	2193791
162268	2193803
162269	2193827
162270	2193847
162271	2193853
162272	2193881
162273	2193883
162274	2193887
162275	2193889
162276	2193929
162277	2193941
162278	2193943
162279	2193953
162280	2193959
162281	2193967
162282	2193973
162283	2193979
162284	2194013
162285	2194019
162286	2194021
162287	2194051
162288	2194069
162289	2194133
162290	2194187
162291	2194193
162292	2194201
162293	2194229
162294	2194243
162295	2194261
162296	2194267
162297	2194301
162298	2194319
162299	2194321
162300	2194327
162301	2194337
162302	2194351
162303	2194369
162304	2194391
162305	2194403
162306	2194417
162307	2194421
162308	2194429
162309	2194441
162310	2194447
162311	2194457
162312	2194471
162313	2194487
162314	2194501
162315	2194529
162316	2194531
162317	2194537
162318	2194553
162319	2194579
162320	2194613
162321	2194631
162322	2194639
162323	2194663
162324	2194667
162325	2194679
162326	2194697
162327	2194721
162328	2194723
162329	2194739
162330	2194757
162331	2194811
162332	2194847
162333	2194879
162334	2194883
162335	2194897
162336	2194901
162337	2194903
162338	2194931
162339	2194939
162340	2194961
162341	2194967
162342	2194979
162343	2194991
162344	2194993
162345	2195003
162346	2195009
162347	2195029
162348	2195047
162349	2195059
162350	2195071
162351	2195113
162352	2195117
162353	2195119
162354	2195147
162355	2195177
162356	2195191
162357	2195201
162358	2195233
162359	2195243
162360	2195273
162361	2195287
162362	2195299
162363	2195311
162364	2195339
162365	2195341
162366	2195351
162367	2195359
162368	2195381
162369	2195383
162370	2195399
162371	2195411
162372	2195441
162373	2195443
162374	2195461
162375	2195467
162376	2195471
162377	2195521
162378	2195527
162379	2195563
162380	2195579
162381	2195581
162382	2195597
162383	2195629
162384	2195653
162385	2195671
162386	2195681
162387	2195701
162388	2195707
162389	2195717
162390	2195723
162391	2195729
162392	2195731
162393	2195749
162394	2195759
162395	2195777
162396	2195801
162397	2195819
162398	2195827
162399	2195861
162400	2195863
162401	2195867
162402	2195891
162403	2195899
162404	2195911
162405	2195917
162406	2195923
162407	2195933
162408	2195969
162409	2195989
162410	2196011
162411	2196031
162412	2196037
162413	2196041
162414	2196049
162415	2196067
162416	2196079
162417	2196091
162418	2196107
162419	2196113
162420	2196119
162421	2196127
162422	2196137
162423	2196143
162424	2196149
162425	2196167
162426	2196197
162427	2196221
162428	2196239
162429	2196287
162430	2196289
162431	2196307
162432	2196331
162433	2196347
162434	2196361
162435	2196367
162436	2196377
162437	2196401
162438	2196407
162439	2196413
162440	2196433
162441	2196449
162442	2196473
162443	2196487
162444	2196499
162445	2196529
162446	2196539
162447	2196541
162448	2196559
162449	2196563
162450	2196583
162451	2196589
162452	2196599
162453	2196611
162454	2196613
162455	2196619
162456	2196641
162457	2196659
162458	2196673
162459	2196697
162460	2196703
162461	2196709
162462	2196713
162463	2196731
162464	2196737
162465	2196749
162466	2196763
162467	2196767
162468	2196781
162469	2196809
162470	2196829
162471	2196841
162472	2196853
162473	2196869
162474	2196871
162475	2196881
162476	2196889
162477	2196917
162478	2196941
162479	2196959
162480	2196967
162481	2196977
162482	2196979
162483	2197021
162484	2197043
162485	2197049
162486	2197087
162487	2197157
162488	2197163
162489	2197177
162490	2197183
162491	2197189
162492	2197193
162493	2197241
162494	2197253
162495	2197277
162496	2197289
162497	2197309
162498	2197333
162499	2197357
162500	2197361
162501	2197367
162502	2197381
162503	2197387
162504	2197409
162505	2197411
162506	2197421
162507	2197427
162508	2197453
162509	2197463
162510	2197469
162511	2197487
162512	2197493
162513	2197501
162514	2197513
162515	2197523
162516	2197537
162517	2197561
162518	2197567
162519	2197589
162520	2197603
162521	2197609
162522	2197631
162523	2197633
162524	2197651
162525	2197681
162526	2197693
162527	2197697
162528	2197703
162529	2197733
162530	2197739
162531	2197747
162532	2197753
162533	2197759
162534	2197771
162535	2197781
162536	2197799
162537	2197847
162538	2197849
162539	2197873
162540	2197907
162541	2197919
162542	2197933
162543	2197961
162544	2197973
162545	2198003
162546	2198011
162547	2198029
162548	2198039
162549	2198057
162550	2198093
162551	2198137
162552	2198153
162553	2198159
162554	2198191
162555	2198201
162556	2198227
162557	2198269
162558	2198291
162559	2198293
162560	2198309
162561	2198327
162562	2198347
162563	2198359
162564	2198369
162565	2198377
162566	2198401
162567	2198407
162568	2198411
162569	2198419
162570	2198431
162571	2198437
162572	2198447
162573	2198453
162574	2198473
162575	2198477
162576	2198507
162577	2198513
162578	2198527
162579	2198533
162580	2198569
162581	2198591
162582	2198597
162583	2198617
162584	2198653
162585	2198659
162586	2198663
162587	2198671
162588	2198689
162589	2198701
162590	2198723
162591	2198747
162592	2198759
162593	2198761
162594	2198767
162595	2198783
162596	2198827
162597	2198843
162598	2198863
162599	2198879
162600	2198881
162601	2198887
162602	2198897
162603	2198909
162604	2198981
162605	2199061
162606	2199077
162607	2199121
162608	2199133
162609	2199143
162610	2199151
162611	2199163
162612	2199173
162613	2199179
162614	2199181
162615	2199187
162616	2199203
162617	2199209
162618	2199217
162619	2199221
162620	2199229
162621	2199247
162622	2199277
162623	2199299
162624	2199311
162625	2199313
162626	2199361
162627	2199371
162628	2199377
162629	2199401
162630	2199427
162631	2199433
162632	2199479
162633	2199499
162634	2199521
162635	2199523
162636	2199529
162637	2199577
162638	2199601
162639	2199623
162640	2199629
162641	2199643
162642	2199653
162643	2199661
162644	2199683
162645	2199689
162646	2199719
162647	2199739
162648	2199781
162649	2199803
162650	2199823
162651	2199833
162652	2199859
162653	2199889
162654	2199893
162655	2199907
162656	2199917
162657	2199931
162658	2199941
162659	2199959
162660	2199961
162661	2199971
162662	2199979
162663	2200013
162664	2200031
162665	2200043
162666	2200049
162667	2200061
162668	2200069
162669	2200103
162670	2200139
162671	2200141
162672	2200153
162673	2200193
162674	2200199
162675	2200207
162676	2200217
162677	2200277
162678	2200291
162679	2200301
162680	2200307
162681	2200313
162682	2200321
162683	2200339
162684	2200351
162685	2200369
162686	2200391
162687	2200397
162688	2200403
162689	2200423
162690	2200441
162691	2200459
162692	2200483
162693	2200489
162694	2200537
162695	2200543
162696	2200577
162697	2200589
162698	2200591
162699	2200603
162700	2200609
162701	2200619
162702	2200621
162703	2200643
162704	2200651
162705	2200657
162706	2200661
162707	2200673
162708	2200699
162709	2200711
162710	2200717
162711	2200727
162712	2200729
162713	2200739
162714	2200747
162715	2200763
162716	2200771
162717	2200777
162718	2200799
162719	2200811
162720	2200813
162721	2200817
162722	2200823
162723	2200831
162724	2200841
162725	2200843
162726	2200867
162727	2200873
162728	2200889
162729	2200909
162730	2200943
162731	2200949
162732	2200967
162733	2200981
162734	2200987
162735	2200993
162736	2200997
162737	2201033
162738	2201039
162739	2201051
162740	2201083
162741	2201099
162742	2201107
162743	2201119
162744	2201137
162745	2201149
162746	2201161
162747	2201183
162748	2201189
162749	2201191
162750	2201197
162751	2201201
162752	2201203
162753	2201209
162754	2201273
162755	2201281
162756	2201293
162757	2201317
162758	2201327
162759	2201357
162760	2201371
162761	2201387
162762	2201393
162763	2201401
162764	2201417
162765	2201431
162766	2201443
162767	2201489
162768	2201501
162769	2201519
162770	2201531
162771	2201533
162772	2201539
162773	2201543
162774	2201581
162775	2201597
162776	2201599
162777	2201603
162778	2201623
162779	2201627
162780	2201669
162781	2201671
162782	2201677
162783	2201681
162784	2201707
162785	2201711
162786	2201723
162787	2201737
162788	2201743
162789	2201761
162790	2201807
162791	2201827
162792	2201839
162793	2201897
162794	2201911
162795	2201921
162796	2201933
162797	2201957
162798	2201971
162799	2201977
162800	2201989
162801	2202007
162802	2202019
162803	2202029
162804	2202041
162805	2202047
162806	2202049
162807	2202077
162808	2202121
162809	2202131
162810	2202133
162811	2202139
162812	2202149
162813	2202169
162814	2202253
162815	2202269
162816	2202287
162817	2202311
162818	2202313
162819	2202329
162820	2202341
162821	2202359
162822	2202371
162823	2202377
162824	2202379
162825	2202391
162826	2202407
162827	2202413
162828	2202419
162829	2202433
162830	2202437
162831	2202439
162832	2202451
162833	2202493
162834	2202511
162835	2202517
162836	2202533
162837	2202547
162838	2202559
162839	2202583
162840	2202587
162841	2202601
162842	2202611
162843	2202617
162844	2202631
162845	2202677
162846	2202703
162847	2202713
162848	2202719
162849	2202763
162850	2202787
162851	2202791
162852	2202793
162853	2202797
162854	2202799
162855	2202817
162856	2202853
162857	2202857
162858	2202859
162859	2202899
162860	2202913
162861	2202919
162862	2202923
162863	2202929
162864	2202931
162865	2202947
162866	2202961
162867	2202973
162868	2202983
162869	2202989
162870	2202997
162871	2203007
162872	2203049
162873	2203057
162874	2203063
162875	2203079
162876	2203087
162877	2203099
162878	2203111
162879	2203121
162880	2203133
162881	2203141
162882	2203153
162883	2203163
162884	2203169
162885	2203177
162886	2203189
162887	2203211
162888	2203249
162889	2203291
162890	2203301
162891	2203303
162892	2203337
162893	2203351
162894	2203361
162895	2203367
162896	2203393
162897	2203403
162898	2203427
162899	2203433
162900	2203441
162901	2203447
162902	2203457
162903	2203477
162904	2203483
162905	2203499
162906	2203519
162907	2203541
162908	2203559
162909	2203571
162910	2203589
162911	2203631
162912	2203633
162913	2203637
162914	2203657
162915	2203661
162916	2203673
162917	2203679
162918	2203711
162919	2203723
162920	2203741
162921	2203763
162922	2203771
162923	2203777
162924	2203787
162925	2203801
162926	2203807
162927	2203811
162928	2203843
162929	2203849
162930	2203853
162931	2203889
162932	2203933
162933	2203939
162934	2203951
162935	2203961
162936	2203963
162937	2203967
162938	2203969
162939	2203973
162940	2203997
162941	2204003
162942	2204009
162943	2204011
162944	2204023
162945	2204039
162946	2204047
162947	2204071
162948	2204077
162949	2204107
162950	2204117
162951	2204143
162952	2204149
162953	2204161
162954	2204173
162955	2204177
162956	2204183
162957	2204197
162958	2204207
162959	2204221
162960	2204243
162961	2204269
162962	2204273
162963	2204327
162964	2204333
162965	2204341
162966	2204353
162967	2204369
162968	2204383
162969	2204393
162970	2204431
162971	2204443
162972	2204453
162973	2204471
162974	2204473
162975	2204483
162976	2204507
162977	2204537
162978	2204557
162979	2204561
162980	2204591
162981	2204597
162982	2204603
162983	2204623
162984	2204647
162985	2204651
162986	2204659
162987	2204663
162988	2204669
162989	2204677
162990	2204687
162991	2204701
162992	2204731
162993	2204737
162994	2204759
162995	2204767
162996	2204773
162997	2204789
162998	2204809
162999	2204821
163000	2204827
