103001	1342063
103002	1342067
103003	1342069
103004	1342079
103005	1342087
103006	1342093
103007	1342109
103008	1342111
103009	1342139
103010	1342153
103011	1342163
103012	1342177
103013	1342181
103014	1342199
103015	1342213
103016	1342219
103017	1342223
103018	1342241
103019	1342247
103020	1342259
103021	1342261
103022	1342267
103023	1342277
103024	1342279
103025	1342283
103026	1342291
103027	1342333
103028	1342339
103029	1342343
103030	1342361
103031	1342379
103032	1342403
103033	1342409
103034	1342423
103035	1342433
103036	1342489
103037	1342493
103038	1342499
103039	1342501
103040	1342519
103041	1342531
103042	1342547
103043	1342567
103044	1342571
103045	1342573
103046	1342591
103047	1342633
103048	1342651
103049	1342657
103050	1342661
103051	1342667
103052	1342669
103053	1342697
103054	1342699
103055	1342723
103056	1342727
103057	1342739
103058	1342741
103059	1342751
103060	1342753
103061	1342799
103062	1342801
103063	1342829
103064	1342849
103065	1342871
103066	1342877
103067	1342883
103068	1342897
103069	1342907
103070	1342909
103071	1342963
103072	1342969
103073	1342973
103074	1342987
103075	1343003
103076	1343009
103077	1343029
103078	1343033
103079	1343047
103080	1343057
103081	1343059
103082	1343071
103083	1343081
103084	1343113
103085	1343161
103086	1343183
103087	1343197
103088	1343203
103089	1343219
103090	1343233
103091	1343257
103092	1343263
103093	1343299
103094	1343311
103095	1343317
103096	1343327
103097	1343333
103098	1343341
103099	1343351
103100	1343369
103101	1343383
103102	1343387
103103	1343389
103104	1343413
103105	1343423
103106	1343431
103107	1343467
103108	1343477
103109	1343479
103110	1343491
103111	1343501
103112	1343519
103113	1343549
103114	1343567
103115	1343569
103116	1343579
103117	1343593
103118	1343597
103119	1343627
103120	1343651
103121	1343653
103122	1343669
103123	1343677
103124	1343681
103125	1343689
103126	1343717
103127	1343723
103128	1343743
103129	1343747
103130	1343759
103131	1343767
103132	1343789
103133	1343791
103134	1343801
103135	1343863
103136	1343873
103137	1343887
103138	1343893
103139	1343899
103140	1343911
103141	1343917
103142	1343941
103143	1343957
103144	1343963
103145	1343971
103146	1343983
103147	1343987
103148	1344011
103149	1344017
103150	1344029
103151	1344043
103152	1344053
103153	1344073
103154	1344113
103155	1344127
103156	1344151
103157	1344157
103158	1344163
103159	1344169
103160	1344181
103161	1344199
103162	1344227
103163	1344271
103164	1344283
103165	1344311
103166	1344319
103167	1344337
103168	1344347
103169	1344359
103170	1344389
103171	1344401
103172	1344403
103173	1344407
103174	1344457
103175	1344461
103176	1344463
103177	1344487
103178	1344491
103179	1344503
103180	1344509
103181	1344559
103182	1344569
103183	1344583
103184	1344589
103185	1344593
103186	1344599
103187	1344601
103188	1344641
103189	1344647
103190	1344667
103191	1344671
103192	1344709
103193	1344727
103194	1344743
103195	1344767
103196	1344779
103197	1344781
103198	1344793
103199	1344797
103200	1344799
103201	1344821
103202	1344823
103203	1344829
103204	1344857
103205	1344859
103206	1344869
103207	1344899
103208	1344901
103209	1344907
103210	1344943
103211	1344947
103212	1344949
103213	1344979
103214	1345009
103215	1345013
103216	1345027
103217	1345033
103218	1345037
103219	1345051
103220	1345079
103221	1345117
103222	1345129
103223	1345139
103224	1345153
103225	1345177
103226	1345207
103227	1345229
103228	1345231
103229	1345241
103230	1345243
103231	1345271
103232	1345273
103233	1345277
103234	1345297
103235	1345301
103236	1345303
103237	1345343
103238	1345349
103239	1345361
103240	1345423
103241	1345441
103242	1345451
103243	1345453
103244	1345457
103245	1345471
103246	1345481
103247	1345507
103248	1345537
103249	1345541
103250	1345549
103251	1345559
103252	1345577
103253	1345583
103254	1345621
103255	1345627
103256	1345633
103257	1345649
103258	1345651
103259	1345667
103260	1345691
103261	1345693
103262	1345699
103263	1345711
103264	1345733
103265	1345759
103266	1345777
103267	1345781
103268	1345783
103269	1345787
103270	1345811
103271	1345859
103272	1345879
103273	1345889
103274	1345913
103275	1345921
103276	1345931
103277	1345933
103278	1345951
103279	1345957
103280	1345973
103281	1345987
103282	1345997
103283	1346003
103284	1346021
103285	1346039
103286	1346063
103287	1346083
103288	1346117
103289	1346119
103290	1346123
103291	1346129
103292	1346143
103293	1346159
103294	1346161
103295	1346173
103296	1346183
103297	1346243
103298	1346249
103299	1346273
103300	1346309
103301	1346311
103302	1346333
103303	1346341
103304	1346353
103305	1346357
103306	1346363
103307	1346369
103308	1346377
103309	1346419
103310	1346437
103311	1346447
103312	1346461
103313	1346479
103314	1346483
103315	1346491
103316	1346533
103317	1346537
103318	1346539
103319	1346567
103320	1346591
103321	1346593
103322	1346603
103323	1346623
103324	1346629
103325	1346641
103326	1346647
103327	1346669
103328	1346693
103329	1346711
103330	1346729
103331	1346743
103332	1346747
103333	1346753
103334	1346773
103335	1346827
103336	1346831
103337	1346843
103338	1346861
103339	1346881
103340	1346899
103341	1346909
103342	1346951
103343	1346953
103344	1346957
103345	1346971
103346	1346977
103347	1346987
103348	1346993
103349	1346999
103350	1347001
103351	1347013
103352	1347019
103353	1347053
103354	1347077
103355	1347091
103356	1347103
103357	1347113
103358	1347127
103359	1347149
103360	1347191
103361	1347209
103362	1347211
103363	1347221
103364	1347223
103365	1347263
103366	1347277
103367	1347287
103368	1347289
103369	1347293
103370	1347329
103371	1347331
103372	1347337
103373	1347341
103374	1347377
103375	1347389
103376	1347391
103377	1347397
103378	1347413
103379	1347433
103380	1347457
103381	1347469
103382	1347473
103383	1347481
103384	1347487
103385	1347527
103386	1347553
103387	1347557
103388	1347569
103389	1347587
103390	1347611
103391	1347617
103392	1347623
103393	1347637
103394	1347667
103395	1347679
103396	1347707
103397	1347713
103398	1347733
103399	1347739
103400	1347757
103401	1347763
103402	1347767
103403	1347769
103404	1347781
103405	1347791
103406	1347817
103407	1347877
103408	1347881
103409	1347893
103410	1347901
103411	1347919
103412	1347937
103413	1347953
103414	1347967
103415	1347971
103416	1347989
103417	1348001
103418	1348013
103419	1348027
103420	1348033
103421	1348051
103422	1348063
103423	1348073
103424	1348111
103425	1348129
103426	1348133
103427	1348157
103428	1348177
103429	1348211
103430	1348223
103431	1348231
103432	1348247
103433	1348271
103434	1348309
103435	1348313
103436	1348331
103437	1348357
103438	1348363
103439	1348379
103440	1348381
103441	1348387
103442	1348393
103443	1348409
103444	1348427
103445	1348441
103446	1348483
103447	1348489
103448	1348493
103449	1348507
103450	1348511
103451	1348517
103452	1348537
103453	1348541
103454	1348547
103455	1348549
103456	1348553
103457	1348561
103458	1348573
103459	1348577
103460	1348583
103461	1348597
103462	1348619
103463	1348621
103464	1348637
103465	1348673
103466	1348727
103467	1348733
103468	1348747
103469	1348757
103470	1348769
103471	1348793
103472	1348843
103473	1348847
103474	1348849
103475	1348871
103476	1348873
103477	1348889
103478	1348891
103479	1348901
103480	1348913
103481	1348931
103482	1348937
103483	1348939
103484	1348951
103485	1348957
103486	1348961
103487	1348987
103488	1349003
103489	1349017
103490	1349053
103491	1349059
103492	1349063
103493	1349077
103494	1349087
103495	1349119
103496	1349129
103497	1349143
103498	1349147
103499	1349149
103500	1349177
103501	1349189
103502	1349207
103503	1349219
103504	1349233
103505	1349251
103506	1349281
103507	1349287
103508	1349317
103509	1349339
103510	1349357
103511	1349363
103512	1349371
103513	1349393
103514	1349401
103515	1349407
103516	1349423
103517	1349471
103518	1349473
103519	1349531
103520	1349533
103521	1349651
103522	1349669
103523	1349671
103524	1349683
103525	1349687
103526	1349701
103527	1349707
103528	1349713
103529	1349737
103530	1349753
103531	1349773
103532	1349807
103533	1349809
103534	1349827
103535	1349867
103536	1349891
103537	1349897
103538	1349903
103539	1349917
103540	1349927
103541	1349941
103542	1349947
103543	1349977
103544	1349993
103545	1350001
103546	1350017
103547	1350023
103548	1350029
103549	1350047
103550	1350049
103551	1350053
103552	1350059
103553	1350061
103554	1350073
103555	1350101
103556	1350119
103557	1350127
103558	1350133
103559	1350187
103560	1350203
103561	1350229
103562	1350247
103563	1350257
103564	1350277
103565	1350287
103566	1350313
103567	1350317
103568	1350319
103569	1350331
103570	1350341
103571	1350343
103572	1350367
103573	1350373
103574	1350379
103575	1350383
103576	1350403
103577	1350449
103578	1350457
103579	1350467
103580	1350469
103581	1350473
103582	1350487
103583	1350509
103584	1350511
103585	1350521
103586	1350533
103587	1350541
103588	1350551
103589	1350553
103590	1350563
103591	1350593
103592	1350607
103593	1350623
103594	1350641
103595	1350647
103596	1350677
103597	1350697
103598	1350703
103599	1350709
103600	1350731
103601	1350743
103602	1350749
103603	1350751
103604	1350761
103605	1350773
103606	1350779
103607	1350799
103608	1350809
103609	1350823
103610	1350847
103611	1350851
103612	1350857
103613	1350883
103614	1350889
103615	1350893
103616	1350911
103617	1350959
103618	1350961
103619	1350977
103620	1351019
103621	1351027
103622	1351037
103623	1351039
103624	1351061
103625	1351069
103626	1351079
103627	1351087
103628	1351093
103629	1351099
103630	1351111
103631	1351117
103632	1351121
103633	1351123
103634	1351127
103635	1351151
103636	1351169
103637	1351171
103638	1351183
103639	1351199
103640	1351213
103641	1351241
103642	1351243
103643	1351247
103644	1351249
103645	1351253
103646	1351267
103647	1351283
103648	1351289
103649	1351291
103650	1351309
103651	1351327
103652	1351373
103653	1351387
103654	1351397
103655	1351403
103656	1351417
103657	1351421
103658	1351423
103659	1351439
103660	1351459
103661	1351523
103662	1351529
103663	1351541
103664	1351543
103665	1351547
103666	1351589
103667	1351621
103668	1351639
103669	1351663
103670	1351667
103671	1351697
103672	1351703
103673	1351711
103674	1351747
103675	1351751
103676	1351781
103677	1351783
103678	1351799
103679	1351813
103680	1351829
103681	1351837
103682	1351841
103683	1351843
103684	1351853
103685	1351897
103686	1351901
103687	1351913
103688	1351919
103689	1351921
103690	1351949
103691	1351957
103692	1351967
103693	1351979
103694	1351981
103695	1351991
103696	1351997
103697	1352069
103698	1352093
103699	1352107
103700	1352111
103701	1352119
103702	1352123
103703	1352149
103704	1352167
103705	1352171
103706	1352191
103707	1352201
103708	1352203
103709	1352207
103710	1352209
103711	1352227
103712	1352257
103713	1352269
103714	1352279
103715	1352291
103716	1352293
103717	1352311
103718	1352317
103719	1352347
103720	1352359
103721	1352369
103722	1352371
103723	1352383
103724	1352389
103725	1352419
103726	1352441
103727	1352443
103728	1352447
103729	1352459
103730	1352489
103731	1352521
103732	1352543
103733	1352557
103734	1352597
103735	1352599
103736	1352627
103737	1352641
103738	1352657
103739	1352669
103740	1352749
103741	1352753
103742	1352761
103743	1352773
103744	1352777
103745	1352779
103746	1352783
103747	1352803
103748	1352807
103749	1352839
103750	1352849
103751	1352861
103752	1352863
103753	1352873
103754	1352881
103755	1352893
103756	1352903
103757	1352917
103758	1352921
103759	1352957
103760	1352963
103761	1352969
103762	1352977
103763	1352987
103764	1352993
103765	1352999
103766	1353007
103767	1353019
103768	1353029
103769	1353043
103770	1353059
103771	1353089
103772	1353091
103773	1353101
103774	1353133
103775	1353137
103776	1353173
103777	1353179
103778	1353197
103779	1353221
103780	1353223
103781	1353239
103782	1353241
103783	1353257
103784	1353259
103785	1353269
103786	1353277
103787	1353281
103788	1353293
103789	1353301
103790	1353311
103791	1353329
103792	1353371
103793	1353377
103794	1353383
103795	1353397
103796	1353433
103797	1353449
103798	1353463
103799	1353479
103800	1353487
103801	1353551
103802	1353581
103803	1353593
103804	1353607
103805	1353613
103806	1353629
103807	1353641
103808	1353679
103809	1353689
103810	1353701
103811	1353707
103812	1353713
103813	1353733
103814	1353743
103815	1353763
103816	1353767
103817	1353791
103818	1353809
103819	1353827
103820	1353839
103821	1353857
103822	1353881
103823	1353887
103824	1353893
103825	1353901
103826	1353917
103827	1353949
103828	1353967
103829	1353973
103830	1353977
103831	1353983
103832	1354007
103833	1354009
103834	1354013
103835	1354019
103836	1354021
103837	1354037
103838	1354043
103839	1354051
103840	1354057
103841	1354063
103842	1354069
103843	1354081
103844	1354127
103845	1354153
103846	1354159
103847	1354181
103848	1354193
103849	1354207
103850	1354229
103851	1354231
103852	1354247
103853	1354267
103854	1354289
103855	1354291
103856	1354303
103857	1354307
103858	1354321
103859	1354333
103860	1354337
103861	1354343
103862	1354349
103863	1354361
103864	1354391
103865	1354393
103866	1354471
103867	1354481
103868	1354487
103869	1354499
103870	1354501
103871	1354523
103872	1354547
103873	1354571
103874	1354583
103875	1354589
103876	1354601
103877	1354603
103878	1354637
103879	1354649
103880	1354651
103881	1354663
103882	1354687
103883	1354711
103884	1354741
103885	1354777
103886	1354811
103887	1354813
103888	1354819
103889	1354823
103890	1354841
103891	1354853
103892	1354877
103893	1354889
103894	1354901
103895	1354931
103896	1354937
103897	1354939
103898	1354943
103899	1354949
103900	1354957
103901	1354981
103902	1354987
103903	1355021
103904	1355047
103905	1355063
103906	1355071
103907	1355089
103908	1355113
103909	1355119
103910	1355129
103911	1355131
103912	1355153
103913	1355191
103914	1355219
103915	1355243
103916	1355261
103917	1355267
103918	1355269
103919	1355279
103920	1355281
103921	1355293
103922	1355297
103923	1355303
103924	1355309
103925	1355311
103926	1355323
103927	1355329
103928	1355353
103929	1355357
103930	1355363
103931	1355371
103932	1355399
103933	1355401
103934	1355423
103935	1355429
103936	1355443
103937	1355447
103938	1355449
103939	1355483
103940	1355503
103941	1355507
103942	1355513
103943	1355533
103944	1355573
103945	1355579
103946	1355591
103947	1355609
103948	1355623
103949	1355647
103950	1355657
103951	1355659
103952	1355677
103953	1355681
103954	1355693
103955	1355713
103956	1355741
103957	1355743
103958	1355749
103959	1355759
103960	1355771
103961	1355777
103962	1355803
103963	1355807
103964	1355819
103965	1355831
103966	1355843
103967	1355857
103968	1355863
103969	1355867
103970	1355881
103971	1355891
103972	1355917
103973	1355923
103974	1355933
103975	1355941
103976	1355947
103977	1355957
103978	1355983
103979	1355987
103980	1355989
103981	1355999
103982	1356007
103983	1356037
103984	1356053
103985	1356059
103986	1356067
103987	1356077
103988	1356079
103989	1356083
103990	1356101
103991	1356109
103992	1356133
103993	1356143
103994	1356151
103995	1356167
103996	1356169
103997	1356181
103998	1356197
103999	1356221
104000	1356227
