118001	1554899
118002	1554913
118003	1554977
118004	1554989
118005	1555013
118006	1555027
118007	1555033
118008	1555039
118009	1555051
118010	1555061
118011	1555079
118012	1555091
118013	1555111
118014	1555117
118015	1555123
118016	1555129
118017	1555133
118018	1555153
118019	1555157
118020	1555159
118021	1555163
118022	1555187
118023	1555189
118024	1555193
118025	1555199
118026	1555223
118027	1555231
118028	1555243
118029	1555247
118030	1555249
118031	1555259
118032	1555261
118033	1555289
118034	1555291
118035	1555319
118036	1555327
118037	1555343
118038	1555349
118039	1555409
118040	1555423
118041	1555429
118042	1555469
118043	1555471
118044	1555481
118045	1555507
118046	1555523
118047	1555529
118048	1555553
118049	1555571
118050	1555573
118051	1555579
118052	1555607
118053	1555613
118054	1555633
118055	1555637
118056	1555639
118057	1555643
118058	1555657
118059	1555661
118060	1555679
118061	1555691
118062	1555693
118063	1555699
118064	1555711
118065	1555717
118066	1555727
118067	1555733
118068	1555751
118069	1555759
118070	1555781
118071	1555787
118072	1555793
118073	1555817
118074	1555819
118075	1555831
118076	1555837
118077	1555847
118078	1555861
118079	1555901
118080	1555907
118081	1555913
118082	1555919
118083	1555943
118084	1555951
118085	1555963
118086	1555969
118087	1555997
118088	1555999
118089	1556003
118090	1556011
118091	1556017
118092	1556039
118093	1556059
118094	1556069
118095	1556083
118096	1556117
118097	1556147
118098	1556173
118099	1556179
118100	1556189
118101	1556201
118102	1556251
118103	1556263
118104	1556267
118105	1556297
118106	1556323
118107	1556327
118108	1556329
118109	1556339
118110	1556351
118111	1556363
118112	1556369
118113	1556371
118114	1556393
118115	1556413
118116	1556431
118117	1556441
118118	1556449
118119	1556453
118120	1556473
118121	1556491
118122	1556501
118123	1556509
118124	1556519
118125	1556551
118126	1556561
118127	1556563
118128	1556567
118129	1556573
118130	1556587
118131	1556591
118132	1556609
118133	1556623
118134	1556641
118135	1556657
118136	1556669
118137	1556671
118138	1556717
118139	1556719
118140	1556747
118141	1556759
118142	1556761
118143	1556767
118144	1556771
118145	1556773
118146	1556791
118147	1556837
118148	1556839
118149	1556869
118150	1556873
118151	1556881
118152	1556897
118153	1556909
118154	1556927
118155	1556963
118156	1556977
118157	1557001
118158	1557007
118159	1557019
118160	1557029
118161	1557041
118162	1557043
118163	1557053
118164	1557067
118165	1557079
118166	1557089
118167	1557091
118168	1557103
118169	1557109
118170	1557113
118171	1557119
118172	1557131
118173	1557137
118174	1557151
118175	1557211
118176	1557239
118177	1557247
118178	1557287
118179	1557289
118180	1557301
118181	1557313
118182	1557337
118183	1557341
118184	1557343
118185	1557359
118186	1557371
118187	1557377
118188	1557389
118189	1557397
118190	1557403
118191	1557407
118192	1557419
118193	1557427
118194	1557433
118195	1557443
118196	1557469
118197	1557481
118198	1557499
118199	1557509
118200	1557547
118201	1557551
118202	1557559
118203	1557593
118204	1557607
118205	1557613
118206	1557623
118207	1557637
118208	1557641
118209	1557649
118210	1557653
118211	1557667
118212	1557707
118213	1557709
118214	1557733
118215	1557763
118216	1557769
118217	1557797
118218	1557823
118219	1557833
118220	1557839
118221	1557869
118222	1557883
118223	1557889
118224	1557947
118225	1557949
118226	1557973
118227	1557991
118228	1558009
118229	1558061
118230	1558079
118231	1558087
118232	1558099
118233	1558103
118234	1558129
118235	1558177
118236	1558189
118237	1558201
118238	1558213
118239	1558217
118240	1558223
118241	1558243
118242	1558267
118243	1558279
118244	1558283
118245	1558289
118246	1558303
118247	1558307
118248	1558309
118249	1558313
118250	1558321
118251	1558327
118252	1558343
118253	1558351
118254	1558357
118255	1558387
118256	1558397
118257	1558409
118258	1558423
118259	1558439
118260	1558483
118261	1558511
118262	1558517
118263	1558523
118264	1558541
118265	1558559
118266	1558561
118267	1558573
118268	1558597
118269	1558619
118270	1558631
118271	1558637
118272	1558643
118273	1558651
118274	1558673
118275	1558681
118276	1558691
118277	1558709
118278	1558717
118279	1558727
118280	1558729
118281	1558757
118282	1558759
118283	1558771
118284	1558787
118285	1558789
118286	1558807
118287	1558811
118288	1558813
118289	1558819
118290	1558829
118291	1558831
118292	1558841
118293	1558867
118294	1558873
118295	1558877
118296	1558891
118297	1558901
118298	1558913
118299	1558919
118300	1558933
118301	1558937
118302	1558939
118303	1558967
118304	1558979
118305	1558981
118306	1559017
118307	1559057
118308	1559059
118309	1559093
118310	1559113
118311	1559119
118312	1559123
118313	1559153
118314	1559161
118315	1559171
118316	1559177
118317	1559183
118318	1559203
118319	1559209
118320	1559213
118321	1559227
118322	1559267
118323	1559281
118324	1559297
118325	1559303
118326	1559329
118327	1559333
118328	1559347
118329	1559351
118330	1559357
118331	1559399
118332	1559407
118333	1559431
118334	1559443
118335	1559447
118336	1559449
118337	1559473
118338	1559477
118339	1559479
118340	1559483
118341	1559491
118342	1559521
118343	1559527
118344	1559531
118345	1559549
118346	1559573
118347	1559581
118348	1559603
118349	1559609
118350	1559611
118351	1559617
118352	1559647
118353	1559651
118354	1559669
118355	1559683
118356	1559689
118357	1559713
118358	1559731
118359	1559749
118360	1559759
118361	1559773
118362	1559777
118363	1559797
118364	1559807
118365	1559821
118366	1559839
118367	1559849
118368	1559851
118369	1559879
118370	1559891
118371	1559893
118372	1559933
118373	1559963
118374	1559969
118375	1559983
118376	1559989
118377	1560007
118378	1560011
118379	1560023
118380	1560037
118381	1560047
118382	1560049
118383	1560059
118384	1560077
118385	1560121
118386	1560127
118387	1560131
118388	1560133
118389	1560149
118390	1560187
118391	1560193
118392	1560203
118393	1560211
118394	1560217
118395	1560227
118396	1560239
118397	1560241
118398	1560257
118399	1560263
118400	1560271
118401	1560289
118402	1560313
118403	1560371
118404	1560407
118405	1560409
118406	1560421
118407	1560443
118408	1560457
118409	1560473
118410	1560511
118411	1560523
118412	1560529
118413	1560539
118414	1560547
118415	1560569
118416	1560589
118417	1560593
118418	1560653
118419	1560659
118420	1560673
118421	1560677
118422	1560683
118423	1560707
118424	1560709
118425	1560733
118426	1560739
118427	1560743
118428	1560749
118429	1560781
118430	1560799
118431	1560817
118432	1560847
118433	1560859
118434	1560877
118435	1560883
118436	1560893
118437	1560901
118438	1560913
118439	1560953
118440	1560967
118441	1560973
118442	1560997
118443	1561003
118444	1561013
118445	1561019
118446	1561037
118447	1561039
118448	1561069
118449	1561111
118450	1561117
118451	1561121
118452	1561123
118453	1561139
118454	1561151
118455	1561159
118456	1561163
118457	1561169
118458	1561187
118459	1561193
118460	1561213
118461	1561243
118462	1561247
118463	1561267
118464	1561279
118465	1561303
118466	1561337
118467	1561349
118468	1561367
118469	1561393
118470	1561421
118471	1561423
118472	1561429
118473	1561453
118474	1561457
118475	1561463
118476	1561499
118477	1561519
118478	1561529
118479	1561537
118480	1561541
118481	1561559
118482	1561577
118483	1561579
118484	1561589
118485	1561597
118486	1561601
118487	1561607
118488	1561633
118489	1561639
118490	1561657
118491	1561673
118492	1561697
118493	1561711
118494	1561727
118495	1561741
118496	1561753
118497	1561757
118498	1561759
118499	1561801
118500	1561817
118501	1561823
118502	1561829
118503	1561883
118504	1561891
118505	1561919
118506	1562051
118507	1562053
118508	1562063
118509	1562081
118510	1562087
118511	1562089
118512	1562101
118513	1562107
118514	1562111
118515	1562129
118516	1562131
118517	1562159
118518	1562173
118519	1562191
118520	1562207
118521	1562219
118522	1562243
118523	1562263
118524	1562269
118525	1562279
118526	1562287
118527	1562291
118528	1562293
118529	1562347
118530	1562357
118531	1562359
118532	1562371
118533	1562377
118534	1562381
118535	1562411
118536	1562417
118537	1562423
118538	1562447
118539	1562471
118540	1562513
118541	1562527
118542	1562531
118543	1562543
118544	1562567
118545	1562591
118546	1562593
118547	1562611
118548	1562647
118549	1562653
118550	1562707
118551	1562713
118552	1562719
118553	1562753
118554	1562833
118555	1562863
118556	1562867
118557	1562887
118558	1562933
118559	1562947
118560	1562971
118561	1562983
118562	1562993
118563	1562999
118564	1563017
118565	1563019
118566	1563041
118567	1563047
118568	1563061
118569	1563077
118570	1563083
118571	1563091
118572	1563097
118573	1563101
118574	1563109
118575	1563119
118576	1563131
118577	1563137
118578	1563143
118579	1563157
118580	1563161
118581	1563209
118582	1563217
118583	1563227
118584	1563229
118585	1563239
118586	1563253
118587	1563257
118588	1563259
118589	1563271
118590	1563277
118591	1563281
118592	1563283
118593	1563293
118594	1563319
118595	1563329
118596	1563389
118597	1563407
118598	1563409
118599	1563413
118600	1563421
118601	1563427
118602	1563431
118603	1563433
118604	1563449
118605	1563461
118606	1563467
118607	1563469
118608	1563481
118609	1563487
118610	1563503
118611	1563511
118612	1563533
118613	1563539
118614	1563571
118615	1563577
118616	1563599
118617	1563619
118618	1563623
118619	1563629
118620	1563631
118621	1563649
118622	1563689
118623	1563703
118624	1563707
118625	1563739
118626	1563743
118627	1563773
118628	1563791
118629	1563811
118630	1563817
118631	1563829
118632	1563851
118633	1563893
118634	1563901
118635	1563911
118636	1563937
118637	1563943
118638	1563959
118639	1563967
118640	1563971
118641	1563973
118642	1564001
118643	1564007
118644	1564037
118645	1564049
118646	1564063
118647	1564067
118648	1564081
118649	1564091
118650	1564097
118651	1564103
118652	1564111
118653	1564117
118654	1564139
118655	1564151
118656	1564159
118657	1564183
118658	1564237
118659	1564243
118660	1564307
118661	1564309
118662	1564313
118663	1564337
118664	1564349
118665	1564361
118666	1564363
118667	1564369
118668	1564373
118669	1564379
118670	1564393
118671	1564399
118672	1564411
118673	1564417
118674	1564421
118675	1564427
118676	1564457
118677	1564487
118678	1564499
118679	1564501
118680	1564543
118681	1564553
118682	1564559
118683	1564571
118684	1564573
118685	1564597
118686	1564603
118687	1564643
118688	1564657
118689	1564679
118690	1564699
118691	1564721
118692	1564729
118693	1564741
118694	1564747
118695	1564751
118696	1564777
118697	1564781
118698	1564807
118699	1564831
118700	1564837
118701	1564853
118702	1564861
118703	1564877
118704	1564907
118705	1564909
118706	1564921
118707	1564933
118708	1564949
118709	1564991
118710	1564993
118711	1564999
118712	1565009
118713	1565017
118714	1565023
118715	1565027
118716	1565033
118717	1565041
118718	1565051
118719	1565059
118720	1565099
118721	1565117
118722	1565129
118723	1565141
118724	1565149
118725	1565153
118726	1565167
118727	1565171
118728	1565177
118729	1565183
118730	1565189
118731	1565191
118732	1565203
118733	1565209
118734	1565233
118735	1565251
118736	1565261
118737	1565269
118738	1565281
118739	1565287
118740	1565293
118741	1565323
118742	1565341
118743	1565351
118744	1565381
118745	1565383
118746	1565413
118747	1565437
118748	1565441
118749	1565471
118750	1565489
118751	1565491
118752	1565519
118753	1565521
118754	1565539
118755	1565549
118756	1565561
118757	1565563
118758	1565569
118759	1565579
118760	1565591
118761	1565609
118762	1565611
118763	1565651
118764	1565659
118765	1565671
118766	1565693
118767	1565737
118768	1565741
118769	1565743
118770	1565747
118771	1565789
118772	1565791
118773	1565807
118774	1565813
118775	1565821
118776	1565827
118777	1565833
118778	1565867
118779	1565869
118780	1565873
118781	1565891
118782	1565897
118783	1565911
118784	1565917
118785	1565929
118786	1565933
118787	1565947
118788	1565969
118789	1565987
118790	1566031
118791	1566043
118792	1566049
118793	1566079
118794	1566083
118795	1566101
118796	1566107
118797	1566121
118798	1566137
118799	1566143
118800	1566163
118801	1566179
118802	1566197
118803	1566199
118804	1566209
118805	1566211
118806	1566217
118807	1566239
118808	1566251
118809	1566263
118810	1566281
118811	1566283
118812	1566289
118813	1566307
118814	1566343
118815	1566349
118816	1566353
118817	1566359
118818	1566371
118819	1566401
118820	1566403
118821	1566427
118822	1566449
118823	1566451
118824	1566479
118825	1566517
118826	1566529
118827	1566559
118828	1566571
118829	1566577
118830	1566583
118831	1566613
118832	1566637
118833	1566659
118834	1566673
118835	1566731
118836	1566739
118837	1566743
118838	1566749
118839	1566751
118840	1566767
118841	1566769
118842	1566779
118843	1566793
118844	1566811
118845	1566821
118846	1566823
118847	1566827
118848	1566847
118849	1566857
118850	1566881
118851	1566883
118852	1566889
118853	1566893
118854	1566923
118855	1566937
118856	1566953
118857	1566997
118858	1567001
118859	1567003
118860	1567031
118861	1567037
118862	1567039
118863	1567057
118864	1567067
118865	1567079
118866	1567087
118867	1567103
118868	1567109
118869	1567117
118870	1567127
118871	1567133
118872	1567141
118873	1567147
118874	1567169
118875	1567171
118876	1567219
118877	1567249
118878	1567259
118879	1567261
118880	1567271
118881	1567297
118882	1567301
118883	1567303
118884	1567327
118885	1567333
118886	1567339
118887	1567343
118888	1567361
118889	1567373
118890	1567409
118891	1567411
118892	1567429
118893	1567469
118894	1567477
118895	1567483
118896	1567487
118897	1567493
118898	1567499
118899	1567513
118900	1567541
118901	1567549
118902	1567567
118903	1567589
118904	1567603
118905	1567607
118906	1567627
118907	1567637
118908	1567661
118909	1567667
118910	1567679
118911	1567693
118912	1567721
118913	1567729
118914	1567759
118915	1567771
118916	1567789
118917	1567829
118918	1567837
118919	1567847
118920	1567901
118921	1567903
118922	1567931
118923	1567981
118924	1567987
118925	1567999
118926	1568033
118927	1568041
118928	1568053
118929	1568087
118930	1568107
118931	1568123
118932	1568129
118933	1568141
118934	1568143
118935	1568153
118936	1568159
118937	1568173
118938	1568179
118939	1568207
118940	1568213
118941	1568221
118942	1568243
118943	1568251
118944	1568257
118945	1568263
118946	1568293
118947	1568309
118948	1568341
118949	1568351
118950	1568353
118951	1568377
118952	1568389
118953	1568419
118954	1568423
118955	1568449
118956	1568453
118957	1568459
118958	1568503
118959	1568509
118960	1568519
118961	1568521
118962	1568533
118963	1568543
118964	1568561
118965	1568563
118966	1568579
118967	1568599
118968	1568629
118969	1568657
118970	1568687
118971	1568729
118972	1568741
118973	1568767
118974	1568771
118975	1568867
118976	1568873
118977	1568891
118978	1568909
118979	1568921
118980	1568923
118981	1568927
118982	1568933
118983	1568951
118984	1568969
118985	1568971
118986	1568977
118987	1568993
118988	1569011
118989	1569013
118990	1569023
118991	1569047
118992	1569053
118993	1569097
118994	1569101
118995	1569121
118996	1569131
118997	1569149
118998	1569157
118999	1569163
119000	1569173
