165001	2234143
165002	2234149
165003	2234159
165004	2234161
165005	2234179
165006	2234207
165007	2234209
165008	2234227
165009	2234233
165010	2234251
165011	2234261
165012	2234269
165013	2234303
165014	2234317
165015	2234329
165016	2234339
165017	2234341
165018	2234417
165019	2234431
165020	2234437
165021	2234447
165022	2234471
165023	2234483
165024	2234501
165025	2234503
165026	2234513
165027	2234539
165028	2234543
165029	2234549
165030	2234563
165031	2234579
165032	2234587
165033	2234591
165034	2234593
165035	2234597
165036	2234621
165037	2234629
165038	2234671
165039	2234677
165040	2234681
165041	2234693
165042	2234699
165043	2234707
165044	2234717
165045	2234719
165046	2234741
165047	2234789
165048	2234797
165049	2234809
165050	2234833
165051	2234849
165052	2234863
165053	2234899
165054	2234923
165055	2234927
165056	2234929
165057	2234959
165058	2234971
165059	2234983
165060	2234993
165061	2235031
165062	2235043
165063	2235047
165064	2235049
165065	2235067
165066	2235083
165067	2235091
165068	2235127
165069	2235137
165070	2235139
165071	2235161
165072	2235199
165073	2235221
165074	2235227
165075	2235229
165076	2235239
165077	2235251
165078	2235257
165079	2235271
165080	2235283
165081	2235287
165082	2235307
165083	2235319
165084	2235323
165085	2235329
165086	2235341
165087	2235353
165088	2235377
165089	2235383
165090	2235403
165091	2235427
165092	2235437
165093	2235469
165094	2235491
165095	2235509
165096	2235511
165097	2235539
165098	2235547
165099	2235553
165100	2235557
165101	2235587
165102	2235599
165103	2235617
165104	2235631
165105	2235637
165106	2235641
165107	2235647
165108	2235661
165109	2235671
165110	2235677
165111	2235683
165112	2235707
165113	2235731
165114	2235733
165115	2235767
165116	2235773
165117	2235791
165118	2235797
165119	2235803
165120	2235809
165121	2235811
165122	2235829
165123	2235841
165124	2235847
165125	2235851
165126	2235859
165127	2235869
165128	2235887
165129	2235907
165130	2235941
165131	2235943
165132	2235949
165133	2235971
165134	2235973
165135	2235997
165136	2236001
165137	2236007
165138	2236009
165139	2236049
165140	2236051
165141	2236057
165142	2236079
165143	2236081
165144	2236097
165145	2236111
165146	2236121
165147	2236133
165148	2236139
165149	2236153
165150	2236183
165151	2236187
165152	2236189
165153	2236207
165154	2236217
165155	2236237
165156	2236249
165157	2236261
165158	2236279
165159	2236327
165160	2236331
165161	2236349
165162	2236363
165163	2236369
165164	2236373
165165	2236397
165166	2236417
165167	2236457
165168	2236477
165169	2236483
165170	2236489
165171	2236499
165172	2236511
165173	2236517
165174	2236519
165175	2236573
165176	2236583
165177	2236603
165178	2236627
165179	2236651
165180	2236657
165181	2236667
165182	2236693
165183	2236697
165184	2236709
165185	2236711
165186	2236733
165187	2236747
165188	2236769
165189	2236771
165190	2236781
165191	2236807
165192	2236823
165193	2236831
165194	2236873
165195	2236879
165196	2236901
165197	2236907
165198	2236921
165199	2236943
165200	2236951
165201	2236981
165202	2236987
165203	2236999
165204	2237009
165205	2237051
165206	2237071
165207	2237107
165208	2237113
165209	2237119
165210	2237129
165211	2237143
165212	2237159
165213	2237167
165214	2237171
165215	2237189
165216	2237219
165217	2237267
165218	2237293
165219	2237309
165220	2237317
165221	2237327
165222	2237369
165223	2237381
165224	2237393
165225	2237399
165226	2237401
165227	2237413
165228	2237429
165229	2237447
165230	2237461
165231	2237467
165232	2237479
165233	2237491
165234	2237503
165235	2237507
165236	2237519
165237	2237527
165238	2237531
165239	2237537
165240	2237551
165241	2237561
165242	2237563
165243	2237567
165244	2237581
165245	2237617
165246	2237629
165247	2237671
165248	2237689
165249	2237701
165250	2237743
165251	2237747
165252	2237771
165253	2237773
165254	2237783
165255	2237789
165256	2237813
165257	2237861
165258	2237899
165259	2237909
165260	2237927
165261	2237933
165262	2237941
165263	2237951
165264	2237957
165265	2238011
165266	2238013
165267	2238023
165268	2238043
165269	2238053
165270	2238079
165271	2238091
165272	2238109
165273	2238113
165274	2238127
165275	2238161
165276	2238163
165277	2238179
165278	2238209
165279	2238211
165280	2238217
165281	2238233
165282	2238239
165283	2238259
165284	2238277
165285	2238287
165286	2238289
165287	2238311
165288	2238319
165289	2238323
165290	2238347
165291	2238359
165292	2238361
165293	2238377
165294	2238391
165295	2238413
165296	2238419
165297	2238421
165298	2238473
165299	2238487
165300	2238491
165301	2238527
165302	2238529
165303	2238557
165304	2238569
165305	2238571
165306	2238589
165307	2238619
165308	2238631
165309	2238647
165310	2238653
165311	2238661
165312	2238673
165313	2238703
165314	2238707
165315	2238721
165316	2238749
165317	2238757
165318	2238763
165319	2238767
165320	2238779
165321	2238787
165322	2238791
165323	2238799
165324	2238809
165325	2238811
165326	2238823
165327	2238931
165328	2238937
165329	2238947
165330	2238953
165331	2238959
165332	2238961
165333	2238989
165334	2238997
165335	2239001
165336	2239007
165337	2239009
165338	2239031
165339	2239049
165340	2239057
165341	2239063
165342	2239103
165343	2239123
165344	2239141
165345	2239147
165346	2239157
165347	2239201
165348	2239213
165349	2239217
165350	2239219
165351	2239229
165352	2239231
165353	2239247
165354	2239253
165355	2239301
165356	2239309
165357	2239319
165358	2239327
165359	2239331
165360	2239333
165361	2239357
165362	2239361
165363	2239373
165364	2239387
165365	2239417
165366	2239453
165367	2239459
165368	2239519
165369	2239537
165370	2239541
165371	2239561
165372	2239577
165373	2239591
165374	2239607
165375	2239639
165376	2239649
165377	2239651
165378	2239667
165379	2239687
165380	2239703
165381	2239709
165382	2239711
165383	2239723
165384	2239747
165385	2239751
165386	2239753
165387	2239759
165388	2239793
165389	2239807
165390	2239847
165391	2239883
165392	2239889
165393	2239933
165394	2239949
165395	2239957
165396	2239961
165397	2239987
165398	2239997
165399	2240003
165400	2240023
165401	2240027
165402	2240057
165403	2240071
165404	2240083
165405	2240089
165406	2240101
165407	2240111
165408	2240113
165409	2240137
165410	2240159
165411	2240191
165412	2240197
165413	2240201
165414	2240213
165415	2240267
165416	2240291
165417	2240299
165418	2240317
165419	2240321
165420	2240323
165421	2240341
165422	2240351
165423	2240369
165424	2240377
165425	2240389
165426	2240431
165427	2240449
165428	2240471
165429	2240477
165430	2240479
165431	2240489
165432	2240507
165433	2240531
165434	2240533
165435	2240551
165436	2240573
165437	2240593
165438	2240597
165439	2240629
165440	2240633
165441	2240647
165442	2240657
165443	2240659
165444	2240663
165445	2240669
165446	2240699
165447	2240701
165448	2240723
165449	2240731
165450	2240737
165451	2240741
165452	2240747
165453	2240759
165454	2240779
165455	2240789
165456	2240807
165457	2240809
165458	2240827
165459	2240837
165460	2240839
165461	2240851
165462	2240857
165463	2240863
165464	2240891
165465	2240941
165466	2240951
165467	2240963
165468	2240977
165469	2241011
165470	2241013
165471	2241037
165472	2241047
165473	2241049
165474	2241061
165475	2241067
165476	2241073
165477	2241119
165478	2241121
165479	2241139
165480	2241163
165481	2241167
165482	2241181
165483	2241191
165484	2241193
165485	2241199
165486	2241209
165487	2241247
165488	2241251
165489	2241271
165490	2241277
165491	2241299
165492	2241301
165493	2241311
165494	2241313
165495	2241353
165496	2241359
165497	2241361
165498	2241389
165499	2241391
165500	2241397
165501	2241409
165502	2241427
165503	2241431
165504	2241443
165505	2241479
165506	2241509
165507	2241521
165508	2241523
165509	2241527
165510	2241539
165511	2241553
165512	2241559
165513	2241583
165514	2241599
165515	2241607
165516	2241667
165517	2241691
165518	2241697
165519	2241709
165520	2241721
165521	2241727
165522	2241751
165523	2241779
165524	2241781
165525	2241797
165526	2241809
165527	2241851
165528	2241881
165529	2241901
165530	2241917
165531	2241919
165532	2241923
165533	2241929
165534	2241949
165535	2241959
165536	2241989
165537	2242027
165538	2242043
165539	2242073
165540	2242091
165541	2242111
165542	2242127
165543	2242129
165544	2242157
165545	2242169
165546	2242187
165547	2242189
165548	2242211
165549	2242213
165550	2242217
165551	2242231
165552	2242277
165553	2242291
165554	2242307
165555	2242313
165556	2242319
165557	2242337
165558	2242343
165559	2242363
165560	2242369
165561	2242379
165562	2242381
165563	2242433
165564	2242441
165565	2242469
165566	2242517
165567	2242519
165568	2242529
165569	2242549
165570	2242651
165571	2242663
165572	2242679
165573	2242687
165574	2242697
165575	2242727
165576	2242729
165577	2242733
165578	2242739
165579	2242763
165580	2242777
165581	2242781
165582	2242783
165583	2242789
165584	2242811
165585	2242813
165586	2242841
165587	2242843
165588	2242847
165589	2242871
165590	2242873
165591	2242879
165592	2242883
165593	2242921
165594	2242939
165595	2242949
165596	2242951
165597	2242957
165598	2242973
165599	2242979
165600	2242993
165601	2243027
165602	2243053
165603	2243057
165604	2243077
165605	2243081
165606	2243089
165607	2243107
165608	2243123
165609	2243161
165610	2243177
165611	2243183
165612	2243203
165613	2243207
165614	2243209
165615	2243221
165616	2243251
165617	2243257
165618	2243261
165619	2243281
165620	2243287
165621	2243309
165622	2243317
165623	2243333
165624	2243359
165625	2243383
165626	2243393
165627	2243399
165628	2243419
165629	2243429
165630	2243431
165631	2243453
165632	2243467
165633	2243477
165634	2243491
165635	2243497
165636	2243503
165637	2243531
165638	2243537
165639	2243551
165640	2243587
165641	2243597
165642	2243617
165643	2243621
165644	2243623
165645	2243663
165646	2243669
165647	2243693
165648	2243699
165649	2243723
165650	2243741
165651	2243743
165652	2243753
165653	2243771
165654	2243777
165655	2243789
165656	2243797
165657	2243803
165658	2243809
165659	2243819
165660	2243821
165661	2243833
165662	2243851
165663	2243887
165664	2243893
165665	2243909
165666	2243911
165667	2243959
165668	2243987
165669	2244091
165670	2244131
165671	2244139
165672	2244157
165673	2244163
165674	2244167
165675	2244173
165676	2244199
165677	2244211
165678	2244227
165679	2244233
165680	2244257
165681	2244259
165682	2244269
165683	2244283
165684	2244287
165685	2244331
165686	2244353
165687	2244367
165688	2244371
165689	2244377
165690	2244401
165691	2244427
165692	2244439
165693	2244461
165694	2244479
165695	2244499
165696	2244503
165697	2244509
165698	2244533
165699	2244553
165700	2244559
165701	2244563
165702	2244577
165703	2244587
165704	2244589
165705	2244611
165706	2244623
165707	2244631
165708	2244653
165709	2244659
165710	2244661
165711	2244667
165712	2244689
165713	2244691
165714	2244703
165715	2244707
165716	2244719
165717	2244721
165718	2244733
165719	2244751
165720	2244761
165721	2244769
165722	2244779
165723	2244787
165724	2244811
165725	2244821
165726	2244841
165727	2244859
165728	2244863
165729	2244881
165730	2244883
165731	2244899
165732	2244911
165733	2244923
165734	2244929
165735	2244937
165736	2244953
165737	2244973
165738	2245013
165739	2245031
165740	2245043
165741	2245057
165742	2245063
165743	2245121
165744	2245141
165745	2245147
165746	2245153
165747	2245157
165748	2245163
165749	2245171
165750	2245183
165751	2245189
165752	2245223
165753	2245247
165754	2245253
165755	2245273
165756	2245277
165757	2245289
165758	2245301
165759	2245307
165760	2245319
165761	2245333
165762	2245339
165763	2245351
165764	2245357
165765	2245379
165766	2245391
165767	2245427
165768	2245429
165769	2245457
165770	2245459
165771	2245483
165772	2245489
165773	2245501
165774	2245541
165775	2245543
165776	2245549
165777	2245561
165778	2245577
165779	2245583
165780	2245597
165781	2245619
165782	2245627
165783	2245631
165784	2245637
165785	2245643
165786	2245657
165787	2245679
165788	2245681
165789	2245687
165790	2245721
165791	2245723
165792	2245739
165793	2245759
165794	2245783
165795	2245787
165796	2245799
165797	2245811
165798	2245813
165799	2245849
165800	2245861
165801	2245871
165802	2245889
165803	2245931
165804	2245951
165805	2245961
165806	2245979
165807	2245993
165808	2246017
165809	2246039
165810	2246051
165811	2246053
165812	2246077
165813	2246099
165814	2246107
165815	2246117
165816	2246129
165817	2246141
165818	2246143
165819	2246147
165820	2246149
165821	2246173
165822	2246183
165823	2246201
165824	2246213
165825	2246219
165826	2246239
165827	2246269
165828	2246273
165829	2246281
165830	2246297
165831	2246323
165832	2246339
165833	2246357
165834	2246359
165835	2246371
165836	2246383
165837	2246393
165838	2246399
165839	2246411
165840	2246417
165841	2246467
165842	2246471
165843	2246483
165844	2246501
165845	2246509
165846	2246521
165847	2246527
165848	2246537
165849	2246551
165850	2246557
165851	2246581
165852	2246591
165853	2246609
165854	2246633
165855	2246641
165856	2246683
165857	2246687
165858	2246689
165859	2246749
165860	2246767
165861	2246789
165862	2246791
165863	2246831
165864	2246851
165865	2246863
165866	2246869
165867	2246903
165868	2246927
165869	2246953
165870	2246969
165871	2246971
165872	2246977
165873	2246999
165874	2247019
165875	2247029
165876	2247053
165877	2247067
165878	2247083
165879	2247101
165880	2247103
165881	2247109
165882	2247127
165883	2247131
165884	2247143
165885	2247163
165886	2247173
165887	2247209
165888	2247227
165889	2247229
165890	2247257
165891	2247277
165892	2247293
165893	2247337
165894	2247341
165895	2247347
165896	2247373
165897	2247379
165898	2247389
165899	2247397
165900	2247409
165901	2247433
165902	2247439
165903	2247449
165904	2247461
165905	2247463
165906	2247467
165907	2247473
165908	2247499
165909	2247503
165910	2247521
165911	2247523
165912	2247541
165913	2247559
165914	2247569
165915	2247577
165916	2247611
165917	2247659
165918	2247673
165919	2247691
165920	2247697
165921	2247709
165922	2247727
165923	2247733
165924	2247737
165925	2247793
165926	2247797
165927	2247803
165928	2247809
165929	2247811
165930	2247851
165931	2247853
165932	2247857
165933	2247881
165934	2247887
165935	2247899
165936	2247901
165937	2247913
165938	2247919
165939	2247923
165940	2247929
165941	2247941
165942	2247953
165943	2247977
165944	2247991
165945	2248013
165946	2248019
165947	2248021
165948	2248039
165949	2248067
165950	2248069
165951	2248087
165952	2248117
165953	2248123
165954	2248133
165955	2248139
165956	2248163
165957	2248171
165958	2248187
165959	2248223
165960	2248237
165961	2248241
165962	2248243
165963	2248247
165964	2248249
165965	2248271
165966	2248291
165967	2248303
165968	2248331
165969	2248333
165970	2248349
165971	2248373
165972	2248381
165973	2248423
165974	2248429
165975	2248439
165976	2248447
165977	2248451
165978	2248469
165979	2248489
165980	2248507
165981	2248511
165982	2248529
165983	2248531
165984	2248537
165985	2248567
165986	2248583
165987	2248591
165988	2248633
165989	2248637
165990	2248639
165991	2248651
165992	2248661
165993	2248663
165994	2248679
165995	2248681
165996	2248691
165997	2248693
165998	2248699
165999	2248703
166000	2248723
