122001	1612141
122002	1612157
122003	1612181
122004	1612183
122005	1612189
122006	1612211
122007	1612213
122008	1612223
122009	1612249
122010	1612267
122011	1612271
122012	1612307
122013	1612309
122014	1612319
122015	1612327
122016	1612333
122017	1612361
122018	1612363
122019	1612393
122020	1612427
122021	1612439
122022	1612451
122023	1612463
122024	1612477
122025	1612493
122026	1612517
122027	1612537
122028	1612561
122029	1612601
122030	1612609
122031	1612619
122032	1612621
122033	1612649
122034	1612669
122035	1612679
122036	1612693
122037	1612697
122038	1612703
122039	1612727
122040	1612733
122041	1612747
122042	1612759
122043	1612763
122044	1612771
122045	1612781
122046	1612823
122047	1612859
122048	1612903
122049	1612913
122050	1612927
122051	1612931
122052	1612937
122053	1612957
122054	1612991
122055	1612997
122056	1612999
122057	1613033
122058	1613041
122059	1613057
122060	1613069
122061	1613093
122062	1613099
122063	1613123
122064	1613141
122065	1613149
122066	1613153
122067	1613173
122068	1613179
122069	1613201
122070	1613279
122071	1613321
122072	1613323
122073	1613329
122074	1613363
122075	1613371
122076	1613393
122077	1613399
122078	1613407
122079	1613411
122080	1613413
122081	1613441
122082	1613471
122083	1613483
122084	1613497
122085	1613503
122086	1613509
122087	1613539
122088	1613543
122089	1613587
122090	1613593
122091	1613597
122092	1613609
122093	1613621
122094	1613639
122095	1613641
122096	1613653
122097	1613669
122098	1613671
122099	1613683
122100	1613707
122101	1613713
122102	1613741
122103	1613761
122104	1613771
122105	1613809
122106	1613813
122107	1613831
122108	1613867
122109	1613873
122110	1613921
122111	1613947
122112	1613951
122113	1613959
122114	1613981
122115	1613987
122116	1614001
122117	1614007
122118	1614017
122119	1614023
122120	1614037
122121	1614073
122122	1614083
122123	1614149
122124	1614157
122125	1614187
122126	1614191
122127	1614229
122128	1614233
122129	1614241
122130	1614247
122131	1614251
122132	1614257
122133	1614281
122134	1614289
122135	1614307
122136	1614311
122137	1614317
122138	1614329
122139	1614331
122140	1614359
122141	1614367
122142	1614377
122143	1614383
122144	1614391
122145	1614397
122146	1614409
122147	1614413
122148	1614443
122149	1614461
122150	1614463
122151	1614467
122152	1614479
122153	1614491
122154	1614493
122155	1614533
122156	1614553
122157	1614559
122158	1614583
122159	1614589
122160	1614593
122161	1614619
122162	1614629
122163	1614631
122164	1614637
122165	1614647
122166	1614649
122167	1614659
122168	1614661
122169	1614671
122170	1614707
122171	1614719
122172	1614721
122173	1614733
122174	1614757
122175	1614787
122176	1614793
122177	1614803
122178	1614817
122179	1614859
122180	1614863
122181	1614871
122182	1614911
122183	1614913
122184	1614917
122185	1614929
122186	1614947
122187	1614961
122188	1614973
122189	1614989
122190	1615001
122191	1615021
122192	1615027
122193	1615043
122194	1615049
122195	1615067
122196	1615073
122197	1615079
122198	1615121
122199	1615139
122200	1615151
122201	1615157
122202	1615177
122203	1615181
122204	1615183
122205	1615199
122206	1615223
122207	1615231
122208	1615253
122209	1615279
122210	1615307
122211	1615331
122212	1615333
122213	1615337
122214	1615351
122215	1615363
122216	1615403
122217	1615421
122218	1615433
122219	1615447
122220	1615477
122221	1615483
122222	1615487
122223	1615499
122224	1615501
122225	1615511
122226	1615529
122227	1615541
122228	1615591
122229	1615613
122230	1615631
122231	1615633
122232	1615637
122233	1615643
122234	1615651
122235	1615657
122236	1615661
122237	1615673
122238	1615693
122239	1615699
122240	1615717
122241	1615723
122242	1615739
122243	1615763
122244	1615777
122245	1615781
122246	1615837
122247	1615841
122248	1615843
122249	1615847
122250	1615849
122251	1615853
122252	1615871
122253	1615891
122254	1615919
122255	1615921
122256	1615949
122257	1615963
122258	1615981
122259	1615987
122260	1616009
122261	1616029
122262	1616033
122263	1616039
122264	1616047
122265	1616057
122266	1616063
122267	1616077
122268	1616099
122269	1616113
122270	1616119
122271	1616161
122272	1616171
122273	1616183
122274	1616201
122275	1616221
122276	1616227
122277	1616231
122278	1616269
122279	1616281
122280	1616291
122281	1616297
122282	1616347
122283	1616359
122284	1616401
122285	1616429
122286	1616437
122287	1616443
122288	1616453
122289	1616473
122290	1616491
122291	1616497
122292	1616519
122293	1616533
122294	1616543
122295	1616551
122296	1616569
122297	1616597
122298	1616603
122299	1616609
122300	1616611
122301	1616617
122302	1616621
122303	1616623
122304	1616627
122305	1616633
122306	1616639
122307	1616651
122308	1616669
122309	1616677
122310	1616687
122311	1616689
122312	1616711
122313	1616723
122314	1616749
122315	1616801
122316	1616803
122317	1616807
122318	1616809
122319	1616821
122320	1616827
122321	1616833
122322	1616851
122323	1616861
122324	1616891
122325	1616897
122326	1616899
122327	1616939
122328	1616947
122329	1616963
122330	1616983
122331	1617019
122332	1617029
122333	1617037
122334	1617043
122335	1617047
122336	1617079
122337	1617103
122338	1617137
122339	1617139
122340	1617149
122341	1617211
122342	1617247
122343	1617251
122344	1617269
122345	1617277
122346	1617283
122347	1617289
122348	1617311
122349	1617347
122350	1617349
122351	1617373
122352	1617391
122353	1617433
122354	1617437
122355	1617439
122356	1617443
122357	1617463
122358	1617493
122359	1617503
122360	1617509
122361	1617523
122362	1617541
122363	1617547
122364	1617557
122365	1617563
122366	1617569
122367	1617589
122368	1617619
122369	1617647
122370	1617661
122371	1617689
122372	1617691
122373	1617697
122374	1617727
122375	1617739
122376	1617743
122377	1617757
122378	1617767
122379	1617769
122380	1617773
122381	1617779
122382	1617809
122383	1617817
122384	1617827
122385	1617871
122386	1617883
122387	1617893
122388	1617923
122389	1617929
122390	1617943
122391	1617949
122392	1617971
122393	1617977
122394	1617989
122395	1618003
122396	1618007
122397	1618033
122398	1618039
122399	1618049
122400	1618051
122401	1618079
122402	1618081
122403	1618087
122404	1618091
122405	1618093
122406	1618129
122407	1618139
122408	1618153
122409	1618181
122410	1618187
122411	1618189
122412	1618207
122413	1618217
122414	1618223
122415	1618241
122416	1618261
122417	1618271
122418	1618277
122419	1618291
122420	1618307
122421	1618319
122422	1618327
122423	1618333
122424	1618367
122425	1618369
122426	1618373
122427	1618387
122428	1618399
122429	1618411
122430	1618433
122431	1618453
122432	1618457
122433	1618459
122434	1618471
122435	1618481
122436	1618489
122437	1618501
122438	1618517
122439	1618531
122440	1618537
122441	1618549
122442	1618559
122443	1618601
122444	1618613
122445	1618619
122446	1618627
122447	1618637
122448	1618663
122449	1618679
122450	1618681
122451	1618703
122452	1618739
122453	1618741
122454	1618769
122455	1618777
122456	1618807
122457	1618817
122458	1618823
122459	1618829
122460	1618831
122461	1618849
122462	1618853
122463	1618891
122464	1618909
122465	1618931
122466	1618937
122467	1618943
122468	1618957
122469	1618963
122470	1618973
122471	1618979
122472	1619021
122473	1619053
122474	1619069
122475	1619071
122476	1619087
122477	1619113
122478	1619119
122479	1619153
122480	1619159
122481	1619171
122482	1619179
122483	1619207
122484	1619209
122485	1619227
122486	1619239
122487	1619243
122488	1619249
122489	1619257
122490	1619281
122491	1619287
122492	1619311
122493	1619327
122494	1619329
122495	1619339
122496	1619341
122497	1619353
122498	1619381
122499	1619383
122500	1619417
122501	1619419
122502	1619473
122503	1619507
122504	1619531
122505	1619549
122506	1619551
122507	1619557
122508	1619561
122509	1619593
122510	1619599
122511	1619603
122512	1619633
122513	1619647
122514	1619663
122515	1619669
122516	1619671
122517	1619677
122518	1619687
122519	1619689
122520	1619699
122521	1619713
122522	1619741
122523	1619747
122524	1619753
122525	1619759
122526	1619773
122527	1619791
122528	1619831
122529	1619837
122530	1619857
122531	1619861
122532	1619887
122533	1619899
122534	1619903
122535	1619909
122536	1619929
122537	1619941
122538	1619957
122539	1619983
122540	1619987
122541	1620001
122542	1620013
122543	1620019
122544	1620041
122545	1620071
122546	1620103
122547	1620107
122548	1620121
122549	1620133
122550	1620161
122551	1620209
122552	1620217
122553	1620233
122554	1620239
122555	1620247
122556	1620251
122557	1620257
122558	1620271
122559	1620319
122560	1620329
122561	1620331
122562	1620337
122563	1620347
122564	1620371
122565	1620379
122566	1620391
122567	1620403
122568	1620413
122569	1620431
122570	1620439
122571	1620449
122572	1620461
122573	1620467
122574	1620469
122575	1620497
122576	1620517
122577	1620523
122578	1620539
122579	1620547
122580	1620551
122581	1620569
122582	1620571
122583	1620589
122584	1620611
122585	1620613
122586	1620617
122587	1620629
122588	1620631
122589	1620667
122590	1620677
122591	1620679
122592	1620733
122593	1620739
122594	1620743
122595	1620769
122596	1620803
122597	1620811
122598	1620823
122599	1620841
122600	1620881
122601	1620887
122602	1620893
122603	1620917
122604	1620923
122605	1620929
122606	1620961
122607	1620973
122608	1620977
122609	1620989
122610	1621019
122611	1621031
122612	1621033
122613	1621043
122614	1621049
122615	1621079
122616	1621093
122617	1621097
122618	1621127
122619	1621133
122620	1621141
122621	1621153
122622	1621163
122623	1621177
122624	1621219
122625	1621231
122626	1621237
122627	1621241
122628	1621259
122629	1621283
122630	1621309
122631	1621349
122632	1621351
122633	1621357
122634	1621363
122635	1621369
122636	1621381
122637	1621391
122638	1621397
122639	1621421
122640	1621423
122641	1621439
122642	1621457
122643	1621469
122644	1621471
122645	1621481
122646	1621489
122647	1621519
122648	1621537
122649	1621541
122650	1621559
122651	1621583
122652	1621597
122653	1621619
122654	1621621
122655	1621637
122656	1621639
122657	1621643
122658	1621657
122659	1621667
122660	1621679
122661	1621699
122662	1621717
122663	1621721
122664	1621723
122665	1621727
122666	1621729
122667	1621751
122668	1621769
122669	1621771
122670	1621793
122671	1621819
122672	1621843
122673	1621849
122674	1621861
122675	1621871
122676	1621877
122677	1621909
122678	1621931
122679	1621933
122680	1621979
122681	1621993
122682	1622009
122683	1622039
122684	1622041
122685	1622053
122686	1622059
122687	1622063
122688	1622077
122689	1622081
122690	1622141
122691	1622143
122692	1622149
122693	1622189
122694	1622207
122695	1622209
122696	1622233
122697	1622263
122698	1622273
122699	1622287
122700	1622297
122701	1622311
122702	1622333
122703	1622359
122704	1622377
122705	1622407
122706	1622419
122707	1622431
122708	1622437
122709	1622449
122710	1622471
122711	1622473
122712	1622479
122713	1622483
122714	1622549
122715	1622557
122716	1622573
122717	1622587
122718	1622591
122719	1622597
122720	1622609
122721	1622617
122722	1622639
122723	1622641
122724	1622659
122725	1622669
122726	1622671
122727	1622681
122728	1622693
122729	1622707
122730	1622711
122731	1622729
122732	1622743
122733	1622749
122734	1622773
122735	1622779
122736	1622791
122737	1622813
122738	1622827
122739	1622833
122740	1622839
122741	1622849
122742	1622861
122743	1622867
122744	1622879
122745	1622917
122746	1622947
122747	1622953
122748	1622977
122749	1622981
122750	1622987
122751	1623023
122752	1623029
122753	1623047
122754	1623053
122755	1623059
122756	1623071
122757	1623077
122758	1623091
122759	1623107
122760	1623137
122761	1623157
122762	1623161
122763	1623163
122764	1623169
122765	1623173
122766	1623197
122767	1623203
122768	1623229
122769	1623233
122770	1623263
122771	1623269
122772	1623283
122773	1623287
122774	1623289
122775	1623299
122776	1623319
122777	1623361
122778	1623367
122779	1623403
122780	1623421
122781	1623431
122782	1623437
122783	1623451
122784	1623463
122785	1623467
122786	1623473
122787	1623487
122788	1623533
122789	1623539
122790	1623553
122791	1623599
122792	1623631
122793	1623647
122794	1623667
122795	1623679
122796	1623701
122797	1623707
122798	1623733
122799	1623763
122800	1623767
122801	1623781
122802	1623793
122803	1623799
122804	1623827
122805	1623829
122806	1623833
122807	1623847
122808	1623859
122809	1623863
122810	1623883
122811	1623901
122812	1623907
122813	1623917
122814	1623929
122815	1623931
122816	1623943
122817	1623977
122818	1623989
122819	1624009
122820	1624019
122821	1624037
122822	1624057
122823	1624069
122824	1624081
122825	1624111
122826	1624141
122827	1624151
122828	1624159
122829	1624169
122830	1624171
122831	1624193
122832	1624199
122833	1624201
122834	1624213
122835	1624223
122836	1624241
122837	1624277
122838	1624279
122839	1624309
122840	1624321
122841	1624327
122842	1624331
122843	1624349
122844	1624351
122845	1624361
122846	1624373
122847	1624387
122848	1624417
122849	1624423
122850	1624429
122851	1624453
122852	1624471
122853	1624487
122854	1624501
122855	1624507
122856	1624523
122857	1624529
122858	1624573
122859	1624589
122860	1624591
122861	1624603
122862	1624607
122863	1624627
122864	1624661
122865	1624663
122866	1624681
122867	1624687
122868	1624691
122869	1624699
122870	1624717
122871	1624729
122872	1624757
122873	1624807
122874	1624811
122875	1624813
122876	1624829
122877	1624849
122878	1624913
122879	1624933
122880	1624943
122881	1624963
122882	1624967
122883	1624969
122884	1624991
122885	1624993
122886	1625017
122887	1625021
122888	1625027
122889	1625059
122890	1625123
122891	1625147
122892	1625153
122893	1625167
122894	1625171
122895	1625177
122896	1625179
122897	1625201
122898	1625207
122899	1625209
122900	1625227
122901	1625257
122902	1625263
122903	1625287
122904	1625297
122905	1625303
122906	1625311
122907	1625321
122908	1625329
122909	1625339
122910	1625347
122911	1625359
122912	1625383
122913	1625417
122914	1625419
122915	1625453
122916	1625461
122917	1625471
122918	1625483
122919	1625497
122920	1625501
122921	1625513
122922	1625539
122923	1625543
122924	1625551
122925	1625573
122926	1625581
122927	1625587
122928	1625629
122929	1625647
122930	1625677
122931	1625699
122932	1625707
122933	1625717
122934	1625719
122935	1625747
122936	1625749
122937	1625759
122938	1625791
122939	1625803
122940	1625807
122941	1625809
122942	1625821
122943	1625831
122944	1625837
122945	1625839
122946	1625843
122947	1625851
122948	1625861
122949	1625867
122950	1625879
122951	1625903
122952	1625909
122953	1625927
122954	1625933
122955	1625951
122956	1625969
122957	1625977
122958	1625989
122959	1625993
122960	1626013
122961	1626017
122962	1626047
122963	1626071
122964	1626073
122965	1626083
122966	1626089
122967	1626091
122968	1626109
122969	1626127
122970	1626133
122971	1626137
122972	1626143
122973	1626173
122974	1626181
122975	1626193
122976	1626197
122977	1626211
122978	1626227
122979	1626239
122980	1626259
122981	1626263
122982	1626269
122983	1626277
122984	1626281
122985	1626283
122986	1626301
122987	1626311
122988	1626319
122989	1626329
122990	1626337
122991	1626371
122992	1626377
122993	1626379
122994	1626431
122995	1626433
122996	1626437
122997	1626451
122998	1626461
122999	1626467
123000	1626479
