154001	2073353
154002	2073359
154003	2073361
154004	2073367
154005	2073377
154006	2073389
154007	2073391
154008	2073403
154009	2073457
154010	2073469
154011	2073481
154012	2073521
154013	2073563
154014	2073601
154015	2073607
154016	2073613
154017	2073619
154018	2073647
154019	2073649
154020	2073661
154021	2073667
154022	2073707
154023	2073719
154024	2073787
154025	2073809
154026	2073811
154027	2073823
154028	2073853
154029	2073859
154030	2073893
154031	2073901
154032	2073923
154033	2073937
154034	2073941
154035	2073971
154036	2073977
154037	2073989
154038	2073997
154039	2074031
154040	2074057
154041	2074081
154042	2074091
154043	2074103
154044	2074129
154045	2074139
154046	2074141
154047	2074159
154048	2074169
154049	2074199
154050	2074201
154051	2074207
154052	2074217
154053	2074223
154054	2074243
154055	2074273
154056	2074279
154057	2074321
154058	2074327
154059	2074333
154060	2074339
154061	2074349
154062	2074351
154063	2074361
154064	2074411
154065	2074417
154066	2074421
154067	2074433
154068	2074447
154069	2074463
154070	2074481
154071	2074483
154072	2074487
154073	2074507
154074	2074517
154075	2074519
154076	2074529
154077	2074543
154078	2074547
154079	2074571
154080	2074601
154081	2074609
154082	2074643
154083	2074649
154084	2074687
154085	2074727
154086	2074739
154087	2074753
154088	2074801
154089	2074811
154090	2074817
154091	2074823
154092	2074841
154093	2074871
154094	2074873
154095	2074889
154096	2074903
154097	2074913
154098	2074931
154099	2074949
154100	2074951
154101	2074957
154102	2074967
154103	2074981
154104	2074993
154105	2075011
154106	2075023
154107	2075041
154108	2075063
154109	2075077
154110	2075081
154111	2075111
154112	2075149
154113	2075167
154114	2075179
154115	2075189
154116	2075197
154117	2075201
154118	2075209
154119	2075231
154120	2075257
154121	2075261
154122	2075263
154123	2075273
154124	2075279
154125	2075299
154126	2075323
154127	2075363
154128	2075387
154129	2075393
154130	2075417
154131	2075429
154132	2075453
154133	2075467
154134	2075483
154135	2075537
154136	2075539
154137	2075551
154138	2075573
154139	2075587
154140	2075599
154141	2075603
154142	2075611
154143	2075621
154144	2075641
154145	2075657
154146	2075659
154147	2075669
154148	2075677
154149	2075699
154150	2075713
154151	2075741
154152	2075743
154153	2075761
154154	2075767
154155	2075771
154156	2075779
154157	2075803
154158	2075809
154159	2075813
154160	2075831
154161	2075833
154162	2075837
154163	2075839
154164	2075867
154165	2075869
154166	2075893
154167	2075903
154168	2075917
154169	2075929
154170	2075947
154171	2075963
154172	2075981
154173	2075987
154174	2075999
154175	2076001
154176	2076007
154177	2076043
154178	2076059
154179	2076071
154180	2076077
154181	2076089
154182	2076133
154183	2076143
154184	2076161
154185	2076209
154186	2076229
154187	2076259
154188	2076271
154189	2076289
154190	2076293
154191	2076299
154192	2076307
154193	2076317
154194	2076331
154195	2076367
154196	2076383
154197	2076391
154198	2076407
154199	2076409
154200	2076419
154201	2076421
154202	2076433
154203	2076443
154204	2076449
154205	2076461
154206	2076469
154207	2076539
154208	2076563
154209	2076611
154210	2076617
154211	2076619
154212	2076629
154213	2076649
154214	2076653
154215	2076677
154216	2076689
154217	2076709
154218	2076713
154219	2076731
154220	2076761
154221	2076791
154222	2076797
154223	2076803
154224	2076829
154225	2076869
154226	2076881
154227	2076889
154228	2076901
154229	2076913
154230	2076917
154231	2076929
154232	2076967
154233	2076973
154234	2077001
154235	2077007
154236	2077021
154237	2077027
154238	2077037
154239	2077073
154240	2077081
154241	2077091
154242	2077121
154243	2077129
154244	2077133
154245	2077139
154246	2077151
154247	2077181
154248	2077189
154249	2077249
154250	2077253
154251	2077261
154252	2077297
154253	2077303
154254	2077319
154255	2077321
154256	2077333
154257	2077343
154258	2077351
154259	2077367
154260	2077391
154261	2077399
154262	2077409
154263	2077483
154264	2077499
154265	2077549
154266	2077561
154267	2077571
154268	2077577
154269	2077583
154270	2077591
154271	2077601
154272	2077637
154273	2077639
154274	2077667
154275	2077681
154276	2077693
154277	2077703
154278	2077709
154279	2077711
154280	2077753
154281	2077769
154282	2077771
154283	2077781
154284	2077807
154285	2077811
154286	2077813
154287	2077841
154288	2077849
154289	2077853
154290	2077861
154291	2077891
154292	2077909
154293	2077913
154294	2077919
154295	2077939
154296	2077949
154297	2077969
154298	2077987
154299	2077993
154300	2077997
154301	2078009
154302	2078051
154303	2078059
154304	2078081
154305	2078093
154306	2078107
154307	2078117
154308	2078123
154309	2078149
154310	2078159
154311	2078161
154312	2078177
154313	2078191
154314	2078207
154315	2078221
154316	2078243
154317	2078287
154318	2078309
154319	2078311
154320	2078317
154321	2078339
154322	2078341
154323	2078347
154324	2078357
154325	2078371
154326	2078389
154327	2078399
154328	2078431
154329	2078443
154330	2078449
154331	2078473
154332	2078497
154333	2078507
154334	2078509
154335	2078513
154336	2078537
154337	2078551
154338	2078591
154339	2078599
154340	2078603
154341	2078611
154342	2078621
154343	2078627
154344	2078647
154345	2078651
154346	2078677
154347	2078693
154348	2078707
154349	2078711
154350	2078719
154351	2078723
154352	2078731
154353	2078753
154354	2078759
154355	2078779
154356	2078789
154357	2078801
154358	2078827
154359	2078831
154360	2078851
154361	2078887
154362	2078917
154363	2078927
154364	2078929
154365	2078933
154366	2078939
154367	2078959
154368	2078963
154369	2078971
154370	2078977
154371	2079013
154372	2079017
154373	2079019
154374	2079041
154375	2079047
154376	2079053
154377	2079071
154378	2079073
154379	2079079
154380	2079109
154381	2079127
154382	2079149
154383	2079163
154384	2079167
154385	2079169
154386	2079173
154387	2079191
154388	2079193
154389	2079197
154390	2079199
154391	2079229
154392	2079239
154393	2079241
154394	2079247
154395	2079251
154396	2079257
154397	2079277
154398	2079293
154399	2079299
154400	2079323
154401	2079347
154402	2079353
154403	2079401
154404	2079403
154405	2079419
154406	2079433
154407	2079461
154408	2079463
154409	2079481
154410	2079487
154411	2079529
154412	2079533
154413	2079557
154414	2079563
154415	2079577
154416	2079587
154417	2079599
154418	2079601
154419	2079617
154420	2079629
154421	2079631
154422	2079641
154423	2079647
154424	2079653
154425	2079709
154426	2079713
154427	2079719
154428	2079739
154429	2079757
154430	2079761
154431	2079769
154432	2079787
154433	2079811
154434	2079817
154435	2079823
154436	2079839
154437	2079859
154438	2079863
154439	2079877
154440	2079919
154441	2079923
154442	2079937
154443	2079941
154444	2079943
154445	2079997
154446	2080003
154447	2080009
154448	2080021
154449	2080027
154450	2080049
154451	2080081
154452	2080121
154453	2080129
154454	2080151
154455	2080157
154456	2080201
154457	2080207
154458	2080213
154459	2080219
154460	2080223
154461	2080231
154462	2080237
154463	2080261
154464	2080271
154465	2080277
154466	2080289
154467	2080321
154468	2080339
154469	2080343
154470	2080349
154471	2080357
154472	2080363
154473	2080391
154474	2080423
154475	2080433
154476	2080439
154477	2080447
154478	2080451
154479	2080453
154480	2080501
154481	2080531
154482	2080541
154483	2080543
154484	2080567
154485	2080571
154486	2080577
154487	2080591
154488	2080597
154489	2080609
154490	2080651
154491	2080657
154492	2080667
154493	2080679
154494	2080699
154495	2080711
154496	2080717
154497	2080723
154498	2080759
154499	2080763
154500	2080777
154501	2080801
154502	2080807
154503	2080847
154504	2080849
154505	2080877
154506	2080889
154507	2080907
154508	2080913
154509	2080921
154510	2080927
154511	2080961
154512	2080963
154513	2080979
154514	2081029
154515	2081033
154516	2081039
154517	2081047
154518	2081099
154519	2081129
154520	2081147
154521	2081159
154522	2081161
154523	2081171
154524	2081237
154525	2081249
154526	2081251
154527	2081267
154528	2081273
154529	2081281
154530	2081291
154531	2081297
154532	2081311
154533	2081323
154534	2081351
154535	2081353
154536	2081369
154537	2081377
154538	2081383
154539	2081407
154540	2081423
154541	2081437
154542	2081467
154543	2081473
154544	2081479
154545	2081483
154546	2081491
154547	2081537
154548	2081549
154549	2081561
154550	2081581
154551	2081603
154552	2081609
154553	2081617
154554	2081627
154555	2081647
154556	2081671
154557	2081687
154558	2081719
154559	2081749
154560	2081777
154561	2081797
154562	2081801
154563	2081809
154564	2081813
154565	2081831
154566	2081843
154567	2081851
154568	2081861
154569	2081873
154570	2081897
154571	2081903
154572	2081909
154573	2081921
154574	2081923
154575	2081927
154576	2081969
154577	2082019
154578	2082037
154579	2082049
154580	2082061
154581	2082071
154582	2082079
154583	2082097
154584	2082107
154585	2082127
154586	2082131
154587	2082133
154588	2082163
154589	2082181
154590	2082187
154591	2082193
154592	2082247
154593	2082253
154594	2082257
154595	2082281
154596	2082341
154597	2082391
154598	2082413
154599	2082439
154600	2082463
154601	2082469
154602	2082497
154603	2082499
154604	2082503
154605	2082527
154606	2082539
154607	2082569
154608	2082583
154609	2082589
154610	2082593
154611	2082599
154612	2082607
154613	2082631
154614	2082649
154615	2082659
154616	2082667
154617	2082679
154618	2082683
154619	2082709
154620	2082713
154621	2082727
154622	2082737
154623	2082739
154624	2082749
154625	2082757
154626	2082779
154627	2082793
154628	2082803
154629	2082827
154630	2082833
154631	2082851
154632	2082853
154633	2082863
154634	2082869
154635	2082887
154636	2082889
154637	2082893
154638	2082907
154639	2082917
154640	2082947
154641	2082961
154642	2082973
154643	2082979
154644	2083001
154645	2083009
154646	2083019
154647	2083021
154648	2083033
154649	2083057
154650	2083073
154651	2083079
154652	2083091
154653	2083117
154654	2083121
154655	2083127
154656	2083139
154657	2083153
154658	2083187
154659	2083199
154660	2083219
154661	2083229
154662	2083243
154663	2083247
154664	2083261
154665	2083267
154666	2083283
154667	2083297
154668	2083321
154669	2083339
154670	2083343
154671	2083351
154672	2083357
154673	2083387
154674	2083399
154675	2083421
154676	2083423
154677	2083427
154678	2083441
154679	2083451
154680	2083453
154681	2083511
154682	2083513
154683	2083517
154684	2083519
154685	2083531
154686	2083553
154687	2083573
154688	2083583
154689	2083591
154690	2083643
154691	2083681
154692	2083693
154693	2083709
154694	2083717
154695	2083721
154696	2083733
154697	2083769
154698	2083771
154699	2083799
154700	2083813
154701	2083819
154702	2083847
154703	2083849
154704	2083859
154705	2083867
154706	2083883
154707	2083889
154708	2083897
154709	2083937
154710	2083957
154711	2083967
154712	2083973
154713	2083981
154714	2084003
154715	2084009
154716	2084023
154717	2084041
154718	2084051
154719	2084101
154720	2084107
154721	2084111
154722	2084123
154723	2084141
154724	2084179
154725	2084209
154726	2084219
154727	2084227
154728	2084231
154729	2084233
154730	2084249
154731	2084263
154732	2084273
154733	2084287
154734	2084297
154735	2084311
154736	2084333
154737	2084359
154738	2084389
154739	2084393
154740	2084413
154741	2084419
154742	2084441
154743	2084443
154744	2084447
154745	2084449
154746	2084479
154747	2084501
154748	2084503
154749	2084507
154750	2084531
154751	2084561
154752	2084567
154753	2084569
154754	2084609
154755	2084611
154756	2084639
154757	2084653
154758	2084671
154759	2084689
154760	2084749
154761	2084767
154762	2084777
154763	2084783
154764	2084791
154765	2084833
154766	2084899
154767	2084903
154768	2084917
154769	2084921
154770	2084947
154771	2084977
154772	2084981
154773	2084983
154774	2084989
154775	2084993
154776	2085007
154777	2085011
154778	2085023
154779	2085037
154780	2085049
154781	2085053
154782	2085059
154783	2085077
154784	2085089
154785	2085121
154786	2085131
154787	2085133
154788	2085143
154789	2085151
154790	2085191
154791	2085197
154792	2085217
154793	2085221
154794	2085227
154795	2085229
154796	2085233
154797	2085247
154798	2085253
154799	2085257
154800	2085287
154801	2085289
154802	2085299
154803	2085311
154804	2085319
154805	2085331
154806	2085353
154807	2085367
154808	2085379
154809	2085409
154810	2085469
154811	2085481
154812	2085487
154813	2085493
154814	2085511
154815	2085539
154816	2085569
154817	2085599
154818	2085607
154819	2085623
154820	2085659
154821	2085667
154822	2085673
154823	2085691
154824	2085697
154825	2085701
154826	2085703
154827	2085731
154828	2085737
154829	2085739
154830	2085757
154831	2085779
154832	2085799
154833	2085803
154834	2085823
154835	2085833
154836	2085841
154837	2085857
154838	2085869
154839	2085899
154840	2085929
154841	2085931
154842	2085943
154843	2085947
154844	2085971
154845	2085977
154846	2085983
154847	2085989
154848	2086003
154849	2086009
154850	2086013
154851	2086037
154852	2086043
154853	2086079
154854	2086081
154855	2086109
154856	2086111
154857	2086127
154858	2086141
154859	2086159
154860	2086187
154861	2086199
154862	2086211
154863	2086213
154864	2086243
154865	2086277
154866	2086303
154867	2086321
154868	2086339
154869	2086349
154870	2086351
154871	2086361
154872	2086363
154873	2086397
154874	2086421
154875	2086423
154876	2086433
154877	2086439
154878	2086457
154879	2086459
154880	2086481
154881	2086493
154882	2086501
154883	2086507
154884	2086519
154885	2086543
154886	2086547
154887	2086549
154888	2086571
154889	2086573
154890	2086577
154891	2086589
154892	2086621
154893	2086639
154894	2086657
154895	2086673
154896	2086681
154897	2086697
154898	2086723
154899	2086727
154900	2086739
154901	2086757
154902	2086759
154903	2086781
154904	2086787
154905	2086793
154906	2086817
154907	2086823
154908	2086829
154909	2086831
154910	2086841
154911	2086853
154912	2086879
154913	2086901
154914	2086907
154915	2086933
154916	2086939
154917	2086949
154918	2086957
154919	2086969
154920	2087011
154921	2087021
154922	2087027
154923	2087047
154924	2087051
154925	2087069
154926	2087077
154927	2087081
154928	2087123
154929	2087147
154930	2087161
154931	2087167
154932	2087179
154933	2087203
154934	2087213
154935	2087219
154936	2087221
154937	2087231
154938	2087233
154939	2087287
154940	2087297
154941	2087303
154942	2087339
154943	2087347
154944	2087353
154945	2087357
154946	2087377
154947	2087381
154948	2087383
154949	2087387
154950	2087389
154951	2087399
154952	2087419
154953	2087443
154954	2087453
154955	2087461
154956	2087467
154957	2087483
154958	2087489
154959	2087497
154960	2087531
154961	2087539
154962	2087543
154963	2087551
154964	2087557
154965	2087563
154966	2087593
154967	2087627
154968	2087669
154969	2087671
154970	2087689
154971	2087711
154972	2087713
154973	2087717
154974	2087741
154975	2087759
154976	2087773
154977	2087791
154978	2087801
154979	2087807
154980	2087809
154981	2087831
154982	2087837
154983	2087857
154984	2087861
154985	2087879
154986	2087903
154987	2087909
154988	2087927
154989	2087941
154990	2087983
154991	2087993
154992	2087999
154993	2088011
154994	2088013
154995	2088061
154996	2088077
154997	2088103
154998	2088109
154999	2088131
155000	2088133
