112001	1469407
112002	1469437
112003	1469467
112004	1469471
112005	1469477
112006	1469509
112007	1469519
112008	1469521
112009	1469527
112010	1469543
112011	1469557
112012	1469561
112013	1469569
112014	1469581
112015	1469591
112016	1469597
112017	1469621
112018	1469623
112019	1469627
112020	1469641
112021	1469659
112022	1469687
112023	1469693
112024	1469717
112025	1469729
112026	1469731
112027	1469747
112028	1469753
112029	1469761
112030	1469773
112031	1469777
112032	1469801
112033	1469833
112034	1469843
112035	1469851
112036	1469857
112037	1469879
112038	1469887
112039	1469893
112040	1469921
112041	1469933
112042	1469947
112043	1469957
112044	1469969
112045	1469977
112046	1469983
112047	1469987
112048	1470023
112049	1470043
112050	1470059
112051	1470067
112052	1470071
112053	1470149
112054	1470151
112055	1470173
112056	1470187
112057	1470193
112058	1470199
112059	1470233
112060	1470241
112061	1470251
112062	1470281
112063	1470289
112064	1470307
112065	1470319
112066	1470323
112067	1470373
112068	1470377
112069	1470401
112070	1470407
112071	1470419
112072	1470431
112073	1470437
112074	1470451
112075	1470461
112076	1470487
112077	1470493
112078	1470523
112079	1470529
112080	1470559
112081	1470571
112082	1470577
112083	1470611
112084	1470613
112085	1470641
112086	1470659
112087	1470683
112088	1470709
112089	1470727
112090	1470757
112091	1470797
112092	1470817
112093	1470829
112094	1470839
112095	1470841
112096	1470869
112097	1470871
112098	1470913
112099	1470941
112100	1470947
112101	1470949
112102	1470971
112103	1470977
112104	1470983
112105	1470991
112106	1471007
112107	1471021
112108	1471031
112109	1471033
112110	1471069
112111	1471079
112112	1471091
112113	1471117
112114	1471123
112115	1471133
112116	1471177
112117	1471181
112118	1471213
112119	1471219
112120	1471271
112121	1471277
112122	1471279
112123	1471289
112124	1471297
112125	1471307
112126	1471313
112127	1471321
112128	1471339
112129	1471343
112130	1471361
112131	1471397
112132	1471403
112133	1471409
112134	1471411
112135	1471423
112136	1471427
112137	1471433
112138	1471441
112139	1471447
112140	1471487
112141	1471499
112142	1471501
112143	1471511
112144	1471513
112145	1471529
112146	1471543
112147	1471553
112148	1471567
112149	1471573
112150	1471579
112151	1471583
112152	1471619
112153	1471621
112154	1471633
112155	1471649
112156	1471661
112157	1471667
112158	1471669
112159	1471681
112160	1471693
112161	1471697
112162	1471703
112163	1471709
112164	1471751
112165	1471763
112166	1471807
112167	1471817
112168	1471819
112169	1471829
112170	1471853
112171	1471867
112172	1471879
112173	1471891
112174	1471903
112175	1471907
112176	1471909
112177	1471913
112178	1471919
112179	1471937
112180	1472017
112181	1472021
112182	1472033
112183	1472041
112184	1472077
112185	1472083
112186	1472111
112187	1472117
112188	1472137
112189	1472143
112190	1472153
112191	1472167
112192	1472173
112193	1472197
112194	1472203
112195	1472209
112196	1472239
112197	1472249
112198	1472257
112199	1472279
112200	1472293
112201	1472297
112202	1472333
112203	1472371
112204	1472389
112205	1472399
112206	1472411
112207	1472413
112208	1472423
112209	1472441
112210	1472447
112211	1472453
112212	1472461
112213	1472467
112214	1472491
112215	1472501
112216	1472507
112217	1472539
112218	1472543
112219	1472551
112220	1472561
112221	1472573
112222	1472579
112223	1472587
112224	1472599
112225	1472623
112226	1472657
112227	1472663
112228	1472677
112229	1472687
112230	1472689
112231	1472701
112232	1472719
112233	1472743
112234	1472767
112235	1472777
112236	1472789
112237	1472791
112238	1472813
112239	1472831
112240	1472837
112241	1472857
112242	1472869
112243	1472893
112244	1472909
112245	1472927
112246	1472929
112247	1472951
112248	1472953
112249	1472959
112250	1472963
112251	1472971
112252	1472981
112253	1472987
112254	1472993
112255	1473011
112256	1473019
112257	1473023
112258	1473041
112259	1473047
112260	1473049
112261	1473061
112262	1473077
112263	1473083
112264	1473091
112265	1473097
112266	1473103
112267	1473149
112268	1473187
112269	1473191
112270	1473193
112271	1473221
112272	1473239
112273	1473247
112274	1473257
112275	1473301
112276	1473319
112277	1473331
112278	1473341
112279	1473343
112280	1473379
112281	1473383
112282	1473389
112283	1473391
112284	1473419
112285	1473421
112286	1473443
112287	1473467
112288	1473473
112289	1473487
112290	1473503
112291	1473529
112292	1473533
112293	1473551
112294	1473553
112295	1473557
112296	1473569
112297	1473601
112298	1473607
112299	1473613
112300	1473631
112301	1473649
112302	1473671
112303	1473677
112304	1473737
112305	1473743
112306	1473749
112307	1473763
112308	1473767
112309	1473793
112310	1473803
112311	1473841
112312	1473847
112313	1473853
112314	1473869
112315	1473919
112316	1473937
112317	1473949
112318	1473959
112319	1473961
112320	1473971
112321	1473973
112322	1473977
112323	1474003
112324	1474021
112325	1474027
112326	1474037
112327	1474049
112328	1474069
112329	1474079
112330	1474097
112331	1474103
112332	1474127
112333	1474129
112334	1474141
112335	1474159
112336	1474171
112337	1474177
112338	1474181
112339	1474199
112340	1474211
112341	1474217
112342	1474241
112343	1474243
112344	1474247
112345	1474259
112346	1474261
112347	1474271
112348	1474283
112349	1474307
112350	1474313
112351	1474321
112352	1474349
112353	1474357
112354	1474397
112355	1474411
112356	1474433
112357	1474439
112358	1474441
112359	1474489
112360	1474519
112361	1474523
112362	1474549
112363	1474559
112364	1474579
112365	1474589
112366	1474591
112367	1474633
112368	1474637
112369	1474643
112370	1474663
112371	1474703
112372	1474717
112373	1474721
112374	1474727
112375	1474751
112376	1474757
112377	1474769
112378	1474787
112379	1474793
112380	1474843
112381	1474849
112382	1474859
112383	1474861
112384	1474873
112385	1474877
112386	1474901
112387	1474961
112388	1474981
112389	1474999
112390	1475003
112391	1475017
112392	1475021
112393	1475051
112394	1475087
112395	1475113
112396	1475129
112397	1475137
112398	1475147
112399	1475203
112400	1475213
112401	1475219
112402	1475233
112403	1475237
112404	1475239
112405	1475251
112406	1475261
112407	1475281
112408	1475291
112409	1475297
112410	1475323
112411	1475339
112412	1475351
112413	1475363
112414	1475371
112415	1475387
112416	1475399
112417	1475401
112418	1475431
112419	1475443
112420	1475489
112421	1475503
112422	1475527
112423	1475561
112424	1475563
112425	1475567
112426	1475587
112427	1475609
112428	1475647
112429	1475687
112430	1475701
112431	1475729
112432	1475731
112433	1475737
112434	1475743
112435	1475759
112436	1475777
112437	1475797
112438	1475813
112439	1475827
112440	1475833
112441	1475843
112442	1475861
112443	1475869
112444	1475899
112445	1475911
112446	1475917
112447	1475927
112448	1475953
112449	1476001
112450	1476011
112451	1476023
112452	1476031
112453	1476043
112454	1476047
112455	1476067
112456	1476073
112457	1476089
112458	1476109
112459	1476149
112460	1476151
112461	1476169
112462	1476173
112463	1476179
112464	1476191
112465	1476193
112466	1476199
112467	1476203
112468	1476217
112469	1476227
112470	1476253
112471	1476259
112472	1476283
112473	1476311
112474	1476323
112475	1476329
112476	1476359
112477	1476379
112478	1476401
112479	1476403
112480	1476407
112481	1476413
112482	1476457
112483	1476463
112484	1476469
112485	1476473
112486	1476511
112487	1476523
112488	1476529
112489	1476539
112490	1476551
112491	1476581
112492	1476641
112493	1476647
112494	1476649
112495	1476659
112496	1476677
112497	1476689
112498	1476691
112499	1476701
112500	1476703
112501	1476719
112502	1476743
112503	1476751
112504	1476791
112505	1476793
112506	1476799
112507	1476803
112508	1476817
112509	1476823
112510	1476857
112511	1476859
112512	1476869
112513	1476877
112514	1476887
112515	1476911
112516	1476913
112517	1476919
112518	1476949
112519	1476953
112520	1476961
112521	1476967
112522	1476973
112523	1476983
112524	1476989
112525	1477001
112526	1477027
112527	1477031
112528	1477039
112529	1477043
112530	1477051
112531	1477061
112532	1477067
112533	1477081
112534	1477087
112535	1477097
112536	1477103
112537	1477109
112538	1477111
112539	1477127
112540	1477139
112541	1477159
112542	1477169
112543	1477187
112544	1477207
112545	1477219
112546	1477291
112547	1477309
112548	1477319
112549	1477321
112550	1477331
112551	1477337
112552	1477339
112553	1477361
112554	1477363
112555	1477369
112556	1477381
112557	1477393
112558	1477397
112559	1477403
112560	1477409
112561	1477457
112562	1477477
112563	1477499
112564	1477501
112565	1477507
112566	1477513
112567	1477519
112568	1477547
112569	1477559
112570	1477577
112571	1477583
112572	1477607
112573	1477613
112574	1477621
112575	1477631
112576	1477639
112577	1477643
112578	1477661
112579	1477699
112580	1477703
112581	1477711
112582	1477747
112583	1477757
112584	1477769
112585	1477771
112586	1477787
112587	1477789
112588	1477807
112589	1477823
112590	1477831
112591	1477843
112592	1477871
112593	1477897
112594	1477901
112595	1477907
112596	1477913
112597	1477937
112598	1477951
112599	1477961
112600	1477979
112601	1477999
112602	1478017
112603	1478021
112604	1478027
112605	1478033
112606	1478047
112607	1478051
112608	1478063
112609	1478069
112610	1478083
112611	1478089
112612	1478119
112613	1478123
112614	1478129
112615	1478161
112616	1478179
112617	1478189
112618	1478203
112619	1478207
112620	1478209
112621	1478231
112622	1478237
112623	1478251
112624	1478263
112625	1478273
112626	1478287
112627	1478293
112628	1478353
112629	1478357
112630	1478369
112631	1478381
112632	1478387
112633	1478413
112634	1478423
112635	1478429
112636	1478437
112637	1478443
112638	1478459
112639	1478467
112640	1478471
112641	1478513
112642	1478549
112643	1478563
112644	1478591
112645	1478593
112646	1478611
112647	1478627
112648	1478639
112649	1478663
112650	1478683
112651	1478689
112652	1478699
112653	1478707
112654	1478723
112655	1478759
112656	1478767
112657	1478777
112658	1478809
112659	1478837
112660	1478839
112661	1478843
112662	1478857
112663	1478861
112664	1478863
112665	1478887
112666	1478909
112667	1478921
112668	1478929
112669	1478933
112670	1478947
112671	1478957
112672	1478963
112673	1478987
112674	1478999
112675	1479007
112676	1479011
112677	1479013
112678	1479031
112679	1479047
112680	1479059
112681	1479073
112682	1479083
112683	1479089
112684	1479109
112685	1479113
112686	1479133
112687	1479139
112688	1479151
112689	1479161
112690	1479173
112691	1479193
112692	1479197
112693	1479209
112694	1479211
112695	1479217
112696	1479229
112697	1479251
112698	1479253
112699	1479263
112700	1479271
112701	1479277
112702	1479281
112703	1479287
112704	1479301
112705	1479341
112706	1479343
112707	1479409
112708	1479437
112709	1479449
112710	1479451
112711	1479469
112712	1479479
112713	1479481
112714	1479487
112715	1479497
112716	1479539
112717	1479547
112718	1479553
112719	1479557
112720	1479559
112721	1479571
112722	1479581
112723	1479589
112724	1479617
112725	1479671
112726	1479679
112727	1479713
112728	1479721
112729	1479727
112730	1479733
112731	1479757
112732	1479761
112733	1479763
112734	1479773
112735	1479781
112736	1479791
112737	1479809
112738	1479817
112739	1479823
112740	1479839
112741	1479851
112742	1479857
112743	1479859
112744	1479871
112745	1479883
112746	1479887
112747	1479911
112748	1479913
112749	1479937
112750	1479941
112751	1479991
112752	1479997
112753	1480001
112754	1480013
112755	1480019
112756	1480021
112757	1480067
112758	1480079
112759	1480093
112760	1480099
112761	1480153
112762	1480163
112763	1480181
112764	1480201
112765	1480229
112766	1480243
112767	1480261
112768	1480273
112769	1480277
112770	1480291
112771	1480301
112772	1480313
112773	1480319
112774	1480321
112775	1480331
112776	1480379
112777	1480393
112778	1480397
112779	1480417
112780	1480429
112781	1480433
112782	1480459
112783	1480483
112784	1480517
112785	1480519
112786	1480541
112787	1480543
112788	1480553
112789	1480561
112790	1480571
112791	1480573
112792	1480597
112793	1480601
112794	1480621
112795	1480627
112796	1480631
112797	1480643
112798	1480663
112799	1480669
112800	1480673
112801	1480679
112802	1480691
112803	1480709
112804	1480733
112805	1480741
112806	1480757
112807	1480771
112808	1480781
112809	1480783
112810	1480793
112811	1480811
112812	1480837
112813	1480861
112814	1480883
112815	1480891
112816	1480903
112817	1480907
112818	1480909
112819	1480931
112820	1480933
112821	1480937
112822	1480991
112823	1481003
112824	1481021
112825	1481027
112826	1481033
112827	1481041
112828	1481047
112829	1481071
112830	1481099
112831	1481113
112832	1481143
112833	1481153
112834	1481167
112835	1481173
112836	1481189
112837	1481197
112838	1481219
112839	1481231
112840	1481239
112841	1481257
112842	1481281
112843	1481309
112844	1481321
112845	1481339
112846	1481353
112847	1481357
112848	1481377
112849	1481387
112850	1481413
112851	1481477
112852	1481483
112853	1481489
112854	1481497
112855	1481503
112856	1481527
112857	1481537
112858	1481539
112859	1481551
112860	1481573
112861	1481603
112862	1481611
112863	1481663
112864	1481671
112865	1481693
112866	1481717
112867	1481719
112868	1481731
112869	1481743
112870	1481747
112871	1481749
112872	1481759
112873	1481773
112874	1481783
112875	1481797
112876	1481801
112877	1481819
112878	1481849
112879	1481881
112880	1481891
112881	1481897
112882	1481899
112883	1481911
112884	1481917
112885	1481927
112886	1481947
112887	1481951
112888	1481971
112889	1481989
112890	1481993
112891	1481999
112892	1482007
112893	1482011
112894	1482023
112895	1482029
112896	1482049
112897	1482053
112898	1482059
112899	1482101
112900	1482121
112901	1482127
112902	1482137
112903	1482163
112904	1482181
112905	1482193
112906	1482199
112907	1482211
112908	1482233
112909	1482263
112910	1482289
112911	1482293
112912	1482301
112913	1482307
112914	1482319
112915	1482337
112916	1482343
112917	1482359
112918	1482407
112919	1482413
112920	1482421
112921	1482431
112922	1482443
112923	1482449
112924	1482457
112925	1482461
112926	1482469
112927	1482487
112928	1482491
112929	1482499
112930	1482541
112931	1482577
112932	1482581
112933	1482583
112934	1482599
112935	1482617
112936	1482631
112937	1482647
112938	1482659
112939	1482661
112940	1482671
112941	1482707
112942	1482737
112943	1482739
112944	1482743
112945	1482763
112946	1482773
112947	1482797
112948	1482809
112949	1482821
112950	1482827
112951	1482851
112952	1482853
112953	1482863
112954	1482869
112955	1482883
112956	1482889
112957	1482907
112958	1482919
112959	1482937
112960	1482959
112961	1482967
112962	1483003
112963	1483019
112964	1483021
112965	1483039
112966	1483043
112967	1483049
112968	1483061
112969	1483073
112970	1483087
112971	1483091
112972	1483103
112973	1483123
112974	1483151
112975	1483169
112976	1483171
112977	1483177
112978	1483187
112979	1483193
112980	1483231
112981	1483241
112982	1483249
112983	1483253
112984	1483259
112985	1483277
112986	1483283
112987	1483289
112988	1483309
112989	1483327
112990	1483331
112991	1483333
112992	1483343
112993	1483357
112994	1483393
112995	1483397
112996	1483411
112997	1483423
112998	1483429
112999	1483439
113000	1483451
