188001	2572651
188002	2572663
188003	2572667
188004	2572679
188005	2572681
188006	2572693
188007	2572697
188008	2572699
188009	2572741
188010	2572747
188011	2572769
188012	2572777
188013	2572781
188014	2572789
188015	2572799
188016	2572811
188017	2572859
188018	2572877
188019	2572937
188020	2572939
188021	2572949
188022	2572981
188023	2572993
188024	2573003
188025	2573023
188026	2573047
188027	2573057
188028	2573059
188029	2573063
188030	2573071
188031	2573099
188032	2573101
188033	2573107
188034	2573143
188035	2573149
188036	2573161
188037	2573209
188038	2573231
188039	2573237
188040	2573251
188041	2573261
188042	2573287
188043	2573293
188044	2573339
188045	2573353
188046	2573357
188047	2573359
188048	2573383
188049	2573393
188050	2573413
188051	2573423
188052	2573437
188053	2573449
188054	2573453
188055	2573471
188056	2573479
188057	2573491
188058	2573509
188059	2573533
188060	2573551
188061	2573561
188062	2573591
188063	2573617
188064	2573621
188065	2573633
188066	2573653
188067	2573657
188068	2573689
188069	2573707
188070	2573717
188071	2573729
188072	2573737
188073	2573777
188074	2573803
188075	2573807
188076	2573827
188077	2573833
188078	2573869
188079	2573881
188080	2573887
188081	2573891
188082	2573927
188083	2573947
188084	2573957
188085	2573983
188086	2574007
188087	2574029
188088	2574031
188089	2574037
188090	2574043
188091	2574059
188092	2574071
188093	2574113
188094	2574149
188095	2574151
188096	2574167
188097	2574179
188098	2574181
188099	2574193
188100	2574203
188101	2574211
188102	2574217
188103	2574223
188104	2574233
188105	2574239
188106	2574251
188107	2574289
188108	2574311
188109	2574317
188110	2574323
188111	2574337
188112	2574353
188113	2574391
188114	2574401
188115	2574409
188116	2574433
188117	2574437
188118	2574449
188119	2574461
188120	2574469
188121	2574487
188122	2574493
188123	2574499
188124	2574511
188125	2574521
188126	2574529
188127	2574541
188128	2574553
188129	2574563
188130	2574569
188131	2574587
188132	2574589
188133	2574601
188134	2574617
188135	2574623
188136	2574653
188137	2574661
188138	2574683
188139	2574703
188140	2574721
188141	2574727
188142	2574731
188143	2574751
188144	2574757
188145	2574763
188146	2574799
188147	2574811
188148	2574839
188149	2574851
188150	2574853
188151	2574889
188152	2574917
188153	2574947
188154	2574959
188155	2574967
188156	2574977
188157	2574983
188158	2575019
188159	2575021
188160	2575043
188161	2575049
188162	2575061
188163	2575063
188164	2575073
188165	2575081
188166	2575091
188167	2575093
188168	2575117
188169	2575123
188170	2575129
188171	2575147
188172	2575187
188173	2575193
188174	2575219
188175	2575231
188176	2575247
188177	2575277
188178	2575283
188179	2575289
188180	2575297
188181	2575301
188182	2575319
188183	2575327
188184	2575337
188185	2575351
188186	2575361
188187	2575369
188188	2575373
188189	2575411
188190	2575421
188191	2575439
188192	2575453
188193	2575457
188194	2575487
188195	2575493
188196	2575499
188197	2575523
188198	2575537
188199	2575543
188200	2575549
188201	2575589
188202	2575627
188203	2575633
188204	2575663
188205	2575673
188206	2575679
188207	2575717
188208	2575723
188209	2575733
188210	2575753
188211	2575757
188212	2575777
188213	2575787
188214	2575799
188215	2575801
188216	2575817
188217	2575819
188218	2575831
188219	2575843
188220	2575861
188221	2575871
188222	2575877
188223	2575879
188224	2575897
188225	2575901
188226	2575919
188227	2575921
188228	2575933
188229	2575939
188230	2575943
188231	2575967
188232	2576003
188233	2576033
188234	2576047
188235	2576053
188236	2576081
188237	2576089
188238	2576107
188239	2576113
188240	2576137
188241	2576159
188242	2576183
188243	2576209
188244	2576219
188245	2576221
188246	2576227
188247	2576251
188248	2576257
188249	2576261
188250	2576263
188251	2576279
188252	2576293
188253	2576297
188254	2576323
188255	2576341
188256	2576363
188257	2576369
188258	2576393
188259	2576407
188260	2576411
188261	2576423
188262	2576429
188263	2576459
188264	2576467
188265	2576473
188266	2576477
188267	2576507
188268	2576549
188269	2576551
188270	2576557
188271	2576573
188272	2576591
188273	2576593
188274	2576597
188275	2576599
188276	2576617
188277	2576633
188278	2576641
188279	2576653
188280	2576663
188281	2576669
188282	2576683
188283	2576699
188284	2576719
188285	2576729
188286	2576731
188287	2576767
188288	2576771
188289	2576773
188290	2576779
188291	2576789
188292	2576797
188293	2576801
188294	2576831
188295	2576839
188296	2576857
188297	2576863
188298	2576879
188299	2576909
188300	2576933
188301	2576953
188302	2576983
188303	2576993
188304	2577007
188305	2577011
188306	2577031
188307	2577037
188308	2577041
188309	2577049
188310	2577073
188311	2577077
188312	2577079
188313	2577083
188314	2577097
188315	2577101
188316	2577167
188317	2577187
188318	2577203
188319	2577221
188320	2577241
188321	2577283
188322	2577287
188323	2577299
188324	2577307
188325	2577313
188326	2577329
188327	2577343
188328	2577347
188329	2577389
188330	2577397
188331	2577401
188332	2577409
188333	2577413
188334	2577427
188335	2577431
188336	2577437
188337	2577439
188338	2577473
188339	2577479
188340	2577493
188341	2577511
188342	2577539
188343	2577563
188344	2577569
188345	2577571
188346	2577583
188347	2577593
188348	2577599
188349	2577611
188350	2577623
188351	2577637
188352	2577661
188353	2577667
188354	2577671
188355	2577683
188356	2577697
188357	2577733
188358	2577739
188359	2577763
188360	2577767
188361	2577791
188362	2577821
188363	2577833
188364	2577851
188365	2577857
188366	2577871
188367	2577877
188368	2577881
188369	2577889
188370	2577899
188371	2577907
188372	2577917
188373	2577919
188374	2577923
188375	2577941
188376	2577943
188377	2577947
188378	2577989
188379	2578003
188380	2578019
188381	2578027
188382	2578031
188383	2578057
188384	2578061
188385	2578087
188386	2578099
188387	2578109
188388	2578111
188389	2578117
188390	2578133
188391	2578153
188392	2578157
188393	2578201
188394	2578207
188395	2578217
188396	2578249
188397	2578253
188398	2578259
188399	2578267
188400	2578273
188401	2578297
188402	2578343
188403	2578349
188404	2578351
188405	2578391
188406	2578393
188407	2578403
188408	2578417
188409	2578423
188410	2578451
188411	2578453
188412	2578463
188413	2578469
188414	2578483
188415	2578489
188416	2578517
188417	2578519
188418	2578529
188419	2578559
188420	2578573
188421	2578591
188422	2578603
188423	2578621
188424	2578643
188425	2578657
188426	2578717
188427	2578721
188428	2578729
188429	2578733
188430	2578757
188431	2578759
188432	2578787
188433	2578799
188434	2578801
188435	2578817
188436	2578819
188437	2578837
188438	2578847
188439	2578861
188440	2578879
188441	2578907
188442	2578931
188443	2578943
188444	2578963
188445	2578969
188446	2578973
188447	2578987
188448	2578991
188449	2578993
188450	2579009
188451	2579051
188452	2579063
188453	2579081
188454	2579111
188455	2579119
188456	2579167
188457	2579177
188458	2579179
188459	2579191
188460	2579201
188461	2579209
188462	2579221
188463	2579249
188464	2579273
188465	2579287
188466	2579323
188467	2579329
188468	2579333
188469	2579341
188470	2579363
188471	2579377
188472	2579387
188473	2579389
188474	2579399
188475	2579411
188476	2579419
188477	2579443
188478	2579453
188479	2579477
188480	2579513
188481	2579537
188482	2579581
188483	2579593
188484	2579617
188485	2579623
188486	2579627
188487	2579651
188488	2579653
188489	2579659
188490	2579683
188491	2579693
188492	2579711
188493	2579719
188494	2579729
188495	2579737
188496	2579741
188497	2579777
188498	2579803
188499	2579807
188500	2579809
188501	2579813
188502	2579821
188503	2579827
188504	2579891
188505	2579911
188506	2579923
188507	2579939
188508	2579963
188509	2579977
188510	2579989
188511	2579999
188512	2580031
188513	2580049
188514	2580079
188515	2580119
188516	2580131
188517	2580167
188518	2580169
188519	2580173
188520	2580187
188521	2580197
188522	2580203
188523	2580241
188524	2580251
188525	2580287
188526	2580289
188527	2580313
188528	2580323
188529	2580337
188530	2580341
188531	2580401
188532	2580407
188533	2580419
188534	2580421
188535	2580443
188536	2580463
188537	2580467
188538	2580469
188539	2580493
188540	2580497
188541	2580509
188542	2580511
188543	2580521
188544	2580527
188545	2580541
188546	2580547
188547	2580563
188548	2580587
188549	2580607
188550	2580619
188551	2580631
188552	2580647
188553	2580649
188554	2580653
188555	2580659
188556	2580661
188557	2580667
188558	2580671
188559	2580673
188560	2580689
188561	2580691
188562	2580701
188563	2580703
188564	2580707
188565	2580737
188566	2580749
188567	2580757
188568	2580791
188569	2580803
188570	2580811
188571	2580839
188572	2580841
188573	2580847
188574	2580857
188575	2580859
188576	2580887
188577	2580901
188578	2580917
188579	2580931
188580	2580937
188581	2580953
188582	2580959
188583	2580973
188584	2580997
188585	2581003
188586	2581013
188587	2581027
188588	2581031
188589	2581049
188590	2581069
188591	2581079
188592	2581081
188593	2581097
188594	2581121
188595	2581123
188596	2581133
188597	2581141
188598	2581147
188599	2581171
188600	2581177
188601	2581181
188602	2581211
188603	2581213
188604	2581219
188605	2581223
188606	2581253
188607	2581273
188608	2581279
188609	2581289
188610	2581349
188611	2581357
188612	2581367
188613	2581373
188614	2581391
188615	2581393
188616	2581409
188617	2581417
188618	2581429
188619	2581441
188620	2581457
188621	2581477
188622	2581487
188623	2581507
188624	2581531
188625	2581541
188626	2581559
188627	2581561
188628	2581573
188629	2581583
188630	2581597
188631	2581613
188632	2581633
188633	2581639
188634	2581643
188635	2581651
188636	2581669
188637	2581673
188638	2581687
188639	2581697
188640	2581699
188641	2581721
188642	2581741
188643	2581769
188644	2581771
188645	2581829
188646	2581837
188647	2581847
188648	2581861
188649	2581877
188650	2581907
188651	2581913
188652	2581919
188653	2581921
188654	2581927
188655	2581933
188656	2581939
188657	2581951
188658	2581961
188659	2581963
188660	2581973
188661	2581991
188662	2582009
188663	2582029
188664	2582033
188665	2582053
188666	2582059
188667	2582071
188668	2582077
188669	2582087
188670	2582089
188671	2582093
188672	2582143
188673	2582149
188674	2582159
188675	2582161
188676	2582171
188677	2582197
188678	2582201
188679	2582219
188680	2582243
188681	2582257
188682	2582311
188683	2582323
188684	2582329
188685	2582353
188686	2582357
188687	2582369
188688	2582383
188689	2582399
188690	2582401
188691	2582407
188692	2582441
188693	2582443
188694	2582491
188695	2582501
188696	2582543
188697	2582551
188698	2582581
188699	2582609
188700	2582611
188701	2582627
188702	2582663
188703	2582677
188704	2582681
188705	2582687
188706	2582707
188707	2582719
188708	2582729
188709	2582731
188710	2582737
188711	2582753
188712	2582761
188713	2582771
188714	2582773
188715	2582779
188716	2582837
188717	2582863
188718	2582897
188719	2582903
188720	2582911
188721	2582939
188722	2582947
188723	2582953
188724	2582971
188725	2582981
188726	2582999
188727	2583011
188728	2583017
188729	2583019
188730	2583029
188731	2583083
188732	2583089
188733	2583101
188734	2583103
188735	2583109
188736	2583127
188737	2583131
188738	2583143
188739	2583169
188740	2583173
188741	2583179
188742	2583181
188743	2583187
188744	2583211
188745	2583223
188746	2583239
188747	2583241
188748	2583253
188749	2583257
188750	2583283
188751	2583299
188752	2583331
188753	2583341
188754	2583353
188755	2583359
188756	2583389
188757	2583391
188758	2583419
188759	2583431
188760	2583437
188761	2583457
188762	2583461
188763	2583463
188764	2583467
188765	2583491
188766	2583499
188767	2583517
188768	2583527
188769	2583547
188770	2583557
188771	2583577
188772	2583589
188773	2583611
188774	2583629
188775	2583631
188776	2583661
188777	2583667
188778	2583671
188779	2583703
188780	2583709
188781	2583719
188782	2583727
188783	2583733
188784	2583739
188785	2583743
188786	2583767
188787	2583769
188788	2583781
188789	2583793
188790	2583811
188791	2583817
188792	2583839
188793	2583857
188794	2583859
188795	2583863
188796	2583877
188797	2583887
188798	2583907
188799	2583947
188800	2583979
188801	2584007
188802	2584009
188803	2584031
188804	2584033
188805	2584037
188806	2584061
188807	2584079
188808	2584081
188809	2584091
188810	2584097
188811	2584111
188812	2584147
188813	2584159
188814	2584207
188815	2584213
188816	2584229
188817	2584249
188818	2584261
188819	2584279
188820	2584291
188821	2584301
188822	2584319
188823	2584331
188824	2584367
188825	2584369
188826	2584381
188827	2584403
188828	2584411
188829	2584433
188830	2584457
188831	2584469
188832	2584481
188833	2584511
188834	2584523
188835	2584529
188836	2584559
188837	2584573
188838	2584583
188839	2584591
188840	2584597
188841	2584607
188842	2584619
188843	2584661
188844	2584679
188845	2584693
188846	2584739
188847	2584787
188848	2584789
188849	2584807
188850	2584819
188851	2584843
188852	2584847
188853	2584853
188854	2584871
188855	2584877
188856	2584889
188857	2584891
188858	2584909
188859	2584913
188860	2584937
188861	2584943
188862	2584949
188863	2584951
188864	2584957
188865	2584963
188866	2584979
188867	2584987
188868	2584999
188869	2585029
188870	2585041
188871	2585057
188872	2585081
188873	2585111
188874	2585113
188875	2585123
188876	2585129
188877	2585137
188878	2585161
188879	2585179
188880	2585237
188881	2585243
188882	2585251
188883	2585267
188884	2585279
188885	2585293
188886	2585333
188887	2585347
188888	2585351
188889	2585353
188890	2585357
188891	2585381
188892	2585389
188893	2585399
188894	2585413
188895	2585417
188896	2585447
188897	2585459
188898	2585467
188899	2585477
188900	2585491
188901	2585507
188902	2585509
188903	2585521
188904	2585549
188905	2585579
188906	2585603
188907	2585623
188908	2585641
188909	2585647
188910	2585659
188911	2585707
188912	2585743
188913	2585777
188914	2585783
188915	2585797
188916	2585813
188917	2585827
188918	2585833
188919	2585837
188920	2585839
188921	2585899
188922	2585909
188923	2585929
188924	2585941
188925	2585951
188926	2585953
188927	2585963
188928	2585969
188929	2585971
188930	2585981
188931	2585983
188932	2586011
188933	2586037
188934	2586047
188935	2586061
188936	2586127
188937	2586137
188938	2586139
188939	2586161
188940	2586167
188941	2586169
188942	2586173
188943	2586187
188944	2586209
188945	2586253
188946	2586271
188947	2586277
188948	2586289
188949	2586293
188950	2586301
188951	2586313
188952	2586341
188953	2586343
188954	2586359
188955	2586377
188956	2586379
188957	2586391
188958	2586421
188959	2586443
188960	2586497
188961	2586503
188962	2586517
188963	2586541
188964	2586569
188965	2586581
188966	2586589
188967	2586593
188968	2586599
188969	2586611
188970	2586629
188971	2586631
188972	2586643
188973	2586659
188974	2586667
188975	2586673
188976	2586709
188977	2586719
188978	2586721
188979	2586767
188980	2586769
188981	2586791
188982	2586797
188983	2586799
188984	2586811
188985	2586821
188986	2586823
188987	2586841
188988	2586847
188989	2586853
188990	2586911
188991	2586917
188992	2586931
188993	2586943
188994	2586953
188995	2586959
188996	2586967
188997	2586979
188998	2586989
188999	2587001
189000	2587007
