126001	1669331
126002	1669351
126003	1669357
126004	1669361
126005	1669391
126006	1669399
126007	1669427
126008	1669433
126009	1669441
126010	1669453
126011	1669463
126012	1669469
126013	1669471
126014	1669489
126015	1669513
126016	1669537
126017	1669541
126018	1669543
126019	1669571
126020	1669579
126021	1669589
126022	1669597
126023	1669627
126024	1669637
126025	1669649
126026	1669651
126027	1669687
126028	1669697
126029	1669727
126030	1669741
126031	1669747
126032	1669751
126033	1669763
126034	1669781
126035	1669783
126036	1669793
126037	1669799
126038	1669813
126039	1669817
126040	1669861
126041	1669873
126042	1669879
126043	1669883
126044	1669897
126045	1669931
126046	1669933
126047	1669937
126048	1669951
126049	1669963
126050	1669979
126051	1669999
126052	1670003
126053	1670017
126054	1670057
126055	1670059
126056	1670089
126057	1670093
126058	1670129
126059	1670161
126060	1670171
126061	1670183
126062	1670213
126063	1670269
126064	1670281
126065	1670287
126066	1670303
126067	1670327
126068	1670341
126069	1670353
126070	1670359
126071	1670399
126072	1670407
126073	1670411
126074	1670413
126075	1670419
126076	1670447
126077	1670477
126078	1670489
126079	1670491
126080	1670503
126081	1670519
126082	1670527
126083	1670531
126084	1670533
126085	1670551
126086	1670561
126087	1670563
126088	1670567
126089	1670569
126090	1670579
126091	1670597
126092	1670623
126093	1670629
126094	1670633
126095	1670639
126096	1670653
126097	1670657
126098	1670659
126099	1670687
126100	1670717
126101	1670723
126102	1670741
126103	1670761
126104	1670783
126105	1670813
126106	1670819
126107	1670827
126108	1670831
126109	1670833
126110	1670857
126111	1670863
126112	1670887
126113	1670891
126114	1670899
126115	1670923
126116	1670953
126117	1670959
126118	1670971
126119	1670983
126120	1671041
126121	1671053
126122	1671073
126123	1671077
126124	1671097
126125	1671101
126126	1671121
126127	1671133
126128	1671139
126129	1671161
126130	1671191
126131	1671199
126132	1671209
126133	1671211
126134	1671223
126135	1671227
126136	1671277
126137	1671289
126138	1671311
126139	1671337
126140	1671343
126141	1671347
126142	1671349
126143	1671359
126144	1671379
126145	1671421
126146	1671431
126147	1671437
126148	1671443
126149	1671451
126150	1671463
126151	1671493
126152	1671497
126153	1671511
126154	1671517
126155	1671521
126156	1671577
126157	1671581
126158	1671599
126159	1671619
126160	1671629
126161	1671641
126162	1671643
126163	1671671
126164	1671679
126165	1671689
126166	1671707
126167	1671713
126168	1671727
126169	1671731
126170	1671739
126171	1671757
126172	1671781
126173	1671907
126174	1671941
126175	1671947
126176	1671961
126177	1671977
126178	1671983
126179	1671997
126180	1672003
126181	1672009
126182	1672037
126183	1672051
126184	1672063
126185	1672079
126186	1672081
126187	1672087
126188	1672091
126189	1672117
126190	1672129
126191	1672199
126192	1672219
126193	1672243
126194	1672271
126195	1672301
126196	1672331
126197	1672337
126198	1672339
126199	1672379
126200	1672381
126201	1672393
126202	1672421
126203	1672423
126204	1672441
126205	1672453
126206	1672457
126207	1672469
126208	1672471
126209	1672487
126210	1672499
126211	1672501
126212	1672507
126213	1672519
126214	1672523
126215	1672529
126216	1672549
126217	1672553
126218	1672603
126219	1672607
126220	1672609
126221	1672631
126222	1672637
126223	1672639
126224	1672651
126225	1672663
126226	1672747
126227	1672751
126228	1672753
126229	1672771
126230	1672787
126231	1672799
126232	1672849
126233	1672861
126234	1672873
126235	1672889
126236	1672897
126237	1672901
126238	1672921
126239	1672927
126240	1672939
126241	1672949
126242	1672961
126243	1672963
126244	1672967
126245	1672999
126246	1673011
126247	1673017
126248	1673027
126249	1673053
126250	1673069
126251	1673071
126252	1673081
126253	1673099
126254	1673107
126255	1673131
126256	1673137
126257	1673167
126258	1673171
126259	1673179
126260	1673183
126261	1673207
126262	1673209
126263	1673237
126264	1673249
126265	1673279
126266	1673281
126267	1673297
126268	1673317
126269	1673339
126270	1673377
126271	1673381
126272	1673389
126273	1673393
126274	1673401
126275	1673407
126276	1673437
126277	1673447
126278	1673453
126279	1673461
126280	1673489
126281	1673509
126282	1673513
126283	1673519
126284	1673527
126285	1673543
126286	1673563
126287	1673569
126288	1673591
126289	1673627
126290	1673629
126291	1673663
126292	1673669
126293	1673681
126294	1673713
126295	1673719
126296	1673723
126297	1673731
126298	1673741
126299	1673747
126300	1673753
126301	1673759
126302	1673797
126303	1673807
126304	1673809
126305	1673813
126306	1673827
126307	1673831
126308	1673839
126309	1673849
126310	1673857
126311	1673897
126312	1673923
126313	1673927
126314	1673933
126315	1673941
126316	1673951
126317	1673953
126318	1673981
126319	1673983
126320	1673993
126321	1674011
126322	1674047
126323	1674053
126324	1674067
126325	1674073
126326	1674107
126327	1674133
126328	1674151
126329	1674157
126330	1674161
126331	1674163
126332	1674181
126333	1674203
126334	1674209
126335	1674259
126336	1674269
126337	1674271
126338	1674289
126339	1674301
126340	1674319
126341	1674329
126342	1674353
126343	1674371
126344	1674391
126345	1674433
126346	1674437
126347	1674457
126348	1674461
126349	1674473
126350	1674503
126351	1674523
126352	1674539
126353	1674557
126354	1674559
126355	1674577
126356	1674581
126357	1674587
126358	1674593
126359	1674599
126360	1674601
126361	1674613
126362	1674623
126363	1674637
126364	1674643
126365	1674649
126366	1674667
126367	1674683
126368	1674703
126369	1674733
126370	1674737
126371	1674763
126372	1674767
126373	1674769
126374	1674787
126375	1674797
126376	1674817
126377	1674821
126378	1674847
126379	1674887
126380	1674889
126381	1674901
126382	1674913
126383	1674917
126384	1674919
126385	1674931
126386	1674941
126387	1674947
126388	1674949
126389	1674971
126390	1674989
126391	1674991
126392	1674997
126393	1675001
126394	1675007
126395	1675013
126396	1675039
126397	1675049
126398	1675057
126399	1675073
126400	1675087
126401	1675109
126402	1675111
126403	1675117
126404	1675133
126405	1675139
126406	1675181
126407	1675183
126408	1675199
126409	1675213
126410	1675217
126411	1675259
126412	1675273
126413	1675279
126414	1675283
126415	1675291
126416	1675307
126417	1675321
126418	1675327
126419	1675339
126420	1675351
126421	1675361
126422	1675369
126423	1675379
126424	1675393
126425	1675411
126426	1675441
126427	1675447
126428	1675459
126429	1675463
126430	1675507
126431	1675561
126432	1675567
126433	1675577
126434	1675579
126435	1675589
126436	1675607
126437	1675613
126438	1675627
126439	1675631
126440	1675637
126441	1675679
126442	1675697
126443	1675703
126444	1675717
126445	1675721
126446	1675733
126447	1675747
126448	1675759
126449	1675763
126450	1675769
126451	1675771
126452	1675787
126453	1675789
126454	1675799
126455	1675801
126456	1675831
126457	1675847
126458	1675859
126459	1675867
126460	1675873
126461	1675931
126462	1675937
126463	1675943
126464	1675951
126465	1675963
126466	1675967
126467	1675981
126468	1675991
126469	1676023
126470	1676027
126471	1676029
126472	1676041
126473	1676053
126474	1676069
126475	1676071
126476	1676083
126477	1676111
126478	1676167
126479	1676173
126480	1676221
126481	1676243
126482	1676261
126483	1676267
126484	1676281
126485	1676303
126486	1676321
126487	1676333
126488	1676347
126489	1676383
126490	1676393
126491	1676413
126492	1676417
126493	1676431
126494	1676453
126495	1676471
126496	1676473
126497	1676497
126498	1676501
126499	1676533
126500	1676551
126501	1676561
126502	1676569
126503	1676593
126504	1676599
126505	1676611
126506	1676621
126507	1676627
126508	1676629
126509	1676641
126510	1676651
126511	1676663
126512	1676687
126513	1676711
126514	1676713
126515	1676749
126516	1676767
126517	1676771
126518	1676783
126519	1676813
126520	1676827
126521	1676833
126522	1676837
126523	1676869
126524	1676879
126525	1676887
126526	1676891
126527	1676893
126528	1676911
126529	1676923
126530	1676947
126531	1676963
126532	1676971
126533	1676981
126534	1676993
126535	1677001
126536	1677019
126537	1677031
126538	1677037
126539	1677047
126540	1677083
126541	1677089
126542	1677113
126543	1677121
126544	1677133
126545	1677163
126546	1677167
126547	1677191
126548	1677197
126549	1677199
126550	1677209
126551	1677217
126552	1677251
126553	1677253
126554	1677281
126555	1677283
126556	1677287
126557	1677323
126558	1677329
126559	1677337
126560	1677343
126561	1677349
126562	1677353
126563	1677359
126564	1677443
126565	1677451
126566	1677457
126567	1677461
126568	1677463
126569	1677499
126570	1677521
126571	1677523
126572	1677527
126573	1677539
126574	1677569
126575	1677583
126576	1677589
126577	1677593
126578	1677631
126579	1677667
126580	1677673
126581	1677703
126582	1677707
126583	1677721
126584	1677727
126585	1677733
126586	1677743
126587	1677773
126588	1677779
126589	1677787
126590	1677791
126591	1677811
126592	1677847
126593	1677857
126594	1677877
126595	1677887
126596	1677899
126597	1677941
126598	1677961
126599	1677971
126600	1677997
126601	1678009
126602	1678013
126603	1678021
126604	1678031
126605	1678037
126606	1678067
126607	1678069
126608	1678073
126609	1678091
126610	1678093
126611	1678111
126612	1678129
126613	1678133
126614	1678151
126615	1678153
126616	1678181
126617	1678199
126618	1678207
126619	1678217
126620	1678219
126621	1678231
126622	1678249
126623	1678267
126624	1678277
126625	1678301
126626	1678319
126627	1678321
126628	1678331
126629	1678337
126630	1678349
126631	1678361
126632	1678363
126633	1678367
126634	1678381
126635	1678399
126636	1678409
126637	1678421
126638	1678423
126639	1678429
126640	1678459
126641	1678463
126642	1678507
126643	1678531
126644	1678543
126645	1678553
126646	1678571
126647	1678577
126648	1678601
126649	1678603
126650	1678613
126651	1678627
126652	1678639
126653	1678657
126654	1678673
126655	1678679
126656	1678687
126657	1678693
126658	1678697
126659	1678711
126660	1678717
126661	1678739
126662	1678751
126663	1678753
126664	1678757
126665	1678759
126666	1678769
126667	1678771
126668	1678777
126669	1678837
126670	1678843
126671	1678847
126672	1678861
126673	1678871
126674	1678877
126675	1678879
126676	1678883
126677	1678889
126678	1678891
126679	1678921
126680	1678951
126681	1678961
126682	1678979
126683	1678993
126684	1679009
126685	1679017
126686	1679033
126687	1679057
126688	1679059
126689	1679077
126690	1679099
126691	1679101
126692	1679113
126693	1679123
126694	1679131
126695	1679143
126696	1679159
126697	1679189
126698	1679203
126699	1679213
126700	1679233
126701	1679261
126702	1679267
126703	1679273
126704	1679281
126705	1679287
126706	1679291
126707	1679297
126708	1679323
126709	1679329
126710	1679333
126711	1679351
126712	1679371
126713	1679383
126714	1679417
126715	1679443
126716	1679459
126717	1679471
126718	1679473
126719	1679479
126720	1679501
126721	1679521
126722	1679533
126723	1679539
126724	1679599
126725	1679603
126726	1679609
126727	1679627
126728	1679633
126729	1679641
126730	1679653
126731	1679659
126732	1679669
126733	1679681
126734	1679683
126735	1679687
126736	1679693
126737	1679701
126738	1679723
126739	1679773
126740	1679779
126741	1679801
126742	1679807
126743	1679831
126744	1679833
126745	1679849
126746	1679857
126747	1679863
126748	1679903
126749	1679917
126750	1679939
126751	1679959
126752	1679963
126753	1679981
126754	1680013
126755	1680023
126756	1680071
126757	1680079
126758	1680089
126759	1680101
126760	1680103
126761	1680121
126762	1680131
126763	1680149
126764	1680167
126765	1680179
126766	1680181
126767	1680191
126768	1680247
126769	1680253
126770	1680269
126771	1680271
126772	1680277
126773	1680313
126774	1680317
126775	1680319
126776	1680323
126777	1680359
126778	1680361
126779	1680373
126780	1680377
126781	1680401
126782	1680407
126783	1680421
126784	1680431
126785	1680439
126786	1680457
126787	1680461
126788	1680491
126789	1680509
126790	1680527
126791	1680529
126792	1680551
126793	1680557
126794	1680583
126795	1680589
126796	1680593
126797	1680617
126798	1680643
126799	1680647
126800	1680659
126801	1680689
126802	1680697
126803	1680703
126804	1680709
126805	1680743
126806	1680761
126807	1680779
126808	1680787
126809	1680793
126810	1680803
126811	1680821
126812	1680823
126813	1680839
126814	1680859
126815	1680871
126816	1680881
126817	1680893
126818	1680901
126819	1680907
126820	1680919
126821	1680929
126822	1680961
126823	1680967
126824	1680979
126825	1680983
126826	1681003
126827	1681007
126828	1681027
126829	1681033
126830	1681061
126831	1681073
126832	1681091
126833	1681103
126834	1681129
126835	1681151
126836	1681157
126837	1681187
126838	1681193
126839	1681201
126840	1681219
126841	1681241
126842	1681247
126843	1681259
126844	1681261
126845	1681271
126846	1681279
126847	1681289
126848	1681307
126849	1681321
126850	1681349
126851	1681363
126852	1681397
126853	1681403
126854	1681411
126855	1681423
126856	1681469
126857	1681501
126858	1681513
126859	1681517
126860	1681541
126861	1681571
126862	1681573
126863	1681579
126864	1681591
126865	1681597
126866	1681619
126867	1681621
126868	1681639
126869	1681649
126870	1681651
126871	1681661
126872	1681679
126873	1681703
126874	1681711
126875	1681717
126876	1681721
126877	1681723
126878	1681787
126879	1681807
126880	1681817
126881	1681837
126882	1681853
126883	1681871
126884	1681873
126885	1681877
126886	1681879
126887	1681891
126888	1681903
126889	1681907
126890	1681931
126891	1681957
126892	1681973
126893	1681991
126894	1682017
126895	1682047
126896	1682069
126897	1682081
126898	1682101
126899	1682111
126900	1682119
126901	1682123
126902	1682143
126903	1682159
126904	1682179
126905	1682207
126906	1682237
126907	1682249
126908	1682251
126909	1682257
126910	1682281
126911	1682287
126912	1682293
126913	1682311
126914	1682333
126915	1682363
126916	1682383
126917	1682389
126918	1682399
126919	1682407
126920	1682413
126921	1682423
126922	1682449
126923	1682477
126924	1682479
126925	1682489
126926	1682509
126927	1682521
126928	1682531
126929	1682537
126930	1682539
126931	1682543
126932	1682557
126933	1682561
126934	1682567
126935	1682573
126936	1682581
126937	1682627
126938	1682663
126939	1682669
126940	1682671
126941	1682693
126942	1682701
126943	1682713
126944	1682717
126945	1682753
126946	1682801
126947	1682809
126948	1682827
126949	1682831
126950	1682833
126951	1682843
126952	1682867
126953	1682893
126954	1682911
126955	1682939
126956	1682951
126957	1682987
126958	1682999
126959	1683007
126960	1683013
126961	1683029
126962	1683037
126963	1683041
126964	1683043
126965	1683049
126966	1683053
126967	1683067
126968	1683089
126969	1683103
126970	1683113
126971	1683169
126972	1683223
126973	1683233
126974	1683239
126975	1683251
126976	1683259
126977	1683271
126978	1683293
126979	1683299
126980	1683313
126981	1683317
126982	1683359
126983	1683373
126984	1683397
126985	1683403
126986	1683433
126987	1683467
126988	1683469
126989	1683491
126990	1683497
126991	1683503
126992	1683523
126993	1683553
126994	1683581
126995	1683589
126996	1683601
126997	1683631
126998	1683637
126999	1683667
127000	1683673
