115001	1511563
115002	1511569
115003	1511597
115004	1511599
115005	1511617
115006	1511633
115007	1511647
115008	1511651
115009	1511663
115010	1511669
115011	1511687
115012	1511689
115013	1511723
115014	1511737
115015	1511743
115016	1511747
115017	1511779
115018	1511791
115019	1511801
115020	1511819
115021	1511821
115022	1511863
115023	1511891
115024	1511897
115025	1511911
115026	1511921
115027	1511927
115028	1511933
115029	1511941
115030	1511947
115031	1511953
115032	1511971
115033	1511977
115034	1511999
115035	1512019
115036	1512023
115037	1512029
115038	1512041
115039	1512083
115040	1512097
115041	1512109
115042	1512113
115043	1512127
115044	1512169
115045	1512197
115046	1512209
115047	1512221
115048	1512223
115049	1512233
115050	1512241
115051	1512253
115052	1512281
115053	1512283
115054	1512289
115055	1512293
115056	1512299
115057	1512307
115058	1512311
115059	1512323
115060	1512331
115061	1512361
115062	1512383
115063	1512421
115064	1512431
115065	1512479
115066	1512481
115067	1512493
115068	1512517
115069	1512527
115070	1512547
115071	1512551
115072	1512557
115073	1512559
115074	1512569
115075	1512607
115076	1512619
115077	1512629
115078	1512661
115079	1512683
115080	1512689
115081	1512691
115082	1512703
115083	1512713
115084	1512751
115085	1512767
115086	1512773
115087	1512787
115088	1512809
115089	1512817
115090	1512827
115091	1512829
115092	1512857
115093	1512877
115094	1512923
115095	1512943
115096	1512947
115097	1512961
115098	1513013
115099	1513019
115100	1513021
115101	1513033
115102	1513037
115103	1513049
115104	1513067
115105	1513069
115106	1513073
115107	1513091
115108	1513093
115109	1513111
115110	1513117
115111	1513121
115112	1513123
115113	1513139
115114	1513151
115115	1513159
115116	1513163
115117	1513199
115118	1513207
115119	1513219
115120	1513229
115121	1513271
115122	1513273
115123	1513277
115124	1513319
115125	1513321
115126	1513361
115127	1513367
115128	1513381
115129	1513387
115130	1513397
115131	1513399
115132	1513417
115133	1513427
115134	1513429
115135	1513441
115136	1513453
115137	1513487
115138	1513489
115139	1513511
115140	1513517
115141	1513529
115142	1513531
115143	1513537
115144	1513543
115145	1513553
115146	1513573
115147	1513583
115148	1513591
115149	1513601
115150	1513609
115151	1513619
115152	1513621
115153	1513651
115154	1513657
115155	1513661
115156	1513667
115157	1513669
115158	1513693
115159	1513717
115160	1513727
115161	1513739
115162	1513741
115163	1513751
115164	1513777
115165	1513807
115166	1513819
115167	1513859
115168	1513871
115169	1513891
115170	1513909
115171	1513913
115172	1513921
115173	1513927
115174	1513937
115175	1513949
115176	1513957
115177	1513973
115178	1513991
115179	1514027
115180	1514033
115181	1514039
115182	1514059
115183	1514063
115184	1514099
115185	1514101
115186	1514131
115187	1514147
115188	1514153
115189	1514179
115190	1514197
115191	1514209
115192	1514213
115193	1514231
115194	1514273
115195	1514291
115196	1514321
115197	1514323
115198	1514327
115199	1514329
115200	1514363
115201	1514399
115202	1514407
115203	1514413
115204	1514423
115205	1514437
115206	1514441
115207	1514453
115208	1514459
115209	1514489
115210	1514497
115211	1514507
115212	1514537
115213	1514549
115214	1514551
115215	1514561
115216	1514563
115217	1514587
115218	1514593
115219	1514599
115220	1514603
115221	1514633
115222	1514647
115223	1514651
115224	1514657
115225	1514659
115226	1514671
115227	1514701
115228	1514713
115229	1514719
115230	1514731
115231	1514741
115232	1514749
115233	1514783
115234	1514791
115235	1514797
115236	1514801
115237	1514831
115238	1514837
115239	1514867
115240	1514879
115241	1514897
115242	1514911
115243	1514917
115244	1514959
115245	1514963
115246	1514971
115247	1515011
115248	1515029
115249	1515049
115250	1515053
115251	1515089
115252	1515109
115253	1515119
115254	1515149
115255	1515169
115256	1515197
115257	1515229
115258	1515251
115259	1515259
115260	1515271
115261	1515281
115262	1515313
115263	1515317
115264	1515347
115265	1515359
115266	1515377
115267	1515391
115268	1515413
115269	1515419
115270	1515461
115271	1515469
115272	1515487
115273	1515509
115274	1515541
115275	1515571
115276	1515583
115277	1515599
115278	1515617
115279	1515623
115280	1515643
115281	1515671
115282	1515691
115283	1515697
115284	1515713
115285	1515719
115286	1515721
115287	1515727
115288	1515733
115289	1515739
115290	1515749
115291	1515757
115292	1515791
115293	1515809
115294	1515817
115295	1515821
115296	1515823
115297	1515841
115298	1515847
115299	1515881
115300	1515919
115301	1515923
115302	1515929
115303	1515947
115304	1515961
115305	1515971
115306	1515973
115307	1515979
115308	1515989
115309	1516007
115310	1516019
115311	1516027
115312	1516037
115313	1516049
115314	1516061
115315	1516087
115316	1516093
115317	1516103
115318	1516127
115319	1516129
115320	1516153
115321	1516157
115322	1516187
115323	1516189
115324	1516199
115325	1516217
115326	1516231
115327	1516243
115328	1516259
115329	1516261
115330	1516279
115331	1516289
115332	1516331
115333	1516337
115334	1516343
115335	1516357
115336	1516363
115337	1516369
115338	1516391
115339	1516393
115340	1516397
115341	1516421
115342	1516433
115343	1516441
115344	1516483
115345	1516499
115346	1516513
115347	1516531
115348	1516547
115349	1516583
115350	1516589
115351	1516591
115352	1516607
115353	1516609
115354	1516633
115355	1516639
115356	1516651
115357	1516657
115358	1516661
115359	1516663
115360	1516681
115361	1516687
115362	1516693
115363	1516709
115364	1516733
115365	1516759
115366	1516763
115367	1516771
115368	1516817
115369	1516819
115370	1516829
115371	1516843
115372	1516847
115373	1516871
115374	1516883
115375	1516897
115376	1516909
115377	1516951
115378	1516967
115379	1516987
115380	1517023
115381	1517027
115382	1517039
115383	1517051
115384	1517053
115385	1517059
115386	1517099
115387	1517101
115388	1517107
115389	1517141
115390	1517143
115391	1517161
115392	1517179
115393	1517189
115394	1517209
115395	1517213
115396	1517227
115397	1517239
115398	1517261
115399	1517273
115400	1517279
115401	1517297
115402	1517311
115403	1517317
115404	1517339
115405	1517363
115406	1517377
115407	1517387
115408	1517393
115409	1517401
115410	1517413
115411	1517423
115412	1517441
115413	1517449
115414	1517507
115415	1517519
115416	1517521
115417	1517531
115418	1517557
115419	1517561
115420	1517567
115421	1517569
115422	1517591
115423	1517603
115424	1517611
115425	1517627
115426	1517639
115427	1517647
115428	1517651
115429	1517653
115430	1517671
115431	1517687
115432	1517689
115433	1517699
115434	1517707
115435	1517713
115436	1517749
115437	1517753
115438	1517783
115439	1517807
115440	1517819
115441	1517837
115442	1517843
115443	1517849
115444	1517869
115445	1517881
115446	1517917
115447	1517921
115448	1517927
115449	1517933
115450	1517939
115451	1517941
115452	1517983
115453	1517993
115454	1518001
115455	1518007
115456	1518061
115457	1518067
115458	1518071
115459	1518089
115460	1518091
115461	1518103
115462	1518109
115463	1518133
115464	1518137
115465	1518149
115466	1518191
115467	1518199
115468	1518203
115469	1518239
115470	1518263
115471	1518277
115472	1518281
115473	1518311
115474	1518313
115475	1518329
115476	1518337
115477	1518343
115478	1518359
115479	1518379
115480	1518383
115481	1518427
115482	1518449
115483	1518463
115484	1518467
115485	1518481
115486	1518497
115487	1518521
115488	1518533
115489	1518551
115490	1518553
115491	1518563
115492	1518571
115493	1518577
115494	1518581
115495	1518589
115496	1518623
115497	1518677
115498	1518679
115499	1518691
115500	1518707
115501	1518709
115502	1518731
115503	1518733
115504	1518743
115505	1518749
115506	1518773
115507	1518779
115508	1518799
115509	1518809
115510	1518827
115511	1518863
115512	1518871
115513	1518883
115514	1518893
115515	1518901
115516	1518931
115517	1518947
115518	1518949
115519	1518971
115520	1518973
115521	1518977
115522	1519039
115523	1519051
115524	1519097
115525	1519099
115526	1519121
115527	1519123
115528	1519129
115529	1519153
115530	1519159
115531	1519163
115532	1519169
115533	1519201
115534	1519213
115535	1519237
115536	1519253
115537	1519261
115538	1519267
115539	1519277
115540	1519283
115541	1519291
115542	1519313
115543	1519333
115544	1519363
115545	1519391
115546	1519417
115547	1519421
115548	1519423
115549	1519433
115550	1519439
115551	1519447
115552	1519451
115553	1519499
115554	1519517
115555	1519519
115556	1519523
115557	1519547
115558	1519549
115559	1519561
115560	1519591
115561	1519597
115562	1519607
115563	1519619
115564	1519631
115565	1519657
115566	1519667
115567	1519673
115568	1519691
115569	1519703
115570	1519709
115571	1519711
115572	1519729
115573	1519733
115574	1519751
115575	1519759
115576	1519769
115577	1519789
115578	1519807
115579	1519831
115580	1519871
115581	1519883
115582	1519891
115583	1519901
115584	1519907
115585	1519913
115586	1519939
115587	1519951
115588	1519967
115589	1520003
115590	1520009
115591	1520011
115592	1520069
115593	1520083
115594	1520107
115595	1520131
115596	1520143
115597	1520153
115598	1520159
115599	1520173
115600	1520203
115601	1520213
115602	1520221
115603	1520227
115604	1520251
115605	1520287
115606	1520291
115607	1520329
115608	1520339
115609	1520341
115610	1520347
115611	1520357
115612	1520359
115613	1520381
115614	1520401
115615	1520417
115616	1520423
115617	1520443
115618	1520447
115619	1520473
115620	1520483
115621	1520501
115622	1520503
115623	1520509
115624	1520527
115625	1520537
115626	1520539
115627	1520543
115628	1520549
115629	1520579
115630	1520587
115631	1520611
115632	1520621
115633	1520639
115634	1520653
115635	1520681
115636	1520683
115637	1520689
115638	1520693
115639	1520707
115640	1520711
115641	1520719
115642	1520723
115643	1520747
115644	1520759
115645	1520777
115646	1520801
115647	1520821
115648	1520851
115649	1520879
115650	1520887
115651	1520903
115652	1520923
115653	1520947
115654	1520971
115655	1520983
115656	1520989
115657	1521011
115658	1521017
115659	1521029
115660	1521031
115661	1521043
115662	1521049
115663	1521067
115664	1521089
115665	1521103
115666	1521119
115667	1521133
115668	1521193
115669	1521199
115670	1521209
115671	1521217
115672	1521227
115673	1521229
115674	1521241
115675	1521269
115676	1521281
115677	1521287
115678	1521293
115679	1521301
115680	1521323
115681	1521337
115682	1521361
115683	1521371
115684	1521391
115685	1521397
115686	1521479
115687	1521491
115688	1521497
115689	1521547
115690	1521563
115691	1521571
115692	1521589
115693	1521593
115694	1521599
115695	1521613
115696	1521617
115697	1521623
115698	1521629
115699	1521643
115700	1521649
115701	1521671
115702	1521673
115703	1521677
115704	1521731
115705	1521739
115706	1521757
115707	1521763
115708	1521769
115709	1521781
115710	1521791
115711	1521803
115712	1521809
115713	1521853
115714	1521859
115715	1521869
115716	1521893
115717	1521901
115718	1521913
115719	1521937
115720	1521973
115721	1521983
115722	1521991
115723	1522009
115724	1522019
115725	1522021
115726	1522049
115727	1522051
115728	1522057
115729	1522063
115730	1522067
115731	1522097
115732	1522111
115733	1522127
115734	1522153
115735	1522159
115736	1522187
115737	1522201
115738	1522249
115739	1522253
115740	1522321
115741	1522331
115742	1522343
115743	1522357
115744	1522361
115745	1522363
115746	1522369
115747	1522387
115748	1522399
115749	1522427
115750	1522447
115751	1522457
115752	1522459
115753	1522463
115754	1522483
115755	1522487
115756	1522511
115757	1522517
115758	1522541
115759	1522553
115760	1522579
115761	1522589
115762	1522601
115763	1522607
115764	1522643
115765	1522663
115766	1522681
115767	1522691
115768	1522693
115769	1522711
115770	1522727
115771	1522733
115772	1522769
115773	1522771
115774	1522789
115775	1522799
115776	1522811
115777	1522837
115778	1522841
115779	1522897
115780	1522933
115781	1522951
115782	1522973
115783	1522981
115784	1523003
115785	1523009
115786	1523063
115787	1523069
115788	1523077
115789	1523087
115790	1523089
115791	1523099
115792	1523101
115793	1523107
115794	1523117
115795	1523131
115796	1523141
115797	1523153
115798	1523161
115799	1523177
115800	1523219
115801	1523233
115802	1523261
115803	1523281
115804	1523293
115805	1523297
115806	1523311
115807	1523323
115808	1523329
115809	1523339
115810	1523351
115811	1523369
115812	1523377
115813	1523381
115814	1523393
115815	1523407
115816	1523419
115817	1523429
115818	1523441
115819	1523443
115820	1523453
115821	1523491
115822	1523503
115823	1523507
115824	1523521
115825	1523527
115826	1523531
115827	1523539
115828	1523551
115829	1523563
115830	1523567
115831	1523569
115832	1523581
115833	1523603
115834	1523609
115835	1523617
115836	1523633
115837	1523651
115838	1523653
115839	1523663
115840	1523671
115841	1523701
115842	1523707
115843	1523737
115844	1523749
115845	1523783
115846	1523789
115847	1523801
115848	1523807
115849	1523813
115850	1523849
115851	1523861
115852	1523891
115853	1523917
115854	1523939
115855	1523941
115856	1523953
115857	1523969
115858	1523981
115859	1523983
115860	1523987
115861	1524007
115862	1524013
115863	1524023
115864	1524059
115865	1524071
115866	1524073
115867	1524077
115868	1524079
115869	1524097
115870	1524109
115871	1524113
115872	1524119
115873	1524137
115874	1524139
115875	1524143
115876	1524179
115877	1524181
115878	1524217
115879	1524223
115880	1524241
115881	1524247
115882	1524253
115883	1524277
115884	1524287
115885	1524293
115886	1524319
115887	1524337
115888	1524349
115889	1524359
115890	1524361
115891	1524377
115892	1524379
115893	1524401
115894	1524403
115895	1524409
115896	1524431
115897	1524433
115898	1524449
115899	1524469
115900	1524473
115901	1524493
115902	1524517
115903	1524529
115904	1524533
115905	1524547
115906	1524569
115907	1524571
115908	1524587
115909	1524613
115910	1524629
115911	1524631
115912	1524637
115913	1524641
115914	1524683
115915	1524689
115916	1524697
115917	1524701
115918	1524703
115919	1524707
115920	1524763
115921	1524767
115922	1524773
115923	1524799
115924	1524811
115925	1524827
115926	1524829
115927	1524839
115928	1524841
115929	1524847
115930	1524851
115931	1524871
115932	1524899
115933	1524931
115934	1524953
115935	1524989
115936	1525021
115937	1525031
115938	1525033
115939	1525039
115940	1525049
115941	1525057
115942	1525063
115943	1525067
115944	1525093
115945	1525099
115946	1525109
115947	1525123
115948	1525133
115949	1525157
115950	1525163
115951	1525171
115952	1525207
115953	1525217
115954	1525219
115955	1525229
115956	1525243
115957	1525261
115958	1525267
115959	1525273
115960	1525297
115961	1525331
115962	1525333
115963	1525343
115964	1525351
115965	1525357
115966	1525367
115967	1525409
115968	1525421
115969	1525423
115970	1525471
115971	1525477
115972	1525493
115973	1525501
115974	1525507
115975	1525561
115976	1525571
115977	1525607
115978	1525609
115979	1525633
115980	1525637
115981	1525639
115982	1525669
115983	1525679
115984	1525697
115985	1525703
115986	1525709
115987	1525717
115988	1525723
115989	1525729
115990	1525747
115991	1525763
115992	1525781
115993	1525787
115994	1525819
115995	1525831
115996	1525837
115997	1525859
115998	1525873
115999	1525877
116000	1525921
