102001	1327903
102002	1327933
102003	1327973
102004	1327987
102005	1327999
102006	1328003
102007	1328017
102008	1328051
102009	1328077
102010	1328087
102011	1328099
102012	1328101
102013	1328111
102014	1328143
102015	1328161
102016	1328167
102017	1328179
102018	1328183
102019	1328203
102020	1328207
102021	1328213
102022	1328219
102023	1328231
102024	1328237
102025	1328269
102026	1328279
102027	1328297
102028	1328311
102029	1328317
102030	1328323
102031	1328351
102032	1328357
102033	1328387
102034	1328407
102035	1328417
102036	1328447
102037	1328449
102038	1328473
102039	1328477
102040	1328479
102041	1328491
102042	1328497
102043	1328501
102044	1328507
102045	1328521
102046	1328531
102047	1328539
102048	1328563
102049	1328573
102050	1328603
102051	1328611
102052	1328617
102053	1328647
102054	1328653
102055	1328671
102056	1328683
102057	1328699
102058	1328711
102059	1328729
102060	1328731
102061	1328741
102062	1328749
102063	1328777
102064	1328783
102065	1328797
102066	1328807
102067	1328827
102068	1328843
102069	1328861
102070	1328863
102071	1328891
102072	1328893
102073	1328897
102074	1328909
102075	1328911
102076	1328923
102077	1328927
102078	1328953
102079	1328969
102080	1328981
102081	1329011
102082	1329061
102083	1329067
102084	1329073
102085	1329091
102086	1329103
102087	1329109
102088	1329127
102089	1329131
102090	1329143
102091	1329161
102092	1329197
102093	1329217
102094	1329233
102095	1329241
102096	1329269
102097	1329277
102098	1329283
102099	1329287
102100	1329313
102101	1329337
102102	1329353
102103	1329359
102104	1329371
102105	1329379
102106	1329397
102107	1329407
102108	1329437
102109	1329439
102110	1329457
102111	1329479
102112	1329499
102113	1329509
102114	1329529
102115	1329533
102116	1329541
102117	1329569
102118	1329593
102119	1329599
102120	1329619
102121	1329623
102122	1329631
102123	1329637
102124	1329661
102125	1329673
102126	1329701
102127	1329703
102128	1329707
102129	1329709
102130	1329719
102131	1329721
102132	1329733
102133	1329761
102134	1329763
102135	1329767
102136	1329787
102137	1329799
102138	1329847
102139	1329863
102140	1329871
102141	1329899
102142	1329907
102143	1329941
102144	1329949
102145	1329953
102146	1329971
102147	1330001
102148	1330003
102149	1330009
102150	1330031
102151	1330061
102152	1330073
102153	1330093
102154	1330103
102155	1330111
102156	1330129
102157	1330157
102158	1330177
102159	1330207
102160	1330211
102161	1330213
102162	1330223
102163	1330229
102164	1330237
102165	1330249
102166	1330253
102167	1330309
102168	1330313
102169	1330321
102170	1330337
102171	1330393
102172	1330397
102173	1330411
102174	1330423
102175	1330453
102176	1330487
102177	1330493
102178	1330499
102179	1330501
102180	1330519
102181	1330529
102182	1330541
102183	1330547
102184	1330559
102185	1330577
102186	1330583
102187	1330601
102188	1330603
102189	1330621
102190	1330633
102191	1330649
102192	1330691
102193	1330699
102194	1330727
102195	1330733
102196	1330751
102197	1330783
102198	1330787
102199	1330789
102200	1330831
102201	1330843
102202	1330859
102203	1330867
102204	1330873
102205	1330909
102206	1330933
102207	1330943
102208	1330957
102209	1330961
102210	1330963
102211	1330997
102212	1331023
102213	1331039
102214	1331041
102215	1331051
102216	1331059
102217	1331063
102218	1331093
102219	1331107
102220	1331119
102221	1331123
102222	1331153
102223	1331207
102224	1331227
102225	1331243
102226	1331249
102227	1331251
102228	1331261
102229	1331269
102230	1331279
102231	1331293
102232	1331299
102233	1331327
102234	1331329
102235	1331333
102236	1331339
102237	1331347
102238	1331377
102239	1331381
102240	1331383
102241	1331399
102242	1331411
102243	1331431
102244	1331437
102245	1331443
102246	1331471
102247	1331489
102248	1331497
102249	1331513
102250	1331521
102251	1331527
102252	1331549
102253	1331567
102254	1331573
102255	1331579
102256	1331587
102257	1331591
102258	1331597
102259	1331599
102260	1331611
102261	1331633
102262	1331641
102263	1331647
102264	1331657
102265	1331663
102266	1331683
102267	1331699
102268	1331711
102269	1331719
102270	1331749
102271	1331761
102272	1331773
102273	1331779
102274	1331783
102275	1331789
102276	1331801
102277	1331821
102278	1331851
102279	1331857
102280	1331921
102281	1331923
102282	1331929
102283	1331951
102284	1331959
102285	1331969
102286	1331987
102287	1331989
102288	1332017
102289	1332047
102290	1332059
102291	1332077
102292	1332119
102293	1332127
102294	1332151
102295	1332167
102296	1332169
102297	1332181
102298	1332187
102299	1332193
102300	1332217
102301	1332251
102302	1332277
102303	1332281
102304	1332283
102305	1332313
102306	1332319
102307	1332329
102308	1332343
102309	1332361
102310	1332371
102311	1332379
102312	1332389
102313	1332421
102314	1332427
102315	1332431
102316	1332433
102317	1332439
102318	1332449
102319	1332467
102320	1332479
102321	1332491
102322	1332503
102323	1332509
102324	1332517
102325	1332547
102326	1332553
102327	1332557
102328	1332571
102329	1332587
102330	1332589
102331	1332631
102332	1332649
102333	1332671
102334	1332673
102335	1332691
102336	1332701
102337	1332713
102338	1332719
102339	1332733
102340	1332739
102341	1332757
102342	1332763
102343	1332767
102344	1332769
102345	1332797
102346	1332803
102347	1332823
102348	1332833
102349	1332841
102350	1332847
102351	1332853
102352	1332893
102353	1332913
102354	1332917
102355	1332941
102356	1332949
102357	1332959
102358	1332973
102359	1332979
102360	1332997
102361	1333019
102362	1333027
102363	1333091
102364	1333117
102365	1333121
102366	1333133
102367	1333139
102368	1333141
102369	1333151
102370	1333153
102371	1333169
102372	1333181
102373	1333193
102374	1333219
102375	1333231
102376	1333253
102377	1333261
102378	1333271
102379	1333273
102380	1333289
102381	1333291
102382	1333313
102383	1333331
102384	1333357
102385	1333393
102386	1333411
102387	1333417
102388	1333457
102389	1333483
102390	1333489
102391	1333511
102392	1333537
102393	1333543
102394	1333547
102395	1333567
102396	1333571
102397	1333583
102398	1333597
102399	1333601
102400	1333613
102401	1333621
102402	1333649
102403	1333663
102404	1333669
102405	1333679
102406	1333687
102407	1333691
102408	1333697
102409	1333721
102410	1333723
102411	1333733
102412	1333741
102413	1333751
102414	1333777
102415	1333799
102416	1333807
102417	1333811
102418	1333831
102419	1333841
102420	1333867
102421	1333883
102422	1333889
102423	1333901
102424	1333909
102425	1333919
102426	1333949
102427	1333963
102428	1333967
102429	1333991
102430	1333993
102431	1333999
102432	1334057
102433	1334071
102434	1334077
102435	1334093
102436	1334101
102437	1334107
102438	1334111
102439	1334117
102440	1334119
102441	1334129
102442	1334141
102443	1334233
102444	1334239
102445	1334273
102446	1334287
102447	1334297
102448	1334327
102449	1334329
102450	1334339
102451	1334341
102452	1334353
102453	1334357
102454	1334363
102455	1334369
102456	1334371
102457	1334393
102458	1334401
102459	1334407
102460	1334413
102461	1334423
102462	1334441
102463	1334453
102464	1334461
102465	1334467
102466	1334477
102467	1334491
102468	1334507
102469	1334537
102470	1334549
102471	1334561
102472	1334563
102473	1334569
102474	1334603
102475	1334629
102476	1334633
102477	1334651
102478	1334681
102479	1334717
102480	1334719
102481	1334737
102482	1334743
102483	1334747
102484	1334771
102485	1334797
102486	1334813
102487	1334819
102488	1334833
102489	1334881
102490	1334903
102491	1334933
102492	1334947
102493	1334969
102494	1335007
102495	1335023
102496	1335043
102497	1335053
102498	1335067
102499	1335079
102500	1335137
102501	1335157
102502	1335167
102503	1335199
102504	1335209
102505	1335211
102506	1335233
102507	1335239
102508	1335241
102509	1335259
102510	1335277
102511	1335287
102512	1335289
102513	1335319
102514	1335331
102515	1335343
102516	1335349
102517	1335361
102518	1335371
102519	1335379
102520	1335391
102521	1335407
102522	1335409
102523	1335413
102524	1335431
102525	1335457
102526	1335461
102527	1335497
102528	1335527
102529	1335533
102530	1335557
102531	1335563
102532	1335611
102533	1335617
102534	1335619
102535	1335637
102536	1335641
102537	1335647
102538	1335661
102539	1335667
102540	1335683
102541	1335689
102542	1335743
102543	1335749
102544	1335751
102545	1335781
102546	1335791
102547	1335797
102548	1335847
102549	1335853
102550	1335869
102551	1335889
102552	1335899
102553	1335907
102554	1335941
102555	1335949
102556	1335953
102557	1335977
102558	1335989
102559	1335991
102560	1336003
102561	1336009
102562	1336019
102563	1336021
102564	1336031
102565	1336037
102566	1336039
102567	1336057
102568	1336091
102569	1336103
102570	1336121
102571	1336133
102572	1336141
102573	1336151
102574	1336169
102575	1336171
102576	1336177
102577	1336187
102578	1336189
102579	1336201
102580	1336211
102581	1336229
102582	1336241
102583	1336253
102584	1336261
102585	1336267
102586	1336271
102587	1336273
102588	1336333
102589	1336337
102590	1336339
102591	1336343
102592	1336393
102593	1336399
102594	1336417
102595	1336429
102596	1336453
102597	1336457
102598	1336463
102599	1336469
102600	1336481
102601	1336487
102602	1336493
102603	1336499
102604	1336519
102605	1336529
102606	1336547
102607	1336561
102608	1336567
102609	1336579
102610	1336589
102611	1336597
102612	1336603
102613	1336613
102614	1336619
102615	1336637
102616	1336649
102617	1336663
102618	1336729
102619	1336747
102620	1336781
102621	1336793
102622	1336799
102623	1336801
102624	1336817
102625	1336861
102626	1336873
102627	1336877
102628	1336883
102629	1336891
102630	1336901
102631	1336919
102632	1336927
102633	1336939
102634	1336943
102635	1336949
102636	1336957
102637	1336961
102638	1336963
102639	1336997
102640	1337003
102641	1337023
102642	1337027
102643	1337057
102644	1337071
102645	1337093
102646	1337153
102647	1337159
102648	1337173
102649	1337209
102650	1337227
102651	1337261
102652	1337263
102653	1337267
102654	1337269
102655	1337293
102656	1337299
102657	1337317
102658	1337327
102659	1337333
102660	1337351
102661	1337359
102662	1337363
102663	1337377
102664	1337383
102665	1337389
102666	1337411
102667	1337419
102668	1337431
102669	1337443
102670	1337447
102671	1337459
102672	1337489
102673	1337507
102674	1337527
102675	1337551
102676	1337563
102677	1337591
102678	1337593
102679	1337603
102680	1337617
102681	1337621
102682	1337627
102683	1337629
102684	1337647
102685	1337663
102686	1337671
102687	1337689
102688	1337701
102689	1337723
102690	1337729
102691	1337731
102692	1337753
102693	1337779
102694	1337783
102695	1337801
102696	1337803
102697	1337813
102698	1337851
102699	1337873
102700	1337891
102701	1337899
102702	1337909
102703	1337911
102704	1337969
102705	1337971
102706	1337977
102707	1337981
102708	1337983
102709	1337989
102710	1338013
102711	1338041
102712	1338049
102713	1338101
102714	1338107
102715	1338109
102716	1338167
102717	1338217
102718	1338229
102719	1338241
102720	1338247
102721	1338269
102722	1338277
102723	1338299
102724	1338319
102725	1338331
102726	1338343
102727	1338349
102728	1338361
102729	1338367
102730	1338371
102731	1338377
102732	1338391
102733	1338397
102734	1338413
102735	1338433
102736	1338443
102737	1338451
102738	1338457
102739	1338473
102740	1338479
102741	1338481
102742	1338499
102743	1338517
102744	1338521
102745	1338539
102746	1338551
102747	1338559
102748	1338581
102749	1338587
102750	1338637
102751	1338641
102752	1338647
102753	1338653
102754	1338661
102755	1338671
102756	1338679
102757	1338703
102758	1338731
102759	1338737
102760	1338749
102761	1338751
102762	1338781
102763	1338787
102764	1338791
102765	1338793
102766	1338803
102767	1338809
102768	1338811
102769	1338823
102770	1338851
102771	1338863
102772	1338871
102773	1338877
102774	1338881
102775	1338907
102776	1338923
102777	1338941
102778	1338979
102779	1339001
102780	1339003
102781	1339027
102782	1339031
102783	1339057
102784	1339061
102785	1339069
102786	1339087
102787	1339097
102788	1339109
102789	1339111
102790	1339127
102791	1339147
102792	1339153
102793	1339157
102794	1339187
102795	1339199
102796	1339207
102797	1339211
102798	1339223
102799	1339229
102800	1339259
102801	1339297
102802	1339333
102803	1339337
102804	1339339
102805	1339343
102806	1339357
102807	1339381
102808	1339391
102809	1339399
102810	1339409
102811	1339411
102812	1339427
102813	1339433
102814	1339463
102815	1339487
102816	1339523
102817	1339529
102818	1339567
102819	1339571
102820	1339577
102821	1339601
102822	1339607
102823	1339619
102824	1339627
102825	1339631
102826	1339643
102827	1339661
102828	1339669
102829	1339673
102830	1339687
102831	1339691
102832	1339693
102833	1339711
102834	1339729
102835	1339759
102836	1339777
102837	1339781
102838	1339813
102839	1339817
102840	1339843
102841	1339853
102842	1339859
102843	1339873
102844	1339901
102845	1339903
102846	1339907
102847	1339909
102848	1339931
102849	1339951
102850	1339969
102851	1339973
102852	1339993
102853	1340011
102854	1340021
102855	1340033
102856	1340039
102857	1340041
102858	1340047
102859	1340069
102860	1340071
102861	1340083
102862	1340107
102863	1340113
102864	1340149
102865	1340153
102866	1340159
102867	1340179
102868	1340221
102869	1340237
102870	1340243
102871	1340281
102872	1340291
102873	1340321
102874	1340323
102875	1340327
102876	1340329
102877	1340333
102878	1340357
102879	1340359
102880	1340363
102881	1340369
102882	1340387
102883	1340401
102884	1340407
102885	1340411
102886	1340419
102887	1340441
102888	1340447
102889	1340459
102890	1340477
102891	1340489
102892	1340491
102893	1340497
102894	1340527
102895	1340557
102896	1340561
102897	1340587
102898	1340617
102899	1340627
102900	1340639
102901	1340653
102902	1340681
102903	1340687
102904	1340701
102905	1340707
102906	1340723
102907	1340743
102908	1340747
102909	1340749
102910	1340753
102911	1340761
102912	1340767
102913	1340777
102914	1340789
102915	1340797
102916	1340803
102917	1340827
102918	1340837
102919	1340861
102920	1340879
102921	1340891
102922	1340897
102923	1340903
102924	1340929
102925	1340947
102926	1340959
102927	1340981
102928	1341007
102929	1341017
102930	1341019
102931	1341023
102932	1341071
102933	1341073
102934	1341089
102935	1341097
102936	1341101
102937	1341103
102938	1341121
102939	1341143
102940	1341167
102941	1341173
102942	1341187
102943	1341203
102944	1341209
102945	1341217
102946	1341257
102947	1341259
102948	1341293
102949	1341313
102950	1341323
102951	1341359
102952	1341371
102953	1341409
102954	1341433
102955	1341437
102956	1341443
102957	1341449
102958	1341467
102959	1341469
102960	1341481
102961	1341491
102962	1341493
102963	1341523
102964	1341539
102965	1341547
102966	1341551
102967	1341553
102968	1341559
102969	1341577
102970	1341581
102971	1341611
102972	1341617
102973	1341619
102974	1341677
102975	1341689
102976	1341701
102977	1341707
102978	1341713
102979	1341733
102980	1341737
102981	1341757
102982	1341779
102983	1341787
102984	1341839
102985	1341841
102986	1341863
102987	1341869
102988	1341871
102989	1341877
102990	1341881
102991	1341883
102992	1341911
102993	1341919
102994	1341931
102995	1341947
102996	1341983
102997	1342001
102998	1342007
102999	1342049
103000	1342051
