197001	2705249
197002	2705251
197003	2705257
197004	2705291
197005	2705299
197006	2705317
197007	2705321
197008	2705341
197009	2705359
197010	2705377
197011	2705383
197012	2705413
197013	2705419
197014	2705441
197015	2705447
197016	2705471
197017	2705509
197018	2705519
197019	2705531
197020	2705537
197021	2705539
197022	2705561
197023	2705569
197024	2705617
197025	2705623
197026	2705627
197027	2705629
197028	2705641
197029	2705663
197030	2705687
197031	2705693
197032	2705741
197033	2705761
197034	2705779
197035	2705819
197036	2705821
197037	2705827
197038	2705831
197039	2705849
197040	2705851
197041	2705863
197042	2705869
197043	2705909
197044	2705933
197045	2705939
197046	2705951
197047	2705957
197048	2705971
197049	2705977
197050	2705981
197051	2705993
197052	2706017
197053	2706029
197054	2706047
197055	2706059
197056	2706061
197057	2706073
197058	2706079
197059	2706089
197060	2706097
197061	2706101
197062	2706107
197063	2706139
197064	2706149
197065	2706163
197066	2706167
197067	2706169
197068	2706173
197069	2706211
197070	2706241
197071	2706257
197072	2706283
197073	2706293
197074	2706313
197075	2706317
197076	2706323
197077	2706337
197078	2706343
197079	2706391
197080	2706413
197081	2706419
197082	2706427
197083	2706437
197084	2706443
197085	2706481
197086	2706503
197087	2706527
197088	2706559
197089	2706563
197090	2706577
197091	2706593
197092	2706601
197093	2706629
197094	2706637
197095	2706653
197096	2706667
197097	2706673
197098	2706677
197099	2706679
197100	2706701
197101	2706719
197102	2706727
197103	2706731
197104	2706787
197105	2706793
197106	2706799
197107	2706817
197108	2706841
197109	2706857
197110	2706923
197111	2706929
197112	2706953
197113	2706959
197114	2706967
197115	2706971
197116	2706973
197117	2706989
197118	2707007
197119	2707037
197120	2707039
197121	2707049
197122	2707057
197123	2707073
197124	2707079
197125	2707087
197126	2707091
197127	2707099
197128	2707109
197129	2707127
197130	2707129
197131	2707163
197132	2707183
197133	2707213
197134	2707223
197135	2707273
197136	2707283
197137	2707297
197138	2707319
197139	2707321
197140	2707339
197141	2707343
197142	2707349
197143	2707357
197144	2707373
197145	2707379
197146	2707387
197147	2707391
197148	2707417
197149	2707423
197150	2707457
197151	2707459
197152	2707477
197153	2707489
197154	2707499
197155	2707501
197156	2707511
197157	2707541
197158	2707559
197159	2707589
197160	2707591
197161	2707603
197162	2707609
197163	2707619
197164	2707651
197165	2707657
197166	2707699
197167	2707703
197168	2707711
197169	2707739
197170	2707741
197171	2707751
197172	2707769
197173	2707781
197174	2707799
197175	2707801
197176	2707841
197177	2707843
197178	2707847
197179	2707853
197180	2707867
197181	2707897
197182	2707909
197183	2707921
197184	2707931
197185	2707961
197186	2707967
197187	2707979
197188	2707987
197189	2708053
197190	2708071
197191	2708077
197192	2708099
197193	2708149
197194	2708171
197195	2708177
197196	2708201
197197	2708213
197198	2708221
197199	2708243
197200	2708249
197201	2708257
197202	2708261
197203	2708263
197204	2708267
197205	2708291
197206	2708297
197207	2708309
197208	2708311
197209	2708327
197210	2708333
197211	2708347
197212	2708351
197213	2708371
197214	2708401
197215	2708417
197216	2708429
197217	2708443
197218	2708467
197219	2708477
197220	2708483
197221	2708509
197222	2708521
197223	2708533
197224	2708543
197225	2708551
197226	2708557
197227	2708581
197228	2708597
197229	2708603
197230	2708611
197231	2708623
197232	2708633
197233	2708647
197234	2708653
197235	2708663
197236	2708669
197237	2708681
197238	2708683
197239	2708689
197240	2708701
197241	2708711
197242	2708737
197243	2708753
197244	2708767
197245	2708801
197246	2708809
197247	2708813
197248	2708819
197249	2708821
197250	2708833
197251	2708837
197252	2708843
197253	2708851
197254	2708869
197255	2708879
197256	2708891
197257	2708903
197258	2708941
197259	2708983
197260	2708999
197261	2709019
197262	2709023
197263	2709061
197264	2709073
197265	2709079
197266	2709097
197267	2709107
197268	2709167
197269	2709169
197270	2709173
197271	2709197
197272	2709199
197273	2709233
197274	2709253
197275	2709257
197276	2709263
197277	2709269
197278	2709271
197279	2709283
197280	2709293
197281	2709313
197282	2709319
197283	2709323
197284	2709359
197285	2709361
197286	2709391
197287	2709397
197288	2709467
197289	2709479
197290	2709481
197291	2709491
197292	2709517
197293	2709569
197294	2709583
197295	2709589
197296	2709593
197297	2709599
197298	2709601
197299	2709611
197300	2709643
197301	2709659
197302	2709667
197303	2709671
197304	2709677
197305	2709709
197306	2709713
197307	2709727
197308	2709737
197309	2709739
197310	2709767
197311	2709781
197312	2709787
197313	2709793
197314	2709797
197315	2709821
197316	2709823
197317	2709841
197318	2709859
197319	2709871
197320	2709877
197321	2709887
197322	2709899
197323	2709907
197324	2709923
197325	2710003
197326	2710007
197327	2710009
197328	2710013
197329	2710039
197330	2710063
197331	2710087
197332	2710093
197333	2710111
197334	2710117
197335	2710151
197336	2710177
197337	2710187
197338	2710189
197339	2710193
197340	2710207
197341	2710241
197342	2710249
197343	2710273
197344	2710289
197345	2710303
197346	2710313
197347	2710321
197348	2710339
197349	2710363
197350	2710373
197351	2710381
197352	2710397
197353	2710399
197354	2710403
197355	2710439
197356	2710441
197357	2710447
197358	2710451
197359	2710453
197360	2710457
197361	2710517
197362	2710541
197363	2710553
197364	2710571
197365	2710621
197366	2710649
197367	2710663
197368	2710679
197369	2710681
197370	2710693
197371	2710699
197372	2710723
197373	2710759
197374	2710777
197375	2710781
197376	2710823
197377	2710831
197378	2710847
197379	2710861
197380	2710867
197381	2710889
197382	2710907
197383	2710909
197384	2710921
197385	2710927
197386	2710931
197387	2710933
197388	2710937
197389	2710943
197390	2710957
197391	2710963
197392	2710969
197393	2710997
197394	2711017
197395	2711039
197396	2711047
197397	2711057
197398	2711077
197399	2711081
197400	2711087
197401	2711089
197402	2711099
197403	2711119
197404	2711153
197405	2711197
197406	2711213
197407	2711231
197408	2711237
197409	2711287
197410	2711327
197411	2711329
197412	2711333
197413	2711339
197414	2711341
197415	2711351
197416	2711363
197417	2711377
197418	2711399
197419	2711411
197420	2711417
197421	2711431
197422	2711437
197423	2711459
197424	2711461
197425	2711497
197426	2711503
197427	2711521
197428	2711549
197429	2711567
197430	2711573
197431	2711591
197432	2711629
197433	2711647
197434	2711669
197435	2711707
197436	2711717
197437	2711729
197438	2711743
197439	2711747
197440	2711771
197441	2711777
197442	2711783
197443	2711803
197444	2711827
197445	2711837
197446	2711867
197447	2711873
197448	2711899
197449	2711921
197450	2711939
197451	2711941
197452	2711977
197453	2711981
197454	2712001
197455	2712007
197456	2712011
197457	2712019
197458	2712037
197459	2712043
197460	2712049
197461	2712067
197462	2712077
197463	2712089
197464	2712119
197465	2712131
197466	2712133
197467	2712161
197468	2712173
197469	2712179
197470	2712181
197471	2712223
197472	2712233
197473	2712239
197474	2712251
197475	2712253
197476	2712257
197477	2712287
197478	2712293
197479	2712317
197480	2712329
197481	2712337
197482	2712371
197483	2712373
197484	2712377
197485	2712379
197486	2712389
197487	2712419
197488	2712427
197489	2712431
197490	2712443
197491	2712449
197492	2712481
197493	2712491
197494	2712517
197495	2712529
197496	2712533
197497	2712539
197498	2712547
197499	2712553
197500	2712559
197501	2712583
197502	2712587
197503	2712613
197504	2712637
197505	2712641
197506	2712653
197507	2712659
197508	2712667
197509	2712691
197510	2712709
197511	2712713
197512	2712719
197513	2712733
197514	2712767
197515	2712769
197516	2712811
197517	2712823
197518	2712851
197519	2712859
197520	2712883
197521	2712893
197522	2712923
197523	2712943
197524	2712947
197525	2712971
197526	2712973
197527	2712989
197528	2713003
197529	2713019
197530	2713033
197531	2713043
197532	2713049
197533	2713069
197534	2713079
197535	2713111
197536	2713127
197537	2713133
197538	2713157
197539	2713177
197540	2713189
197541	2713223
197542	2713237
197543	2713253
197544	2713259
197545	2713267
197546	2713273
197547	2713283
197548	2713289
197549	2713297
197550	2713301
197551	2713309
197552	2713313
197553	2713349
197554	2713369
197555	2713391
197556	2713411
197557	2713423
197558	2713427
197559	2713453
197560	2713457
197561	2713493
197562	2713499
197563	2713507
197564	2713531
197565	2713541
197566	2713553
197567	2713577
197568	2713589
197569	2713603
197570	2713619
197571	2713649
197572	2713651
197573	2713657
197574	2713673
197575	2713679
197576	2713703
197577	2713717
197578	2713721
197579	2713783
197580	2713811
197581	2713813
197582	2713817
197583	2713853
197584	2713871
197585	2713873
197586	2713883
197587	2713933
197588	2713937
197589	2713939
197590	2713943
197591	2713961
197592	2713967
197593	2713973
197594	2713981
197595	2713993
197596	2714009
197597	2714011
197598	2714021
197599	2714027
197600	2714029
197601	2714039
197602	2714057
197603	2714071
197604	2714083
197605	2714087
197606	2714099
197607	2714111
197608	2714141
197609	2714167
197610	2714171
197611	2714221
197612	2714227
197613	2714249
197614	2714263
197615	2714273
197616	2714279
197617	2714281
197618	2714287
197619	2714293
197620	2714303
197621	2714311
197622	2714353
197623	2714377
197624	2714389
197625	2714419
197626	2714443
197627	2714449
197628	2714507
197629	2714513
197630	2714539
197631	2714557
197632	2714563
197633	2714567
197634	2714573
197635	2714597
197636	2714609
197637	2714617
197638	2714627
197639	2714629
197640	2714641
197641	2714659
197642	2714707
197643	2714711
197644	2714729
197645	2714731
197646	2714737
197647	2714743
197648	2714749
197649	2714753
197650	2714783
197651	2714791
197652	2714807
197653	2714813
197654	2714837
197655	2714843
197656	2714867
197657	2714903
197658	2714909
197659	2714941
197660	2714947
197661	2714953
197662	2714963
197663	2714983
197664	2715007
197665	2715071
197666	2715079
197667	2715101
197668	2715109
197669	2715113
197670	2715161
197671	2715169
197672	2715191
197673	2715211
197674	2715217
197675	2715221
197676	2715247
197677	2715263
197678	2715269
197679	2715281
197680	2715283
197681	2715287
197682	2715289
197683	2715313
197684	2715329
197685	2715337
197686	2715353
197687	2715367
197688	2715371
197689	2715409
197690	2715413
197691	2715421
197692	2715437
197693	2715439
197694	2715457
197695	2715469
197696	2715481
197697	2715487
197698	2715491
197699	2715497
197700	2715521
197701	2715523
197702	2715533
197703	2715547
197704	2715551
197705	2715571
197706	2715599
197707	2715607
197708	2715617
197709	2715619
197710	2715623
197711	2715637
197712	2715649
197713	2715653
197714	2715683
197715	2715701
197716	2715737
197717	2715749
197718	2715787
197719	2715793
197720	2715809
197721	2715847
197722	2715851
197723	2715857
197724	2715859
197725	2715893
197726	2715899
197727	2715913
197728	2715929
197729	2715931
197730	2715949
197731	2715959
197732	2715961
197733	2715983
197734	2715997
197735	2716027
197736	2716061
197737	2716067
197738	2716079
197739	2716117
197740	2716157
197741	2716159
197742	2716163
197743	2716187
197744	2716201
197745	2716223
197746	2716237
197747	2716249
197748	2716253
197749	2716261
197750	2716279
197751	2716289
197752	2716309
197753	2716319
197754	2716327
197755	2716333
197756	2716349
197757	2716393
197758	2716397
197759	2716423
197760	2716451
197761	2716453
197762	2716457
197763	2716463
197764	2716471
197765	2716501
197766	2716523
197767	2716541
197768	2716543
197769	2716579
197770	2716591
197771	2716603
197772	2716613
197773	2716661
197774	2716669
197775	2716687
197776	2716699
197777	2716709
197778	2716711
197779	2716729
197780	2716733
197781	2716739
197782	2716751
197783	2716759
197784	2716771
197785	2716781
197786	2716789
197787	2716811
197788	2716823
197789	2716843
197790	2716849
197791	2716853
197792	2716907
197793	2716913
197794	2716927
197795	2716951
197796	2716969
197797	2716979
197798	2716993
197799	2716997
197800	2716999
197801	2717027
197802	2717063
197803	2717069
197804	2717087
197805	2717089
197806	2717107
197807	2717129
197808	2717131
197809	2717137
197810	2717147
197811	2717149
197812	2717159
197813	2717173
197814	2717177
197815	2717189
197816	2717201
197817	2717219
197818	2717227
197819	2717233
197820	2717249
197821	2717251
197822	2717287
197823	2717291
197824	2717293
197825	2717321
197826	2717327
197827	2717339
197828	2717359
197829	2717369
197830	2717401
197831	2717411
197832	2717413
197833	2717423
197834	2717441
197835	2717447
197836	2717461
197837	2717497
197838	2717509
197839	2717527
197840	2717549
197841	2717563
197842	2717567
197843	2717573
197844	2717581
197845	2717593
197846	2717609
197847	2717623
197848	2717629
197849	2717639
197850	2717651
197851	2717653
197852	2717683
197853	2717711
197854	2717713
197855	2717731
197856	2717753
197857	2717783
197858	2717791
197859	2717821
197860	2717831
197861	2717833
197862	2717839
197863	2717873
197864	2717881
197865	2717899
197866	2717903
197867	2717921
197868	2717929
197869	2717993
197870	2718017
197871	2718041
197872	2718059
197873	2718061
197874	2718097
197875	2718101
197876	2718103
197877	2718109
197878	2718127
197879	2718137
197880	2718139
197881	2718143
197882	2718169
197883	2718179
197884	2718187
197885	2718193
197886	2718203
197887	2718223
197888	2718227
197889	2718229
197890	2718241
197891	2718251
197892	2718263
197893	2718269
197894	2718277
197895	2718281
197896	2718293
197897	2718299
197898	2718319
197899	2718329
197900	2718337
197901	2718367
197902	2718371
197903	2718383
197904	2718389
197905	2718409
197906	2718413
197907	2718437
197908	2718449
197909	2718461
197910	2718493
197911	2718497
197912	2718509
197913	2718523
197914	2718533
197915	2718553
197916	2718557
197917	2718559
197918	2718571
197919	2718601
197920	2718613
197921	2718629
197922	2718647
197923	2718671
197924	2718673
197925	2718679
197926	2718713
197927	2718719
197928	2718743
197929	2718773
197930	2718799
197931	2718811
197932	2718817
197933	2718823
197934	2718829
197935	2718839
197936	2718841
197937	2718851
197938	2718857
197939	2718869
197940	2718883
197941	2718887
197942	2718889
197943	2718901
197944	2718907
197945	2718931
197946	2718941
197947	2718949
197948	2718959
197949	2718967
197950	2718971
197951	2718973
197952	2718983
197953	2719001
197954	2719009
197955	2719027
197956	2719043
197957	2719081
197958	2719111
197959	2719117
197960	2719121
197961	2719139
197962	2719141
197963	2719151
197964	2719153
197965	2719169
197966	2719187
197967	2719193
197968	2719207
197969	2719219
197970	2719231
197971	2719273
197972	2719291
197973	2719307
197974	2719331
197975	2719349
197976	2719357
197977	2719391
197978	2719393
197979	2719403
197980	2719411
197981	2719421
197982	2719427
197983	2719433
197984	2719447
197985	2719459
197986	2719471
197987	2719477
197988	2719481
197989	2719501
197990	2719511
197991	2719517
197992	2719523
197993	2719529
197994	2719531
197995	2719553
197996	2719559
197997	2719567
197998	2719583
197999	2719601
198000	2719631
