190001	2601869
190002	2601899
190003	2601913
190004	2601931
190005	2601943
190006	2601979
190007	2601997
190008	2602007
190009	2602009
190010	2602043
190011	2602057
190012	2602073
190013	2602081
190014	2602087
190015	2602097
190016	2602111
190017	2602121
190018	2602163
190019	2602169
190020	2602177
190021	2602189
190022	2602217
190023	2602261
190024	2602267
190025	2602273
190026	2602279
190027	2602283
190028	2602291
190029	2602307
190030	2602319
190031	2602331
190032	2602333
190033	2602337
190034	2602349
190035	2602351
190036	2602367
190037	2602399
190038	2602417
190039	2602429
190040	2602441
190041	2602447
190042	2602451
190043	2602463
190044	2602477
190045	2602507
190046	2602511
190047	2602541
190048	2602571
190049	2602573
190050	2602597
190051	2602603
190052	2602637
190053	2602673
190054	2602679
190055	2602681
190056	2602693
190057	2602697
190058	2602711
190059	2602723
190060	2602741
190061	2602771
190062	2602781
190063	2602783
190064	2602793
190065	2602849
190066	2602877
190067	2602879
190068	2602889
190069	2602909
190070	2602927
190071	2602937
190072	2602939
190073	2602973
190074	2602993
190075	2603033
190076	2603047
190077	2603059
190078	2603063
190079	2603077
190080	2603087
190081	2603093
190082	2603099
190083	2603141
190084	2603143
190085	2603219
190086	2603231
190087	2603233
190088	2603239
190089	2603269
190090	2603281
190091	2603291
190092	2603299
190093	2603311
190094	2603333
190095	2603353
190096	2603369
190097	2603371
190098	2603389
190099	2603401
190100	2603429
190101	2603441
190102	2603443
190103	2603467
190104	2603479
190105	2603483
190106	2603509
190107	2603537
190108	2603543
190109	2603561
190110	2603563
190111	2603569
190112	2603581
190113	2603617
190114	2603621
190115	2603639
190116	2603647
190117	2603677
190118	2603681
190119	2603701
190120	2603719
190121	2603723
190122	2603743
190123	2603759
190124	2603789
190125	2603791
190126	2603819
190127	2603831
190128	2603849
190129	2603851
190130	2603857
190131	2603879
190132	2603897
190133	2603911
190134	2603921
190135	2603927
190136	2603929
190137	2603933
190138	2603981
190139	2604011
190140	2604013
190141	2604053
190142	2604061
190143	2604071
190144	2604079
190145	2604101
190146	2604127
190147	2604139
190148	2604163
190149	2604167
190150	2604187
190151	2604191
190152	2604211
190153	2604227
190154	2604253
190155	2604257
190156	2604263
190157	2604269
190158	2604289
190159	2604293
190160	2604299
190161	2604307
190162	2604347
190163	2604377
190164	2604391
190165	2604401
190166	2604431
190167	2604439
190168	2604499
190169	2604509
190170	2604521
190171	2604523
190172	2604529
190173	2604557
190174	2604559
190175	2604583
190176	2604593
190177	2604601
190178	2604611
190179	2604617
190180	2604647
190181	2604661
190182	2604671
190183	2604677
190184	2604683
190185	2604703
190186	2604731
190187	2604733
190188	2604737
190189	2604739
190190	2604743
190191	2604769
190192	2604779
190193	2604799
190194	2604803
190195	2604821
190196	2604829
190197	2604839
190198	2604857
190199	2604869
190200	2604887
190201	2604907
190202	2604913
190203	2604949
190204	2604977
190205	2604997
190206	2605007
190207	2605013
190208	2605019
190209	2605021
190210	2605039
190211	2605073
190212	2605081
190213	2605087
190214	2605091
190215	2605103
190216	2605139
190217	2605159
190218	2605171
190219	2605177
190220	2605189
190221	2605201
190222	2605231
190223	2605237
190224	2605243
190225	2605259
190226	2605289
190227	2605303
190228	2605313
190229	2605319
190230	2605349
190231	2605363
190232	2605373
190233	2605387
190234	2605391
190235	2605409
190236	2605411
190237	2605433
190238	2605439
190239	2605481
190240	2605483
190241	2605501
190242	2605523
190243	2605529
190244	2605531
190245	2605543
190246	2605579
190247	2605609
190248	2605613
190249	2605627
190250	2605637
190251	2605661
190252	2605663
190253	2605741
190254	2605747
190255	2605751
190256	2605753
190257	2605763
190258	2605769
190259	2605781
190260	2605787
190261	2605819
190262	2605847
190263	2605849
190264	2605871
190265	2605909
190266	2605927
190267	2605931
190268	2605943
190269	2605949
190270	2605979
190271	2605987
190272	2605991
190273	2606011
190274	2606017
190275	2606039
190276	2606041
190277	2606053
190278	2606069
190279	2606129
190280	2606161
190281	2606171
190282	2606179
190283	2606183
190284	2606189
190285	2606221
190286	2606231
190287	2606251
190288	2606267
190289	2606269
190290	2606281
190291	2606297
190292	2606311
190293	2606353
190294	2606377
190295	2606393
190296	2606407
190297	2606431
190298	2606437
190299	2606459
190300	2606473
190301	2606489
190302	2606497
190303	2606503
190304	2606509
190305	2606519
190306	2606551
190307	2606579
190308	2606587
190309	2606603
190310	2606633
190311	2606651
190312	2606677
190313	2606683
190314	2606693
190315	2606717
190316	2606731
190317	2606741
190318	2606753
190319	2606767
190320	2606771
190321	2606783
190322	2606803
190323	2606809
190324	2606833
190325	2606873
190326	2606881
190327	2606887
190328	2606917
190329	2606927
190330	2606939
190331	2606941
190332	2606951
190333	2606963
190334	2606969
190335	2606999
190336	2607029
190337	2607041
190338	2607061
190339	2607083
190340	2607097
190341	2607107
190342	2607109
190343	2607139
190344	2607167
190345	2607169
190346	2607173
190347	2607179
190348	2607181
190349	2607217
190350	2607271
190351	2607277
190352	2607289
190353	2607301
190354	2607337
190355	2607347
190356	2607359
190357	2607373
190358	2607377
190359	2607383
190360	2607403
190361	2607413
190362	2607431
190363	2607461
190364	2607469
190365	2607481
190366	2607491
190367	2607509
190368	2607523
190369	2607529
190370	2607551
190371	2607557
190372	2607571
190373	2607581
190374	2607587
190375	2607589
190376	2607599
190377	2607601
190378	2607637
190379	2607659
190380	2607673
190381	2607677
190382	2607721
190383	2607733
190384	2607743
190385	2607791
190386	2607793
190387	2607799
190388	2607823
190389	2607827
190390	2607853
190391	2607863
190392	2607929
190393	2607973
190394	2607989
190395	2607991
190396	2608007
190397	2608013
190398	2608033
190399	2608037
190400	2608049
190401	2608091
190402	2608097
190403	2608103
190404	2608117
190405	2608121
190406	2608127
190407	2608129
190408	2608139
190409	2608147
190410	2608159
190411	2608169
190412	2608181
190413	2608211
190414	2608219
190415	2608237
190416	2608253
190417	2608283
190418	2608303
190419	2608313
190420	2608349
190421	2608351
190422	2608367
190423	2608369
190424	2608381
190425	2608387
190426	2608393
190427	2608409
190428	2608439
190429	2608447
190430	2608471
190431	2608483
190432	2608513
190433	2608517
190434	2608519
190435	2608549
190436	2608559
190437	2608561
190438	2608577
190439	2608583
190440	2608589
190441	2608601
190442	2608631
190443	2608649
190444	2608663
190445	2608693
190446	2608699
190447	2608703
190448	2608721
190449	2608733
190450	2608741
190451	2608751
190452	2608763
190453	2608777
190454	2608813
190455	2608847
190456	2608861
190457	2608873
190458	2608883
190459	2608889
190460	2608897
190461	2608919
190462	2608933
190463	2608943
190464	2608951
190465	2608993
190466	2609021
190467	2609027
190468	2609029
190469	2609059
190470	2609069
190471	2609071
190472	2609081
190473	2609083
190474	2609107
190475	2609147
190476	2609171
190477	2609207
190478	2609209
190479	2609219
190480	2609231
190481	2609237
190482	2609249
190483	2609261
190484	2609263
190485	2609267
190486	2609287
190487	2609297
190488	2609309
190489	2609311
190490	2609329
190491	2609339
190492	2609353
190493	2609357
190494	2609371
190495	2609377
190496	2609401
190497	2609407
190498	2609413
190499	2609417
190500	2609423
190501	2609443
190502	2609471
190503	2609489
190504	2609491
190505	2609501
190506	2609513
190507	2609521
190508	2609533
190509	2609539
190510	2609587
190511	2609597
190512	2609599
190513	2609639
190514	2609657
190515	2609671
190516	2609683
190517	2609693
190518	2609699
190519	2609701
190520	2609731
190521	2609753
190522	2609767
190523	2609777
190524	2609791
190525	2609809
190526	2609813
190527	2609899
190528	2609903
190529	2609911
190530	2609947
190531	2609953
190532	2609963
190533	2609989
190534	2610059
190535	2610077
190536	2610089
190537	2610121
190538	2610131
190539	2610133
190540	2610137
190541	2610161
190542	2610191
190543	2610193
190544	2610199
190545	2610211
190546	2610221
190547	2610227
190548	2610233
190549	2610241
190550	2610259
190551	2610263
190552	2610287
190553	2610317
190554	2610341
190555	2610343
190556	2610359
190557	2610379
190558	2610383
190559	2610449
190560	2610451
190561	2610463
190562	2610473
190563	2610497
190564	2610499
190565	2610529
190566	2610533
190567	2610539
190568	2610577
190569	2610583
190570	2610589
190571	2610607
190572	2610611
190573	2610613
190574	2610623
190575	2610649
190576	2610653
190577	2610677
190578	2610679
190579	2610701
190580	2610719
190581	2610721
190582	2610737
190583	2610761
190584	2610781
190585	2610787
190586	2610791
190587	2610821
190588	2610823
190589	2610827
190590	2610859
190591	2610889
190592	2610901
190593	2610919
190594	2610929
190595	2610943
190596	2610953
190597	2610967
190598	2610973
190599	2610977
190600	2610989
190601	2611001
190602	2611009
190603	2611027
190604	2611039
190605	2611043
190606	2611051
190607	2611061
190608	2611087
190609	2611093
190610	2611111
190611	2611117
190612	2611123
190613	2611139
190614	2611157
190615	2611159
190616	2611199
190617	2611207
190618	2611211
190619	2611229
190620	2611237
190621	2611277
190622	2611291
190623	2611321
190624	2611361
190625	2611369
190626	2611391
190627	2611403
190628	2611439
190629	2611457
190630	2611481
190631	2611487
190632	2611507
190633	2611513
190634	2611529
190635	2611541
190636	2611559
190637	2611573
190638	2611579
190639	2611597
190640	2611603
190641	2611613
190642	2611621
190643	2611633
190644	2611639
190645	2611643
190646	2611663
190647	2611667
190648	2611669
190649	2611699
190650	2611703
190651	2611723
190652	2611729
190653	2611733
190654	2611751
190655	2611799
190656	2611801
190657	2611813
190658	2611841
190659	2611849
190660	2611859
190661	2611879
190662	2611901
190663	2611907
190664	2611909
190665	2611937
190666	2611951
190667	2611963
190668	2611979
190669	2611981
190670	2611991
190671	2611997
190672	2612003
190673	2612017
190674	2612021
190675	2612039
190676	2612083
190677	2612123
190678	2612131
190679	2612143
190680	2612167
190681	2612171
190682	2612201
190683	2612209
190684	2612243
190685	2612249
190686	2612251
190687	2612257
190688	2612287
190689	2612297
190690	2612321
190691	2612327
190692	2612333
190693	2612341
190694	2612347
190695	2612353
190696	2612369
190697	2612377
190698	2612383
190699	2612399
190700	2612411
190701	2612413
190702	2612419
190703	2612429
190704	2612431
190705	2612437
190706	2612471
190707	2612483
190708	2612497
190709	2612503
190710	2612507
190711	2612521
190712	2612537
190713	2612539
190714	2612549
190715	2612647
190716	2612651
190717	2612677
190718	2612699
190719	2612707
190720	2612719
190721	2612749
190722	2612759
190723	2612789
190724	2612791
190725	2612821
190726	2612843
190727	2612851
190728	2612867
190729	2612873
190730	2612879
190731	2612881
190732	2612893
190733	2612921
190734	2612927
190735	2612947
190736	2612957
190737	2612969
190738	2612983
190739	2612989
190740	2612999
190741	2613011
190742	2613029
190743	2613041
190744	2613043
190745	2613073
190746	2613077
190747	2613109
190748	2613113
190749	2613133
190750	2613139
190751	2613151
190752	2613167
190753	2613187
190754	2613197
190755	2613211
190756	2613227
190757	2613229
190758	2613313
190759	2613323
190760	2613343
190761	2613349
190762	2613353
190763	2613361
190764	2613371
190765	2613389
190766	2613397
190767	2613449
190768	2613487
190769	2613503
190770	2613521
190771	2613539
190772	2613547
190773	2613601
190774	2613607
190775	2613613
190776	2613647
190777	2613649
190778	2613671
190779	2613673
190780	2613679
190781	2613701
190782	2613707
190783	2613713
190784	2613719
190785	2613727
190786	2613731
190787	2613739
190788	2613757
190789	2613761
190790	2613763
190791	2613769
190792	2613817
190793	2613829
190794	2613833
190795	2613839
190796	2613847
190797	2613883
190798	2613899
190799	2613901
190800	2613931
190801	2613953
190802	2613977
190803	2613979
190804	2613983
190805	2613991
190806	2613997
190807	2614043
190808	2614061
190809	2614063
190810	2614067
190811	2614069
190812	2614081
190813	2614103
190814	2614121
190815	2614123
190816	2614133
190817	2614159
190818	2614163
190819	2614169
190820	2614177
190821	2614181
190822	2614193
190823	2614211
190824	2614219
190825	2614223
190826	2614237
190827	2614279
190828	2614301
190829	2614303
190830	2614307
190831	2614327
190832	2614333
190833	2614351
190834	2614361
190835	2614363
190836	2614369
190837	2614373
190838	2614393
190839	2614397
190840	2614427
190841	2614429
190842	2614453
190843	2614459
190844	2614463
190845	2614471
190846	2614487
190847	2614499
190848	2614511
190849	2614517
190850	2614519
190851	2614559
190852	2614567
190853	2614607
190854	2614613
190855	2614621
190856	2614627
190857	2614631
190858	2614681
190859	2614687
190860	2614691
190861	2614697
190862	2614699
190863	2614739
190864	2614747
190865	2614763
190866	2614769
190867	2614771
190868	2614793
190869	2614811
190870	2614817
190871	2614823
190872	2614841
190873	2614849
190874	2614853
190875	2614883
190876	2614987
190877	2614993
190878	2614999
190879	2615047
190880	2615051
190881	2615069
190882	2615083
190883	2615089
190884	2615101
190885	2615111
190886	2615113
190887	2615117
190888	2615147
190889	2615177
190890	2615183
190891	2615189
190892	2615209
190893	2615219
190894	2615227
190895	2615233
190896	2615243
190897	2615257
190898	2615279
190899	2615281
190900	2615287
190901	2615299
190902	2615309
190903	2615317
190904	2615329
190905	2615341
190906	2615351
190907	2615357
190908	2615359
190909	2615383
190910	2615441
190911	2615447
190912	2615449
190913	2615461
190914	2615477
190915	2615519
190916	2615527
190917	2615531
190918	2615533
190919	2615551
190920	2615581
190921	2615593
190922	2615617
190923	2615623
190924	2615651
190925	2615653
190926	2615659
190927	2615681
190928	2615699
190929	2615707
190930	2615719
190931	2615731
190932	2615737
190933	2615761
190934	2615779
190935	2615783
190936	2615791
190937	2615797
190938	2615803
190939	2615827
190940	2615831
190941	2615839
190942	2615857
190943	2615861
190944	2615869
190945	2615897
190946	2615903
190947	2615917
190948	2615929
190949	2615953
190950	2615957
190951	2615959
190952	2615969
190953	2615971
190954	2615981
190955	2615983
190956	2615989
190957	2615999
190958	2616007
190959	2616017
190960	2616023
190961	2616041
190962	2616071
190963	2616139
190964	2616143
190965	2616179
190966	2616191
190967	2616193
190968	2616199
190969	2616209
190970	2616217
190971	2616221
190972	2616241
190973	2616269
190974	2616277
190975	2616287
190976	2616331
190977	2616347
190978	2616353
190979	2616359
190980	2616371
190981	2616379
190982	2616407
190983	2616437
190984	2616461
190985	2616469
190986	2616491
190987	2616533
190988	2616553
190989	2616577
190990	2616599
190991	2616613
190992	2616637
190993	2616643
190994	2616659
190995	2616667
190996	2616671
190997	2616673
190998	2616683
190999	2616701
191000	2616703
