109001	1427047
109002	1427089
109003	1427093
109004	1427117
109005	1427141
109006	1427143
109007	1427191
109008	1427221
109009	1427227
109010	1427233
109011	1427281
109012	1427291
109013	1427297
109014	1427323
109015	1427329
109016	1427341
109017	1427347
109018	1427359
109019	1427383
109020	1427389
109021	1427399
109022	1427401
109023	1427407
109024	1427411
109025	1427431
109026	1427453
109027	1427479
109028	1427483
109029	1427501
109030	1427509
109031	1427513
109032	1427521
109033	1427539
109034	1427551
109035	1427561
109036	1427563
109037	1427567
109038	1427599
109039	1427617
109040	1427627
109041	1427653
109042	1427663
109043	1427681
109044	1427687
109045	1427707
109046	1427737
109047	1427747
109048	1427749
109049	1427753
109050	1427773
109051	1427809
109052	1427821
109053	1427843
109054	1427851
109055	1427879
109056	1427887
109057	1427893
109058	1427897
109059	1427911
109060	1427917
109061	1427927
109062	1427957
109063	1427963
109064	1427969
109065	1427999
109066	1428013
109067	1428029
109068	1428041
109069	1428079
109070	1428109
109071	1428113
109072	1428127
109073	1428137
109074	1428143
109075	1428151
109076	1428157
109077	1428169
109078	1428179
109079	1428197
109080	1428199
109081	1428209
109082	1428233
109083	1428247
109084	1428253
109085	1428257
109086	1428281
109087	1428359
109088	1428389
109089	1428409
109090	1428419
109091	1428431
109092	1428473
109093	1428491
109094	1428521
109095	1428529
109096	1428541
109097	1428571
109098	1428587
109099	1428593
109100	1428601
109101	1428613
109102	1428631
109103	1428649
109104	1428671
109105	1428673
109106	1428677
109107	1428689
109108	1428703
109109	1428709
109110	1428751
109111	1428767
109112	1428769
109113	1428787
109114	1428793
109115	1428811
109116	1428839
109117	1428851
109118	1428853
109119	1428863
109120	1428887
109121	1428893
109122	1428899
109123	1428923
109124	1428929
109125	1428937
109126	1428949
109127	1428953
109128	1428979
109129	1428991
109130	1428997
109131	1429027
109132	1429061
109133	1429063
109134	1429067
109135	1429081
109136	1429093
109137	1429097
109138	1429117
109139	1429133
109140	1429163
109141	1429187
109142	1429201
109143	1429231
109144	1429247
109145	1429249
109146	1429261
109147	1429279
109148	1429283
109149	1429303
109150	1429319
109151	1429349
109152	1429367
109153	1429369
109154	1429387
109155	1429397
109156	1429399
109157	1429403
109158	1429409
109159	1429423
109160	1429451
109161	1429469
109162	1429481
109163	1429507
109164	1429523
109165	1429529
109166	1429531
109167	1429543
109168	1429553
109169	1429567
109170	1429573
109171	1429583
109172	1429591
109173	1429601
109174	1429609
109175	1429619
109176	1429633
109177	1429651
109178	1429661
109179	1429669
109180	1429697
109181	1429721
109182	1429733
109183	1429741
109184	1429759
109185	1429763
109186	1429777
109187	1429783
109188	1429801
109189	1429811
109190	1429817
109191	1429829
109192	1429837
109193	1429843
109194	1429849
109195	1429859
109196	1429861
109197	1429867
109198	1429871
109199	1429889
109200	1429907
109201	1429913
109202	1429927
109203	1429943
109204	1429951
109205	1429969
109206	1430027
109207	1430041
109208	1430063
109209	1430089
109210	1430119
109211	1430131
109212	1430167
109213	1430179
109214	1430183
109215	1430197
109216	1430201
109217	1430237
109218	1430239
109219	1430243
109220	1430279
109221	1430281
109222	1430287
109223	1430291
109224	1430293
109225	1430321
109226	1430357
109227	1430381
109228	1430413
109229	1430419
109230	1430441
109231	1430461
109232	1430479
109233	1430503
109234	1430521
109235	1430543
109236	1430587
109237	1430593
109238	1430603
109239	1430617
109240	1430641
109241	1430647
109242	1430659
109243	1430677
109244	1430683
109245	1430687
109246	1430707
109247	1430711
109248	1430713
109249	1430717
109250	1430729
109251	1430749
109252	1430783
109253	1430789
109254	1430797
109255	1430801
109256	1430813
109257	1430851
109258	1430857
109259	1430861
109260	1430879
109261	1430881
109262	1430887
109263	1430903
109264	1430921
109265	1430939
109266	1430953
109267	1430959
109268	1430969
109269	1430971
109270	1430987
109271	1430993
109272	1431007
109273	1431013
109274	1431029
109275	1431047
109276	1431071
109277	1431097
109278	1431107
109279	1431113
109280	1431119
109281	1431127
109282	1431139
109283	1431149
109284	1431161
109285	1431173
109286	1431191
109287	1431193
109288	1431203
109289	1431211
109290	1431217
109291	1431223
109292	1431253
109293	1431257
109294	1431263
109295	1431277
109296	1431307
109297	1431317
109298	1431323
109299	1431337
109300	1431347
109301	1431361
109302	1431373
109303	1431377
109304	1431379
109305	1431389
109306	1431413
109307	1431421
109308	1431439
109309	1431449
109310	1431461
109311	1431467
109312	1431491
109313	1431503
109314	1431511
109315	1431523
109316	1431539
109317	1431557
109318	1431569
109319	1431571
109320	1431581
109321	1431601
109322	1431607
109323	1431613
109324	1431637
109325	1431649
109326	1431659
109327	1431713
109328	1431721
109329	1431733
109330	1431737
109331	1431751
109332	1431763
109333	1431769
109334	1431779
109335	1431799
109336	1431809
109337	1431827
109338	1431841
109339	1431847
109340	1431851
109341	1431869
109342	1431907
109343	1431917
109344	1431919
109345	1431923
109346	1431929
109347	1431959
109348	1431967
109349	1431977
109350	1432001
109351	1432019
109352	1432021
109353	1432031
109354	1432073
109355	1432091
109356	1432103
109357	1432111
109358	1432129
109359	1432139
109360	1432147
109361	1432177
109362	1432181
109363	1432217
109364	1432243
109365	1432271
109366	1432273
109367	1432297
109368	1432303
109369	1432313
109370	1432351
109371	1432357
109372	1432363
109373	1432411
109374	1432423
109375	1432427
109376	1432439
109377	1432441
109378	1432447
109379	1432451
109380	1432469
109381	1432481
109382	1432489
109383	1432493
109384	1432511
109385	1432517
109386	1432531
109387	1432547
109388	1432549
109389	1432559
109390	1432577
109391	1432583
109392	1432589
109393	1432591
109394	1432621
109395	1432637
109396	1432649
109397	1432667
109398	1432679
109399	1432681
109400	1432699
109401	1432703
109402	1432723
109403	1432729
109404	1432741
109405	1432757
109406	1432799
109407	1432801
109408	1432807
109409	1432813
109410	1432841
109411	1432859
109412	1432891
109413	1432897
109414	1432903
109415	1432927
109416	1432931
109417	1432943
109418	1432957
109419	1432979
109420	1432987
109421	1432997
109422	1433011
109423	1433017
109424	1433021
109425	1433041
109426	1433053
109427	1433057
109428	1433059
109429	1433071
109430	1433101
109431	1433119
109432	1433123
109433	1433129
109434	1433137
109435	1433149
109436	1433177
109437	1433203
109438	1433207
109439	1433213
109440	1433239
109441	1433251
109442	1433273
109443	1433293
109444	1433309
109445	1433329
109446	1433351
109447	1433353
109448	1433357
109449	1433363
109450	1433371
109451	1433413
109452	1433437
109453	1433473
109454	1433477
109455	1433489
109456	1433503
109457	1433513
109458	1433519
109459	1433527
109460	1433539
109461	1433573
109462	1433581
109463	1433587
109464	1433591
109465	1433603
109466	1433623
109467	1433629
109468	1433633
109469	1433669
109470	1433681
109471	1433689
109472	1433699
109473	1433711
109474	1433717
109475	1433723
109476	1433737
109477	1433741
109478	1433743
109479	1433767
109480	1433777
109481	1433801
109482	1433813
109483	1433819
109484	1433821
109485	1433833
109486	1433849
109487	1433891
109488	1433903
109489	1433909
109490	1433941
109491	1433947
109492	1433953
109493	1433989
109494	1434011
109495	1434019
109496	1434023
109497	1434031
109498	1434067
109499	1434077
109500	1434089
109501	1434107
109502	1434109
109503	1434131
109504	1434133
109505	1434143
109506	1434149
109507	1434161
109508	1434187
109509	1434203
109510	1434217
109511	1434229
109512	1434241
109513	1434247
109514	1434259
109515	1434281
109516	1434283
109517	1434289
109518	1434337
109519	1434353
109520	1434359
109521	1434373
109522	1434383
109523	1434397
109524	1434421
109525	1434431
109526	1434439
109527	1434451
109528	1434457
109529	1434469
109530	1434473
109531	1434491
109532	1434493
109533	1434497
109534	1434539
109535	1434541
109536	1434553
109537	1434571
109538	1434593
109539	1434599
109540	1434607
109541	1434617
109542	1434623
109543	1434637
109544	1434661
109545	1434677
109546	1434679
109547	1434691
109548	1434707
109549	1434731
109550	1434737
109551	1434743
109552	1434757
109553	1434779
109554	1434791
109555	1434793
109556	1434803
109557	1434827
109558	1434841
109559	1434847
109560	1434857
109561	1434883
109562	1434887
109563	1434911
109564	1434913
109565	1434929
109566	1434941
109567	1434943
109568	1434991
109569	1434997
109570	1435001
109571	1435009
109572	1435037
109573	1435061
109574	1435069
109575	1435079
109576	1435097
109577	1435103
109578	1435111
109579	1435117
109580	1435121
109581	1435129
109582	1435139
109583	1435141
109584	1435151
109585	1435163
109586	1435171
109587	1435183
109588	1435201
109589	1435219
109590	1435229
109591	1435237
109592	1435243
109593	1435249
109594	1435261
109595	1435271
109596	1435277
109597	1435289
109598	1435307
109599	1435339
109600	1435363
109601	1435373
109602	1435403
109603	1435409
109604	1435417
109605	1435457
109606	1435459
109607	1435477
109608	1435493
109609	1435501
109610	1435519
109611	1435523
109612	1435537
109613	1435543
109614	1435559
109615	1435561
109616	1435571
109617	1435573
109618	1435589
109619	1435597
109620	1435607
109621	1435613
109622	1435627
109623	1435631
109624	1435657
109625	1435663
109626	1435669
109627	1435739
109628	1435741
109629	1435751
109630	1435783
109631	1435787
109632	1435793
109633	1435801
109634	1435829
109635	1435831
109636	1435853
109637	1435901
109638	1435909
109639	1435919
109640	1435921
109641	1435937
109642	1435997
109643	1436003
109644	1436021
109645	1436023
109646	1436027
109647	1436063
109648	1436069
109649	1436087
109650	1436089
109651	1436093
109652	1436101
109653	1436111
109654	1436131
109655	1436147
109656	1436159
109657	1436173
109658	1436203
109659	1436207
109660	1436221
109661	1436231
109662	1436249
109663	1436251
109664	1436257
109665	1436263
109666	1436269
109667	1436291
109668	1436297
109669	1436311
109670	1436333
109671	1436339
109672	1436363
109673	1436387
109674	1436411
109675	1436417
109676	1436429
109677	1436431
109678	1436437
109679	1436441
109680	1436443
109681	1436467
109682	1436471
109683	1436507
109684	1436527
109685	1436531
109686	1436537
109687	1436563
109688	1436593
109689	1436623
109690	1436627
109691	1436639
109692	1436651
109693	1436693
109694	1436711
109695	1436731
109696	1436737
109697	1436749
109698	1436767
109699	1436779
109700	1436797
109701	1436801
109702	1436803
109703	1436849
109704	1436867
109705	1436899
109706	1436909
109707	1436917
109708	1436923
109709	1436933
109710	1436957
109711	1436999
109712	1437011
109713	1437013
109714	1437019
109715	1437031
109716	1437041
109717	1437047
109718	1437049
109719	1437053
109720	1437097
109721	1437101
109722	1437133
109723	1437187
109724	1437193
109725	1437199
109726	1437203
109727	1437223
109728	1437229
109729	1437239
109730	1437251
109731	1437257
109732	1437263
109733	1437283
109734	1437287
109735	1437301
109736	1437313
109737	1437323
109738	1437329
109739	1437341
109740	1437347
109741	1437349
109742	1437379
109743	1437389
109744	1437391
109745	1437409
109746	1437421
109747	1437427
109748	1437451
109749	1437461
109750	1437467
109751	1437481
109752	1437493
109753	1437511
109754	1437517
109755	1437551
109756	1437577
109757	1437581
109758	1437607
109759	1437613
109760	1437629
109761	1437641
109762	1437647
109763	1437659
109764	1437691
109765	1437697
109766	1437713
109767	1437719
109768	1437739
109769	1437743
109770	1437757
109771	1437773
109772	1437797
109773	1437817
109774	1437833
109775	1437841
109776	1437847
109777	1437851
109778	1437853
109779	1437869
109780	1437883
109781	1437899
109782	1437913
109783	1437949
109784	1437959
109785	1437967
109786	1437991
109787	1438001
109788	1438009
109789	1438033
109790	1438057
109791	1438061
109792	1438067
109793	1438069
109794	1438093
109795	1438097
109796	1438103
109797	1438109
109798	1438117
109799	1438123
109800	1438159
109801	1438163
109802	1438169
109803	1438181
109804	1438207
109805	1438211
109806	1438223
109807	1438231
109808	1438237
109809	1438253
109810	1438267
109811	1438271
109812	1438279
109813	1438291
109814	1438303
109815	1438379
109816	1438399
109817	1438417
109818	1438447
109819	1438457
109820	1438477
109821	1438483
109822	1438501
109823	1438517
109824	1438537
109825	1438583
109826	1438609
109827	1438643
109828	1438663
109829	1438667
109830	1438681
109831	1438687
109832	1438709
109833	1438721
109834	1438729
109835	1438747
109836	1438751
109837	1438753
109838	1438763
109839	1438771
109840	1438793
109841	1438817
109842	1438831
109843	1438837
109844	1438847
109845	1438849
109846	1438867
109847	1438883
109848	1438891
109849	1438901
109850	1438907
109851	1438919
109852	1438933
109853	1438937
109854	1438939
109855	1438961
109856	1438963
109857	1438973
109858	1438979
109859	1438991
109860	1438993
109861	1439017
109862	1439023
109863	1439027
109864	1439047
109865	1439071
109866	1439077
109867	1439089
109868	1439107
109869	1439111
109870	1439129
109871	1439147
109872	1439161
109873	1439171
109874	1439177
109875	1439209
109876	1439233
109877	1439239
109878	1439261
109879	1439267
109880	1439279
109881	1439287
109882	1439293
109883	1439309
109884	1439323
109885	1439329
109886	1439359
109887	1439369
109888	1439371
109889	1439377
109890	1439381
109891	1439393
109892	1439401
109893	1439413
109894	1439429
109895	1439437
109896	1439443
109897	1439447
109898	1439513
109899	1439521
109900	1439527
109901	1439549
109902	1439561
109903	1439579
109904	1439651
109905	1439663
109906	1439681
109907	1439693
109908	1439699
109909	1439701
109910	1439717
109911	1439719
109912	1439729
109913	1439743
109914	1439749
109915	1439759
109916	1439773
109917	1439791
109918	1439803
109919	1439827
109920	1439833
109921	1439881
109922	1439891
109923	1439903
109924	1439909
109925	1439927
109926	1439947
109927	1439969
109928	1439989
109929	1440011
109930	1440017
109931	1440037
109932	1440079
109933	1440107
109934	1440119
109935	1440203
109936	1440209
109937	1440211
109938	1440233
109939	1440239
109940	1440247
109941	1440253
109942	1440259
109943	1440269
109944	1440293
109945	1440301
109946	1440317
109947	1440349
109948	1440379
109949	1440391
109950	1440403
109951	1440419
109952	1440437
109953	1440443
109954	1440449
109955	1440469
109956	1440473
109957	1440479
109958	1440493
109959	1440499
109960	1440511
109961	1440533
109962	1440553
109963	1440557
109964	1440577
109965	1440581
109966	1440583
109967	1440587
109968	1440589
109969	1440611
109970	1440619
109971	1440623
109972	1440641
109973	1440679
109974	1440689
109975	1440707
109976	1440727
109977	1440731
109978	1440737
109979	1440763
109980	1440773
109981	1440779
109982	1440799
109983	1440811
109984	1440823
109985	1440847
109986	1440851
109987	1440853
109988	1440877
109989	1440883
109990	1440889
109991	1440913
109992	1440949
109993	1440953
109994	1440961
109995	1440983
109996	1441001
109997	1441007
109998	1441009
109999	1441031
110000	1441049
