124001	1640851
124002	1640869
124003	1640879
124004	1640887
124005	1640927
124006	1640929
124007	1640939
124008	1640941
124009	1640953
124010	1640971
124011	1641007
124012	1641043
124013	1641053
124014	1641077
124015	1641089
124016	1641091
124017	1641103
124018	1641131
124019	1641137
124020	1641161
124021	1641217
124022	1641229
124023	1641253
124024	1641281
124025	1641301
124026	1641323
124027	1641329
124028	1641359
124029	1641361
124030	1641373
124031	1641377
124032	1641379
124033	1641389
124034	1641403
124035	1641407
124036	1641457
124037	1641473
124038	1641509
124039	1641539
124040	1641559
124041	1641583
124042	1641587
124043	1641589
124044	1641593
124045	1641613
124046	1641617
124047	1641623
124048	1641631
124049	1641637
124050	1641641
124051	1641659
124052	1641709
124053	1641713
124054	1641721
124055	1641737
124056	1641751
124057	1641797
124058	1641799
124059	1641811
124060	1641817
124061	1641821
124062	1641833
124063	1641841
124064	1641863
124065	1641881
124066	1641889
124067	1641907
124068	1641917
124069	1641929
124070	1641931
124071	1641953
124072	1641971
124073	1642021
124074	1642031
124075	1642033
124076	1642049
124077	1642051
124078	1642057
124079	1642079
124080	1642093
124081	1642117
124082	1642141
124083	1642153
124084	1642187
124085	1642211
124086	1642231
124087	1642243
124088	1642247
124089	1642259
124090	1642273
124091	1642279
124092	1642283
124093	1642297
124094	1642309
124095	1642313
124096	1642327
124097	1642339
124098	1642363
124099	1642373
124100	1642397
124101	1642423
124102	1642441
124103	1642447
124104	1642451
124105	1642463
124106	1642481
124107	1642483
124108	1642513
124109	1642517
124110	1642519
124111	1642549
124112	1642559
124113	1642567
124114	1642579
124115	1642601
124116	1642631
124117	1642633
124118	1642649
124119	1642657
124120	1642661
124121	1642679
124122	1642699
124123	1642709
124124	1642717
124125	1642723
124126	1642741
124127	1642769
124128	1642777
124129	1642787
124130	1642801
124131	1642807
124132	1642811
124133	1642813
124134	1642831
124135	1642843
124136	1642847
124137	1642853
124138	1642859
124139	1642903
124140	1642909
124141	1642919
124142	1642939
124143	1642943
124144	1642951
124145	1642997
124146	1643003
124147	1643021
124148	1643027
124149	1643039
124150	1643069
124151	1643077
124152	1643099
124153	1643123
124154	1643129
124155	1643137
124156	1643141
124157	1643171
124158	1643179
124159	1643197
124160	1643219
124161	1643221
124162	1643231
124163	1643233
124164	1643251
124165	1643269
124166	1643273
124167	1643293
124168	1643311
124169	1643347
124170	1643351
124171	1643357
124172	1643363
124173	1643387
124174	1643423
124175	1643431
124176	1643461
124177	1643491
124178	1643497
124179	1643501
124180	1643513
124181	1643539
124182	1643581
124183	1643591
124184	1643597
124185	1643599
124186	1643617
124187	1643623
124188	1643639
124189	1643641
124190	1643659
124191	1643669
124192	1643683
124193	1643687
124194	1643693
124195	1643701
124196	1643717
124197	1643729
124198	1643743
124199	1643773
124200	1643779
124201	1643791
124202	1643797
124203	1643801
124204	1643809
124205	1643819
124206	1643821
124207	1643827
124208	1643839
124209	1643843
124210	1643857
124211	1643867
124212	1643869
124213	1643881
124214	1643891
124215	1643893
124216	1643959
124217	1643963
124218	1643969
124219	1643987
124220	1643989
124221	1644001
124222	1644031
124223	1644061
124224	1644067
124225	1644073
124226	1644079
124227	1644103
124228	1644143
124229	1644163
124230	1644173
124231	1644193
124232	1644197
124233	1644199
124234	1644217
124235	1644221
124236	1644229
124237	1644233
124238	1644283
124239	1644287
124240	1644299
124241	1644311
124242	1644341
124243	1644347
124244	1644361
124245	1644367
124246	1644371
124247	1644373
124248	1644413
124249	1644421
124250	1644437
124251	1644439
124252	1644451
124253	1644491
124254	1644493
124255	1644497
124256	1644547
124257	1644571
124258	1644593
124259	1644607
124260	1644611
124261	1644623
124262	1644637
124263	1644641
124264	1644653
124265	1644667
124266	1644673
124267	1644689
124268	1644691
124269	1644703
124270	1644719
124271	1644751
124272	1644757
124273	1644781
124274	1644791
124275	1644817
124276	1644823
124277	1644871
124278	1644883
124279	1644893
124280	1644899
124281	1644901
124282	1644931
124283	1644943
124284	1644947
124285	1644949
124286	1644989
124287	1644991
124288	1644997
124289	1645003
124290	1645009
124291	1645019
124292	1645087
124293	1645093
124294	1645099
124295	1645123
124296	1645129
124297	1645151
124298	1645157
124299	1645169
124300	1645183
124301	1645187
124302	1645211
124303	1645249
124304	1645253
124305	1645291
124306	1645327
124307	1645337
124308	1645349
124309	1645363
124310	1645367
124311	1645409
124312	1645417
124313	1645421
124314	1645429
124315	1645433
124316	1645439
124317	1645459
124318	1645463
124319	1645477
124320	1645487
124321	1645499
124322	1645529
124323	1645537
124324	1645543
124325	1645559
124326	1645561
124327	1645601
124328	1645603
124329	1645607
124330	1645613
124331	1645643
124332	1645661
124333	1645667
124334	1645669
124335	1645681
124336	1645691
124337	1645727
124338	1645729
124339	1645733
124340	1645747
124341	1645757
124342	1645769
124343	1645771
124344	1645801
124345	1645829
124346	1645843
124347	1645849
124348	1645867
124349	1645873
124350	1645879
124351	1645901
124352	1645907
124353	1645909
124354	1645927
124355	1645933
124356	1645937
124357	1645939
124358	1645961
124359	1645967
124360	1645979
124361	1645999
124362	1646017
124363	1646023
124364	1646033
124365	1646101
124366	1646107
124367	1646111
124368	1646143
124369	1646147
124370	1646149
124371	1646153
124372	1646171
124373	1646173
124374	1646189
124375	1646209
124376	1646219
124377	1646221
124378	1646237
124379	1646261
124380	1646287
124381	1646291
124382	1646299
124383	1646303
124384	1646311
124385	1646321
124386	1646347
124387	1646357
124388	1646371
124389	1646377
124390	1646383
124391	1646387
124392	1646413
124393	1646423
124394	1646443
124395	1646461
124396	1646473
124397	1646479
124398	1646497
124399	1646509
124400	1646527
124401	1646543
124402	1646563
124403	1646581
124404	1646609
124405	1646629
124406	1646633
124407	1646641
124408	1646647
124409	1646669
124410	1646677
124411	1646681
124412	1646717
124413	1646719
124414	1646737
124415	1646741
124416	1646747
124417	1646783
124418	1646797
124419	1646819
124420	1646839
124421	1646849
124422	1646861
124423	1646893
124424	1646899
124425	1646903
124426	1646921
124427	1646923
124428	1646933
124429	1646947
124430	1646951
124431	1646959
124432	1646971
124433	1646989
124434	1647001
124435	1647013
124436	1647031
124437	1647047
124438	1647059
124439	1647067
124440	1647083
124441	1647097
124442	1647101
124443	1647119
124444	1647127
124445	1647137
124446	1647161
124447	1647179
124448	1647193
124449	1647227
124450	1647241
124451	1647251
124452	1647253
124453	1647299
124454	1647307
124455	1647311
124456	1647323
124457	1647353
124458	1647361
124459	1647377
124460	1647379
124461	1647383
124462	1647389
124463	1647407
124464	1647439
124465	1647469
124466	1647473
124467	1647497
124468	1647523
124469	1647551
124470	1647553
124471	1647563
124472	1647599
124473	1647601
124474	1647617
124475	1647649
124476	1647673
124477	1647677
124478	1647689
124479	1647707
124480	1647719
124481	1647727
124482	1647761
124483	1647769
124484	1647781
124485	1647797
124486	1647847
124487	1647853
124488	1647857
124489	1647859
124490	1647871
124491	1647887
124492	1647911
124493	1647917
124494	1647931
124495	1647937
124496	1647941
124497	1647949
124498	1647953
124499	1647959
124500	1647977
124501	1648001
124502	1648021
124503	1648039
124504	1648057
124505	1648063
124506	1648067
124507	1648069
124508	1648081
124509	1648181
124510	1648187
124511	1648217
124512	1648223
124513	1648237
124514	1648253
124515	1648259
124516	1648261
124517	1648277
124518	1648289
124519	1648291
124520	1648349
124521	1648379
124522	1648391
124523	1648417
124524	1648429
124525	1648441
124526	1648453
124527	1648481
124528	1648483
124529	1648499
124530	1648513
124531	1648523
124532	1648529
124533	1648531
124534	1648553
124535	1648567
124536	1648579
124537	1648583
124538	1648589
124539	1648601
124540	1648613
124541	1648697
124542	1648723
124543	1648739
124544	1648753
124545	1648771
124546	1648781
124547	1648789
124548	1648793
124549	1648811
124550	1648817
124551	1648837
124552	1648879
124553	1648909
124554	1648919
124555	1648943
124556	1648951
124557	1648963
124558	1648987
124559	1649003
124560	1649023
124561	1649059
124562	1649099
124563	1649101
124564	1649111
124565	1649129
124566	1649147
124567	1649149
124568	1649161
124569	1649171
124570	1649173
124571	1649213
124572	1649237
124573	1649243
124574	1649251
124575	1649267
124576	1649287
124577	1649299
124578	1649303
124579	1649309
124580	1649311
124581	1649327
124582	1649341
124583	1649359
124584	1649363
124585	1649369
124586	1649377
124587	1649381
124588	1649393
124589	1649411
124590	1649419
124591	1649429
124592	1649443
124593	1649449
124594	1649489
124595	1649507
124596	1649521
124597	1649533
124598	1649539
124599	1649567
124600	1649587
124601	1649591
124602	1649597
124603	1649611
124604	1649621
124605	1649639
124606	1649647
124607	1649651
124608	1649657
124609	1649671
124610	1649677
124611	1649689
124612	1649693
124613	1649707
124614	1649737
124615	1649743
124616	1649759
124617	1649771
124618	1649773
124619	1649783
124620	1649797
124621	1649801
124622	1649803
124623	1649807
124624	1649819
124625	1649831
124626	1649861
124627	1649863
124628	1649887
124629	1649917
124630	1649927
124631	1649959
124632	1649981
124633	1649987
124634	1649993
124635	1650001
124636	1650023
124637	1650031
124638	1650041
124639	1650059
124640	1650079
124641	1650083
124642	1650091
124643	1650097
124644	1650101
124645	1650107
124646	1650109
124647	1650133
124648	1650137
124649	1650157
124650	1650167
124651	1650179
124652	1650191
124653	1650199
124654	1650221
124655	1650263
124656	1650281
124657	1650287
124658	1650293
124659	1650301
124660	1650317
124661	1650331
124662	1650349
124663	1650353
124664	1650371
124665	1650379
124666	1650401
124667	1650413
124668	1650427
124669	1650437
124670	1650463
124671	1650487
124672	1650491
124673	1650521
124674	1650529
124675	1650553
124676	1650557
124677	1650563
124678	1650569
124679	1650577
124680	1650589
124681	1650601
124682	1650611
124683	1650613
124684	1650617
124685	1650629
124686	1650637
124687	1650647
124688	1650659
124689	1650667
124690	1650673
124691	1650703
124692	1650743
124693	1650757
124694	1650763
124695	1650769
124696	1650793
124697	1650823
124698	1650877
124699	1650881
124700	1650889
124701	1650907
124702	1650911
124703	1650923
124704	1650931
124705	1650937
124706	1650949
124707	1650959
124708	1650983
124709	1650991
124710	1651007
124711	1651019
124712	1651033
124713	1651073
124714	1651093
124715	1651151
124716	1651163
124717	1651171
124718	1651183
124719	1651201
124720	1651207
124721	1651211
124722	1651213
124723	1651219
124724	1651229
124725	1651259
124726	1651267
124727	1651283
124728	1651291
124729	1651297
124730	1651313
124731	1651343
124732	1651361
124733	1651369
124734	1651379
124735	1651387
124736	1651409
124737	1651411
124738	1651457
124739	1651471
124740	1651477
124741	1651493
124742	1651511
124743	1651513
124744	1651541
124745	1651547
124746	1651553
124747	1651571
124748	1651589
124749	1651591
124750	1651597
124751	1651609
124752	1651621
124753	1651667
124754	1651681
124755	1651691
124756	1651693
124757	1651723
124758	1651747
124759	1651757
124760	1651781
124761	1651787
124762	1651801
124763	1651829
124764	1651843
124765	1651847
124766	1651861
124767	1651877
124768	1651891
124769	1651921
124770	1651943
124771	1651961
124772	1651981
124773	1652011
124774	1652033
124775	1652039
124776	1652047
124777	1652051
124778	1652081
124779	1652089
124780	1652129
124781	1652137
124782	1652141
124783	1652171
124784	1652237
124785	1652243
124786	1652263
124787	1652267
124788	1652279
124789	1652291
124790	1652317
124791	1652347
124792	1652351
124793	1652353
124794	1652359
124795	1652363
124796	1652369
124797	1652377
124798	1652407
124799	1652419
124800	1652459
124801	1652479
124802	1652489
124803	1652491
124804	1652503
124805	1652509
124806	1652513
124807	1652543
124808	1652569
124809	1652591
124810	1652597
124811	1652611
124812	1652617
124813	1652627
124814	1652671
124815	1652687
124816	1652701
124817	1652719
124818	1652731
124819	1652737
124820	1652741
124821	1652747
124822	1652771
124823	1652773
124824	1652789
124825	1652801
124826	1652821
124827	1652831
124828	1652837
124829	1652839
124830	1652843
124831	1652863
124832	1652869
124833	1652873
124834	1652879
124835	1652881
124836	1652887
124837	1652891
124838	1652897
124839	1652899
124840	1652909
124841	1652921
124842	1652923
124843	1652929
124844	1652933
124845	1652947
124846	1652993
124847	1653007
124848	1653011
124849	1653023
124850	1653031
124851	1653059
124852	1653061
124853	1653083
124854	1653101
124855	1653103
124856	1653107
124857	1653109
124858	1653149
124859	1653167
124860	1653181
124861	1653191
124862	1653193
124863	1653227
124864	1653251
124865	1653259
124866	1653287
124867	1653293
124868	1653313
124869	1653317
124870	1653329
124871	1653331
124872	1653341
124873	1653343
124874	1653347
124875	1653383
124876	1653389
124877	1653409
124878	1653427
124879	1653433
124880	1653439
124881	1653451
124882	1653469
124883	1653473
124884	1653497
124885	1653499
124886	1653503
124887	1653511
124888	1653517
124889	1653521
124890	1653541
124891	1653557
124892	1653583
124893	1653599
124894	1653611
124895	1653623
124896	1653643
124897	1653671
124898	1653679
124899	1653689
124900	1653697
124901	1653721
124902	1653731
124903	1653739
124904	1653749
124905	1653763
124906	1653767
124907	1653791
124908	1653853
124909	1653901
124910	1653917
124911	1653919
124912	1653923
124913	1653929
124914	1653959
124915	1653973
124916	1653989
124917	1653997
124918	1654013
124919	1654019
124920	1654021
124921	1654027
124922	1654031
124923	1654033
124924	1654039
124925	1654043
124926	1654057
124927	1654111
124928	1654123
124929	1654127
124930	1654153
124931	1654157
124932	1654171
124933	1654193
124934	1654199
124935	1654201
124936	1654217
124937	1654223
124938	1654231
124939	1654241
124940	1654267
124941	1654271
124942	1654291
124943	1654313
124944	1654319
124945	1654337
124946	1654343
124947	1654351
124948	1654357
124949	1654361
124950	1654369
124951	1654397
124952	1654403
124953	1654427
124954	1654441
124955	1654519
124956	1654531
124957	1654547
124958	1654561
124959	1654567
124960	1654573
124961	1654579
124962	1654649
124963	1654651
124964	1654663
124965	1654673
124966	1654693
124967	1654703
124968	1654717
124969	1654721
124970	1654727
124971	1654733
124972	1654739
124973	1654787
124974	1654789
124975	1654799
124976	1654817
124977	1654841
124978	1654853
124979	1654859
124980	1654871
124981	1654879
124982	1654889
124983	1654897
124984	1654903
124985	1654921
124986	1654931
124987	1654963
124988	1654979
124989	1654981
124990	1654987
124991	1655021
124992	1655023
124993	1655029
124994	1655039
124995	1655051
124996	1655077
124997	1655089
124998	1655099
124999	1655123
125000	1655131
