123001	1626481
123002	1626487
123003	1626497
123004	1626503
123005	1626589
123006	1626613
123007	1626617
123008	1626619
123009	1626637
123010	1626649
123011	1626673
123012	1626701
123013	1626707
123014	1626739
123015	1626749
123016	1626763
123017	1626769
123018	1626773
123019	1626791
123020	1626803
123021	1626817
123022	1626829
123023	1626881
123024	1626887
123025	1626893
123026	1626901
123027	1626923
123028	1626943
123029	1626949
123030	1626953
123031	1626959
123032	1626971
123033	1626979
123034	1626983
123035	1627007
123036	1627013
123037	1627033
123038	1627051
123039	1627057
123040	1627061
123041	1627063
123042	1627069
123043	1627079
123044	1627099
123045	1627111
123046	1627117
123047	1627123
123048	1627127
123049	1627133
123050	1627147
123051	1627169
123052	1627177
123053	1627193
123054	1627201
123055	1627237
123056	1627247
123057	1627253
123058	1627267
123059	1627309
123060	1627333
123061	1627337
123062	1627357
123063	1627361
123064	1627403
123065	1627429
123066	1627441
123067	1627459
123068	1627481
123069	1627487
123070	1627489
123071	1627501
123072	1627513
123073	1627523
123074	1627537
123075	1627553
123076	1627573
123077	1627579
123078	1627583
123079	1627601
123080	1627603
123081	1627607
123082	1627609
123083	1627627
123084	1627643
123085	1627649
123086	1627651
123087	1627669
123088	1627693
123089	1627723
123090	1627727
123091	1627729
123092	1627739
123093	1627763
123094	1627771
123095	1627781
123096	1627783
123097	1627793
123098	1627807
123099	1627819
123100	1627831
123101	1627837
123102	1627849
123103	1627853
123104	1627859
123105	1627861
123106	1627867
123107	1627877
123108	1627883
123109	1627919
123110	1627943
123111	1627979
123112	1627981
123113	1628051
123114	1628057
123115	1628059
123116	1628063
123117	1628071
123118	1628093
123119	1628117
123120	1628131
123121	1628149
123122	1628153
123123	1628161
123124	1628171
123125	1628173
123126	1628177
123127	1628183
123128	1628191
123129	1628197
123130	1628203
123131	1628227
123132	1628261
123133	1628279
123134	1628293
123135	1628299
123136	1628309
123137	1628317
123138	1628323
123139	1628329
123140	1628353
123141	1628359
123142	1628369
123143	1628381
123144	1628383
123145	1628387
123146	1628401
123147	1628441
123148	1628467
123149	1628477
123150	1628489
123151	1628491
123152	1628507
123153	1628551
123154	1628567
123155	1628579
123156	1628587
123157	1628591
123158	1628593
123159	1628603
123160	1628621
123161	1628633
123162	1628689
123163	1628701
123164	1628729
123165	1628747
123166	1628773
123167	1628779
123168	1628801
123169	1628839
123170	1628857
123171	1628867
123172	1628873
123173	1628881
123174	1628897
123175	1628909
123176	1628917
123177	1628933
123178	1628947
123179	1628983
123180	1628987
123181	1628989
123182	1629007
123183	1629011
123184	1629013
123185	1629031
123186	1629071
123187	1629077
123188	1629083
123189	1629091
123190	1629101
123191	1629107
123192	1629109
123193	1629119
123194	1629137
123195	1629149
123196	1629163
123197	1629169
123198	1629197
123199	1629203
123200	1629209
123201	1629211
123202	1629233
123203	1629253
123204	1629259
123205	1629281
123206	1629293
123207	1629317
123208	1629319
123209	1629337
123210	1629359
123211	1629361
123212	1629367
123213	1629377
123214	1629409
123215	1629427
123216	1629431
123217	1629449
123218	1629451
123219	1629457
123220	1629469
123221	1629479
123222	1629541
123223	1629547
123224	1629557
123225	1629559
123226	1629581
123227	1629583
123228	1629587
123229	1629599
123230	1629601
123231	1629623
123232	1629643
123233	1629647
123234	1629653
123235	1629673
123236	1629689
123237	1629721
123238	1629731
123239	1629767
123240	1629809
123241	1629851
123242	1629853
123243	1629869
123244	1629893
123245	1629899
123246	1629919
123247	1629923
123248	1629937
123249	1629983
123250	1629997
123251	1630019
123252	1630021
123253	1630049
123254	1630051
123255	1630091
123256	1630093
123257	1630117
123258	1630127
123259	1630129
123260	1630133
123261	1630141
123262	1630159
123263	1630169
123264	1630193
123265	1630199
123266	1630243
123267	1630247
123268	1630253
123269	1630261
123270	1630273
123271	1630303
123272	1630357
123273	1630361
123274	1630367
123275	1630379
123276	1630381
123277	1630393
123278	1630399
123279	1630403
123280	1630411
123281	1630423
123282	1630427
123283	1630429
123284	1630441
123285	1630451
123286	1630457
123287	1630459
123288	1630463
123289	1630471
123290	1630483
123291	1630501
123292	1630543
123293	1630547
123294	1630549
123295	1630597
123296	1630619
123297	1630621
123298	1630633
123299	1630663
123300	1630669
123301	1630721
123302	1630763
123303	1630771
123304	1630777
123305	1630781
123306	1630801
123307	1630813
123308	1630829
123309	1630841
123310	1630843
123311	1630859
123312	1630891
123313	1630897
123314	1630913
123315	1630919
123316	1630927
123317	1630933
123318	1630943
123319	1630987
123320	1631023
123321	1631027
123322	1631029
123323	1631051
123324	1631053
123325	1631057
123326	1631059
123327	1631101
123328	1631117
123329	1631143
123330	1631153
123331	1631159
123332	1631171
123333	1631177
123334	1631191
123335	1631209
123336	1631243
123337	1631257
123338	1631261
123339	1631263
123340	1631297
123341	1631299
123342	1631309
123343	1631341
123344	1631351
123345	1631363
123346	1631369
123347	1631407
123348	1631447
123349	1631471
123350	1631489
123351	1631491
123352	1631503
123353	1631519
123354	1631521
123355	1631537
123356	1631543
123357	1631557
123358	1631573
123359	1631579
123360	1631611
123361	1631629
123362	1631633
123363	1631639
123364	1631647
123365	1631657
123366	1631659
123367	1631683
123368	1631723
123369	1631731
123370	1631741
123371	1631761
123372	1631771
123373	1631783
123374	1631797
123375	1631821
123376	1631837
123377	1631843
123378	1631869
123379	1631879
123380	1631897
123381	1631899
123382	1631911
123383	1631921
123384	1631939
123385	1631951
123386	1631957
123387	1631969
123388	1631989
123389	1632013
123390	1632019
123391	1632031
123392	1632041
123393	1632047
123394	1632079
123395	1632101
123396	1632109
123397	1632121
123398	1632133
123399	1632139
123400	1632143
123401	1632167
123402	1632173
123403	1632179
123404	1632193
123405	1632199
123406	1632209
123407	1632227
123408	1632259
123409	1632307
123410	1632311
123411	1632313
123412	1632317
123413	1632341
123414	1632359
123415	1632383
123416	1632427
123417	1632431
123418	1632437
123419	1632457
123420	1632467
123421	1632469
123422	1632473
123423	1632479
123424	1632481
123425	1632487
123426	1632509
123427	1632523
123428	1632557
123429	1632569
123430	1632571
123431	1632599
123432	1632611
123433	1632619
123434	1632623
123435	1632637
123436	1632647
123437	1632649
123438	1632679
123439	1632691
123440	1632703
123441	1632749
123442	1632751
123443	1632767
123444	1632769
123445	1632779
123446	1632781
123447	1632797
123448	1632809
123449	1632817
123450	1632821
123451	1632853
123452	1632871
123453	1632881
123454	1632887
123455	1632893
123456	1632899
123457	1632913
123458	1632919
123459	1632941
123460	1632949
123461	1632979
123462	1632997
123463	1633007
123464	1633033
123465	1633039
123466	1633043
123467	1633057
123468	1633067
123469	1633081
123470	1633103
123471	1633117
123472	1633123
123473	1633127
123474	1633129
123475	1633133
123476	1633157
123477	1633169
123478	1633171
123479	1633187
123480	1633201
123481	1633211
123482	1633223
123483	1633231
123484	1633237
123485	1633243
123486	1633249
123487	1633267
123488	1633277
123489	1633319
123490	1633321
123491	1633337
123492	1633339
123493	1633361
123494	1633363
123495	1633369
123496	1633403
123497	1633409
123498	1633447
123499	1633459
123500	1633531
123501	1633549
123502	1633553
123503	1633559
123504	1633561
123505	1633573
123506	1633589
123507	1633603
123508	1633609
123509	1633627
123510	1633633
123511	1633679
123512	1633691
123513	1633693
123514	1633703
123515	1633711
123516	1633729
123517	1633741
123518	1633747
123519	1633757
123520	1633777
123521	1633787
123522	1633789
123523	1633811
123524	1633817
123525	1633823
123526	1633837
123527	1633843
123528	1633847
123529	1633873
123530	1633903
123531	1633913
123532	1633939
123533	1633949
123534	1633967
123535	1633987
123536	1633991
123537	1633993
123538	1634011
123539	1634027
123540	1634047
123541	1634051
123542	1634053
123543	1634069
123544	1634071
123545	1634089
123546	1634099
123547	1634107
123548	1634117
123549	1634141
123550	1634153
123551	1634167
123552	1634177
123553	1634183
123554	1634201
123555	1634203
123556	1634231
123557	1634233
123558	1634239
123559	1634257
123560	1634267
123561	1634279
123562	1634291
123563	1634293
123564	1634309
123565	1634317
123566	1634333
123567	1634341
123568	1634371
123569	1634393
123570	1634407
123571	1634417
123572	1634441
123573	1634443
123574	1634447
123575	1634453
123576	1634461
123577	1634471
123578	1634489
123579	1634497
123580	1634531
123581	1634557
123582	1634569
123583	1634579
123584	1634593
123585	1634597
123586	1634603
123587	1634609
123588	1634657
123589	1634681
123590	1634683
123591	1634687
123592	1634693
123593	1634719
123594	1634753
123595	1634761
123596	1634767
123597	1634791
123598	1634797
123599	1634803
123600	1634819
123601	1634833
123602	1634837
123603	1634849
123604	1634869
123605	1634879
123606	1634881
123607	1634911
123608	1634923
123609	1634929
123610	1634939
123611	1634947
123612	1634951
123613	1634953
123614	1634959
123615	1634987
123616	1635013
123617	1635031
123618	1635037
123619	1635041
123620	1635061
123621	1635079
123622	1635091
123623	1635119
123624	1635133
123625	1635143
123626	1635163
123627	1635169
123628	1635173
123629	1635181
123630	1635187
123631	1635199
123632	1635217
123633	1635229
123634	1635241
123635	1635287
123636	1635299
123637	1635307
123638	1635313
123639	1635317
123640	1635329
123641	1635341
123642	1635353
123643	1635371
123644	1635373
123645	1635377
123646	1635401
123647	1635479
123648	1635497
123649	1635499
123650	1635503
123651	1635509
123652	1635541
123653	1635547
123654	1635551
123655	1635559
123656	1635563
123657	1635583
123658	1635607
123659	1635611
123660	1635619
123661	1635631
123662	1635637
123663	1635649
123664	1635661
123665	1635703
123666	1635713
123667	1635721
123668	1635727
123669	1635761
123670	1635773
123671	1635811
123672	1635817
123673	1635827
123674	1635863
123675	1635889
123676	1635899
123677	1635913
123678	1635937
123679	1635943
123680	1635947
123681	1635971
123682	1635973
123683	1635983
123684	1636001
123685	1636007
123686	1636009
123687	1636039
123688	1636043
123689	1636049
123690	1636067
123691	1636069
123692	1636079
123693	1636091
123694	1636111
123695	1636121
123696	1636139
123697	1636157
123698	1636181
123699	1636189
123700	1636213
123701	1636231
123702	1636237
123703	1636249
123704	1636277
123705	1636291
123706	1636303
123707	1636331
123708	1636333
123709	1636339
123710	1636343
123711	1636363
123712	1636367
123713	1636373
123714	1636379
123715	1636391
123716	1636423
123717	1636457
123718	1636463
123719	1636469
123720	1636501
123721	1636513
123722	1636529
123723	1636541
123724	1636543
123725	1636549
123726	1636553
123727	1636561
123728	1636571
123729	1636577
123730	1636619
123731	1636627
123732	1636637
123733	1636651
123734	1636667
123735	1636669
123736	1636697
123737	1636699
123738	1636711
123739	1636721
123740	1636729
123741	1636741
123742	1636751
123743	1636757
123744	1636759
123745	1636781
123746	1636787
123747	1636819
123748	1636823
123749	1636849
123750	1636867
123751	1636871
123752	1636883
123753	1636891
123754	1636909
123755	1636919
123756	1636927
123757	1636931
123758	1636937
123759	1636951
123760	1636961
123761	1636969
123762	1636997
123763	1637029
123764	1637087
123765	1637093
123766	1637147
123767	1637161
123768	1637177
123769	1637183
123770	1637197
123771	1637221
123772	1637239
123773	1637243
123774	1637261
123775	1637299
123776	1637357
123777	1637371
123778	1637381
123779	1637407
123780	1637429
123781	1637437
123782	1637459
123783	1637479
123784	1637497
123785	1637501
123786	1637521
123787	1637539
123788	1637549
123789	1637551
123790	1637563
123791	1637599
123792	1637611
123793	1637617
123794	1637633
123795	1637639
123796	1637641
123797	1637677
123798	1637683
123799	1637687
123800	1637693
123801	1637707
123802	1637711
123803	1637719
123804	1637723
123805	1637737
123806	1637759
123807	1637773
123808	1637777
123809	1637813
123810	1637851
123811	1637863
123812	1637887
123813	1637927
123814	1637963
123815	1637983
123816	1638011
123817	1638019
123818	1638023
123819	1638031
123820	1638053
123821	1638059
123822	1638061
123823	1638067
123824	1638089
123825	1638097
123826	1638107
123827	1638121
123828	1638127
123829	1638139
123830	1638149
123831	1638167
123832	1638191
123833	1638209
123834	1638211
123835	1638251
123836	1638269
123837	1638311
123838	1638331
123839	1638347
123840	1638349
123841	1638353
123842	1638431
123843	1638463
123844	1638473
123845	1638487
123846	1638547
123847	1638551
123848	1638563
123849	1638569
123850	1638583
123851	1638599
123852	1638641
123853	1638649
123854	1638653
123855	1638673
123856	1638677
123857	1638683
123858	1638701
123859	1638719
123860	1638733
123861	1638743
123862	1638797
123863	1638799
123864	1638809
123865	1638821
123866	1638869
123867	1638899
123868	1638907
123869	1638913
123870	1638929
123871	1638943
123872	1638947
123873	1638977
123874	1638983
123875	1638991
123876	1639019
123877	1639061
123878	1639067
123879	1639081
123880	1639087
123881	1639091
123882	1639097
123883	1639147
123884	1639151
123885	1639153
123886	1639159
123887	1639193
123888	1639199
123889	1639201
123890	1639217
123891	1639223
123892	1639229
123893	1639241
123894	1639243
123895	1639271
123896	1639307
123897	1639349
123898	1639357
123899	1639367
123900	1639381
123901	1639387
123902	1639409
123903	1639427
123904	1639459
123905	1639471
123906	1639481
123907	1639493
123908	1639511
123909	1639513
123910	1639577
123911	1639579
123912	1639597
123913	1639607
123914	1639609
123915	1639613
123916	1639663
123917	1639699
123918	1639711
123919	1639717
123920	1639723
123921	1639733
123922	1639751
123923	1639763
123924	1639789
123925	1639793
123926	1639811
123927	1639817
123928	1639823
123929	1639829
123930	1639849
123931	1639853
123932	1639861
123933	1639879
123934	1639889
123935	1639901
123936	1639907
123937	1639919
123938	1639927
123939	1639949
123940	1639987
123941	1639991
123942	1639999
123943	1640017
123944	1640021
123945	1640033
123946	1640053
123947	1640057
123948	1640059
123949	1640071
123950	1640077
123951	1640083
123952	1640131
123953	1640147
123954	1640167
123955	1640183
123956	1640189
123957	1640201
123958	1640207
123959	1640231
123960	1640263
123961	1640267
123962	1640273
123963	1640281
123964	1640299
123965	1640311
123966	1640323
123967	1640333
123968	1640393
123969	1640399
123970	1640423
123971	1640447
123972	1640461
123973	1640467
123974	1640497
123975	1640503
123976	1640519
123977	1640531
123978	1640539
123979	1640549
123980	1640557
123981	1640599
123982	1640609
123983	1640621
123984	1640623
123985	1640633
123986	1640641
123987	1640657
123988	1640663
123989	1640677
123990	1640689
123991	1640701
123992	1640729
123993	1640741
123994	1640753
123995	1640761
123996	1640773
123997	1640803
123998	1640809
123999	1640819
124000	1640833
