130001	1726951
130002	1726957
130003	1726969
130004	1726993
130005	1726997
130006	1727021
130007	1727023
130008	1727029
130009	1727051
130010	1727057
130011	1727069
130012	1727071
130013	1727101
130014	1727113
130015	1727129
130016	1727137
130017	1727161
130018	1727179
130019	1727189
130020	1727191
130021	1727221
130022	1727261
130023	1727263
130024	1727273
130025	1727287
130026	1727291
130027	1727293
130028	1727317
130029	1727321
130030	1727329
130031	1727339
130032	1727377
130033	1727381
130034	1727393
130035	1727417
130036	1727437
130037	1727441
130038	1727483
130039	1727491
130040	1727503
130041	1727513
130042	1727521
130043	1727527
130044	1727533
130045	1727563
130046	1727569
130047	1727573
130048	1727587
130049	1727597
130050	1727623
130051	1727639
130052	1727653
130053	1727669
130054	1727683
130055	1727701
130056	1727711
130057	1727717
130058	1727743
130059	1727749
130060	1727771
130061	1727773
130062	1727777
130063	1727779
130064	1727797
130065	1727813
130066	1727819
130067	1727827
130068	1727839
130069	1727851
130070	1727881
130071	1727903
130072	1727911
130073	1727923
130074	1727939
130075	1727941
130076	1727951
130077	1727969
130078	1727987
130079	1727989
130080	1728017
130081	1728019
130082	1728043
130083	1728061
130084	1728071
130085	1728091
130086	1728119
130087	1728121
130088	1728149
130089	1728163
130090	1728179
130091	1728193
130092	1728229
130093	1728247
130094	1728253
130095	1728257
130096	1728269
130097	1728317
130098	1728319
130099	1728323
130100	1728329
130101	1728341
130102	1728361
130103	1728403
130104	1728409
130105	1728439
130106	1728451
130107	1728457
130108	1728481
130109	1728511
130110	1728527
130111	1728539
130112	1728541
130113	1728547
130114	1728581
130115	1728583
130116	1728593
130117	1728659
130118	1728689
130119	1728691
130120	1728697
130121	1728733
130122	1728737
130123	1728739
130124	1728761
130125	1728767
130126	1728773
130127	1728809
130128	1728821
130129	1728823
130130	1728827
130131	1728871
130132	1728889
130133	1728907
130134	1728911
130135	1728949
130136	1728953
130137	1728959
130138	1728967
130139	1728971
130140	1728977
130141	1728983
130142	1728997
130143	1729001
130144	1729033
130145	1729037
130146	1729043
130147	1729051
130148	1729103
130149	1729109
130150	1729127
130151	1729129
130152	1729141
130153	1729153
130154	1729157
130155	1729187
130156	1729193
130157	1729207
130158	1729229
130159	1729237
130160	1729249
130161	1729253
130162	1729261
130163	1729279
130164	1729283
130165	1729307
130166	1729309
130167	1729327
130168	1729333
130169	1729363
130170	1729369
130171	1729373
130172	1729379
130173	1729391
130174	1729433
130175	1729447
130176	1729457
130177	1729477
130178	1729487
130179	1729493
130180	1729499
130181	1729517
130182	1729523
130183	1729543
130184	1729591
130185	1729621
130186	1729633
130187	1729681
130188	1729687
130189	1729697
130190	1729709
130191	1729711
130192	1729723
130193	1729727
130194	1729747
130195	1729757
130196	1729759
130197	1729771
130198	1729789
130199	1729799
130200	1729813
130201	1729823
130202	1729829
130203	1729841
130204	1729843
130205	1729877
130206	1729891
130207	1729901
130208	1729909
130209	1729921
130210	1729927
130211	1729943
130212	1729957
130213	1729961
130214	1730041
130215	1730063
130216	1730081
130217	1730087
130218	1730089
130219	1730101
130220	1730119
130221	1730147
130222	1730149
130223	1730153
130224	1730167
130225	1730171
130226	1730177
130227	1730207
130228	1730213
130229	1730237
130230	1730263
130231	1730299
130232	1730303
130233	1730317
130234	1730353
130235	1730357
130236	1730371
130237	1730429
130238	1730431
130239	1730437
130240	1730441
130241	1730461
130242	1730471
130243	1730473
130244	1730507
130245	1730551
130246	1730567
130247	1730579
130248	1730581
130249	1730591
130250	1730623
130251	1730657
130252	1730671
130253	1730683
130254	1730693
130255	1730713
130256	1730717
130257	1730723
130258	1730741
130259	1730779
130260	1730789
130261	1730791
130262	1730797
130263	1730809
130264	1730831
130265	1730849
130266	1730851
130267	1730863
130268	1730867
130269	1730873
130270	1730887
130271	1730891
130272	1730899
130273	1730917
130274	1730921
130275	1730929
130276	1730941
130277	1730959
130278	1730983
130279	1730999
130280	1731007
130281	1731013
130282	1731053
130283	1731073
130284	1731083
130285	1731091
130286	1731113
130287	1731167
130288	1731179
130289	1731181
130290	1731199
130291	1731209
130292	1731221
130293	1731227
130294	1731251
130295	1731253
130296	1731287
130297	1731311
130298	1731313
130299	1731349
130300	1731361
130301	1731377
130302	1731383
130303	1731397
130304	1731407
130305	1731421
130306	1731437
130307	1731449
130308	1731479
130309	1731491
130310	1731493
130311	1731497
130312	1731511
130313	1731539
130314	1731551
130315	1731559
130316	1731571
130317	1731589
130318	1731593
130319	1731617
130320	1731643
130321	1731659
130322	1731701
130323	1731703
130324	1731721
130325	1731731
130326	1731733
130327	1731767
130328	1731823
130329	1731853
130330	1731857
130331	1731871
130332	1731887
130333	1731893
130334	1731913
130335	1731929
130336	1731931
130337	1731937
130338	1731941
130339	1731949
130340	1731953
130341	1731971
130342	1731979
130343	1731991
130344	1732037
130345	1732039
130346	1732043
130347	1732051
130348	1732057
130349	1732109
130350	1732117
130351	1732139
130352	1732193
130353	1732219
130354	1732231
130355	1732253
130356	1732261
130357	1732267
130358	1732271
130359	1732273
130360	1732277
130361	1732301
130362	1732307
130363	1732319
130364	1732321
130365	1732327
130366	1732331
130367	1732333
130368	1732343
130369	1732361
130370	1732369
130371	1732387
130372	1732397
130373	1732399
130374	1732421
130375	1732447
130376	1732457
130377	1732463
130378	1732469
130379	1732483
130380	1732499
130381	1732501
130382	1732519
130383	1732529
130384	1732531
130385	1732579
130386	1732597
130387	1732609
130388	1732631
130389	1732649
130390	1732669
130391	1732681
130392	1732697
130393	1732723
130394	1732727
130395	1732763
130396	1732777
130397	1732799
130398	1732811
130399	1732817
130400	1732831
130401	1732847
130402	1732859
130403	1732867
130404	1732873
130405	1732879
130406	1732883
130407	1732891
130408	1732901
130409	1732903
130410	1732909
130411	1732921
130412	1732961
130413	1732967
130414	1732979
130415	1732987
130416	1733003
130417	1733021
130418	1733033
130419	1733041
130420	1733057
130421	1733063
130422	1733077
130423	1733087
130424	1733101
130425	1733113
130426	1733129
130427	1733141
130428	1733143
130429	1733159
130430	1733177
130431	1733183
130432	1733197
130433	1733213
130434	1733227
130435	1733231
130436	1733267
130437	1733273
130438	1733279
130439	1733297
130440	1733309
130441	1733311
130442	1733321
130443	1733327
130444	1733353
130445	1733363
130446	1733383
130447	1733393
130448	1733399
130449	1733449
130450	1733519
130451	1733527
130452	1733539
130453	1733549
130454	1733569
130455	1733581
130456	1733623
130457	1733639
130458	1733647
130459	1733651
130460	1733653
130461	1733659
130462	1733663
130463	1733701
130464	1733713
130465	1733723
130466	1733729
130467	1733741
130468	1733777
130469	1733791
130470	1733801
130471	1733827
130472	1733843
130473	1733869
130474	1733873
130475	1733899
130476	1733903
130477	1733909
130478	1733911
130479	1733917
130480	1733929
130481	1733981
130482	1733989
130483	1733999
130484	1734011
130485	1734023
130486	1734037
130487	1734041
130488	1734043
130489	1734049
130490	1734067
130491	1734071
130492	1734097
130493	1734101
130494	1734121
130495	1734133
130496	1734143
130497	1734151
130498	1734167
130499	1734179
130500	1734193
130501	1734197
130502	1734203
130503	1734247
130504	1734277
130505	1734281
130506	1734311
130507	1734349
130508	1734353
130509	1734367
130510	1734371
130511	1734373
130512	1734401
130513	1734427
130514	1734431
130515	1734463
130516	1734497
130517	1734503
130518	1734511
130519	1734533
130520	1734547
130521	1734559
130522	1734583
130523	1734589
130524	1734599
130525	1734611
130526	1734641
130527	1734647
130528	1734673
130529	1734709
130530	1734713
130531	1734721
130532	1734727
130533	1734737
130534	1734739
130535	1734763
130536	1734767
130537	1734769
130538	1734787
130539	1734793
130540	1734797
130541	1734827
130542	1734841
130543	1734869
130544	1734883
130545	1734899
130546	1734907
130547	1734917
130548	1734937
130549	1734973
130550	1734989
130551	1735001
130552	1735009
130553	1735033
130554	1735043
130555	1735049
130556	1735067
130557	1735103
130558	1735109
130559	1735117
130560	1735121
130561	1735159
130562	1735183
130563	1735199
130564	1735211
130565	1735259
130566	1735271
130567	1735277
130568	1735291
130569	1735301
130570	1735313
130571	1735333
130572	1735339
130573	1735361
130574	1735369
130575	1735397
130576	1735399
130577	1735421
130578	1735423
130579	1735463
130580	1735469
130581	1735477
130582	1735499
130583	1735507
130584	1735519
130585	1735529
130586	1735541
130587	1735549
130588	1735553
130589	1735579
130590	1735627
130591	1735651
130592	1735661
130593	1735673
130594	1735681
130595	1735687
130596	1735703
130597	1735733
130598	1735739
130599	1735753
130600	1735771
130601	1735807
130602	1735813
130603	1735823
130604	1735829
130605	1735831
130606	1735843
130607	1735847
130608	1735849
130609	1735871
130610	1735883
130611	1735889
130612	1735913
130613	1735919
130614	1735931
130615	1735933
130616	1735961
130617	1735967
130618	1735997
130619	1736029
130620	1736051
130621	1736071
130622	1736099
130623	1736101
130624	1736131
130625	1736149
130626	1736153
130627	1736173
130628	1736177
130629	1736179
130630	1736191
130631	1736197
130632	1736213
130633	1736219
130634	1736221
130635	1736233
130636	1736237
130637	1736257
130638	1736269
130639	1736281
130640	1736303
130641	1736347
130642	1736369
130643	1736387
130644	1736389
130645	1736393
130646	1736417
130647	1736419
130648	1736437
130649	1736453
130650	1736459
130651	1736461
130652	1736519
130653	1736531
130654	1736557
130655	1736563
130656	1736599
130657	1736617
130658	1736621
130659	1736639
130660	1736653
130661	1736671
130662	1736677
130663	1736681
130664	1736687
130665	1736689
130666	1736701
130667	1736711
130668	1736729
130669	1736759
130670	1736767
130671	1736789
130672	1736797
130673	1736821
130674	1736827
130675	1736831
130676	1736849
130677	1736851
130678	1736879
130679	1736881
130680	1736921
130681	1736927
130682	1736939
130683	1736951
130684	1736963
130685	1736971
130686	1736981
130687	1736989
130688	1736993
130689	1737007
130690	1737017
130691	1737031
130692	1737041
130693	1737049
130694	1737053
130695	1737059
130696	1737079
130697	1737089
130698	1737101
130699	1737103
130700	1737161
130701	1737199
130702	1737221
130703	1737257
130704	1737269
130705	1737311
130706	1737317
130707	1737331
130708	1737371
130709	1737391
130710	1737401
130711	1737403
130712	1737413
130713	1737427
130714	1737431
130715	1737433
130716	1737479
130717	1737497
130718	1737517
130719	1737521
130720	1737523
130721	1737529
130722	1737551
130723	1737559
130724	1737563
130725	1737599
130726	1737611
130727	1737613
130728	1737623
130729	1737647
130730	1737653
130731	1737661
130732	1737667
130733	1737677
130734	1737679
130735	1737691
130736	1737733
130737	1737739
130738	1737761
130739	1737773
130740	1737793
130741	1737809
130742	1737821
130743	1737863
130744	1737871
130745	1737887
130746	1737899
130747	1737959
130748	1737979
130749	1737991
130750	1738003
130751	1738019
130752	1738021
130753	1738039
130754	1738043
130755	1738049
130756	1738067
130757	1738117
130758	1738127
130759	1738129
130760	1738141
130761	1738153
130762	1738157
130763	1738169
130764	1738171
130765	1738183
130766	1738207
130767	1738211
130768	1738273
130769	1738283
130770	1738307
130771	1738313
130772	1738327
130773	1738343
130774	1738357
130775	1738379
130776	1738381
130777	1738391
130778	1738411
130779	1738417
130780	1738421
130781	1738423
130782	1738427
130783	1738433
130784	1738459
130785	1738487
130786	1738493
130787	1738543
130788	1738549
130789	1738567
130790	1738571
130791	1738589
130792	1738591
130793	1738603
130794	1738609
130795	1738613
130796	1738621
130797	1738651
130798	1738657
130799	1738661
130800	1738669
130801	1738691
130802	1738699
130803	1738703
130804	1738727
130805	1738733
130806	1738739
130807	1738783
130808	1738799
130809	1738813
130810	1738819
130811	1738831
130812	1738837
130813	1738843
130814	1738873
130815	1738901
130816	1738903
130817	1738909
130818	1738921
130819	1738931
130820	1738943
130821	1738951
130822	1738967
130823	1738969
130824	1738973
130825	1738987
130826	1738991
130827	1738993
130828	1739009
130829	1739021
130830	1739039
130831	1739041
130832	1739057
130833	1739063
130834	1739147
130835	1739167
130836	1739173
130837	1739189
130838	1739197
130839	1739201
130840	1739207
130841	1739209
130842	1739233
130843	1739239
130844	1739251
130845	1739291
130846	1739303
130847	1739347
130848	1739351
130849	1739357
130850	1739359
130851	1739377
130852	1739383
130853	1739399
130854	1739401
130855	1739411
130856	1739417
130857	1739443
130858	1739447
130859	1739453
130860	1739461
130861	1739471
130862	1739473
130863	1739483
130864	1739533
130865	1739539
130866	1739557
130867	1739561
130868	1739579
130869	1739581
130870	1739587
130871	1739599
130872	1739603
130873	1739609
130874	1739641
130875	1739653
130876	1739657
130877	1739669
130878	1739677
130879	1739687
130880	1739693
130881	1739719
130882	1739723
130883	1739741
130884	1739747
130885	1739767
130886	1739791
130887	1739807
130888	1739821
130889	1739827
130890	1739833
130891	1739839
130892	1739867
130893	1739869
130894	1739879
130895	1739891
130896	1739897
130897	1739911
130898	1739921
130899	1739951
130900	1739957
130901	1739977
130902	1739981
130903	1740041
130904	1740047
130905	1740049
130906	1740097
130907	1740113
130908	1740119
130909	1740121
130910	1740143
130911	1740169
130912	1740173
130913	1740181
130914	1740187
130915	1740197
130916	1740199
130917	1740209
130918	1740223
130919	1740241
130920	1740251
130921	1740257
130922	1740259
130923	1740283
130924	1740289
130925	1740293
130926	1740301
130927	1740317
130928	1740337
130929	1740353
130930	1740359
130931	1740367
130932	1740373
130933	1740379
130934	1740421
130935	1740437
130936	1740439
130937	1740451
130938	1740461
130939	1740481
130940	1740499
130941	1740503
130942	1740521
130943	1740523
130944	1740527
130945	1740581
130946	1740589
130947	1740611
130948	1740623
130949	1740631
130950	1740649
130951	1740689
130952	1740691
130953	1740701
130954	1740703
130955	1740721
130956	1740731
130957	1740763
130958	1740779
130959	1740787
130960	1740793
130961	1740811
130962	1740821
130963	1740829
130964	1740853
130965	1740857
130966	1740877
130967	1740881
130968	1740911
130969	1740917
130970	1740931
130971	1740943
130972	1740971
130973	1741007
130974	1741013
130975	1741037
130976	1741049
130977	1741063
130978	1741079
130979	1741099
130980	1741111
130981	1741127
130982	1741151
130983	1741153
130984	1741163
130985	1741171
130986	1741213
130987	1741231
130988	1741241
130989	1741249
130990	1741273
130991	1741291
130992	1741319
130993	1741321
130994	1741339
130995	1741351
130996	1741373
130997	1741379
130998	1741381
130999	1741387
131000	1741409
