186001	2543237
186002	2543239
186003	2543249
186004	2543257
186005	2543279
186006	2543287
186007	2543309
186008	2543323
186009	2543327
186010	2543341
186011	2543351
186012	2543371
186013	2543381
186014	2543389
186015	2543399
186016	2543413
186017	2543423
186018	2543441
186019	2543459
186020	2543461
186021	2543479
186022	2543507
186023	2543509
186024	2543537
186025	2543551
186026	2543573
186027	2543609
186028	2543617
186029	2543621
186030	2543623
186031	2543633
186032	2543641
186033	2543647
186034	2543657
186035	2543699
186036	2543707
186037	2543719
186038	2543729
186039	2543747
186040	2543753
186041	2543771
186042	2543797
186043	2543809
186044	2543813
186045	2543833
186046	2543843
186047	2543873
186048	2543899
186049	2543917
186050	2543921
186051	2543939
186052	2543963
186053	2543971
186054	2544011
186055	2544029
186056	2544041
186057	2544049
186058	2544079
186059	2544121
186060	2544131
186061	2544133
186062	2544137
186063	2544161
186064	2544163
186065	2544167
186066	2544187
186067	2544209
186068	2544211
186069	2544221
186070	2544229
186071	2544239
186072	2544247
186073	2544253
186074	2544281
186075	2544287
186076	2544293
186077	2544299
186078	2544301
186079	2544307
186080	2544313
186081	2544331
186082	2544343
186083	2544349
186084	2544359
186085	2544361
186086	2544383
186087	2544391
186088	2544403
186089	2544457
186090	2544463
186091	2544469
186092	2544481
186093	2544497
186094	2544517
186095	2544523
186096	2544539
186097	2544571
186098	2544617
186099	2544623
186100	2544629
186101	2544631
186102	2544637
186103	2544643
186104	2544691
186105	2544733
186106	2544739
186107	2544757
186108	2544761
186109	2544767
186110	2544769
186111	2544791
186112	2544793
186113	2544797
186114	2544809
186115	2544811
186116	2544833
186117	2544851
186118	2544887
186119	2544907
186120	2544923
186121	2544929
186122	2544931
186123	2544943
186124	2544959
186125	2544967
186126	2544977
186127	2545001
186128	2545013
186129	2545021
186130	2545057
186131	2545073
186132	2545079
186133	2545093
186134	2545117
186135	2545141
186136	2545159
186137	2545163
186138	2545171
186139	2545177
186140	2545187
186141	2545211
186142	2545237
186143	2545241
186144	2545253
186145	2545261
186146	2545271
186147	2545307
186148	2545313
186149	2545327
186150	2545343
186151	2545357
186152	2545363
186153	2545369
186154	2545429
186155	2545447
186156	2545451
186157	2545453
186158	2545481
186159	2545493
186160	2545513
186161	2545519
186162	2545523
186163	2545553
186164	2545561
186165	2545573
186166	2545603
186167	2545619
186168	2545633
186169	2545651
186170	2545657
186171	2545679
186172	2545681
186173	2545687
186174	2545691
186175	2545703
186176	2545727
186177	2545757
186178	2545759
186179	2545769
186180	2545771
186181	2545783
186182	2545811
186183	2545817
186184	2545843
186185	2545853
186186	2545861
186187	2545883
186188	2545889
186189	2545891
186190	2545919
186191	2545927
186192	2545967
186193	2545973
186194	2545993
186195	2546009
186196	2546017
186197	2546029
186198	2546051
186199	2546083
186200	2546101
186201	2546119
186202	2546129
186203	2546143
186204	2546149
186205	2546161
186206	2546177
186207	2546179
186208	2546183
186209	2546207
186210	2546213
186211	2546227
186212	2546231
186213	2546233
186214	2546237
186215	2546239
186216	2546267
186217	2546281
186218	2546293
186219	2546317
186220	2546321
186221	2546329
186222	2546339
186223	2546351
186224	2546363
186225	2546393
186226	2546429
186227	2546443
186228	2546497
186229	2546521
186230	2546539
186231	2546543
186232	2546561
186233	2546563
186234	2546569
186235	2546581
186236	2546611
186237	2546657
186238	2546659
186239	2546669
186240	2546671
186241	2546683
186242	2546701
186243	2546729
186244	2546749
186245	2546759
186246	2546773
186247	2546777
186248	2546837
186249	2546839
186250	2546849
186251	2546891
186252	2546899
186253	2546903
186254	2546909
186255	2546911
186256	2546941
186257	2546959
186258	2546987
186259	2547029
186260	2547031
186261	2547037
186262	2547073
186263	2547107
186264	2547113
186265	2547131
186266	2547137
186267	2547151
186268	2547173
186269	2547199
186270	2547203
186271	2547211
186272	2547247
186273	2547253
186274	2547257
186275	2547271
186276	2547313
186277	2547323
186278	2547341
186279	2547361
186280	2547397
186281	2547431
186282	2547451
186283	2547469
186284	2547473
186285	2547491
186286	2547529
186287	2547581
186288	2547583
186289	2547599
186290	2547607
186291	2547613
186292	2547619
186293	2547631
186294	2547647
186295	2547659
186296	2547667
186297	2547683
186298	2547689
186299	2547719
186300	2547757
186301	2547761
186302	2547791
186303	2547817
186304	2547821
186305	2547833
186306	2547847
186307	2547887
186308	2547893
186309	2547913
186310	2547929
186311	2547949
186312	2547959
186313	2547967
186314	2547971
186315	2547973
186316	2547989
186317	2547997
186318	2548003
186319	2548019
186320	2548061
186321	2548069
186322	2548097
186323	2548103
186324	2548111
186325	2548127
186326	2548141
186327	2548157
186328	2548163
186329	2548171
186330	2548177
186331	2548219
186332	2548229
186333	2548243
186334	2548277
186335	2548279
186336	2548289
186337	2548291
186338	2548297
186339	2548319
186340	2548327
186341	2548333
186342	2548361
186343	2548367
186344	2548379
186345	2548391
186346	2548409
186347	2548421
186348	2548459
186349	2548477
186350	2548493
186351	2548499
186352	2548501
186353	2548517
186354	2548531
186355	2548537
186356	2548543
186357	2548547
186358	2548571
186359	2548573
186360	2548577
186361	2548583
186362	2548591
186363	2548621
186364	2548627
186365	2548631
186366	2548639
186367	2548643
186368	2548673
186369	2548697
186370	2548703
186371	2548751
186372	2548753
186373	2548757
186374	2548769
186375	2548771
186376	2548783
186377	2548813
186378	2548817
186379	2548849
186380	2548853
186381	2548877
186382	2548879
186383	2548891
186384	2548901
186385	2548927
186386	2548933
186387	2548939
186388	2548957
186389	2548961
186390	2548969
186391	2548979
186392	2549003
186393	2549009
186394	2549039
186395	2549051
186396	2549069
186397	2549077
186398	2549081
186399	2549089
186400	2549101
186401	2549111
186402	2549119
186403	2549123
186404	2549143
186405	2549171
186406	2549177
186407	2549191
186408	2549203
186409	2549207
186410	2549219
186411	2549237
186412	2549279
186413	2549291
186414	2549293
186415	2549299
186416	2549311
186417	2549317
186418	2549357
186419	2549359
186420	2549369
186421	2549381
186422	2549383
186423	2549387
186424	2549423
186425	2549429
186426	2549431
186427	2549447
186428	2549453
186429	2549461
186430	2549479
186431	2549531
186432	2549557
186433	2549563
186434	2549579
186435	2549587
186436	2549597
186437	2549611
186438	2549621
186439	2549623
186440	2549647
186441	2549669
186442	2549683
186443	2549699
186444	2549713
186445	2549731
186446	2549737
186447	2549753
186448	2549759
186449	2549773
186450	2549783
186451	2549801
186452	2549821
186453	2549863
186454	2549867
186455	2549873
186456	2549879
186457	2549887
186458	2549893
186459	2549903
186460	2549927
186461	2549951
186462	2549993
186463	2550001
186464	2550013
186465	2550019
186466	2550059
186467	2550073
186468	2550083
186469	2550089
186470	2550101
186471	2550133
186472	2550139
186473	2550167
186474	2550179
186475	2550181
186476	2550203
186477	2550209
186478	2550253
186479	2550269
186480	2550281
186481	2550319
186482	2550329
186483	2550337
186484	2550343
186485	2550367
186486	2550403
186487	2550407
186488	2550437
186489	2550467
186490	2550469
186491	2550479
186492	2550497
186493	2550551
186494	2550563
186495	2550577
186496	2550601
186497	2550607
186498	2550619
186499	2550641
186500	2550659
186501	2550683
186502	2550689
186503	2550703
186504	2550721
186505	2550727
186506	2550739
186507	2550763
186508	2550767
186509	2550791
186510	2550853
186511	2550857
186512	2550859
186513	2550871
186514	2550887
186515	2550937
186516	2550941
186517	2550949
186518	2550967
186519	2550971
186520	2550973
186521	2550991
186522	2551009
186523	2551013
186524	2551027
186525	2551033
186526	2551057
186527	2551063
186528	2551069
186529	2551079
186530	2551097
186531	2551099
186532	2551103
186533	2551123
186534	2551127
186535	2551169
186536	2551177
186537	2551223
186538	2551247
186539	2551249
186540	2551273
186541	2551279
186542	2551313
186543	2551349
186544	2551357
186545	2551369
186546	2551397
186547	2551403
186548	2551421
186549	2551429
186550	2551433
186551	2551441
186552	2551457
186553	2551469
186554	2551481
186555	2551499
186556	2551501
186557	2551511
186558	2551531
186559	2551543
186560	2551559
186561	2551603
186562	2551607
186563	2551639
186564	2551651
186565	2551657
186566	2551687
186567	2551697
186568	2551709
186569	2551723
186570	2551729
186571	2551733
186572	2551793
186573	2551817
186574	2551823
186575	2551831
186576	2551841
186577	2551859
186578	2551867
186579	2551877
186580	2551883
186581	2551903
186582	2551933
186583	2551943
186584	2551957
186585	2551961
186586	2551979
186587	2551981
186588	2551987
186589	2551999
186590	2552009
186591	2552021
186592	2552027
186593	2552041
186594	2552047
186595	2552059
186596	2552107
186597	2552111
186598	2552113
186599	2552117
186600	2552119
186601	2552171
186602	2552183
186603	2552191
186604	2552197
186605	2552201
186606	2552219
186607	2552233
186608	2552239
186609	2552279
186610	2552293
186611	2552317
186612	2552357
186613	2552359
186614	2552369
186615	2552383
186616	2552387
186617	2552393
186618	2552413
186619	2552449
186620	2552461
186621	2552477
186622	2552483
186623	2552503
186624	2552507
186625	2552513
186626	2552527
186627	2552531
186628	2552581
186629	2552587
186630	2552597
186631	2552603
186632	2552611
186633	2552621
186634	2552623
186635	2552629
186636	2552647
186637	2552651
186638	2552653
186639	2552657
186640	2552659
186641	2552677
186642	2552687
186643	2552713
186644	2552717
186645	2552729
186646	2552761
186647	2552773
186648	2552777
186649	2552779
186650	2552807
186651	2552833
186652	2552843
186653	2552857
186654	2552861
186655	2552887
186656	2552917
186657	2552939
186658	2552951
186659	2552959
186660	2552969
186661	2552983
186662	2552987
186663	2553017
186664	2553041
186665	2553053
186666	2553071
186667	2553101
186668	2553113
186669	2553119
186670	2553139
186671	2553149
186672	2553151
186673	2553157
186674	2553203
186675	2553209
186676	2553217
186677	2553223
186678	2553227
186679	2553233
186680	2553241
186681	2553251
186682	2553283
186683	2553289
186684	2553293
186685	2553301
186686	2553337
186687	2553347
186688	2553371
186689	2553389
186690	2553403
186691	2553409
186692	2553427
186693	2553431
186694	2553433
186695	2553457
186696	2553491
186697	2553497
186698	2553503
186699	2553511
186700	2553527
186701	2553539
186702	2553541
186703	2553547
186704	2553559
186705	2553599
186706	2553601
186707	2553611
186708	2553631
186709	2553637
186710	2553647
186711	2553659
186712	2553671
186713	2553701
186714	2553739
186715	2553751
186716	2553781
186717	2553797
186718	2553823
186719	2553829
186720	2553853
186721	2553857
186722	2553869
186723	2553871
186724	2553907
186725	2553917
186726	2553937
186727	2553949
186728	2553959
186729	2554003
186730	2554007
186731	2554021
186732	2554039
186733	2554043
186734	2554049
186735	2554067
186736	2554087
186737	2554093
186738	2554099
186739	2554103
186740	2554109
186741	2554129
186742	2554133
186743	2554141
186744	2554171
186745	2554187
186746	2554231
186747	2554247
186748	2554249
186749	2554261
186750	2554271
186751	2554273
186752	2554283
186753	2554289
186754	2554313
186755	2554319
186756	2554333
186757	2554337
186758	2554339
186759	2554397
186760	2554399
186761	2554421
186762	2554429
186763	2554439
186764	2554451
186765	2554457
186766	2554459
186767	2554469
186768	2554477
186769	2554481
186770	2554529
186771	2554543
186772	2554549
186773	2554553
186774	2554561
186775	2554583
186776	2554589
186777	2554621
186778	2554637
186779	2554649
186780	2554663
186781	2554711
186782	2554729
186783	2554733
186784	2554753
186785	2554757
186786	2554763
186787	2554787
186788	2554789
186789	2554801
186790	2554807
186791	2554819
186792	2554829
186793	2554831
186794	2554843
186795	2554891
186796	2554897
186797	2554907
186798	2554921
186799	2554963
186800	2554969
186801	2554973
186802	2554991
186803	2555009
186804	2555011
186805	2555027
186806	2555041
186807	2555057
186808	2555081
186809	2555089
186810	2555099
186811	2555123
186812	2555129
186813	2555131
186814	2555141
186815	2555159
186816	2555167
186817	2555171
186818	2555173
186819	2555191
186820	2555197
186821	2555213
186822	2555221
186823	2555227
186824	2555233
186825	2555251
186826	2555261
186827	2555263
186828	2555281
186829	2555303
186830	2555309
186831	2555317
186832	2555347
186833	2555353
186834	2555363
186835	2555429
186836	2555453
186837	2555459
186838	2555477
186839	2555521
186840	2555543
186841	2555549
186842	2555551
186843	2555561
186844	2555569
186845	2555587
186846	2555591
186847	2555617
186848	2555629
186849	2555639
186850	2555647
186851	2555669
186852	2555687
186853	2555699
186854	2555711
186855	2555731
186856	2555753
186857	2555767
186858	2555779
186859	2555809
186860	2555837
186861	2555863
186862	2555867
186863	2555873
186864	2555881
186865	2555893
186866	2555897
186867	2555911
186868	2555951
186869	2555957
186870	2555989
186871	2556011
186872	2556019
186873	2556023
186874	2556041
186875	2556061
186876	2556067
186877	2556079
186878	2556091
186879	2556101
186880	2556107
186881	2556121
186882	2556133
186883	2556139
186884	2556143
186885	2556149
186886	2556161
186887	2556163
186888	2556179
186889	2556187
186890	2556193
186891	2556217
186892	2556233
186893	2556259
186894	2556277
186895	2556331
186896	2556373
186897	2556397
186898	2556403
186899	2556419
186900	2556451
186901	2556457
186902	2556461
186903	2556467
186904	2556487
186905	2556493
186906	2556503
186907	2556509
186908	2556523
186909	2556559
186910	2556569
186911	2556577
186912	2556607
186913	2556641
186914	2556661
186915	2556683
186916	2556689
186917	2556713
186918	2556739
186919	2556761
186920	2556791
186921	2556793
186922	2556803
186923	2556821
186924	2556839
186925	2556857
186926	2556871
186927	2556877
186928	2556907
186929	2556913
186930	2556943
186931	2556977
186932	2556991
186933	2556997
186934	2557007
186935	2557013
186936	2557063
186937	2557067
186938	2557099
186939	2557111
186940	2557127
186941	2557169
186942	2557171
186943	2557199
186944	2557201
186945	2557213
186946	2557231
186947	2557241
186948	2557273
186949	2557277
186950	2557279
186951	2557297
186952	2557333
186953	2557337
186954	2557351
186955	2557367
186956	2557369
186957	2557397
186958	2557417
186959	2557433
186960	2557441
186961	2557447
186962	2557453
186963	2557501
186964	2557507
186965	2557517
186966	2557519
186967	2557553
186968	2557561
186969	2557567
186970	2557601
186971	2557603
186972	2557613
186973	2557631
186974	2557649
186975	2557663
186976	2557673
186977	2557691
186978	2557697
186979	2557729
186980	2557741
186981	2557757
186982	2557777
186983	2557781
186984	2557813
186985	2557817
186986	2557823
186987	2557843
186988	2557861
186989	2557879
186990	2557889
186991	2557897
186992	2557901
186993	2557909
186994	2557931
186995	2557937
186996	2557957
186997	2557963
186998	2557967
186999	2557999
187000	2558009
