135001	1798987
135002	1798997
135003	1798999
135004	1799003
135005	1799009
135006	1799011
135007	1799041
135008	1799071
135009	1799081
135010	1799089
135011	1799099
135012	1799107
135013	1799117
135014	1799123
135015	1799137
135016	1799141
135017	1799153
135018	1799173
135019	1799177
135020	1799179
135021	1799219
135022	1799227
135023	1799233
135024	1799251
135025	1799261
135026	1799269
135027	1799279
135028	1799309
135029	1799311
135030	1799381
135031	1799393
135032	1799407
135033	1799417
135034	1799423
135035	1799453
135036	1799477
135037	1799503
135038	1799521
135039	1799527
135040	1799533
135041	1799549
135042	1799563
135043	1799573
135044	1799579
135045	1799591
135046	1799599
135047	1799617
135048	1799621
135049	1799627
135050	1799639
135051	1799701
135052	1799713
135053	1799731
135054	1799741
135055	1799753
135056	1799761
135057	1799783
135058	1799797
135059	1799801
135060	1799803
135061	1799839
135062	1799843
135063	1799849
135064	1799867
135065	1799881
135066	1799887
135067	1799923
135068	1799929
135069	1799951
135070	1799969
135071	1799983
135072	1799999
135073	1800017
135074	1800037
135075	1800047
135076	1800067
135077	1800083
135078	1800091
135079	1800103
135080	1800119
135081	1800121
135082	1800137
135083	1800157
135084	1800167
135085	1800179
135086	1800191
135087	1800199
135088	1800209
135089	1800221
135090	1800257
135091	1800259
135092	1800277
135093	1800301
135094	1800311
135095	1800313
135096	1800341
135097	1800343
135098	1800361
135099	1800377
135100	1800389
135101	1800397
135102	1800401
135103	1800413
135104	1800431
135105	1800451
135106	1800473
135107	1800493
135108	1800499
135109	1800529
135110	1800541
135111	1800551
135112	1800553
135113	1800563
135114	1800577
135115	1800593
135116	1800599
135117	1800613
135118	1800619
135119	1800637
135120	1800641
135121	1800677
135122	1800707
135123	1800709
135124	1800713
135125	1800719
135126	1800727
135127	1800731
135128	1800767
135129	1800787
135130	1800803
135131	1800809
135132	1800811
135133	1800823
135134	1800829
135135	1800833
135136	1800853
135137	1800859
135138	1800863
135139	1800889
135140	1800907
135141	1800913
135142	1800937
135143	1800949
135144	1800959
135145	1800961
135146	1800973
135147	1800979
135148	1801003
135149	1801013
135150	1801021
135151	1801039
135152	1801073
135153	1801091
135154	1801109
135155	1801117
135156	1801187
135157	1801207
135158	1801213
135159	1801223
135160	1801229
135161	1801237
135162	1801259
135163	1801273
135164	1801297
135165	1801309
135166	1801339
135167	1801357
135168	1801361
135169	1801363
135170	1801403
135171	1801411
135172	1801433
135173	1801453
135174	1801469
135175	1801477
135176	1801489
135177	1801517
135178	1801529
135179	1801531
135180	1801549
135181	1801577
135182	1801589
135183	1801601
135184	1801619
135185	1801669
135186	1801673
135187	1801691
135188	1801717
135189	1801727
135190	1801733
135191	1801747
135192	1801759
135193	1801769
135194	1801771
135195	1801777
135196	1801781
135197	1801817
135198	1801819
135199	1801823
135200	1801853
135201	1801867
135202	1801871
135203	1801873
135204	1801897
135205	1801901
135206	1801907
135207	1801913
135208	1801927
135209	1801931
135210	1801967
135211	1801997
135212	1802029
135213	1802039
135214	1802057
135215	1802077
135216	1802081
135217	1802083
135218	1802107
135219	1802113
135220	1802117
135221	1802137
135222	1802149
135223	1802189
135224	1802197
135225	1802219
135226	1802231
135227	1802239
135228	1802261
135229	1802267
135230	1802279
135231	1802287
135232	1802293
135233	1802327
135234	1802347
135235	1802363
135236	1802393
135237	1802407
135238	1802419
135239	1802491
135240	1802503
135241	1802513
135242	1802519
135243	1802531
135244	1802597
135245	1802599
135246	1802609
135247	1802621
135248	1802641
135249	1802651
135250	1802653
135251	1802657
135252	1802659
135253	1802683
135254	1802687
135255	1802693
135256	1802699
135257	1802707
135258	1802711
135259	1802719
135260	1802737
135261	1802753
135262	1802791
135263	1802797
135264	1802803
135265	1802821
135266	1802837
135267	1802839
135268	1802897
135269	1802909
135270	1802923
135271	1802989
135272	1803001
135273	1803023
135274	1803029
135275	1803031
135276	1803059
135277	1803077
135278	1803079
135279	1803089
135280	1803097
135281	1803101
135282	1803103
135283	1803127
135284	1803149
135285	1803163
135286	1803167
135287	1803169
135288	1803203
135289	1803209
135290	1803211
135291	1803227
135292	1803251
135293	1803253
135294	1803259
135295	1803293
135296	1803299
135297	1803317
135298	1803323
135299	1803337
135300	1803349
135301	1803353
135302	1803371
135303	1803379
135304	1803383
135305	1803419
135306	1803421
135307	1803449
135308	1803457
135309	1803469
135310	1803493
135311	1803497
135312	1803509
135313	1803511
135314	1803517
135315	1803523
135316	1803533
135317	1803541
135318	1803551
135319	1803553
135320	1803563
135321	1803569
135322	1803577
135323	1803583
135324	1803629
135325	1803647
135326	1803667
135327	1803671
135328	1803677
135329	1803679
135330	1803691
135331	1803701
135332	1803743
135333	1803761
135334	1803799
135335	1803811
135336	1803817
135337	1803863
135338	1803881
135339	1803889
135340	1803947
135341	1803973
135342	1804007
135343	1804013
135344	1804037
135345	1804063
135346	1804073
135347	1804079
135348	1804093
135349	1804129
135350	1804133
135351	1804139
135352	1804199
135353	1804207
135354	1804213
135355	1804219
135356	1804249
135357	1804267
135358	1804273
135359	1804303
135360	1804307
135361	1804321
135362	1804349
135363	1804381
135364	1804391
135365	1804399
135366	1804403
135367	1804421
135368	1804433
135369	1804447
135370	1804459
135371	1804463
135372	1804469
135373	1804477
135374	1804489
135375	1804493
135376	1804501
135377	1804507
135378	1804513
135379	1804529
135380	1804547
135381	1804549
135382	1804559
135383	1804577
135384	1804609
135385	1804613
135386	1804619
135387	1804631
135388	1804643
135389	1804657
135390	1804687
135391	1804709
135392	1804711
135393	1804763
135394	1804793
135395	1804799
135396	1804801
135397	1804813
135398	1804819
135399	1804841
135400	1804871
135401	1804919
135402	1804921
135403	1804927
135404	1804937
135405	1804939
135406	1804951
135407	1804961
135408	1804963
135409	1804973
135410	1804991
135411	1804993
135412	1804997
135413	1805003
135414	1805039
135415	1805053
135416	1805059
135417	1805081
135418	1805087
135419	1805093
135420	1805117
135421	1805123
135422	1805137
135423	1805143
135424	1805147
135425	1805203
135426	1805227
135427	1805231
135428	1805239
135429	1805261
135430	1805263
135431	1805299
135432	1805303
135433	1805327
135434	1805357
135435	1805359
135436	1805369
135437	1805371
135438	1805381
135439	1805393
135440	1805413
135441	1805473
135442	1805483
135443	1805491
135444	1805497
135445	1805501
135446	1805521
135447	1805537
135448	1805549
135449	1805561
135450	1805579
135451	1805581
135452	1805591
135453	1805593
135454	1805597
135455	1805603
135456	1805633
135457	1805641
135458	1805651
135459	1805653
135460	1805663
135461	1805677
135462	1805701
135463	1805729
135464	1805747
135465	1805761
135466	1805767
135467	1805773
135468	1805789
135469	1805819
135470	1805821
135471	1805827
135472	1805833
135473	1805857
135474	1805863
135475	1805873
135476	1805879
135477	1805887
135478	1805897
135479	1805911
135480	1805941
135481	1805963
135482	1805989
135483	1806001
135484	1806011
135485	1806017
135486	1806023
135487	1806031
135488	1806041
135489	1806059
135490	1806061
135491	1806089
135492	1806107
135493	1806113
135494	1806137
135495	1806143
135496	1806151
135497	1806191
135498	1806193
135499	1806209
135500	1806221
135501	1806223
135502	1806227
135503	1806241
135504	1806247
135505	1806251
135506	1806263
135507	1806269
135508	1806281
135509	1806313
135510	1806331
135511	1806341
135512	1806347
135513	1806353
135514	1806361
135515	1806373
135516	1806379
135517	1806383
135518	1806407
135519	1806421
135520	1806461
135521	1806479
135522	1806487
135523	1806491
135524	1806499
135525	1806503
135526	1806509
135527	1806527
135528	1806533
135529	1806551
135530	1806557
135531	1806569
135532	1806589
135533	1806617
135534	1806631
135535	1806643
135536	1806683
135537	1806689
135538	1806697
135539	1806703
135540	1806713
135541	1806733
135542	1806769
135543	1806781
135544	1806797
135545	1806803
135546	1806839
135547	1806841
135548	1806859
135549	1806863
135550	1806869
135551	1806877
135552	1806887
135553	1806899
135554	1806901
135555	1806941
135556	1806943
135557	1806953
135558	1806971
135559	1806977
135560	1807027
135561	1807037
135562	1807061
135563	1807063
135564	1807067
135565	1807093
135566	1807097
135567	1807121
135568	1807129
135569	1807153
135570	1807171
135571	1807177
135572	1807187
135573	1807189
135574	1807199
135575	1807213
135576	1807231
135577	1807237
135578	1807243
135579	1807249
135580	1807277
135581	1807297
135582	1807301
135583	1807313
135584	1807327
135585	1807357
135586	1807361
135587	1807387
135588	1807391
135589	1807397
135590	1807439
135591	1807453
135592	1807469
135593	1807493
135594	1807499
135595	1807511
135596	1807513
135597	1807537
135598	1807543
135599	1807549
135600	1807571
135601	1807577
135602	1807607
135603	1807609
135604	1807633
135605	1807643
135606	1807691
135607	1807693
135608	1807697
135609	1807711
135610	1807723
135611	1807733
135612	1807759
135613	1807769
135614	1807781
135615	1807807
135616	1807811
135617	1807829
135618	1807837
135619	1807853
135620	1807867
135621	1807891
135622	1807903
135623	1807909
135624	1807913
135625	1807921
135626	1807943
135627	1807957
135628	1807963
135629	1807969
135630	1807987
135631	1807997
135632	1807999
135633	1808003
135634	1808017
135635	1808029
135636	1808033
135637	1808039
135638	1808041
135639	1808071
135640	1808077
135641	1808083
135642	1808089
135643	1808117
135644	1808119
135645	1808161
135646	1808167
135647	1808207
135648	1808243
135649	1808269
135650	1808281
135651	1808293
135652	1808297
135653	1808309
135654	1808327
135655	1808377
135656	1808399
135657	1808431
135658	1808453
135659	1808459
135660	1808479
135661	1808489
135662	1808491
135663	1808497
135664	1808501
135665	1808507
135666	1808539
135667	1808549
135668	1808557
135669	1808561
135670	1808567
135671	1808581
135672	1808617
135673	1808627
135674	1808669
135675	1808683
135676	1808687
135677	1808699
135678	1808707
135679	1808713
135680	1808761
135681	1808767
135682	1808773
135683	1808801
135684	1808803
135685	1808813
135686	1808831
135687	1808839
135688	1808843
135689	1808869
135690	1808887
135691	1808921
135692	1808923
135693	1808951
135694	1808959
135695	1808969
135696	1808977
135697	1808981
135698	1808993
135699	1809029
135700	1809079
135701	1809083
135702	1809091
135703	1809097
135704	1809113
135705	1809121
135706	1809133
135707	1809149
135708	1809163
135709	1809167
135710	1809169
135711	1809173
135712	1809193
135713	1809209
135714	1809211
135715	1809217
135716	1809221
135717	1809229
135718	1809233
135719	1809271
135720	1809277
135721	1809287
135722	1809299
135723	1809319
135724	1809323
135725	1809331
135726	1809349
135727	1809373
135728	1809383
135729	1809391
135730	1809403
135731	1809413
135732	1809419
135733	1809421
135734	1809449
135735	1809461
135736	1809481
135737	1809487
135738	1809491
135739	1809517
135740	1809523
135741	1809527
135742	1809529
135743	1809539
135744	1809551
135745	1809553
135746	1809557
135747	1809581
135748	1809583
135749	1809601
135750	1809631
135751	1809671
135752	1809673
135753	1809683
135754	1809751
135755	1809757
135756	1809763
135757	1809767
135758	1809793
135759	1809799
135760	1809823
135761	1809833
135762	1809851
135763	1809853
135764	1809859
135765	1809881
135766	1809887
135767	1809901
135768	1809911
135769	1809917
135770	1809937
135771	1809949
135772	1809953
135773	1809967
135774	1809971
135775	1809979
135776	1809991
135777	1810001
135778	1810013
135779	1810033
135780	1810043
135781	1810057
135782	1810063
135783	1810069
135784	1810087
135785	1810097
135786	1810129
135787	1810153
135788	1810199
135789	1810213
135790	1810217
135791	1810219
135792	1810241
135793	1810243
135794	1810247
135795	1810253
135796	1810271
135797	1810283
135798	1810309
135799	1810337
135800	1810357
135801	1810363
135802	1810397
135803	1810409
135804	1810421
135805	1810423
135806	1810433
135807	1810439
135808	1810451
135809	1810469
135810	1810477
135811	1810481
135812	1810507
135813	1810511
135814	1810531
135815	1810553
135816	1810561
135817	1810573
135818	1810577
135819	1810579
135820	1810597
135821	1810603
135822	1810607
135823	1810609
135824	1810649
135825	1810667
135826	1810693
135827	1810709
135828	1810723
135829	1810733
135830	1810747
135831	1810751
135832	1810771
135833	1810799
135834	1810819
135835	1810867
135836	1810877
135837	1810889
135838	1810931
135839	1810933
135840	1810937
135841	1810967
135842	1810969
135843	1810973
135844	1810979
135845	1810981
135846	1810999
135847	1811041
135848	1811053
135849	1811059
135850	1811071
135851	1811081
135852	1811083
135853	1811107
135854	1811119
135855	1811141
135856	1811167
135857	1811179
135858	1811209
135859	1811219
135860	1811287
135861	1811291
135862	1811297
135863	1811321
135864	1811323
135865	1811347
135866	1811353
135867	1811357
135868	1811371
135869	1811377
135870	1811387
135871	1811389
135872	1811413
135873	1811431
135874	1811443
135875	1811473
135876	1811489
135877	1811507
135878	1811519
135879	1811527
135880	1811533
135881	1811539
135882	1811561
135883	1811567
135884	1811569
135885	1811603
135886	1811627
135887	1811647
135888	1811651
135889	1811657
135890	1811681
135891	1811683
135892	1811723
135893	1811731
135894	1811737
135895	1811743
135896	1811759
135897	1811767
135898	1811791
135899	1811819
135900	1811827
135901	1811837
135902	1811851
135903	1811867
135904	1811893
135905	1811899
135906	1811903
135907	1811923
135908	1811939
135909	1811959
135910	1811983
135911	1811987
135912	1811993
135913	1812037
135914	1812053
135915	1812059
135916	1812061
135917	1812073
135918	1812089
135919	1812091
135920	1812103
135921	1812121
135922	1812131
135923	1812137
135924	1812157
135925	1812199
135926	1812227
135927	1812233
135928	1812263
135929	1812269
135930	1812271
135931	1812301
135932	1812311
135933	1812341
135934	1812347
135935	1812359
135936	1812361
135937	1812379
135938	1812383
135939	1812401
135940	1812403
135941	1812409
135942	1812431
135943	1812439
135944	1812443
135945	1812449
135946	1812457
135947	1812509
135948	1812511
135949	1812527
135950	1812541
135951	1812553
135952	1812563
135953	1812571
135954	1812589
135955	1812611
135956	1812623
135957	1812661
135958	1812673
135959	1812677
135960	1812683
135961	1812689
135962	1812721
135963	1812749
135964	1812763
135965	1812773
135966	1812793
135967	1812817
135968	1812821
135969	1812823
135970	1812827
135971	1812851
135972	1812869
135973	1812871
135974	1812907
135975	1812917
135976	1812947
135977	1812949
135978	1812959
135979	1812983
135980	1812989
135981	1813001
135982	1813003
135983	1813039
135984	1813073
135985	1813081
135986	1813121
135987	1813139
135988	1813157
135989	1813177
135990	1813211
135991	1813219
135992	1813223
135993	1813277
135994	1813291
135995	1813313
135996	1813319
135997	1813321
135998	1813327
135999	1813337
136000	1813351
