175001	2381149
175002	2381153
175003	2381179
175004	2381189
175005	2381191
175006	2381201
175007	2381221
175008	2381231
175009	2381243
175010	2381263
175011	2381273
175012	2381287
175013	2381303
175014	2381311
175015	2381317
175016	2381329
175017	2381339
175018	2381341
175019	2381347
175020	2381359
175021	2381363
175022	2381387
175023	2381413
175024	2381429
175025	2381437
175026	2381453
175027	2381473
175028	2381497
175029	2381503
175030	2381507
175031	2381521
175032	2381527
175033	2381543
175034	2381569
175035	2381573
175036	2381591
175037	2381609
175038	2381629
175039	2381633
175040	2381651
175041	2381657
175042	2381677
175043	2381689
175044	2381693
175045	2381737
175046	2381749
175047	2381773
175048	2381777
175049	2381789
175050	2381791
175051	2381807
175052	2381839
175053	2381849
175054	2381861
175055	2381879
175056	2381881
175057	2381891
175058	2381893
175059	2381909
175060	2381941
175061	2381957
175062	2381963
175063	2381969
175064	2381971
175065	2381983
175066	2381999
175067	2382001
175068	2382073
175069	2382103
175070	2382109
175071	2382119
175072	2382151
175073	2382169
175074	2382173
175075	2382181
175076	2382187
175077	2382203
175078	2382217
175079	2382221
175080	2382251
175081	2382269
175082	2382283
175083	2382299
175084	2382301
175085	2382307
175086	2382313
175087	2382323
175088	2382337
175089	2382371
175090	2382377
175091	2382389
175092	2382407
175093	2382449
175094	2382451
175095	2382461
175096	2382463
175097	2382473
175098	2382481
175099	2382487
175100	2382491
175101	2382511
175102	2382521
175103	2382529
175104	2382539
175105	2382557
175106	2382559
175107	2382563
175108	2382607
175109	2382613
175110	2382637
175111	2382649
175112	2382671
175113	2382697
175114	2382701
175115	2382707
175116	2382713
175117	2382739
175118	2382749
175119	2382761
175120	2382769
175121	2382781
175122	2382803
175123	2382811
175124	2382817
175125	2382829
175126	2382851
175127	2382857
175128	2382859
175129	2382871
175130	2382881
175131	2382883
175132	2382899
175133	2382917
175134	2382937
175135	2382943
175136	2382953
175137	2382977
175138	2382979
175139	2383019
175140	2383033
175141	2383049
175142	2383081
175143	2383091
175144	2383127
175145	2383141
175146	2383163
175147	2383169
175148	2383177
175149	2383219
175150	2383253
175151	2383261
175152	2383291
175153	2383301
175154	2383309
175155	2383313
175156	2383327
175157	2383333
175158	2383343
175159	2383393
175160	2383397
175161	2383411
175162	2383427
175163	2383439
175164	2383457
175165	2383477
175166	2383483
175167	2383487
175168	2383501
175169	2383517
175170	2383561
175171	2383567
175172	2383571
175173	2383573
175174	2383613
175175	2383631
175176	2383637
175177	2383643
175178	2383649
175179	2383657
175180	2383673
175181	2383679
175182	2383681
175183	2383739
175184	2383751
175185	2383753
175186	2383763
175187	2383811
175188	2383813
175189	2383817
175190	2383841
175191	2383847
175192	2383867
175193	2383883
175194	2383891
175195	2383907
175196	2383919
175197	2383921
175198	2383933
175199	2383943
175200	2383991
175201	2383999
175202	2384017
175203	2384023
175204	2384033
175205	2384047
175206	2384051
175207	2384059
175208	2384071
175209	2384077
175210	2384143
175211	2384153
175212	2384183
175213	2384197
175214	2384257
175215	2384269
175216	2384279
175217	2384297
175218	2384323
175219	2384339
175220	2384363
175221	2384381
175222	2384383
175223	2384401
175224	2384407
175225	2384411
175226	2384419
175227	2384461
175228	2384483
175229	2384497
175230	2384513
175231	2384521
175232	2384533
175233	2384537
175234	2384561
175235	2384567
175236	2384579
175237	2384581
175238	2384587
175239	2384609
175240	2384611
175241	2384623
175242	2384647
175243	2384653
175244	2384659
175245	2384689
175246	2384713
175247	2384729
175248	2384749
175249	2384771
175250	2384783
175251	2384797
175252	2384803
175253	2384813
175254	2384821
175255	2384831
175256	2384843
175257	2384849
175258	2384869
175259	2384881
175260	2384891
175261	2384897
175262	2384911
175263	2384951
175264	2384953
175265	2384971
175266	2385023
175267	2385041
175268	2385073
175269	2385107
175270	2385113
175271	2385121
175272	2385139
175273	2385157
175274	2385181
175275	2385191
175276	2385199
175277	2385209
175278	2385211
175279	2385239
175280	2385259
175281	2385263
175282	2385281
175283	2385293
175284	2385319
175285	2385323
175286	2385329
175287	2385343
175288	2385349
175289	2385433
175290	2385451
175291	2385463
175292	2385499
175293	2385541
175294	2385553
175295	2385571
175296	2385587
175297	2385599
175298	2385601
175299	2385611
175300	2385619
175301	2385637
175302	2385653
175303	2385679
175304	2385701
175305	2385703
175306	2385709
175307	2385727
175308	2385739
175309	2385751
175310	2385787
175311	2385809
175312	2385827
175313	2385829
175314	2385847
175315	2385857
175316	2385863
175317	2385881
175318	2385883
175319	2385907
175320	2385919
175321	2385931
175322	2385947
175323	2385953
175324	2385959
175325	2385961
175326	2385979
175327	2385983
175328	2385989
175329	2385991
175330	2386003
175331	2386009
175332	2386031
175333	2386051
175334	2386057
175335	2386061
175336	2386063
175337	2386067
175338	2386079
175339	2386099
175340	2386121
175341	2386127
175342	2386133
175343	2386169
175344	2386177
175345	2386183
175346	2386187
175347	2386193
175348	2386211
175349	2386217
175350	2386247
175351	2386271
175352	2386277
175353	2386283
175354	2386289
175355	2386291
175356	2386301
175357	2386309
175358	2386313
175359	2386369
175360	2386379
175361	2386393
175362	2386399
175363	2386429
175364	2386453
175365	2386459
175366	2386469
175367	2386471
175368	2386481
175369	2386493
175370	2386507
175371	2386513
175372	2386547
175373	2386567
175374	2386577
175375	2386591
175376	2386603
175377	2386627
175378	2386639
175379	2386661
175380	2386663
175381	2386667
175382	2386679
175383	2386739
175384	2386753
175385	2386757
175386	2386763
175387	2386771
175388	2386777
175389	2386781
175390	2386789
175391	2386793
175392	2386823
175393	2386859
175394	2386861
175395	2386873
175396	2386877
175397	2386883
175398	2386889
175399	2386921
175400	2386939
175401	2386957
175402	2386999
175403	2387003
175404	2387017
175405	2387023
175406	2387039
175407	2387041
175408	2387051
175409	2387053
175410	2387087
175411	2387107
175412	2387111
175413	2387117
175414	2387137
175415	2387149
175416	2387167
175417	2387171
175418	2387183
175419	2387197
175420	2387201
175421	2387207
175422	2387221
175423	2387237
175424	2387243
175425	2387249
175426	2387269
175427	2387291
175428	2387299
175429	2387303
175430	2387311
175431	2387347
175432	2387353
175433	2387383
175434	2387393
175435	2387401
175436	2387417
175437	2387419
175438	2387431
175439	2387447
175440	2387449
175441	2387453
175442	2387467
175443	2387477
175444	2387501
175445	2387507
175446	2387513
175447	2387533
175448	2387537
175449	2387543
175450	2387563
175451	2387569
175452	2387579
175453	2387591
175454	2387621
175455	2387629
175456	2387687
175457	2387729
175458	2387753
175459	2387767
175460	2387807
175461	2387821
175462	2387839
175463	2387843
175464	2387851
175465	2387857
175466	2387867
175467	2387873
175468	2387897
175469	2387909
175470	2387911
175471	2387923
175472	2387927
175473	2387941
175474	2387951
175475	2387953
175476	2387969
175477	2387971
175478	2388013
175479	2388019
175480	2388031
175481	2388037
175482	2388059
175483	2388083
175484	2388097
175485	2388101
175486	2388103
175487	2388157
175488	2388161
175489	2388163
175490	2388173
175491	2388181
175492	2388187
175493	2388223
175494	2388229
175495	2388247
175496	2388257
175497	2388259
175498	2388277
175499	2388283
175500	2388293
175501	2388317
175502	2388329
175503	2388359
175504	2388361
175505	2388371
175506	2388377
175507	2388403
175508	2388409
175509	2388443
175510	2388473
175511	2388479
175512	2388499
175513	2388539
175514	2388557
175515	2388559
175516	2388563
175517	2388569
175518	2388583
175519	2388593
175520	2388613
175521	2388629
175522	2388637
175523	2388641
175524	2388649
175525	2388667
175526	2388677
175527	2388679
175528	2388689
175529	2388697
175530	2388703
175531	2388769
175532	2388797
175533	2388833
175534	2388839
175535	2388863
175536	2388871
175537	2388877
175538	2388887
175539	2388899
175540	2388901
175541	2388907
175542	2388913
175543	2388929
175544	2388961
175545	2388983
175546	2389001
175547	2389021
175548	2389031
175549	2389043
175550	2389063
175551	2389067
175552	2389073
175553	2389097
175554	2389103
175555	2389109
175556	2389141
175557	2389181
175558	2389183
175559	2389213
175560	2389241
175561	2389243
175562	2389249
175563	2389259
175564	2389279
175565	2389297
175566	2389313
175567	2389319
175568	2389351
175569	2389379
175570	2389391
175571	2389403
175572	2389427
175573	2389451
175574	2389463
175575	2389481
175576	2389483
175577	2389501
175578	2389507
175579	2389523
175580	2389529
175581	2389531
175582	2389547
175583	2389567
175584	2389577
175585	2389589
175586	2389591
175587	2389613
175588	2389619
175589	2389633
175590	2389637
175591	2389643
175592	2389657
175593	2389661
175594	2389663
175595	2389669
175596	2389693
175597	2389721
175598	2389729
175599	2389733
175600	2389747
175601	2389757
175602	2389781
175603	2389799
175604	2389813
175605	2389831
175606	2389841
175607	2389847
175608	2389853
175609	2389859
175610	2389873
175611	2389879
175612	2389889
175613	2389901
175614	2389921
175615	2389939
175616	2389943
175617	2389951
175618	2389967
175619	2389969
175620	2389973
175621	2389993
175622	2390009
175623	2390021
175624	2390023
175625	2390033
175626	2390051
175627	2390053
175628	2390057
175629	2390071
175630	2390077
175631	2390099
175632	2390111
175633	2390117
175634	2390123
175635	2390147
175636	2390159
175637	2390191
175638	2390197
175639	2390207
175640	2390221
175641	2390243
175642	2390249
175643	2390263
175644	2390291
175645	2390299
175646	2390309
175647	2390329
175648	2390351
175649	2390389
175650	2390411
175651	2390417
175652	2390429
175653	2390431
175654	2390449
175655	2390471
175656	2390473
175657	2390477
175658	2390519
175659	2390539
175660	2390543
175661	2390579
175662	2390611
175663	2390617
175664	2390623
175665	2390653
175666	2390699
175667	2390711
175668	2390723
175669	2390737
175670	2390743
175671	2390753
175672	2390767
175673	2390779
175674	2390797
175675	2390803
175676	2390809
175677	2390819
175678	2390831
175679	2390849
175680	2390879
175681	2390887
175682	2390893
175683	2390909
175684	2390911
175685	2390917
175686	2390923
175687	2390951
175688	2390957
175689	2390987
175690	2391001
175691	2391013
175692	2391019
175693	2391023
175694	2391041
175695	2391043
175696	2391049
175697	2391071
175698	2391083
175699	2391089
175700	2391091
175701	2391097
175702	2391107
175703	2391113
175704	2391119
175705	2391127
175706	2391157
175707	2391167
175708	2391227
175709	2391239
175710	2391269
175711	2391281
175712	2391289
175713	2391293
175714	2391331
175715	2391349
175716	2391401
175717	2391437
175718	2391439
175719	2391449
175720	2391451
175721	2391461
175722	2391469
175723	2391491
175724	2391503
175725	2391523
175726	2391527
175727	2391533
175728	2391539
175729	2391541
175730	2391547
175731	2391559
175732	2391583
175733	2391589
175734	2391629
175735	2391637
175736	2391671
175737	2391691
175738	2391709
175739	2391721
175740	2391733
175741	2391737
175742	2391751
175743	2391769
175744	2391799
175745	2391827
175746	2391847
175747	2391859
175748	2391863
175749	2391881
175750	2391889
175751	2391937
175752	2391947
175753	2391953
175754	2391973
175755	2391979
175756	2391997
175757	2392001
175758	2392003
175759	2392009
175760	2392021
175761	2392057
175762	2392067
175763	2392073
175764	2392099
175765	2392127
175766	2392139
175767	2392141
175768	2392147
175769	2392163
175770	2392183
175771	2392193
175772	2392249
175773	2392267
175774	2392279
175775	2392289
175776	2392303
175777	2392307
175778	2392319
175779	2392333
175780	2392337
175781	2392343
175782	2392349
175783	2392361
175784	2392373
175785	2392421
175786	2392433
175787	2392447
175788	2392459
175789	2392463
175790	2392469
175791	2392501
175792	2392517
175793	2392519
175794	2392541
175795	2392547
175796	2392561
175797	2392571
175798	2392573
175799	2392591
175800	2392619
175801	2392661
175802	2392669
175803	2392681
175804	2392697
175805	2392711
175806	2392717
175807	2392729
175808	2392751
175809	2392757
175810	2392777
175811	2392781
175812	2392787
175813	2392811
175814	2392849
175815	2392861
175816	2392891
175817	2392919
175818	2392939
175819	2392961
175820	2392967
175821	2392991
175822	2392997
175823	2393011
175824	2393021
175825	2393023
175826	2393029
175827	2393063
175828	2393071
175829	2393077
175830	2393101
175831	2393119
175832	2393137
175833	2393161
175834	2393177
175835	2393179
175836	2393189
175837	2393233
175838	2393257
175839	2393263
175840	2393291
175841	2393327
175842	2393351
175843	2393389
175844	2393407
175845	2393431
175846	2393467
175847	2393473
175848	2393497
175849	2393507
175850	2393519
175851	2393537
175852	2393543
175853	2393561
175854	2393581
175855	2393591
175856	2393627
175857	2393647
175858	2393653
175859	2393659
175860	2393683
175861	2393687
175862	2393707
175863	2393717
175864	2393723
175865	2393759
175866	2393761
175867	2393773
175868	2393819
175869	2393837
175870	2393849
175871	2393857
175872	2393869
175873	2393873
175874	2393879
175875	2393893
175876	2393899
175877	2393917
175878	2393927
175879	2393929
175880	2393933
175881	2393947
175882	2393959
175883	2393971
175884	2393987
175885	2394017
175886	2394023
175887	2394053
175888	2394061
175889	2394071
175890	2394079
175891	2394083
175892	2394097
175893	2394101
175894	2394109
175895	2394121
175896	2394149
175897	2394151
175898	2394157
175899	2394163
175900	2394167
175901	2394187
175902	2394193
175903	2394199
175904	2394221
175905	2394239
175906	2394241
175907	2394257
175908	2394299
175909	2394313
175910	2394317
175911	2394319
175912	2394341
175913	2394377
175914	2394383
175915	2394419
175916	2394421
175917	2394451
175918	2394479
175919	2394481
175920	2394499
175921	2394503
175922	2394527
175923	2394563
175924	2394571
175925	2394611
175926	2394629
175927	2394631
175928	2394641
175929	2394643
175930	2394649
175931	2394659
175932	2394673
175933	2394683
175934	2394731
175935	2394757
175936	2394761
175937	2394787
175938	2394793
175939	2394823
175940	2394859
175941	2394863
175942	2394871
175943	2394881
175944	2394913
175945	2394919
175946	2394941
175947	2394961
175948	2395009
175949	2395021
175950	2395031
175951	2395039
175952	2395051
175953	2395103
175954	2395117
175955	2395157
175956	2395163
175957	2395177
175958	2395189
175959	2395193
175960	2395213
175961	2395241
175962	2395271
175963	2395279
175964	2395291
175965	2395303
175966	2395307
175967	2395319
175968	2395333
175969	2395357
175970	2395373
175971	2395391
175972	2395397
175973	2395399
175974	2395403
175975	2395411
175976	2395433
175977	2395489
175978	2395499
175979	2395511
175980	2395529
175981	2395537
175982	2395541
175983	2395583
175984	2395621
175985	2395643
175986	2395651
175987	2395681
175988	2395693
175989	2395721
175990	2395727
175991	2395739
175992	2395741
175993	2395747
175994	2395763
175995	2395769
175996	2395807
175997	2395823
175998	2395847
175999	2395849
176000	2395867
