152001	2044129
152002	2044151
152003	2044169
152004	2044187
152005	2044201
152006	2044243
152007	2044249
152008	2044271
152009	2044277
152010	2044279
152011	2044321
152012	2044331
152013	2044351
152014	2044363
152015	2044391
152016	2044411
152017	2044421
152018	2044463
152019	2044487
152020	2044489
152021	2044499
152022	2044507
152023	2044519
152024	2044541
152025	2044561
152026	2044577
152027	2044621
152028	2044633
152029	2044649
152030	2044661
152031	2044673
152032	2044681
152033	2044697
152034	2044733
152035	2044739
152036	2044753
152037	2044759
152038	2044787
152039	2044789
152040	2044831
152041	2044841
152042	2044843
152043	2044849
152044	2044873
152045	2044883
152046	2044901
152047	2044909
152048	2044919
152049	2044921
152050	2044937
152051	2044943
152052	2044963
152053	2044969
152054	2044979
152055	2045009
152056	2045011
152057	2045023
152058	2045047
152059	2045053
152060	2045077
152061	2045089
152062	2045093
152063	2045129
152064	2045177
152065	2045189
152066	2045191
152067	2045213
152068	2045311
152069	2045317
152070	2045333
152071	2045339
152072	2045347
152073	2045357
152074	2045359
152075	2045363
152076	2045371
152077	2045377
152078	2045437
152079	2045441
152080	2045503
152081	2045509
152082	2045539
152083	2045543
152084	2045557
152085	2045567
152086	2045569
152087	2045587
152088	2045591
152089	2045599
152090	2045609
152091	2045611
152092	2045629
152093	2045647
152094	2045651
152095	2045653
152096	2045669
152097	2045677
152098	2045699
152099	2045713
152100	2045731
152101	2045753
152102	2045759
152103	2045761
152104	2045773
152105	2045789
152106	2045819
152107	2045833
152108	2045837
152109	2045839
152110	2045851
152111	2045881
152112	2045891
152113	2045903
152114	2045909
152115	2045929
152116	2045963
152117	2045987
152118	2045999
152119	2046013
152120	2046017
152121	2046029
152122	2046043
152123	2046047
152124	2046049
152125	2046059
152126	2046073
152127	2046101
152128	2046119
152129	2046127
152130	2046133
152131	2046151
152132	2046157
152133	2046169
152134	2046193
152135	2046203
152136	2046223
152137	2046271
152138	2046293
152139	2046299
152140	2046311
152141	2046313
152142	2046323
152143	2046349
152144	2046353
152145	2046371
152146	2046389
152147	2046391
152148	2046397
152149	2046419
152150	2046431
152151	2046437
152152	2046449
152153	2046463
152154	2046469
152155	2046479
152156	2046487
152157	2046493
152158	2046553
152159	2046607
152160	2046631
152161	2046637
152162	2046641
152163	2046677
152164	2046683
152165	2046703
152166	2046719
152167	2046721
152168	2046727
152169	2046731
152170	2046739
152171	2046743
152172	2046773
152173	2046787
152174	2046799
152175	2046823
152176	2046827
152177	2046829
152178	2046833
152179	2046853
152180	2046857
152181	2046871
152182	2046881
152183	2046893
152184	2046901
152185	2046937
152186	2046943
152187	2046949
152188	2046959
152189	2046971
152190	2046973
152191	2046983
152192	2047037
152193	2047039
152194	2047043
152195	2047049
152196	2047061
152197	2047063
152198	2047091
152199	2047093
152200	2047121
152201	2047141
152202	2047159
152203	2047163
152204	2047181
152205	2047183
152206	2047211
152207	2047217
152208	2047219
152209	2047237
152210	2047249
152211	2047289
152212	2047303
152213	2047349
152214	2047351
152215	2047369
152216	2047387
152217	2047393
152218	2047403
152219	2047439
152220	2047471
152221	2047481
152222	2047501
152223	2047517
152224	2047523
152225	2047541
152226	2047547
152227	2047553
152228	2047559
152229	2047567
152230	2047571
152231	2047597
152232	2047613
152233	2047627
152234	2047637
152235	2047651
152236	2047699
152237	2047729
152238	2047733
152239	2047741
152240	2047781
152241	2047811
152242	2047813
152243	2047819
152244	2047841
152245	2047879
152246	2047883
152247	2047919
152248	2047933
152249	2047937
152250	2047957
152251	2047967
152252	2047993
152253	2048003
152254	2048017
152255	2048021
152256	2048027
152257	2048063
152258	2048107
152259	2048113
152260	2048117
152261	2048131
152262	2048141
152263	2048149
152264	2048153
152265	2048159
152266	2048171
152267	2048203
152268	2048231
152269	2048239
152270	2048243
152271	2048251
152272	2048261
152273	2048269
152274	2048273
152275	2048327
152276	2048329
152277	2048339
152278	2048353
152279	2048359
152280	2048369
152281	2048413
152282	2048419
152283	2048429
152284	2048467
152285	2048471
152286	2048509
152287	2048521
152288	2048533
152289	2048537
152290	2048569
152291	2048581
152292	2048593
152293	2048621
152294	2048639
152295	2048663
152296	2048671
152297	2048677
152298	2048699
152299	2048723
152300	2048749
152301	2048779
152302	2048797
152303	2048819
152304	2048833
152305	2048843
152306	2048861
152307	2048867
152308	2048887
152309	2048897
152310	2048911
152311	2048933
152312	2048939
152313	2048953
152314	2048957
152315	2048983
152316	2049041
152317	2049043
152318	2049067
152319	2049071
152320	2049077
152321	2049083
152322	2049107
152323	2049119
152324	2049121
152325	2049127
152326	2049137
152327	2049143
152328	2049149
152329	2049161
152330	2049167
152331	2049191
152332	2049263
152333	2049269
152334	2049287
152335	2049293
152336	2049301
152337	2049331
152338	2049347
152339	2049349
152340	2049361
152341	2049407
152342	2049409
152343	2049419
152344	2049427
152345	2049431
152346	2049449
152347	2049451
152348	2049491
152349	2049493
152350	2049521
152351	2049533
152352	2049547
152353	2049569
152354	2049577
152355	2049589
152356	2049611
152357	2049613
152358	2049617
152359	2049629
152360	2049643
152361	2049647
152362	2049659
152363	2049667
152364	2049679
152365	2049703
152366	2049721
152367	2049727
152368	2049787
152369	2049791
152370	2049797
152371	2049821
152372	2049823
152373	2049847
152374	2049863
152375	2049893
152376	2049919
152377	2049941
152378	2049953
152379	2049961
152380	2049973
152381	2049977
152382	2049991
152383	2050007
152384	2050021
152385	2050031
152386	2050033
152387	2050057
152388	2050063
152389	2050079
152390	2050099
152391	2050109
152392	2050141
152393	2050163
152394	2050171
152395	2050177
152396	2050189
152397	2050193
152398	2050211
152399	2050219
152400	2050229
152401	2050231
152402	2050241
152403	2050253
152404	2050261
152405	2050273
152406	2050277
152407	2050327
152408	2050331
152409	2050333
152410	2050337
152411	2050339
152412	2050357
152413	2050361
152414	2050397
152415	2050403
152416	2050417
152417	2050459
152418	2050481
152419	2050487
152420	2050493
152421	2050507
152422	2050511
152423	2050513
152424	2050547
152425	2050553
152426	2050567
152427	2050571
152428	2050579
152429	2050589
152430	2050621
152431	2050639
152432	2050679
152433	2050717
152434	2050721
152435	2050733
152436	2050739
152437	2050771
152438	2050777
152439	2050787
152440	2050813
152441	2050817
152442	2050819
152443	2050823
152444	2050831
152445	2050843
152446	2050849
152447	2050877
152448	2050883
152449	2050889
152450	2050903
152451	2050949
152452	2050957
152453	2050963
152454	2050969
152455	2050973
152456	2050987
152457	2051041
152458	2051051
152459	2051059
152460	2051087
152461	2051111
152462	2051113
152463	2051123
152464	2051167
152465	2051171
152466	2051173
152467	2051191
152468	2051219
152469	2051233
152470	2051249
152471	2051251
152472	2051263
152473	2051267
152474	2051279
152475	2051281
152476	2051311
152477	2051321
152478	2051323
152479	2051327
152480	2051333
152481	2051341
152482	2051359
152483	2051383
152484	2051417
152485	2051419
152486	2051429
152487	2051437
152488	2051443
152489	2051459
152490	2051461
152491	2051477
152492	2051479
152493	2051507
152494	2051537
152495	2051587
152496	2051593
152497	2051617
152498	2051627
152499	2051629
152500	2051641
152501	2051653
152502	2051671
152503	2051689
152504	2051701
152505	2051719
152506	2051743
152507	2051759
152508	2051767
152509	2051773
152510	2051801
152511	2051821
152512	2051839
152513	2051851
152514	2051887
152515	2051891
152516	2051893
152517	2051923
152518	2051947
152519	2051963
152520	2051969
152521	2051999
152522	2052023
152523	2052041
152524	2052047
152525	2052049
152526	2052059
152527	2052097
152528	2052109
152529	2052119
152530	2052137
152531	2052157
152532	2052163
152533	2052179
152534	2052181
152535	2052187
152536	2052191
152537	2052199
152538	2052217
152539	2052311
152540	2052317
152541	2052329
152542	2052331
152543	2052343
152544	2052371
152545	2052409
152546	2052431
152547	2052439
152548	2052473
152549	2052493
152550	2052503
152551	2052511
152552	2052517
152553	2052521
152554	2052553
152555	2052559
152556	2052569
152557	2052577
152558	2052587
152559	2052601
152560	2052629
152561	2052647
152562	2052689
152563	2052697
152564	2052709
152565	2052731
152566	2052737
152567	2052749
152568	2052751
152569	2052769
152570	2052781
152571	2052793
152572	2052803
152573	2052821
152574	2052857
152575	2052859
152576	2052877
152577	2052889
152578	2052899
152579	2052907
152580	2052917
152581	2052923
152582	2052943
152583	2052959
152584	2052977
152585	2052983
152586	2052989
152587	2053001
152588	2053013
152589	2053021
152590	2053031
152591	2053063
152592	2053067
152593	2053069
152594	2053087
152595	2053091
152596	2053109
152597	2053111
152598	2053127
152599	2053189
152600	2053201
152601	2053211
152602	2053213
152603	2053237
152604	2053253
152605	2053291
152606	2053307
152607	2053313
152608	2053333
152609	2053339
152610	2053357
152611	2053361
152612	2053397
152613	2053411
152614	2053421
152615	2053423
152616	2053427
152617	2053439
152618	2053459
152619	2053507
152620	2053517
152621	2053529
152622	2053553
152623	2053573
152624	2053603
152625	2053619
152626	2053621
152627	2053627
152628	2053631
152629	2053643
152630	2053661
152631	2053673
152632	2053699
152633	2053703
152634	2053721
152635	2053757
152636	2053769
152637	2053771
152638	2053783
152639	2053789
152640	2053811
152641	2053819
152642	2053837
152643	2053841
152644	2053847
152645	2053859
152646	2053871
152647	2053873
152648	2053897
152649	2053903
152650	2053927
152651	2053937
152652	2053943
152653	2053951
152654	2053979
152655	2054009
152656	2054011
152657	2054021
152658	2054023
152659	2054027
152660	2054047
152661	2054057
152662	2054069
152663	2054077
152664	2054089
152665	2054113
152666	2054131
152667	2054149
152668	2054159
152669	2054179
152670	2054189
152671	2054197
152672	2054207
152673	2054231
152674	2054233
152675	2054249
152676	2054251
152677	2054257
152678	2054317
152679	2054329
152680	2054341
152681	2054347
152682	2054369
152683	2054443
152684	2054449
152685	2054471
152686	2054483
152687	2054491
152688	2054519
152689	2054537
152690	2054543
152691	2054579
152692	2054581
152693	2054593
152694	2054597
152695	2054609
152696	2054617
152697	2054623
152698	2054627
152699	2054629
152700	2054639
152701	2054687
152702	2054707
152703	2054713
152704	2054719
152705	2054729
152706	2054749
152707	2054753
152708	2054761
152709	2054771
152710	2054791
152711	2054821
152712	2054839
152713	2054849
152714	2054851
152715	2054861
152716	2054873
152717	2054881
152718	2054903
152719	2054917
152720	2054933
152721	2054939
152722	2054947
152723	2054951
152724	2054971
152725	2054989
152726	2054999
152727	2055019
152728	2055037
152729	2055041
152730	2055061
152731	2055071
152732	2055089
152733	2055101
152734	2055103
152735	2055107
152736	2055121
152737	2055127
152738	2055133
152739	2055187
152740	2055191
152741	2055197
152742	2055199
152743	2055203
152744	2055217
152745	2055223
152746	2055233
152747	2055247
152748	2055253
152749	2055299
152750	2055307
152751	2055311
152752	2055337
152753	2055341
152754	2055367
152755	2055397
152756	2055409
152757	2055437
152758	2055467
152759	2055479
152760	2055481
152761	2055497
152762	2055503
152763	2055509
152764	2055511
152765	2055541
152766	2055551
152767	2055569
152768	2055611
152769	2055637
152770	2055649
152771	2055673
152772	2055679
152773	2055689
152774	2055707
152775	2055709
152776	2055719
152777	2055727
152778	2055751
152779	2055769
152780	2055821
152781	2055829
152782	2055847
152783	2055853
152784	2055917
152785	2055953
152786	2055961
152787	2056001
152788	2056007
152789	2056069
152790	2056073
152791	2056079
152792	2056081
152793	2056111
152794	2056139
152795	2056141
152796	2056147
152797	2056151
152798	2056157
152799	2056193
152800	2056207
152801	2056211
152802	2056247
152803	2056253
152804	2056277
152805	2056279
152806	2056289
152807	2056319
152808	2056333
152809	2056339
152810	2056343
152811	2056357
152812	2056363
152813	2056381
152814	2056399
152815	2056403
152816	2056409
152817	2056421
152818	2056441
152819	2056459
152820	2056463
152821	2056489
152822	2056501
152823	2056517
152824	2056547
152825	2056553
152826	2056573
152827	2056577
152828	2056589
152829	2056597
152830	2056603
152831	2056627
152832	2056631
152833	2056661
152834	2056667
152835	2056679
152836	2056687
152837	2056697
152838	2056727
152839	2056741
152840	2056751
152841	2056753
152842	2056759
152843	2056763
152844	2056777
152845	2056787
152846	2056829
152847	2056841
152848	2056843
152849	2056853
152850	2056891
152851	2056903
152852	2056907
152853	2056909
152854	2056919
152855	2056927
152856	2056933
152857	2056961
152858	2056963
152859	2056973
152860	2056979
152861	2056987
152862	2056993
152863	2057009
152864	2057021
152865	2057023
152866	2057047
152867	2057053
152868	2057087
152869	2057113
152870	2057137
152871	2057141
152872	2057147
152873	2057177
152874	2057179
152875	2057197
152876	2057203
152877	2057227
152878	2057233
152879	2057291
152880	2057299
152881	2057303
152882	2057309
152883	2057317
152884	2057333
152885	2057353
152886	2057371
152887	2057381
152888	2057383
152889	2057387
152890	2057399
152891	2057401
152892	2057411
152893	2057431
152894	2057441
152895	2057477
152896	2057479
152897	2057483
152898	2057537
152899	2057543
152900	2057569
152901	2057597
152902	2057599
152903	2057609
152904	2057611
152905	2057633
152906	2057639
152907	2057659
152908	2057669
152909	2057683
152910	2057689
152911	2057701
152912	2057711
152913	2057723
152914	2057729
152915	2057747
152916	2057761
152917	2057777
152918	2057779
152919	2057791
152920	2057807
152921	2057813
152922	2057849
152923	2057857
152924	2057863
152925	2057893
152926	2057897
152927	2057917
152928	2057921
152929	2057933
152930	2057953
152931	2057981
152932	2057987
152933	2057999
152934	2058011
152935	2058013
152936	2058019
152937	2058031
152938	2058041
152939	2058047
152940	2058103
152941	2058131
152942	2058143
152943	2058157
152944	2058163
152945	2058169
152946	2058179
152947	2058191
152948	2058193
152949	2058197
152950	2058211
152951	2058223
152952	2058229
152953	2058233
152954	2058239
152955	2058253
152956	2058299
152957	2058311
152958	2058341
152959	2058373
152960	2058379
152961	2058383
152962	2058389
152963	2058401
152964	2058409
152965	2058439
152966	2058443
152967	2058457
152968	2058473
152969	2058541
152970	2058557
152971	2058559
152972	2058571
152973	2058577
152974	2058599
152975	2058607
152976	2058611
152977	2058619
152978	2058629
152979	2058653
152980	2058671
152981	2058677
152982	2058691
152983	2058697
152984	2058701
152985	2058703
152986	2058713
152987	2058737
152988	2058761
152989	2058767
152990	2058773
152991	2058781
152992	2058809
152993	2058817
152994	2058829
152995	2058839
152996	2058841
152997	2058851
152998	2058857
152999	2058869
153000	2058871
