176001	2395871
176002	2395873
176003	2395879
176004	2395889
176005	2395901
176006	2395927
176007	2395973
176008	2396029
176009	2396039
176010	2396041
176011	2396047
176012	2396057
176013	2396063
176014	2396101
176015	2396113
176016	2396123
176017	2396129
176018	2396131
176019	2396137
176020	2396153
176021	2396171
176022	2396189
176023	2396197
176024	2396213
176025	2396227
176026	2396237
176027	2396239
176028	2396243
176029	2396257
176030	2396309
176031	2396311
176032	2396323
176033	2396333
176034	2396341
176035	2396353
176036	2396369
176037	2396377
176038	2396399
176039	2396411
176040	2396419
176041	2396423
176042	2396467
176043	2396497
176044	2396509
176045	2396533
176046	2396539
176047	2396543
176048	2396561
176049	2396567
176050	2396587
176051	2396591
176052	2396593
176053	2396627
176054	2396633
176055	2396651
176056	2396659
176057	2396683
176058	2396687
176059	2396701
176060	2396731
176061	2396741
176062	2396743
176063	2396759
176064	2396767
176065	2396789
176066	2396803
176067	2396833
176068	2396839
176069	2396851
176070	2396861
176071	2396887
176072	2396903
176073	2396917
176074	2396921
176075	2396923
176076	2396941
176077	2396959
176078	2396969
176079	2396981
176080	2396987
176081	2397001
176082	2397007
176083	2397011
176084	2397041
176085	2397049
176086	2397061
176087	2397071
176088	2397077
176089	2397091
176090	2397103
176091	2397107
176092	2397113
176093	2397127
176094	2397133
176095	2397139
176096	2397151
176097	2397167
176098	2397179
176099	2397181
176100	2397191
176101	2397203
176102	2397209
176103	2397217
176104	2397251
176105	2397259
176106	2397277
176107	2397299
176108	2397319
176109	2397371
176110	2397377
176111	2397383
176112	2397397
176113	2397403
176114	2397449
176115	2397463
176116	2397467
176117	2397481
176118	2397487
176119	2397491
176120	2397503
176121	2397511
176122	2397523
176123	2397529
176124	2397541
176125	2397569
176126	2397581
176127	2397587
176128	2397601
176129	2397613
176130	2397617
176131	2397631
176132	2397641
176133	2397649
176134	2397677
176135	2397683
176136	2397713
176137	2397719
176138	2397793
176139	2397821
176140	2397823
176141	2397827
176142	2397839
176143	2397847
176144	2397851
176145	2397853
176146	2397869
176147	2397907
176148	2397917
176149	2397931
176150	2397947
176151	2397949
176152	2397961
176153	2397991
176154	2398001
176155	2398021
176156	2398027
176157	2398051
176158	2398057
176159	2398061
176160	2398073
176161	2398087
176162	2398103
176163	2398111
176164	2398133
176165	2398147
176166	2398157
176167	2398159
176168	2398169
176169	2398171
176170	2398177
176171	2398181
176172	2398183
176173	2398189
176174	2398211
176175	2398223
176176	2398243
176177	2398247
176178	2398259
176179	2398261
176180	2398267
176181	2398273
176182	2398289
176183	2398301
176184	2398307
176185	2398321
176186	2398339
176187	2398349
176188	2398367
176189	2398369
176190	2398379
176191	2398391
176192	2398423
176193	2398433
176194	2398441
176195	2398471
176196	2398477
176197	2398481
176198	2398483
176199	2398493
176200	2398499
176201	2398507
176202	2398523
176203	2398537
176204	2398549
176205	2398553
176206	2398559
176207	2398567
176208	2398573
176209	2398577
176210	2398597
176211	2398603
176212	2398607
176213	2398633
176214	2398637
176215	2398657
176216	2398661
176217	2398679
176218	2398681
176219	2398699
176220	2398777
176221	2398789
176222	2398849
176223	2398861
176224	2398867
176225	2398889
176226	2398901
176227	2398919
176228	2398931
176229	2398961
176230	2398987
176231	2399011
176232	2399017
176233	2399027
176234	2399029
176235	2399039
176236	2399041
176237	2399081
176238	2399087
176239	2399093
176240	2399113
176241	2399119
176242	2399129
176243	2399143
176244	2399167
176245	2399171
176246	2399207
176247	2399213
176248	2399231
176249	2399237
176250	2399249
176251	2399273
176252	2399297
176253	2399317
176254	2399323
176255	2399333
176256	2399359
176257	2399381
176258	2399387
176259	2399389
176260	2399399
176261	2399407
176262	2399461
176263	2399477
176264	2399479
176265	2399497
176266	2399519
176267	2399531
176268	2399539
176269	2399543
176270	2399549
176271	2399581
176272	2399597
176273	2399599
176274	2399611
176275	2399627
176276	2399629
176277	2399633
176278	2399641
176279	2399647
176280	2399653
176281	2399671
176282	2399687
176283	2399699
176284	2399711
176285	2399713
176286	2399717
176287	2399753
176288	2399759
176289	2399791
176290	2399807
176291	2399809
176292	2399821
176293	2399869
176294	2399897
176295	2399911
176296	2399921
176297	2399933
176298	2399939
176299	2399951
176300	2399977
176301	2399983
176302	2399993
176303	2400001
176304	2400019
176305	2400031
176306	2400037
176307	2400053
176308	2400067
176309	2400089
176310	2400107
176311	2400109
176312	2400143
176313	2400157
176314	2400161
176315	2400163
176316	2400169
176317	2400187
176318	2400191
176319	2400197
176320	2400221
176321	2400253
176322	2400259
176323	2400271
176324	2400283
176325	2400311
176326	2400323
176327	2400329
176328	2400347
176329	2400353
176330	2400367
176331	2400407
176332	2400413
176333	2400469
176334	2400473
176335	2400481
176336	2400511
176337	2400521
176338	2400551
176339	2400557
176340	2400571
176341	2400577
176342	2400589
176343	2400613
176344	2400623
176345	2400661
176346	2400667
176347	2400703
176348	2400709
176349	2400719
176350	2400767
176351	2400773
176352	2400779
176353	2400793
176354	2400817
176355	2400833
176356	2400841
176357	2400851
176358	2400863
176359	2400869
176360	2400883
176361	2400907
176362	2400917
176363	2400929
176364	2400949
176365	2400971
176366	2400989
176367	2401013
176368	2401019
176369	2401031
176370	2401037
176371	2401103
176372	2401111
176373	2401117
176374	2401127
176375	2401159
176376	2401169
176377	2401181
176378	2401207
176379	2401211
176380	2401219
176381	2401237
176382	2401253
176383	2401261
176384	2401279
176385	2401303
176386	2401307
176387	2401339
176388	2401367
176389	2401381
176390	2401393
176391	2401409
176392	2401423
176393	2401447
176394	2401457
176395	2401463
176396	2401489
176397	2401501
176398	2401513
176399	2401517
176400	2401537
176401	2401541
176402	2401547
176403	2401549
176404	2401561
176405	2401571
176406	2401579
176407	2401583
176408	2401603
176409	2401621
176410	2401639
176411	2401667
176412	2401669
176413	2401673
176414	2401703
176415	2401727
176416	2401741
176417	2401807
176418	2401871
176419	2401891
176420	2401897
176421	2401939
176422	2401967
176423	2401969
176424	2401991
176425	2402009
176426	2402027
176427	2402039
176428	2402053
176429	2402087
176430	2402089
176431	2402093
176432	2402107
176433	2402161
176434	2402173
176435	2402177
176436	2402201
176437	2402203
176438	2402209
176439	2402233
176440	2402249
176441	2402261
176442	2402263
176443	2402291
176444	2402293
176445	2402297
176446	2402317
176447	2402329
176448	2402333
176449	2402353
176450	2402369
176451	2402381
176452	2402383
176453	2402401
176454	2402431
176455	2402441
176456	2402461
176457	2402467
176458	2402479
176459	2402483
176460	2402497
176461	2402501
176462	2402509
176463	2402537
176464	2402549
176465	2402567
176466	2402573
176467	2402579
176468	2402597
176469	2402611
176470	2402633
176471	2402639
176472	2402651
176473	2402663
176474	2402677
176475	2402707
176476	2402731
176477	2402747
176478	2402753
176479	2402761
176480	2402773
176481	2402789
176482	2402791
176483	2402819
176484	2402837
176485	2402839
176486	2402849
176487	2402857
176488	2402867
176489	2402909
176490	2402921
176491	2402927
176492	2402951
176493	2402999
176494	2403007
176495	2403013
176496	2403019
176497	2403029
176498	2403047
176499	2403053
176500	2403061
176501	2403077
176502	2403083
176503	2403091
176504	2403119
176505	2403127
176506	2403131
176507	2403161
176508	2403169
176509	2403173
176510	2403209
176511	2403211
176512	2403229
176513	2403263
176514	2403277
176515	2403281
176516	2403287
176517	2403301
176518	2403311
176519	2403319
176520	2403343
176521	2403347
176522	2403361
176523	2403371
176524	2403377
176525	2403383
176526	2403389
176527	2403403
176528	2403407
176529	2403413
176530	2403419
176531	2403451
176532	2403463
176533	2403469
176534	2403487
176535	2403509
176536	2403517
176537	2403521
176538	2403547
176539	2403551
176540	2403553
176541	2403581
176542	2403587
176543	2403589
176544	2403593
176545	2403619
176546	2403629
176547	2403659
176548	2403673
176549	2403677
176550	2403679
176551	2403689
176552	2403691
176553	2403697
176554	2403701
176555	2403773
176556	2403809
176557	2403859
176558	2403881
176559	2403883
176560	2403887
176561	2403889
176562	2403911
176563	2403913
176564	2403931
176565	2403941
176566	2403959
176567	2403971
176568	2403977
176569	2404009
176570	2404033
176571	2404037
176572	2404043
176573	2404067
176574	2404069
176575	2404079
176576	2404093
176577	2404099
176578	2404111
176579	2404139
176580	2404147
176581	2404151
176582	2404159
176583	2404169
176584	2404211
176585	2404229
176586	2404247
176587	2404253
176588	2404289
176589	2404291
176590	2404313
176591	2404333
176592	2404349
176593	2404357
176594	2404387
176595	2404399
176596	2404411
176597	2404417
176598	2404421
176599	2404459
176600	2404471
176601	2404483
176602	2404529
176603	2404541
176604	2404543
176605	2404613
176606	2404631
176607	2404643
176608	2404669
176609	2404679
176610	2404687
176611	2404723
176612	2404733
176613	2404747
176614	2404751
176615	2404757
176616	2404771
176617	2404777
176618	2404783
176619	2404789
176620	2404807
176621	2404813
176622	2404819
176623	2404823
176624	2404847
176625	2404859
176626	2404877
176627	2404879
176628	2404891
176629	2404907
176630	2404931
176631	2404933
176632	2404957
176633	2404991
176634	2404993
176635	2405003
176636	2405021
176637	2405027
176638	2405063
176639	2405069
176640	2405071
176641	2405089
176642	2405093
176643	2405107
176644	2405141
176645	2405147
176646	2405149
176647	2405171
176648	2405203
176649	2405209
176650	2405213
176651	2405239
176652	2405243
176653	2405251
176654	2405261
176655	2405269
176656	2405297
176657	2405311
176658	2405327
176659	2405339
176660	2405341
176661	2405353
176662	2405369
176663	2405387
176664	2405393
176665	2405399
176666	2405437
176667	2405441
176668	2405443
176669	2405461
176670	2405497
176671	2405509
176672	2405527
176673	2405539
176674	2405561
176675	2405563
176676	2405573
176677	2405587
176678	2405591
176679	2405621
176680	2405633
176681	2405651
176682	2405677
176683	2405701
176684	2405707
176685	2405729
176686	2405737
176687	2405747
176688	2405749
176689	2405773
176690	2405791
176691	2405797
176692	2405813
176693	2405831
176694	2405833
176695	2405863
176696	2405867
176697	2405873
176698	2405881
176699	2405917
176700	2405929
176701	2405971
176702	2405981
176703	2405983
176704	2405987
176705	2406029
176706	2406067
176707	2406083
176708	2406091
176709	2406097
176710	2406121
176711	2406133
176712	2406139
176713	2406149
176714	2406161
176715	2406169
176716	2406199
176717	2406227
176718	2406233
176719	2406241
176720	2406263
176721	2406277
176722	2406289
176723	2406307
176724	2406343
176725	2406373
176726	2406379
176727	2406457
176728	2406461
176729	2406463
176730	2406479
176731	2406529
176732	2406539
176733	2406553
176734	2406557
176735	2406583
176736	2406617
176737	2406619
176738	2406629
176739	2406631
176740	2406643
176741	2406647
176742	2406661
176743	2406671
176744	2406683
176745	2406689
176746	2406709
176747	2406721
176748	2406727
176749	2406731
176750	2406763
176751	2406769
176752	2406773
176753	2406779
176754	2406793
176755	2406799
176756	2406821
176757	2406847
176758	2406851
176759	2406919
176760	2406941
176761	2406947
176762	2406959
176763	2406983
176764	2406991
176765	2406997
176766	2407001
176767	2407003
176768	2407033
176769	2407049
176770	2407073
176771	2407079
176772	2407099
176773	2407103
176774	2407117
176775	2407127
176776	2407147
176777	2407159
176778	2407169
176779	2407177
176780	2407189
176781	2407193
176782	2407201
176783	2407211
176784	2407219
176785	2407231
176786	2407247
176787	2407253
176788	2407267
176789	2407271
176790	2407277
176791	2407297
176792	2407309
176793	2407333
176794	2407337
176795	2407343
176796	2407351
176797	2407399
176798	2407403
176799	2407411
176800	2407417
176801	2407423
176802	2407459
176803	2407463
176804	2407469
176805	2407499
176806	2407507
176807	2407513
176808	2407519
176809	2407529
176810	2407543
176811	2407549
176812	2407567
176813	2407577
176814	2407579
176815	2407583
176816	2407597
176817	2407633
176818	2407651
176819	2407687
176820	2407697
176821	2407703
176822	2407711
176823	2407723
176824	2407733
176825	2407753
176826	2407771
176827	2407781
176828	2407799
176829	2407817
176830	2407877
176831	2407883
176832	2407891
176833	2407903
176834	2407943
176835	2407963
176836	2408009
176837	2408011
176838	2408039
176839	2408057
176840	2408069
176841	2408083
176842	2408093
176843	2408113
176844	2408141
176845	2408149
176846	2408171
176847	2408179
176848	2408201
176849	2408213
176850	2408227
176851	2408239
176852	2408257
176853	2408279
176854	2408281
176855	2408303
176856	2408309
176857	2408311
176858	2408317
176859	2408389
176860	2408431
176861	2408437
176862	2408501
176863	2408503
176864	2408507
176865	2408513
176866	2408561
176867	2408563
176868	2408569
176869	2408587
176870	2408603
176871	2408639
176872	2408647
176873	2408657
176874	2408671
176875	2408683
176876	2408689
176877	2408723
176878	2408729
176879	2408741
176880	2408759
176881	2408761
176882	2408771
176883	2408773
176884	2408837
176885	2408843
176886	2408863
176887	2408869
176888	2408899
176889	2408933
176890	2408957
176891	2408969
176892	2408971
176893	2408981
176894	2408983
176895	2408993
176896	2408999
176897	2409023
176898	2409031
176899	2409061
176900	2409091
176901	2409109
176902	2409131
176903	2409133
176904	2409137
176905	2409149
176906	2409157
176907	2409163
176908	2409167
176909	2409191
176910	2409193
176911	2409203
176912	2409217
176913	2409229
176914	2409259
176915	2409269
176916	2409271
176917	2409299
176918	2409301
176919	2409307
176920	2409311
176921	2409313
176922	2409347
176923	2409353
176924	2409367
176925	2409373
176926	2409377
176927	2409389
176928	2409391
176929	2409397
176930	2409401
176931	2409431
176932	2409437
176933	2409467
176934	2409469
176935	2409487
176936	2409493
176937	2409509
176938	2409541
176939	2409559
176940	2409569
176941	2409593
176942	2409601
176943	2409607
176944	2409613
176945	2409679
176946	2409689
176947	2409709
176948	2409727
176949	2409731
176950	2409769
176951	2409791
176952	2409817
176953	2409829
176954	2409833
176955	2409839
176956	2409859
176957	2409863
176958	2409893
176959	2409907
176960	2409947
176961	2409983
176962	2409997
176963	2410027
176964	2410043
176965	2410081
176966	2410117
176967	2410123
176968	2410127
176969	2410153
176970	2410181
176971	2410183
176972	2410189
176973	2410201
176974	2410249
176975	2410271
176976	2410273
176977	2410313
176978	2410337
176979	2410339
176980	2410351
176981	2410357
176982	2410361
176983	2410367
176984	2410381
176985	2410391
176986	2410417
176987	2410433
176988	2410453
176989	2410483
176990	2410517
176991	2410519
176992	2410523
176993	2410553
176994	2410559
176995	2410571
176996	2410579
176997	2410589
176998	2410601
176999	2410613
177000	2410621
