166001	2248739
166002	2248759
166003	2248769
166004	2248781
166005	2248787
166006	2248837
166007	2248847
166008	2248849
166009	2248853
166010	2248861
166011	2248867
166012	2248901
166013	2248919
166014	2248927
166015	2248931
166016	2248951
166017	2248969
166018	2248991
166019	2248999
166020	2249053
166021	2249059
166022	2249063
166023	2249069
166024	2249089
166025	2249113
166026	2249141
166027	2249171
166028	2249179
166029	2249183
166030	2249189
166031	2249197
166032	2249207
166033	2249213
166034	2249227
166035	2249231
166036	2249243
166037	2249251
166038	2249281
166039	2249293
166040	2249309
166041	2249311
166042	2249363
166043	2249381
166044	2249393
166045	2249399
166046	2249411
166047	2249413
166048	2249419
166049	2249431
166050	2249441
166051	2249477
166052	2249483
166053	2249537
166054	2249557
166055	2249579
166056	2249591
166057	2249603
166058	2249609
166059	2249633
166060	2249693
166061	2249719
166062	2249743
166063	2249747
166064	2249759
166065	2249773
166066	2249783
166067	2249813
166068	2249827
166069	2249861
166070	2249867
166071	2249911
166072	2249917
166073	2249921
166074	2249941
166075	2249953
166076	2249959
166077	2249963
166078	2249969
166079	2249981
166080	2249983
166081	2249987
166082	2250013
166083	2250029
166084	2250041
166085	2250043
166086	2250089
166087	2250091
166088	2250119
166089	2250163
166090	2250167
166091	2250181
166092	2250223
166093	2250247
166094	2250257
166095	2250263
166096	2250337
166097	2250349
166098	2250359
166099	2250397
166100	2250401
166101	2250403
166102	2250419
166103	2250421
166104	2250431
166105	2250439
166106	2250461
166107	2250467
166108	2250503
166109	2250509
166110	2250559
166111	2250581
166112	2250601
166113	2250623
166114	2250637
166115	2250641
166116	2250649
166117	2250667
166118	2250671
166119	2250679
166120	2250709
166121	2250713
166122	2250761
166123	2250763
166124	2250769
166125	2250779
166126	2250793
166127	2250799
166128	2250869
166129	2250887
166130	2250901
166131	2250917
166132	2250923
166133	2250929
166134	2250931
166135	2250977
166136	2250979
166137	2251001
166138	2251031
166139	2251049
166140	2251057
166141	2251061
166142	2251099
166143	2251103
166144	2251111
166145	2251121
166146	2251129
166147	2251147
166148	2251153
166149	2251163
166150	2251169
166151	2251199
166152	2251201
166153	2251211
166154	2251213
166155	2251229
166156	2251279
166157	2251297
166158	2251331
166159	2251343
166160	2251349
166161	2251369
166162	2251373
166163	2251397
166164	2251411
166165	2251423
166166	2251427
166167	2251451
166168	2251471
166169	2251489
166170	2251507
166171	2251511
166172	2251517
166173	2251547
166174	2251553
166175	2251559
166176	2251573
166177	2251591
166178	2251603
166179	2251637
166180	2251643
166181	2251649
166182	2251673
166183	2251681
166184	2251687
166185	2251703
166186	2251727
166187	2251729
166188	2251741
166189	2251771
166190	2251807
166191	2251819
166192	2251829
166193	2251841
166194	2251849
166195	2251859
166196	2251877
166197	2251891
166198	2251897
166199	2251901
166200	2251903
166201	2251913
166202	2251927
166203	2251943
166204	2251957
166205	2251979
166206	2251981
166207	2251993
166208	2252009
166209	2252011
166210	2252017
166211	2252087
166212	2252113
166213	2252149
166214	2252161
166215	2252179
166216	2252189
166217	2252209
166218	2252213
166219	2252219
166220	2252221
166221	2252231
166222	2252233
166223	2252251
166224	2252273
166225	2252309
166226	2252311
166227	2252353
166228	2252359
166229	2252387
166230	2252389
166231	2252399
166232	2252407
166233	2252441
166234	2252461
166235	2252477
166236	2252489
166237	2252513
166238	2252519
166239	2252539
166240	2252557
166241	2252567
166242	2252587
166243	2252611
166244	2252623
166245	2252629
166246	2252639
166247	2252647
166248	2252651
166249	2252681
166250	2252683
166251	2252693
166252	2252711
166253	2252729
166254	2252743
166255	2252753
166256	2252779
166257	2252821
166258	2252867
166259	2252897
166260	2252911
166261	2252917
166262	2252927
166263	2252933
166264	2252941
166265	2252947
166266	2252951
166267	2252953
166268	2252983
166269	2253023
166270	2253037
166271	2253047
166272	2253059
166273	2253067
166274	2253079
166275	2253091
166276	2253101
166277	2253113
166278	2253127
166279	2253137
166280	2253161
166281	2253169
166282	2253179
166283	2253187
166284	2253193
166285	2253203
166286	2253221
166287	2253247
166288	2253253
166289	2253257
166290	2253259
166291	2253281
166292	2253283
166293	2253289
166294	2253311
166295	2253323
166296	2253341
166297	2253353
166298	2253371
166299	2253389
166300	2253397
166301	2253409
166302	2253439
166303	2253451
166304	2253473
166305	2253479
166306	2253481
166307	2253487
166308	2253491
166309	2253497
166310	2253499
166311	2253521
166312	2253539
166313	2253547
166314	2253551
166315	2253557
166316	2253599
166317	2253617
166318	2253637
166319	2253649
166320	2253653
166321	2253659
166322	2253683
166323	2253703
166324	2253709
166325	2253721
166326	2253739
166327	2253749
166328	2253763
166329	2253773
166330	2253803
166331	2253821
166332	2253827
166333	2253833
166334	2253841
166335	2253847
166336	2253857
166337	2253863
166338	2253871
166339	2253887
166340	2253899
166341	2253919
166342	2253941
166343	2253959
166344	2253971
166345	2253973
166346	2253997
166347	2254033
166348	2254067
166349	2254079
166350	2254093
166351	2254097
166352	2254099
166353	2254111
166354	2254121
166355	2254129
166356	2254157
166357	2254159
166358	2254177
166359	2254201
166360	2254211
166361	2254223
166362	2254243
166363	2254247
166364	2254267
166365	2254283
166366	2254297
166367	2254309
166368	2254327
166369	2254403
166370	2254409
166371	2254411
166372	2254451
166373	2254457
166374	2254477
166375	2254493
166376	2254501
166377	2254507
166378	2254513
166379	2254517
166380	2254531
166381	2254541
166382	2254579
166383	2254589
166384	2254601
166385	2254607
166386	2254627
166387	2254643
166388	2254649
166389	2254657
166390	2254687
166391	2254691
166392	2254697
166393	2254729
166394	2254757
166395	2254771
166396	2254781
166397	2254783
166398	2254789
166399	2254793
166400	2254799
166401	2254801
166402	2254831
166403	2254849
166404	2254853
166405	2254871
166406	2254873
166407	2254907
166408	2254927
166409	2254933
166410	2254937
166411	2254951
166412	2254961
166413	2254969
166414	2255003
166415	2255009
166416	2255021
166417	2255023
166418	2255063
166419	2255083
166420	2255089
166421	2255093
166422	2255111
166423	2255119
166424	2255131
166425	2255147
166426	2255159
166427	2255161
166428	2255191
166429	2255233
166430	2255249
166431	2255251
166432	2255257
166433	2255263
166434	2255269
166435	2255291
166436	2255299
166437	2255303
166438	2255321
166439	2255333
166440	2255381
166441	2255387
166442	2255399
166443	2255411
166444	2255419
166445	2255437
166446	2255447
166447	2255459
166448	2255489
166449	2255501
166450	2255507
166451	2255549
166452	2255551
166453	2255567
166454	2255569
166455	2255573
166456	2255581
166457	2255609
166458	2255621
166459	2255639
166460	2255657
166461	2255663
166462	2255677
166463	2255681
166464	2255717
166465	2255723
166466	2255731
166467	2255749
166468	2255753
166469	2255761
166470	2255767
166471	2255783
166472	2255797
166473	2255821
166474	2255833
166475	2255837
166476	2255867
166477	2255887
166478	2255899
166479	2255947
166480	2255959
166481	2255969
166482	2255971
166483	2255987
166484	2255989
166485	2255999
166486	2256013
166487	2256017
166488	2256029
166489	2256031
166490	2256043
166491	2256049
166492	2256073
166493	2256097
166494	2256119
166495	2256127
166496	2256131
166497	2256169
166498	2256173
166499	2256179
166500	2256181
166501	2256197
166502	2256217
166503	2256227
166504	2256251
166505	2256259
166506	2256281
166507	2256299
166508	2256311
166509	2256313
166510	2256341
166511	2256343
166512	2256347
166513	2256349
166514	2256361
166515	2256367
166516	2256377
166517	2256379
166518	2256389
166519	2256413
166520	2256431
166521	2256437
166522	2256467
166523	2256469
166524	2256473
166525	2256479
166526	2256533
166527	2256539
166528	2256557
166529	2256559
166530	2256571
166531	2256601
166532	2256613
166533	2256619
166534	2256623
166535	2256629
166536	2256637
166537	2256673
166538	2256677
166539	2256689
166540	2256697
166541	2256703
166542	2256713
166543	2256721
166544	2256731
166545	2256739
166546	2256743
166547	2256781
166548	2256791
166549	2256811
166550	2256823
166551	2256827
166552	2256841
166553	2256847
166554	2256851
166555	2256857
166556	2256887
166557	2256901
166558	2256911
166559	2256913
166560	2256923
166561	2256931
166562	2256959
166563	2256973
166564	2257001
166565	2257007
166566	2257049
166567	2257051
166568	2257069
166569	2257097
166570	2257103
166571	2257117
166572	2257121
166573	2257139
166574	2257169
166575	2257187
166576	2257193
166577	2257207
166578	2257237
166579	2257247
166580	2257291
166581	2257301
166582	2257309
166583	2257313
166584	2257319
166585	2257361
166586	2257373
166587	2257391
166588	2257397
166589	2257403
166590	2257439
166591	2257441
166592	2257471
166593	2257483
166594	2257487
166595	2257511
166596	2257529
166597	2257531
166598	2257547
166599	2257553
166600	2257559
166601	2257571
166602	2257579
166603	2257597
166604	2257609
166605	2257639
166606	2257643
166607	2257649
166608	2257667
166609	2257687
166610	2257691
166611	2257693
166612	2257709
166613	2257721
166614	2257733
166615	2257757
166616	2257763
166617	2257771
166618	2257781
166619	2257799
166620	2257813
166621	2257819
166622	2257837
166623	2257859
166624	2257861
166625	2257867
166626	2257873
166627	2257877
166628	2257883
166629	2257909
166630	2257939
166631	2257943
166632	2257949
166633	2257961
166634	2257987
166635	2258023
166636	2258029
166637	2258033
166638	2258041
166639	2258083
166640	2258111
166641	2258119
166642	2258129
166643	2258149
166644	2258167
166645	2258173
166646	2258177
166647	2258183
166648	2258203
166649	2258213
166650	2258227
166651	2258233
166652	2258251
166653	2258261
166654	2258273
166655	2258279
166656	2258287
166657	2258299
166658	2258323
166659	2258327
166660	2258329
166661	2258339
166662	2258351
166663	2258357
166664	2258363
166665	2258387
166666	2258407
166667	2258419
166668	2258429
166669	2258437
166670	2258447
166671	2258453
166672	2258479
166673	2258483
166674	2258519
166675	2258521
166676	2258527
166677	2258539
166678	2258561
166679	2258573
166680	2258593
166681	2258617
166682	2258621
166683	2258639
166684	2258651
166685	2258653
166686	2258657
166687	2258713
166688	2258717
166689	2258741
166690	2258743
166691	2258779
166692	2258783
166693	2258791
166694	2258803
166695	2258819
166696	2258821
166697	2258827
166698	2258831
166699	2258843
166700	2258863
166701	2258873
166702	2258903
166703	2258917
166704	2258947
166705	2258953
166706	2258969
166707	2258981
166708	2258987
166709	2259029
166710	2259031
166711	2259041
166712	2259053
166713	2259097
166714	2259121
166715	2259133
166716	2259137
166717	2259139
166718	2259143
166719	2259161
166720	2259197
166721	2259199
166722	2259211
166723	2259217
166724	2259239
166725	2259241
166726	2259281
166727	2259289
166728	2259293
166729	2259329
166730	2259353
166731	2259371
166732	2259377
166733	2259391
166734	2259403
166735	2259407
166736	2259437
166737	2259449
166738	2259493
166739	2259503
166740	2259527
166741	2259529
166742	2259539
166743	2259557
166744	2259571
166745	2259581
166746	2259601
166747	2259629
166748	2259643
166749	2259671
166750	2259703
166751	2259707
166752	2259731
166753	2259739
166754	2259769
166755	2259781
166756	2259791
166757	2259811
166758	2259823
166759	2259833
166760	2259847
166761	2259853
166762	2259863
166763	2259871
166764	2259889
166765	2259913
166766	2259919
166767	2259937
166768	2259949
166769	2259967
166770	2260009
166771	2260019
166772	2260039
166773	2260051
166774	2260061
166775	2260067
166776	2260081
166777	2260087
166778	2260127
166779	2260151
166780	2260157
166781	2260163
166782	2260169
166783	2260171
166784	2260177
166785	2260189
166786	2260211
166787	2260217
166788	2260229
166789	2260249
166790	2260253
166791	2260267
166792	2260273
166793	2260301
166794	2260309
166795	2260327
166796	2260331
166797	2260343
166798	2260351
166799	2260369
166800	2260387
166801	2260393
166802	2260403
166803	2260409
166804	2260421
166805	2260429
166806	2260451
166807	2260457
166808	2260483
166809	2260493
166810	2260499
166811	2260501
166812	2260519
166813	2260523
166814	2260529
166815	2260547
166816	2260549
166817	2260561
166818	2260567
166819	2260571
166820	2260603
166821	2260627
166822	2260631
166823	2260633
166824	2260649
166825	2260651
166826	2260673
166827	2260681
166828	2260691
166829	2260717
166830	2260723
166831	2260729
166832	2260733
166833	2260759
166834	2260763
166835	2260771
166836	2260787
166837	2260789
166838	2260793
166839	2260801
166840	2260823
166841	2260859
166842	2260879
166843	2260889
166844	2260891
166845	2260903
166846	2260913
166847	2260919
166848	2260961
166849	2260967
166850	2261009
166851	2261023
166852	2261041
166853	2261053
166854	2261071
166855	2261093
166856	2261099
166857	2261111
166858	2261117
166859	2261131
166860	2261143
166861	2261173
166862	2261177
166863	2261197
166864	2261213
166865	2261219
166866	2261227
166867	2261267
166868	2261269
166869	2261297
166870	2261309
166871	2261353
166872	2261377
166873	2261393
166874	2261407
166875	2261447
166876	2261461
166877	2261471
166878	2261473
166879	2261503
166880	2261509
166881	2261531
166882	2261549
166883	2261557
166884	2261569
166885	2261573
166886	2261587
166887	2261591
166888	2261599
166889	2261603
166890	2261617
166891	2261621
166892	2261639
166893	2261653
166894	2261689
166895	2261713
166896	2261717
166897	2261737
166898	2261771
166899	2261789
166900	2261801
166901	2261803
166902	2261807
166903	2261827
166904	2261837
166905	2261839
166906	2261851
166907	2261863
166908	2261887
166909	2261891
166910	2261911
166911	2261927
166912	2261933
166913	2261993
166914	2262017
166915	2262031
166916	2262049
166917	2262053
166918	2262061
166919	2262067
166920	2262103
166921	2262133
166922	2262149
166923	2262191
166924	2262209
166925	2262223
166926	2262229
166927	2262233
166928	2262269
166929	2262313
166930	2262329
166931	2262353
166932	2262361
166933	2262367
166934	2262391
166935	2262397
166936	2262409
166937	2262413
166938	2262437
166939	2262443
166940	2262451
166941	2262457
166942	2262461
166943	2262467
166944	2262499
166945	2262521
166946	2262529
166947	2262541
166948	2262563
166949	2262569
166950	2262593
166951	2262619
166952	2262629
166953	2262641
166954	2262643
166955	2262679
166956	2262713
166957	2262727
166958	2262761
166959	2262769
166960	2262811
166961	2262817
166962	2262823
166963	2262833
166964	2262847
166965	2262851
166966	2262857
166967	2262859
166968	2262877
166969	2262889
166970	2262937
166971	2262959
166972	2262971
166973	2262973
166974	2262977
166975	2262979
166976	2263007
166977	2263061
166978	2263067
166979	2263069
166980	2263081
166981	2263087
166982	2263099
166983	2263117
166984	2263139
166985	2263141
166986	2263169
166987	2263171
166988	2263201
166989	2263213
166990	2263229
166991	2263237
166992	2263243
166993	2263249
166994	2263273
166995	2263307
166996	2263319
166997	2263321
166998	2263357
166999	2263369
167000	2263381
