159001	2146247
159002	2146253
159003	2146283
159004	2146289
159005	2146303
159006	2146307
159007	2146327
159008	2146357
159009	2146367
159010	2146387
159011	2146393
159012	2146423
159013	2146433
159014	2146439
159015	2146457
159016	2146477
159017	2146483
159018	2146489
159019	2146499
159020	2146511
159021	2146519
159022	2146523
159023	2146531
159024	2146549
159025	2146561
159026	2146589
159027	2146619
159028	2146633
159029	2146663
159030	2146673
159031	2146687
159032	2146691
159033	2146693
159034	2146723
159035	2146733
159036	2146759
159037	2146763
159038	2146787
159039	2146789
159040	2146813
159041	2146817
159042	2146847
159043	2146853
159044	2146897
159045	2146909
159046	2146939
159047	2146979
159048	2146987
159049	2146993
159050	2147009
159051	2147021
159052	2147023
159053	2147039
159054	2147051
159055	2147053
159056	2147059
159057	2147071
159058	2147077
159059	2147081
159060	2147087
159061	2147099
159062	2147107
159063	2147137
159064	2147161
159065	2147177
159066	2147213
159067	2147231
159068	2147237
159069	2147251
159070	2147263
159071	2147269
159072	2147273
159073	2147279
159074	2147281
159075	2147297
159076	2147309
159077	2147329
159078	2147351
159079	2147359
159080	2147381
159081	2147407
159082	2147419
159083	2147429
159084	2147461
159085	2147473
159086	2147489
159087	2147501
159088	2147503
159089	2147527
159090	2147569
159091	2147599
159092	2147611
159093	2147617
159094	2147623
159095	2147633
159096	2147641
159097	2147657
159098	2147693
159099	2147699
159100	2147731
159101	2147737
159102	2147753
159103	2147767
159104	2147771
159105	2147801
159106	2147839
159107	2147843
159108	2147861
159109	2147863
159110	2147869
159111	2147881
159112	2147903
159113	2147909
159114	2147911
159115	2147923
159116	2147941
159117	2147987
159118	2147989
159119	2148011
159120	2148019
159121	2148043
159122	2148049
159123	2148053
159124	2148071
159125	2148073
159126	2148127
159127	2148149
159128	2148163
159129	2148187
159130	2148199
159131	2148203
159132	2148227
159133	2148241
159134	2148287
159135	2148301
159136	2148329
159137	2148337
159138	2148343
159139	2148347
159140	2148353
159141	2148373
159142	2148379
159143	2148383
159144	2148397
159145	2148401
159146	2148403
159147	2148437
159148	2148449
159149	2148451
159150	2148457
159151	2148467
159152	2148473
159153	2148491
159154	2148527
159155	2148529
159156	2148533
159157	2148547
159158	2148583
159159	2148599
159160	2148607
159161	2148617
159162	2148631
159163	2148649
159164	2148659
159165	2148661
159166	2148677
159167	2148709
159168	2148719
159169	2148733
159170	2148737
159171	2148739
159172	2148761
159173	2148781
159174	2148791
159175	2148799
159176	2148803
159177	2148857
159178	2148863
159179	2148869
159180	2148877
159181	2148893
159182	2148899
159183	2148907
159184	2148947
159185	2148983
159186	2148989
159187	2149003
159188	2149031
159189	2149039
159190	2149057
159191	2149061
159192	2149067
159193	2149087
159194	2149093
159195	2149111
159196	2149117
159197	2149127
159198	2149139
159199	2149141
159200	2149151
159201	2149171
159202	2149177
159203	2149181
159204	2149187
159205	2149207
159206	2149211
159207	2149237
159208	2149247
159209	2149249
159210	2149283
159211	2149289
159212	2149331
159213	2149349
159214	2149351
159215	2149379
159216	2149391
159217	2149403
159218	2149409
159219	2149421
159220	2149453
159221	2149471
159222	2149493
159223	2149501
159224	2149517
159225	2149559
159226	2149573
159227	2149591
159228	2149607
159229	2149619
159230	2149621
159231	2149661
159232	2149681
159233	2149687
159234	2149703
159235	2149711
159236	2149727
159237	2149781
159238	2149789
159239	2149813
159240	2149853
159241	2149859
159242	2149867
159243	2149877
159244	2149883
159245	2149897
159246	2149909
159247	2149933
159248	2149937
159249	2149991
159250	2149993
159251	2150009
159252	2150011
159253	2150023
159254	2150039
159255	2150101
159256	2150111
159257	2150119
159258	2150131
159259	2150149
159260	2150171
159261	2150207
159262	2150209
159263	2150221
159264	2150227
159265	2150273
159266	2150299
159267	2150303
159268	2150333
159269	2150341
159270	2150353
159271	2150383
159272	2150399
159273	2150411
159274	2150417
159275	2150419
159276	2150441
159277	2150453
159278	2150471
159279	2150509
159280	2150513
159281	2150527
159282	2150531
159283	2150543
159284	2150567
159285	2150597
159286	2150639
159287	2150641
159288	2150651
159289	2150657
159290	2150663
159291	2150671
159292	2150683
159293	2150689
159294	2150713
159295	2150717
159296	2150719
159297	2150741
159298	2150777
159299	2150783
159300	2150791
159301	2150801
159302	2150809
159303	2150821
159304	2150831
159305	2150839
159306	2150849
159307	2150867
159308	2150879
159309	2150881
159310	2150917
159311	2150923
159312	2150947
159313	2150969
159314	2150977
159315	2151001
159316	2151007
159317	2151011
159318	2151013
159319	2151031
159320	2151073
159321	2151089
159322	2151101
159323	2151119
159324	2151137
159325	2151139
159326	2151157
159327	2151179
159328	2151203
159329	2151211
159330	2151221
159331	2151241
159332	2151251
159333	2151263
159334	2151269
159335	2151271
159336	2151283
159337	2151293
159338	2151301
159339	2151319
159340	2151329
159341	2151337
159342	2151349
159343	2151353
159344	2151377
159345	2151403
159346	2151421
159347	2151433
159348	2151451
159349	2151463
159350	2151467
159351	2151473
159352	2151497
159353	2151509
159354	2151511
159355	2151517
159356	2151521
159357	2151533
159358	2151563
159359	2151593
159360	2151607
159361	2151619
159362	2151623
159363	2151629
159364	2151637
159365	2151647
159366	2151659
159367	2151683
159368	2151701
159369	2151703
159370	2151767
159371	2151781
159372	2151791
159373	2151817
159374	2151827
159375	2151847
159376	2151869
159377	2151899
159378	2151917
159379	2151923
159380	2151943
159381	2151971
159382	2151977
159383	2151991
159384	2152001
159385	2152009
159386	2152037
159387	2152043
159388	2152063
159389	2152069
159390	2152079
159391	2152093
159392	2152103
159393	2152123
159394	2152127
159395	2152153
159396	2152159
159397	2152169
159398	2152201
159399	2152211
159400	2152219
159401	2152229
159402	2152231
159403	2152247
159404	2152291
159405	2152303
159406	2152307
159407	2152309
159408	2152321
159409	2152343
159410	2152357
159411	2152369
159412	2152373
159413	2152393
159414	2152399
159415	2152427
159416	2152429
159417	2152433
159418	2152457
159419	2152477
159420	2152481
159421	2152483
159422	2152499
159423	2152511
159424	2152517
159425	2152559
159426	2152571
159427	2152589
159428	2152607
159429	2152621
159430	2152637
159431	2152663
159432	2152669
159433	2152679
159434	2152691
159435	2152729
159436	2152739
159437	2152753
159438	2152783
159439	2152789
159440	2152793
159441	2152811
159442	2152817
159443	2152819
159444	2152831
159445	2152837
159446	2152841
159447	2152847
159448	2152849
159449	2152861
159450	2152867
159451	2152879
159452	2152883
159453	2152903
159454	2152907
159455	2152921
159456	2152939
159457	2152949
159458	2152957
159459	2152973
159460	2153051
159461	2153057
159462	2153059
159463	2153069
159464	2153071
159465	2153083
159466	2153089
159467	2153111
159468	2153113
159469	2153149
159470	2153159
159471	2153171
159472	2153201
159473	2153209
159474	2153227
159475	2153243
159476	2153267
159477	2153273
159478	2153297
159479	2153299
159480	2153317
159481	2153321
159482	2153341
159483	2153351
159484	2153369
159485	2153377
159486	2153387
159487	2153401
159488	2153419
159489	2153429
159490	2153449
159491	2153471
159492	2153491
159493	2153507
159494	2153519
159495	2153531
159496	2153551
159497	2153561
159498	2153563
159499	2153621
159500	2153633
159501	2153639
159502	2153647
159503	2153693
159504	2153699
159505	2153717
159506	2153729
159507	2153737
159508	2153773
159509	2153779
159510	2153797
159511	2153813
159512	2153819
159513	2153839
159514	2153861
159515	2153873
159516	2153887
159517	2153891
159518	2153903
159519	2153909
159520	2153929
159521	2153939
159522	2153953
159523	2153959
159524	2153981
159525	2153989
159526	2153993
159527	2154007
159528	2154013
159529	2154037
159530	2154041
159531	2154043
159532	2154059
159533	2154071
159534	2154077
159535	2154109
159536	2154127
159537	2154137
159538	2154143
159539	2154161
159540	2154169
159541	2154193
159542	2154209
159543	2154227
159544	2154241
159545	2154259
159546	2154281
159547	2154293
159548	2154307
159549	2154311
159550	2154319
159551	2154329
159552	2154331
159553	2154389
159554	2154413
159555	2154419
159556	2154487
159557	2154491
159558	2154499
159559	2154533
159560	2154539
159561	2154541
159562	2154553
159563	2154577
159564	2154587
159565	2154611
159566	2154629
159567	2154641
159568	2154643
159569	2154667
159570	2154683
159571	2154707
159572	2154727
159573	2154731
159574	2154743
159575	2154749
159576	2154791
159577	2154793
159578	2154811
159579	2154829
159580	2154839
159581	2154851
159582	2154853
159583	2154871
159584	2154881
159585	2154899
159586	2154907
159587	2154913
159588	2154931
159589	2154941
159590	2154949
159591	2154953
159592	2154967
159593	2154973
159594	2154979
159595	2155003
159596	2155007
159597	2155009
159598	2155057
159599	2155067
159600	2155079
159601	2155103
159602	2155121
159603	2155129
159604	2155133
159605	2155159
159606	2155163
159607	2155171
159608	2155177
159609	2155183
159610	2155187
159611	2155201
159612	2155207
159613	2155253
159614	2155259
159615	2155267
159616	2155271
159617	2155273
159618	2155291
159619	2155297
159620	2155319
159621	2155327
159622	2155333
159623	2155381
159624	2155393
159625	2155397
159626	2155409
159627	2155423
159628	2155429
159629	2155451
159630	2155463
159631	2155477
159632	2155487
159633	2155499
159634	2155511
159635	2155513
159636	2155519
159637	2155579
159638	2155597
159639	2155603
159640	2155609
159641	2155613
159642	2155627
159643	2155639
159644	2155661
159645	2155667
159646	2155691
159647	2155711
159648	2155717
159649	2155723
159650	2155733
159651	2155781
159652	2155793
159653	2155799
159654	2155837
159655	2155841
159656	2155849
159657	2155861
159658	2155877
159659	2155883
159660	2155931
159661	2155961
159662	2155963
159663	2155999
159664	2156009
159665	2156017
159666	2156023
159667	2156039
159668	2156041
159669	2156053
159670	2156071
159671	2156083
159672	2156087
159673	2156111
159674	2156117
159675	2156123
159676	2156159
159677	2156171
159678	2156183
159679	2156207
159680	2156221
159681	2156251
159682	2156269
159683	2156279
159684	2156299
159685	2156303
159686	2156309
159687	2156311
159688	2156317
159689	2156339
159690	2156351
159691	2156359
159692	2156369
159693	2156377
159694	2156383
159695	2156387
159696	2156393
159697	2156417
159698	2156437
159699	2156447
159700	2156459
159701	2156461
159702	2156491
159703	2156507
159704	2156521
159705	2156537
159706	2156597
159707	2156599
159708	2156617
159709	2156629
159710	2156647
159711	2156659
159712	2156669
159713	2156681
159714	2156683
159715	2156699
159716	2156711
159717	2156719
159718	2156731
159719	2156753
159720	2156761
159721	2156789
159722	2156801
159723	2156809
159724	2156813
159725	2156839
159726	2156849
159727	2156851
159728	2156857
159729	2156867
159730	2156873
159731	2156879
159732	2156897
159733	2156939
159734	2156993
159735	2157007
159736	2157017
159737	2157031
159738	2157037
159739	2157041
159740	2157091
159741	2157097
159742	2157109
159743	2157119
159744	2157121
159745	2157131
159746	2157149
159747	2157151
159748	2157157
159749	2157163
159750	2157173
159751	2157187
159752	2157209
159753	2157229
159754	2157247
159755	2157251
159756	2157257
159757	2157269
159758	2157277
159759	2157293
159760	2157301
159761	2157307
159762	2157313
159763	2157319
159764	2157329
159765	2157341
159766	2157343
159767	2157361
159768	2157391
159769	2157401
159770	2157413
159771	2157427
159772	2157451
159773	2157457
159774	2157481
159775	2157499
159776	2157503
159777	2157511
159778	2157517
159779	2157523
159780	2157527
159781	2157539
159782	2157557
159783	2157559
159784	2157563
159785	2157587
159786	2157641
159787	2157667
159788	2157671
159789	2157677
159790	2157679
159791	2157709
159792	2157721
159793	2157731
159794	2157733
159795	2157737
159796	2157739
159797	2157763
159798	2157767
159799	2157769
159800	2157787
159801	2157797
159802	2157821
159803	2157823
159804	2157833
159805	2157839
159806	2157851
159807	2157863
159808	2157893
159809	2157899
159810	2157901
159811	2157907
159812	2157913
159813	2157923
159814	2157989
159815	2158019
159816	2158027
159817	2158033
159818	2158061
159819	2158069
159820	2158073
159821	2158081
159822	2158087
159823	2158097
159824	2158103
159825	2158129
159826	2158139
159827	2158147
159828	2158157
159829	2158171
159830	2158181
159831	2158183
159832	2158223
159833	2158231
159834	2158237
159835	2158259
159836	2158291
159837	2158301
159838	2158307
159839	2158333
159840	2158357
159841	2158367
159842	2158369
159843	2158393
159844	2158423
159845	2158427
159846	2158433
159847	2158447
159848	2158459
159849	2158477
159850	2158483
159851	2158501
159852	2158523
159853	2158547
159854	2158549
159855	2158567
159856	2158577
159857	2158579
159858	2158589
159859	2158591
159860	2158601
159861	2158603
159862	2158621
159863	2158627
159864	2158631
159865	2158649
159866	2158679
159867	2158693
159868	2158697
159869	2158699
159870	2158721
159871	2158727
159872	2158733
159873	2158753
159874	2158759
159875	2158763
159876	2158769
159877	2158771
159878	2158781
159879	2158801
159880	2158811
159881	2158817
159882	2158823
159883	2158831
159884	2158841
159885	2158843
159886	2158859
159887	2158889
159888	2158903
159889	2158909
159890	2158921
159891	2158931
159892	2158979
159893	2158993
159894	2158999
159895	2159023
159896	2159041
159897	2159063
159898	2159081
159899	2159083
159900	2159093
159901	2159147
159902	2159177
159903	2159191
159904	2159197
159905	2159207
159906	2159231
159907	2159233
159908	2159237
159909	2159239
159910	2159249
159911	2159251
159912	2159281
159913	2159291
159914	2159299
159915	2159303
159916	2159327
159917	2159329
159918	2159351
159919	2159359
159920	2159363
159921	2159383
159922	2159419
159923	2159449
159924	2159453
159925	2159473
159926	2159497
159927	2159501
159928	2159513
159929	2159519
159930	2159533
159931	2159537
159932	2159551
159933	2159557
159934	2159609
159935	2159621
159936	2159627
159937	2159639
159938	2159669
159939	2159671
159940	2159681
159941	2159701
159942	2159713
159943	2159719
159944	2159767
159945	2159771
159946	2159779
159947	2159783
159948	2159789
159949	2159809
159950	2159819
159951	2159821
159952	2159831
159953	2159881
159954	2159887
159955	2159893
159956	2159897
159957	2159903
159958	2159923
159959	2159947
159960	2159951
159961	2159957
159962	2159959
159963	2160001
159964	2160017
159965	2160029
159966	2160031
159967	2160061
159968	2160101
159969	2160113
159970	2160127
159971	2160131
159972	2160133
159973	2160149
159974	2160161
159975	2160203
159976	2160209
159977	2160211
159978	2160217
159979	2160233
159980	2160247
159981	2160253
159982	2160259
159983	2160283
159984	2160293
159985	2160311
159986	2160337
159987	2160341
159988	2160349
159989	2160373
159990	2160383
159991	2160391
159992	2160409
159993	2160419
159994	2160443
159995	2160461
159996	2160463
159997	2160469
159998	2160527
159999	2160533
160000	2160553
