113001	1483453
113002	1483507
113003	1483519
113004	1483529
113005	1483549
113006	1483561
113007	1483597
113008	1483621
113009	1483627
113010	1483631
113011	1483633
113012	1483637
113013	1483681
113014	1483693
113015	1483697
113016	1483711
113017	1483717
113018	1483721
113019	1483733
113020	1483739
113021	1483759
113022	1483763
113023	1483787
113024	1483793
113025	1483813
113026	1483819
113027	1483861
113028	1483883
113029	1483903
113030	1483907
113031	1483927
113032	1483967
113033	1483969
113034	1483987
113035	1483991
113036	1483997
113037	1484009
113038	1484023
113039	1484039
113040	1484047
113041	1484051
113042	1484057
113043	1484081
113044	1484111
113045	1484137
113046	1484141
113047	1484143
113048	1484177
113049	1484183
113050	1484201
113051	1484207
113052	1484209
113053	1484221
113054	1484227
113055	1484233
113056	1484237
113057	1484243
113058	1484257
113059	1484281
113060	1484291
113061	1484303
113062	1484347
113063	1484359
113064	1484369
113065	1484377
113066	1484387
113067	1484393
113068	1484407
113069	1484419
113070	1484437
113071	1484449
113072	1484453
113073	1484459
113074	1484467
113075	1484473
113076	1484479
113077	1484501
113078	1484507
113079	1484531
113080	1484537
113081	1484563
113082	1484573
113083	1484579
113084	1484591
113085	1484629
113086	1484633
113087	1484657
113088	1484663
113089	1484671
113090	1484677
113091	1484701
113092	1484723
113093	1484737
113094	1484741
113095	1484803
113096	1484827
113097	1484837
113098	1484849
113099	1484911
113100	1484927
113101	1484929
113102	1484947
113103	1484969
113104	1484999
113105	1485013
113106	1485017
113107	1485019
113108	1485023
113109	1485031
113110	1485037
113111	1485047
113112	1485049
113113	1485067
113114	1485101
113115	1485109
113116	1485139
113117	1485191
113118	1485193
113119	1485199
113120	1485221
113121	1485227
113122	1485233
113123	1485251
113124	1485259
113125	1485269
113126	1485277
113127	1485347
113128	1485353
113129	1485373
113130	1485383
113131	1485397
113132	1485413
113133	1485433
113134	1485461
113135	1485469
113136	1485479
113137	1485487
113138	1485503
113139	1485541
113140	1485557
113141	1485559
113142	1485563
113143	1485571
113144	1485581
113145	1485599
113146	1485619
113147	1485683
113148	1485703
113149	1485713
113150	1485719
113151	1485721
113152	1485733
113153	1485739
113154	1485751
113155	1485761
113156	1485763
113157	1485787
113158	1485793
113159	1485821
113160	1485853
113161	1485871
113162	1485877
113163	1485889
113164	1485917
113165	1485937
113166	1485947
113167	1486003
113168	1486019
113169	1486057
113170	1486081
113171	1486087
113172	1486091
113173	1486097
113174	1486103
113175	1486117
113176	1486139
113177	1486141
113178	1486153
113179	1486181
113180	1486183
113181	1486189
113182	1486223
113183	1486241
113184	1486249
113185	1486267
113186	1486271
113187	1486297
113188	1486301
113189	1486321
113190	1486333
113191	1486339
113192	1486343
113193	1486349
113194	1486363
113195	1486367
113196	1486379
113197	1486399
113198	1486403
113199	1486409
113200	1486411
113201	1486451
113202	1486493
113203	1486501
113204	1486517
113205	1486523
113206	1486547
113207	1486561
113208	1486571
113209	1486577
113210	1486591
113211	1486603
113212	1486607
113213	1486609
113214	1486637
113215	1486649
113216	1486687
113217	1486691
113218	1486699
113219	1486711
113220	1486733
113221	1486747
113222	1486757
113223	1486777
113224	1486781
113225	1486787
113226	1486799
113227	1486813
113228	1486829
113229	1486841
113230	1486843
113231	1486847
113232	1486867
113233	1486873
113234	1486907
113235	1486909
113236	1486943
113237	1486951
113238	1486957
113239	1486963
113240	1486987
113241	1486999
113242	1487009
113243	1487027
113244	1487051
113245	1487053
113246	1487071
113247	1487081
113248	1487093
113249	1487099
113250	1487113
113251	1487117
113252	1487131
113253	1487159
113254	1487173
113255	1487179
113256	1487191
113257	1487197
113258	1487201
113259	1487219
113260	1487231
113261	1487251
113262	1487273
113263	1487303
113264	1487351
113265	1487359
113266	1487383
113267	1487389
113268	1487399
113269	1487401
113270	1487417
113271	1487429
113272	1487441
113273	1487459
113274	1487461
113275	1487471
113276	1487489
113277	1487509
113278	1487527
113279	1487539
113280	1487543
113281	1487557
113282	1487569
113283	1487579
113284	1487581
113285	1487593
113286	1487599
113287	1487623
113288	1487641
113289	1487711
113290	1487713
113291	1487743
113292	1487749
113293	1487753
113294	1487777
113295	1487779
113296	1487797
113297	1487809
113298	1487819
113299	1487821
113300	1487867
113301	1487873
113302	1487887
113303	1487917
113304	1487933
113305	1487951
113306	1487953
113307	1487963
113308	1487977
113309	1487987
113310	1487989
113311	1488007
113312	1488017
113313	1488043
113314	1488073
113315	1488119
113316	1488121
113317	1488127
113318	1488131
113319	1488133
113320	1488139
113321	1488143
113322	1488167
113323	1488173
113324	1488181
113325	1488199
113326	1488209
113327	1488211
113328	1488233
113329	1488239
113330	1488241
113331	1488301
113332	1488337
113333	1488343
113334	1488371
113335	1488379
113336	1488413
113337	1488419
113338	1488427
113339	1488433
113340	1488451
113341	1488467
113342	1488481
113343	1488493
113344	1488499
113345	1488533
113346	1488559
113347	1488563
113348	1488577
113349	1488581
113350	1488607
113351	1488623
113352	1488653
113353	1488661
113354	1488667
113355	1488671
113356	1488701
113357	1488727
113358	1488737
113359	1488749
113360	1488761
113361	1488763
113362	1488787
113363	1488791
113364	1488793
113365	1488797
113366	1488803
113367	1488811
113368	1488847
113369	1488857
113370	1488869
113371	1488871
113372	1488901
113373	1488931
113374	1488943
113375	1488953
113376	1488959
113377	1488967
113378	1488989
113379	1489003
113380	1489009
113381	1489021
113382	1489031
113383	1489039
113384	1489051
113385	1489057
113386	1489067
113387	1489069
113388	1489093
113389	1489097
113390	1489099
113391	1489109
113392	1489129
113393	1489153
113394	1489157
113395	1489171
113396	1489177
113397	1489199
113398	1489207
113399	1489223
113400	1489231
113401	1489249
113402	1489253
113403	1489259
113404	1489261
113405	1489283
113406	1489291
113407	1489297
113408	1489303
113409	1489309
113410	1489321
113411	1489351
113412	1489393
113413	1489399
113414	1489403
113415	1489409
113416	1489441
113417	1489451
113418	1489463
113419	1489507
113420	1489511
113421	1489513
113422	1489529
113423	1489531
113424	1489541
113425	1489561
113426	1489577
113427	1489589
113428	1489597
113429	1489613
113430	1489627
113431	1489633
113432	1489637
113433	1489661
113434	1489667
113435	1489669
113436	1489673
113437	1489717
113438	1489721
113439	1489723
113440	1489729
113441	1489751
113442	1489753
113443	1489757
113444	1489769
113445	1489781
113446	1489783
113447	1489799
113448	1489819
113449	1489841
113450	1489867
113451	1489889
113452	1489903
113453	1489909
113454	1489937
113455	1489951
113456	1489973
113457	1489979
113458	1489997
113459	1490011
113460	1490029
113461	1490039
113462	1490051
113463	1490059
113464	1490081
113465	1490089
113466	1490117
113467	1490119
113468	1490129
113469	1490161
113470	1490171
113471	1490179
113472	1490183
113473	1490207
113474	1490213
113475	1490233
113476	1490243
113477	1490257
113478	1490267
113479	1490273
113480	1490287
113481	1490297
113482	1490299
113483	1490317
113484	1490327
113485	1490329
113486	1490347
113487	1490351
113488	1490353
113489	1490369
113490	1490371
113491	1490381
113492	1490429
113493	1490443
113494	1490459
113495	1490477
113496	1490479
113497	1490507
113498	1490527
113499	1490557
113500	1490591
113501	1490603
113502	1490609
113503	1490627
113504	1490633
113505	1490639
113506	1490641
113507	1490647
113508	1490663
113509	1490669
113510	1490677
113511	1490701
113512	1490711
113513	1490717
113514	1490729
113515	1490737
113516	1490743
113517	1490773
113518	1490789
113519	1490807
113520	1490813
113521	1490833
113522	1490843
113523	1490869
113524	1490893
113525	1490899
113526	1490921
113527	1490933
113528	1490941
113529	1490953
113530	1490959
113531	1490963
113532	1490969
113533	1490999
113534	1491001
113535	1491013
113536	1491031
113537	1491041
113538	1491079
113539	1491097
113540	1491103
113541	1491109
113542	1491157
113543	1491179
113544	1491199
113545	1491227
113546	1491233
113547	1491239
113548	1491241
113549	1491247
113550	1491271
113551	1491299
113552	1491377
113553	1491401
113554	1491403
113555	1491407
113556	1491419
113557	1491421
113558	1491437
113559	1491439
113560	1491449
113561	1491491
113562	1491493
113563	1491509
113564	1491517
113565	1491521
113566	1491547
113567	1491571
113568	1491577
113569	1491583
113570	1491587
113571	1491601
113572	1491629
113573	1491641
113574	1491643
113575	1491649
113576	1491653
113577	1491661
113578	1491667
113579	1491683
113580	1491701
113581	1491719
113582	1491727
113583	1491739
113584	1491761
113585	1491769
113586	1491773
113587	1491797
113588	1491821
113589	1491839
113590	1491851
113591	1491859
113592	1491863
113593	1491911
113594	1491913
113595	1491929
113596	1491943
113597	1491947
113598	1491953
113599	1491961
113600	1491967
113601	1491977
113602	1491979
113603	1491989
113604	1491991
113605	1492009
113606	1492019
113607	1492063
113608	1492069
113609	1492087
113610	1492097
113611	1492103
113612	1492111
113613	1492133
113614	1492147
113615	1492159
113616	1492163
113617	1492177
113618	1492181
113619	1492187
113620	1492189
113621	1492201
113622	1492213
113623	1492219
113624	1492223
113625	1492261
113626	1492273
113627	1492289
113628	1492303
113629	1492307
113630	1492313
113631	1492331
113632	1492343
113633	1492357
113634	1492411
113635	1492417
113636	1492453
113637	1492457
113638	1492459
113639	1492499
113640	1492501
113641	1492511
113642	1492529
113643	1492541
113644	1492567
113645	1492571
113646	1492577
113647	1492597
113648	1492607
113649	1492627
113650	1492637
113651	1492643
113652	1492649
113653	1492657
113654	1492661
113655	1492703
113656	1492709
113657	1492739
113658	1492747
113659	1492783
113660	1492789
113661	1492793
113662	1492801
113663	1492807
113664	1492819
113665	1492823
113666	1492859
113667	1492871
113668	1492873
113669	1492879
113670	1492901
113671	1492919
113672	1492943
113673	1492951
113674	1492969
113675	1492993
113676	1493027
113677	1493057
113678	1493071
113679	1493099
113680	1493101
113681	1493159
113682	1493171
113683	1493189
113684	1493197
113685	1493207
113686	1493213
113687	1493221
113688	1493249
113689	1493257
113690	1493273
113691	1493279
113692	1493281
113693	1493291
113694	1493293
113695	1493299
113696	1493311
113697	1493329
113698	1493333
113699	1493339
113700	1493369
113701	1493377
113702	1493383
113703	1493389
113704	1493423
113705	1493441
113706	1493447
113707	1493449
113708	1493461
113709	1493473
113710	1493483
113711	1493489
113712	1493491
113713	1493537
113714	1493539
113715	1493563
113716	1493567
113717	1493573
113718	1493581
113719	1493599
113720	1493617
113721	1493621
113722	1493623
113723	1493633
113724	1493641
113725	1493651
113726	1493659
113727	1493663
113728	1493677
113729	1493683
113730	1493693
113731	1493717
113732	1493719
113733	1493729
113734	1493731
113735	1493741
113736	1493743
113737	1493749
113738	1493759
113739	1493771
113740	1493783
113741	1493813
113742	1493839
113743	1493867
113744	1493879
113745	1493903
113746	1493927
113747	1493929
113748	1493963
113749	1493971
113750	1493981
113751	1494019
113752	1494029
113753	1494037
113754	1494047
113755	1494049
113756	1494061
113757	1494067
113758	1494071
113759	1494089
113760	1494133
113761	1494137
113762	1494151
113763	1494161
113764	1494187
113765	1494191
113766	1494197
113767	1494247
113768	1494253
113769	1494257
113770	1494263
113771	1494289
113772	1494299
113773	1494313
113774	1494343
113775	1494347
113776	1494349
113777	1494359
113778	1494371
113779	1494373
113780	1494377
113781	1494391
113782	1494401
113783	1494403
113784	1494421
113785	1494461
113786	1494463
113787	1494473
113788	1494481
113789	1494509
113790	1494511
113791	1494539
113792	1494557
113793	1494583
113794	1494599
113795	1494607
113796	1494613
113797	1494617
113798	1494641
113799	1494643
113800	1494659
113801	1494671
113802	1494677
113803	1494679
113804	1494697
113805	1494707
113806	1494709
113807	1494719
113808	1494739
113809	1494743
113810	1494781
113811	1494799
113812	1494803
113813	1494811
113814	1494853
113815	1494859
113816	1494869
113817	1494881
113818	1494887
113819	1494907
113820	1494937
113821	1494943
113822	1494947
113823	1494973
113824	1494989
113825	1495003
113826	1495009
113827	1495019
113828	1495063
113829	1495073
113830	1495093
113831	1495097
113832	1495157
113833	1495159
113834	1495163
113835	1495177
113836	1495181
113837	1495231
113838	1495261
113839	1495267
113840	1495279
113841	1495283
113842	1495297
113843	1495301
113844	1495321
113845	1495343
113846	1495349
113847	1495363
113848	1495369
113849	1495379
113850	1495381
113851	1495387
113852	1495421
113853	1495447
113854	1495451
113855	1495463
113856	1495469
113857	1495477
113858	1495489
113859	1495511
113860	1495517
113861	1495553
113862	1495561
113863	1495567
113864	1495597
113865	1495601
113866	1495631
113867	1495633
113868	1495687
113869	1495691
113870	1495717
113871	1495723
113872	1495727
113873	1495751
113874	1495771
113875	1495777
113876	1495783
113877	1495817
113878	1495829
113879	1495831
113880	1495853
113881	1495859
113882	1495861
113883	1495867
113884	1495877
113885	1495919
113886	1495939
113887	1495961
113888	1495973
113889	1495979
113890	1495987
113891	1495993
113892	1495999
113893	1496009
113894	1496039
113895	1496059
113896	1496069
113897	1496071
113898	1496083
113899	1496111
113900	1496129
113901	1496141
113902	1496149
113903	1496167
113904	1496171
113905	1496189
113906	1496203
113907	1496227
113908	1496237
113909	1496251
113910	1496267
113911	1496273
113912	1496279
113913	1496291
113914	1496309
113915	1496321
113916	1496353
113917	1496359
113918	1496387
113919	1496393
113920	1496399
113921	1496423
113922	1496431
113923	1496437
113924	1496471
113925	1496477
113926	1496479
113927	1496489
113928	1496491
113929	1496507
113930	1496519
113931	1496533
113932	1496543
113933	1496549
113934	1496563
113935	1496567
113936	1496569
113937	1496581
113938	1496597
113939	1496639
113940	1496641
113941	1496647
113942	1496657
113943	1496669
113944	1496707
113945	1496717
113946	1496723
113947	1496741
113948	1496749
113949	1496753
113950	1496767
113951	1496779
113952	1496783
113953	1496791
113954	1496797
113955	1496827
113956	1496837
113957	1496917
113958	1496927
113959	1496939
113960	1496941
113961	1496987
113962	1497019
113963	1497031
113964	1497043
113965	1497049
113966	1497053
113967	1497061
113968	1497103
113969	1497107
113970	1497121
113971	1497127
113972	1497149
113973	1497151
113974	1497161
113975	1497187
113976	1497193
113977	1497211
113978	1497227
113979	1497229
113980	1497233
113981	1497253
113982	1497263
113983	1497271
113984	1497281
113985	1497283
113986	1497289
113987	1497313
113988	1497317
113989	1497337
113990	1497341
113991	1497347
113992	1497359
113993	1497407
113994	1497421
113995	1497439
113996	1497493
113997	1497511
113998	1497521
113999	1497533
114000	1497541
