173001	2351827
173002	2351837
173003	2351857
173004	2351863
173005	2351891
173006	2351897
173007	2351903
173008	2351941
173009	2351963
173010	2351969
173011	2351989
173012	2352011
173013	2352023
173014	2352037
173015	2352041
173016	2352043
173017	2352061
173018	2352073
173019	2352079
173020	2352083
173021	2352101
173022	2352107
173023	2352113
173024	2352131
173025	2352139
173026	2352149
173027	2352151
173028	2352157
173029	2352173
173030	2352191
173031	2352199
173032	2352223
173033	2352227
173034	2352241
173035	2352247
173036	2352269
173037	2352289
173038	2352323
173039	2352353
173040	2352403
173041	2352433
173042	2352473
173043	2352479
173044	2352481
173045	2352521
173046	2352533
173047	2352557
173048	2352563
173049	2352569
173050	2352577
173051	2352583
173052	2352589
173053	2352611
173054	2352619
173055	2352631
173056	2352641
173057	2352643
173058	2352653
173059	2352661
173060	2352671
173061	2352673
173062	2352677
173063	2352689
173064	2352761
173065	2352767
173066	2352781
173067	2352787
173068	2352797
173069	2352803
173070	2352811
173071	2352841
173072	2352881
173073	2352887
173074	2352899
173075	2352901
173076	2352913
173077	2352937
173078	2352947
173079	2352971
173080	2352989
173081	2353027
173082	2353049
173083	2353051
173084	2353063
173085	2353069
173086	2353073
173087	2353103
173088	2353121
173089	2353129
173090	2353159
173091	2353177
173092	2353187
173093	2353193
173094	2353217
173095	2353223
173096	2353279
173097	2353297
173098	2353343
173099	2353369
173100	2353387
173101	2353391
173102	2353399
173103	2353411
173104	2353423
173105	2353453
173106	2353457
173107	2353487
173108	2353499
173109	2353501
173110	2353517
173111	2353529
173112	2353577
173113	2353591
173114	2353597
173115	2353601
173116	2353609
173117	2353621
173118	2353639
173119	2353649
173120	2353651
173121	2353657
173122	2353661
173123	2353697
173124	2353699
173125	2353709
173126	2353717
173127	2353723
173128	2353759
173129	2353781
173130	2353787
173131	2353801
173132	2353817
173133	2353823
173134	2353831
173135	2353849
173136	2353867
173137	2353873
173138	2353877
173139	2353913
173140	2353919
173141	2353927
173142	2353931
173143	2353943
173144	2353951
173145	2353957
173146	2353979
173147	2353987
173148	2353991
173149	2353993
173150	2354039
173151	2354059
173152	2354063
173153	2354069
173154	2354083
173155	2354087
173156	2354111
173157	2354123
173158	2354137
173159	2354141
173160	2354153
173161	2354161
173162	2354167
173163	2354189
173164	2354197
173165	2354203
173166	2354213
173167	2354227
173168	2354239
173169	2354251
173170	2354263
173171	2354281
173172	2354299
173173	2354311
173174	2354351
173175	2354353
173176	2354413
173177	2354459
173178	2354467
173179	2354479
173180	2354489
173181	2354491
173182	2354497
173183	2354501
173184	2354503
173185	2354531
173186	2354563
173187	2354587
173188	2354591
173189	2354593
173190	2354609
173191	2354621
173192	2354623
173193	2354633
173194	2354641
173195	2354663
173196	2354701
173197	2354711
173198	2354731
173199	2354743
173200	2354773
173201	2354797
173202	2354801
173203	2354813
173204	2354819
173205	2354831
173206	2354837
173207	2354873
173208	2354897
173209	2354899
173210	2354923
173211	2354927
173212	2354941
173213	2354951
173214	2354953
173215	2354969
173216	2355011
173217	2355019
173218	2355037
173219	2355043
173220	2355047
173221	2355079
173222	2355083
173223	2355097
173224	2355109
173225	2355113
173226	2355121
173227	2355137
173228	2355139
173229	2355151
173230	2355169
173231	2355173
173232	2355181
173233	2355191
173234	2355209
173235	2355211
173236	2355229
173237	2355233
173238	2355247
173239	2355253
173240	2355263
173241	2355277
173242	2355289
173243	2355307
173244	2355317
173245	2355329
173246	2355337
173247	2355347
173248	2355359
173249	2355377
173250	2355389
173251	2355403
173252	2355433
173253	2355439
173254	2355443
173255	2355481
173256	2355517
173257	2355527
173258	2355533
173259	2355539
173260	2355557
173261	2355559
173262	2355581
173263	2355629
173264	2355671
173265	2355697
173266	2355719
173267	2355733
173268	2355739
173269	2355761
173270	2355763
173271	2355799
173272	2355853
173273	2355883
173274	2355889
173275	2355917
173276	2355949
173277	2355971
173278	2355973
173279	2356001
173280	2356021
173281	2356043
173282	2356069
173283	2356073
173284	2356091
173285	2356103
173286	2356127
173287	2356129
173288	2356139
173289	2356141
173290	2356153
173291	2356169
173292	2356187
173293	2356199
173294	2356213
173295	2356219
173296	2356259
173297	2356267
173298	2356303
173299	2356307
173300	2356313
173301	2356339
173302	2356349
173303	2356351
173304	2356363
173305	2356379
173306	2356381
173307	2356391
173308	2356397
173309	2356411
173310	2356423
173311	2356427
173312	2356429
173313	2356451
173314	2356463
173315	2356469
173316	2356531
173317	2356547
173318	2356553
173319	2356573
173320	2356583
173321	2356597
173322	2356609
173323	2356621
173324	2356643
173325	2356661
173326	2356663
173327	2356681
173328	2356687
173329	2356691
173330	2356699
173331	2356763
173332	2356771
173333	2356793
173334	2356799
173335	2356813
173336	2356831
173337	2356843
173338	2356867
173339	2356883
173340	2356891
173341	2356901
173342	2356903
173343	2356919
173344	2356927
173345	2356933
173346	2356943
173347	2356973
173348	2356997
173349	2357009
173350	2357027
173351	2357029
173352	2357039
173353	2357057
173354	2357059
173355	2357071
173356	2357077
173357	2357099
173358	2357119
173359	2357153
173360	2357167
173361	2357183
173362	2357189
173363	2357219
173364	2357231
173365	2357249
173366	2357263
173367	2357279
173368	2357287
173369	2357297
173370	2357321
173371	2357347
173372	2357351
173373	2357353
173374	2357357
173375	2357363
173376	2357371
173377	2357417
173378	2357419
173379	2357423
173380	2357437
173381	2357483
173382	2357507
173383	2357527
173384	2357533
173385	2357549
173386	2357573
173387	2357587
173388	2357591
173389	2357617
173390	2357629
173391	2357639
173392	2357657
173393	2357683
173394	2357689
173395	2357701
173396	2357717
173397	2357731
173398	2357737
173399	2357741
173400	2357743
173401	2357749
173402	2357791
173403	2357801
173404	2357807
173405	2357809
173406	2357813
173407	2357821
173408	2357837
173409	2357851
173410	2357863
173411	2357867
173412	2357879
173413	2357909
173414	2357921
173415	2357923
173416	2357933
173417	2357939
173418	2357941
173419	2357963
173420	2357969
173421	2357977
173422	2358007
173423	2358011
173424	2358017
173425	2358043
173426	2358049
173427	2358073
173428	2358091
173429	2358127
173430	2358133
173431	2358137
173432	2358143
173433	2358151
173434	2358157
173435	2358179
173436	2358203
173437	2358221
173438	2358227
173439	2358241
173440	2358247
173441	2358283
173442	2358311
173443	2358329
173444	2358331
173445	2358353
173446	2358371
173447	2358373
173448	2358379
173449	2358401
173450	2358403
173451	2358409
173452	2358431
173453	2358439
173454	2358463
173455	2358487
173456	2358497
173457	2358539
173458	2358547
173459	2358571
173460	2358583
173461	2358617
173462	2358623
173463	2358637
173464	2358661
173465	2358677
173466	2358701
173467	2358721
173468	2358737
173469	2358739
173470	2358743
173471	2358751
173472	2358779
173473	2358781
173474	2358799
173475	2358823
173476	2358827
173477	2358841
173478	2358859
173479	2358877
173480	2358887
173481	2358893
173482	2358899
173483	2358901
173484	2358911
173485	2358913
173486	2358919
173487	2358953
173488	2358991
173489	2359001
173490	2359013
173491	2359031
173492	2359033
173493	2359043
173494	2359051
173495	2359061
173496	2359067
173497	2359079
173498	2359103
173499	2359111
173500	2359129
173501	2359139
173502	2359151
173503	2359163
173504	2359171
173505	2359183
173506	2359187
173507	2359207
173508	2359213
173509	2359219
173510	2359223
173511	2359229
173512	2359241
173513	2359261
173514	2359267
173515	2359303
173516	2359307
173517	2359319
173518	2359333
173519	2359339
173520	2359349
173521	2359369
173522	2359381
173523	2359391
173524	2359393
173525	2359397
173526	2359403
173527	2359429
173528	2359451
173529	2359459
173530	2359463
173531	2359471
173532	2359499
173533	2359519
173534	2359537
173535	2359559
173536	2359561
173537	2359603
173538	2359619
173539	2359633
173540	2359649
173541	2359661
173542	2359681
173543	2359717
173544	2359723
173545	2359739
173546	2359769
173547	2359783
173548	2359789
173549	2359793
173550	2359801
173551	2359829
173552	2359831
173553	2359843
173554	2359849
173555	2359873
173556	2359891
173557	2359901
173558	2359921
173559	2359927
173560	2359949
173561	2359963
173562	2359993
173563	2359997
173564	2360003
173565	2360021
173566	2360023
173567	2360027
173568	2360069
173569	2360087
173570	2360089
173571	2360101
173572	2360117
173573	2360131
173574	2360147
173575	2360167
173576	2360173
173577	2360201
173578	2360203
173579	2360207
173580	2360219
173581	2360243
173582	2360279
173583	2360291
173584	2360311
173585	2360321
173586	2360353
173587	2360357
173588	2360363
173589	2360377
173590	2360381
173591	2360417
173592	2360419
173593	2360443
173594	2360459
173595	2360483
173596	2360497
173597	2360509
173598	2360521
173599	2360539
173600	2360543
173601	2360551
173602	2360591
173603	2360593
173604	2360597
173605	2360609
173606	2360621
173607	2360653
173608	2360707
173609	2360713
173610	2360719
173611	2360723
173612	2360749
173613	2360753
173614	2360759
173615	2360797
173616	2360833
173617	2360843
173618	2360849
173619	2360851
173620	2360873
173621	2360887
173622	2360899
173623	2360957
173624	2360971
173625	2360983
173626	2360987
173627	2360999
173628	2361017
173629	2361031
173630	2361041
173631	2361043
173632	2361071
173633	2361089
173634	2361091
173635	2361103
173636	2361109
173637	2361119
173638	2361133
173639	2361167
173640	2361179
173641	2361199
173642	2361211
173643	2361221
173644	2361241
173645	2361253
173646	2361257
173647	2361269
173648	2361323
173649	2361343
173650	2361349
173651	2361353
173652	2361367
173653	2361379
173654	2361397
173655	2361407
173656	2361413
173657	2361427
173658	2361461
173659	2361467
173660	2361473
173661	2361497
173662	2361503
173663	2361509
173664	2361539
173665	2361563
173666	2361577
173667	2361581
173668	2361607
173669	2361629
173670	2361631
173671	2361637
173672	2361649
173673	2361701
173674	2361713
173675	2361721
173676	2361727
173677	2361773
173678	2361781
173679	2361803
173680	2361809
173681	2361823
173682	2361851
173683	2361883
173684	2361899
173685	2361911
173686	2361913
173687	2361917
173688	2361937
173689	2361941
173690	2361943
173691	2361959
173692	2361977
173693	2361991
173694	2362001
173695	2362007
173696	2362013
173697	2362049
173698	2362057
173699	2362067
173700	2362091
173701	2362109
173702	2362111
173703	2362141
173704	2362147
173705	2362153
173706	2362159
173707	2362163
173708	2362181
173709	2362187
173710	2362193
173711	2362229
173712	2362247
173713	2362249
173714	2362271
173715	2362273
173716	2362277
173717	2362279
173718	2362309
173719	2362319
173720	2362331
173721	2362343
173722	2362351
173723	2362363
173724	2362411
173725	2362421
173726	2362433
173727	2362457
173728	2362483
173729	2362489
173730	2362501
173731	2362559
173732	2362571
173733	2362573
173734	2362589
173735	2362637
173736	2362639
173737	2362649
173738	2362651
173739	2362673
173740	2362681
173741	2362691
173742	2362699
173743	2362729
173744	2362733
173745	2362747
173746	2362751
173747	2362753
173748	2362757
173749	2362769
173750	2362771
173751	2362777
173752	2362781
173753	2362799
173754	2362817
173755	2362819
173756	2362873
173757	2362879
173758	2362901
173759	2362909
173760	2362939
173761	2362961
173762	2362963
173763	2362967
173764	2362981
173765	2363021
173766	2363027
173767	2363029
173768	2363033
173769	2363041
173770	2363047
173771	2363059
173772	2363063
173773	2363069
173774	2363077
173775	2363107
173776	2363149
173777	2363159
173778	2363167
173779	2363171
173780	2363177
173781	2363189
173782	2363191
173783	2363197
173784	2363203
173785	2363209
173786	2363213
173787	2363219
173788	2363233
173789	2363261
173790	2363267
173791	2363293
173792	2363303
173793	2363311
173794	2363327
173795	2363359
173796	2363393
173797	2363399
173798	2363401
173799	2363423
173800	2363441
173801	2363453
173802	2363461
173803	2363497
173804	2363507
173805	2363513
173806	2363531
173807	2363539
173808	2363563
173809	2363617
173810	2363623
173811	2363639
173812	2363651
173813	2363653
173814	2363681
173815	2363707
173816	2363741
173817	2363743
173818	2363749
173819	2363783
173820	2363789
173821	2363797
173822	2363807
173823	2363831
173824	2363857
173825	2363861
173826	2363873
173827	2363891
173828	2363903
173829	2363909
173830	2363927
173831	2363939
173832	2363941
173833	2363947
173834	2363957
173835	2363971
173836	2363981
173837	2363983
173838	2364001
173839	2364013
173840	2364017
173841	2364049
173842	2364067
173843	2364077
173844	2364079
173845	2364119
173846	2364121
173847	2364127
173848	2364133
173849	2364149
173850	2364161
173851	2364163
173852	2364179
173853	2364191
173854	2364199
173855	2364203
173856	2364211
173857	2364221
173858	2364223
173859	2364247
173860	2364281
173861	2364287
173862	2364289
173863	2364293
173864	2364301
173865	2364317
173866	2364353
173867	2364361
173868	2364367
173869	2364407
173870	2364409
173871	2364413
173872	2364433
173873	2364437
173874	2364449
173875	2364487
173876	2364491
173877	2364499
173878	2364517
173879	2364521
173880	2364563
173881	2364589
173882	2364599
173883	2364601
173884	2364611
173885	2364619
173886	2364623
173887	2364629
173888	2364643
173889	2364647
173890	2364667
173891	2364673
173892	2364679
173893	2364709
173894	2364727
173895	2364743
173896	2364767
173897	2364793
173898	2364799
173899	2364809
173900	2364833
173901	2364841
173902	2364847
173903	2364851
173904	2364877
173905	2364881
173906	2364889
173907	2364907
173908	2364917
173909	2364937
173910	2364941
173911	2364953
173912	2364991
173913	2365001
173914	2365007
173915	2365009
173916	2365049
173917	2365061
173918	2365073
173919	2365079
173920	2365093
173921	2365109
173922	2365169
173923	2365201
173924	2365213
173925	2365217
173926	2365241
173927	2365243
173928	2365267
173929	2365271
173930	2365277
173931	2365283
173932	2365289
173933	2365309
173934	2365313
173935	2365351
173936	2365357
173937	2365381
173938	2365399
173939	2365411
173940	2365421
173941	2365423
173942	2365427
173943	2365439
173944	2365457
173945	2365459
173946	2365469
173947	2365471
173948	2365511
173949	2365523
173950	2365537
173951	2365541
173952	2365547
173953	2365553
173954	2365589
173955	2365591
173956	2365603
173957	2365607
173958	2365613
173959	2365621
173960	2365631
173961	2365637
173962	2365639
173963	2365667
173964	2365681
173965	2365721
173966	2365751
173967	2365787
173968	2365789
173969	2365829
173970	2365859
173971	2365879
173972	2365901
173973	2365921
173974	2365963
173975	2365969
173976	2365981
173977	2365997
173978	2365999
173979	2366011
173980	2366017
173981	2366029
173982	2366053
173983	2366057
173984	2366059
173985	2366071
173986	2366083
173987	2366087
173988	2366099
173989	2366123
173990	2366131
173991	2366141
173992	2366173
173993	2366183
173994	2366191
173995	2366207
173996	2366209
173997	2366227
173998	2366237
173999	2366267
174000	2366297
