168001	2277571
168002	2277607
168003	2277617
168004	2277619
168005	2277629
168006	2277637
168007	2277641
168008	2277647
168009	2277659
168010	2277661
168011	2277703
168012	2277727
168013	2277731
168014	2277733
168015	2277767
168016	2277797
168017	2277809
168018	2277811
168019	2277817
168020	2277823
168021	2277827
168022	2277833
168023	2277841
168024	2277857
168025	2277859
168026	2277871
168027	2277883
168028	2277889
168029	2277901
168030	2277907
168031	2277917
168032	2277941
168033	2278007
168034	2278019
168035	2278021
168036	2278027
168037	2278033
168038	2278063
168039	2278069
168040	2278079
168041	2278091
168042	2278093
168043	2278109
168044	2278117
168045	2278121
168046	2278139
168047	2278141
168048	2278181
168049	2278189
168050	2278207
168051	2278217
168052	2278229
168053	2278249
168054	2278259
168055	2278261
168056	2278277
168057	2278291
168058	2278301
168059	2278303
168060	2278307
168061	2278313
168062	2278343
168063	2278361
168064	2278379
168065	2278421
168066	2278429
168067	2278453
168068	2278477
168069	2278481
168070	2278487
168071	2278517
168072	2278519
168073	2278543
168074	2278553
168075	2278631
168076	2278637
168077	2278643
168078	2278649
168079	2278681
168080	2278691
168081	2278693
168082	2278709
168083	2278729
168084	2278747
168085	2278753
168086	2278769
168087	2278807
168088	2278811
168089	2278813
168090	2278823
168091	2278831
168092	2278847
168093	2278877
168094	2278891
168095	2278943
168096	2278949
168097	2278961
168098	2278963
168099	2278967
168100	2278979
168101	2278981
168102	2279009
168103	2279033
168104	2279041
168105	2279051
168106	2279063
168107	2279083
168108	2279087
168109	2279113
168110	2279117
168111	2279119
168112	2279141
168113	2279153
168114	2279161
168115	2279239
168116	2279243
168117	2279257
168118	2279261
168119	2279281
168120	2279293
168121	2279317
168122	2279339
168123	2279351
168124	2279353
168125	2279363
168126	2279393
168127	2279401
168128	2279413
168129	2279419
168130	2279423
168131	2279447
168132	2279467
168133	2279471
168134	2279489
168135	2279491
168136	2279527
168137	2279539
168138	2279567
168139	2279569
168140	2279591
168141	2279611
168142	2279617
168143	2279633
168144	2279653
168145	2279657
168146	2279663
168147	2279687
168148	2279707
168149	2279741
168150	2279743
168151	2279749
168152	2279759
168153	2279773
168154	2279807
168155	2279813
168156	2279839
168157	2279843
168158	2279857
168159	2279869
168160	2279897
168161	2279899
168162	2279911
168163	2279933
168164	2279993
168165	2280011
168166	2280029
168167	2280041
168168	2280053
168169	2280071
168170	2280073
168171	2280079
168172	2280097
168173	2280107
168174	2280127
168175	2280163
168176	2280167
168177	2280169
168178	2280191
168179	2280203
168180	2280221
168181	2280253
168182	2280283
168183	2280287
168184	2280293
168185	2280319
168186	2280331
168187	2280337
168188	2280359
168189	2280367
168190	2280401
168191	2280403
168192	2280407
168193	2280413
168194	2280433
168195	2280451
168196	2280463
168197	2280469
168198	2280497
168199	2280503
168200	2280517
168201	2280521
168202	2280547
168203	2280559
168204	2280587
168205	2280623
168206	2280631
168207	2280637
168208	2280661
168209	2280667
168210	2280671
168211	2280673
168212	2280683
168213	2280689
168214	2280709
168215	2280767
168216	2280823
168217	2280827
168218	2280833
168219	2280847
168220	2280857
168221	2280869
168222	2280899
168223	2280911
168224	2280917
168225	2280947
168226	2280959
168227	2280977
168228	2280983
168229	2280989
168230	2281001
168231	2281003
168232	2281033
168233	2281039
168234	2281057
168235	2281061
168236	2281079
168237	2281093
168238	2281099
168239	2281109
168240	2281127
168241	2281151
168242	2281183
168243	2281189
168244	2281207
168245	2281211
168246	2281219
168247	2281229
168248	2281231
168249	2281243
168250	2281249
168251	2281267
168252	2281277
168253	2281291
168254	2281297
168255	2281313
168256	2281327
168257	2281361
168258	2281373
168259	2281379
168260	2281381
168261	2281403
168262	2281429
168263	2281481
168264	2281493
168265	2281529
168266	2281567
168267	2281571
168268	2281579
168269	2281607
168270	2281619
168271	2281651
168272	2281661
168273	2281663
168274	2281667
168275	2281673
168276	2281687
168277	2281711
168278	2281717
168279	2281739
168280	2281751
168281	2281771
168282	2281777
168283	2281781
168284	2281789
168285	2281793
168286	2281813
168287	2281823
168288	2281831
168289	2281861
168290	2281883
168291	2281891
168292	2281913
168293	2281921
168294	2281973
168295	2281987
168296	2282017
168297	2282023
168298	2282041
168299	2282047
168300	2282057
168301	2282069
168302	2282081
168303	2282089
168304	2282099
168305	2282141
168306	2282149
168307	2282173
168308	2282201
168309	2282207
168310	2282243
168311	2282249
168312	2282257
168313	2282281
168314	2282303
168315	2282321
168316	2282323
168317	2282333
168318	2282341
168319	2282381
168320	2282383
168321	2282393
168322	2282407
168323	2282431
168324	2282447
168325	2282453
168326	2282459
168327	2282473
168328	2282477
168329	2282509
168330	2282513
168331	2282521
168332	2282537
168333	2282549
168334	2282587
168335	2282597
168336	2282617
168337	2282627
168338	2282647
168339	2282653
168340	2282699
168341	2282711
168342	2282719
168343	2282737
168344	2282759
168345	2282767
168346	2282801
168347	2282807
168348	2282849
168349	2282867
168350	2282897
168351	2282899
168352	2282923
168353	2282941
168354	2282963
168355	2282971
168356	2282989
168357	2283013
168358	2283019
168359	2283031
168360	2283037
168361	2283067
168362	2283077
168363	2283091
168364	2283109
168365	2283137
168366	2283139
168367	2283191
168368	2283227
168369	2283301
168370	2283313
168371	2283317
168372	2283319
168373	2283361
168374	2283377
168375	2283403
168376	2283409
168377	2283419
168378	2283433
168379	2283443
168380	2283451
168381	2283493
168382	2283497
168383	2283499
168384	2283511
168385	2283539
168386	2283551
168387	2283563
168388	2283571
168389	2283581
168390	2283583
168391	2283623
168392	2283637
168393	2283649
168394	2283679
168395	2283691
168396	2283703
168397	2283707
168398	2283709
168399	2283719
168400	2283727
168401	2283731
168402	2283733
168403	2283737
168404	2283803
168405	2283833
168406	2283839
168407	2283851
168408	2283881
168409	2283887
168410	2283889
168411	2283893
168412	2283907
168413	2283917
168414	2283937
168415	2283943
168416	2283947
168417	2283991
168418	2283997
168419	2284003
168420	2284013
168421	2284019
168422	2284027
168423	2284033
168424	2284043
168425	2284057
168426	2284109
168427	2284133
168428	2284147
168429	2284157
168430	2284181
168431	2284207
168432	2284211
168433	2284213
168434	2284223
168435	2284229
168436	2284241
168437	2284277
168438	2284279
168439	2284327
168440	2284339
168441	2284357
168442	2284367
168443	2284369
168444	2284379
168445	2284391
168446	2284423
168447	2284441
168448	2284481
168449	2284487
168450	2284489
168451	2284493
168452	2284501
168453	2284537
168454	2284549
168455	2284573
168456	2284589
168457	2284631
168458	2284637
168459	2284663
168460	2284673
168461	2284679
168462	2284687
168463	2284691
168464	2284697
168465	2284703
168466	2284757
168467	2284831
168468	2284837
168469	2284859
168470	2284871
168471	2284873
168472	2284879
168473	2284913
168474	2284937
168475	2284943
168476	2284949
168477	2284951
168478	2284957
168479	2284963
168480	2285039
168481	2285047
168482	2285057
168483	2285069
168484	2285071
168485	2285099
168486	2285131
168487	2285141
168488	2285147
168489	2285159
168490	2285161
168491	2285167
168492	2285189
168493	2285219
168494	2285221
168495	2285237
168496	2285249
168497	2285251
168498	2285267
168499	2285273
168500	2285279
168501	2285291
168502	2285317
168503	2285323
168504	2285329
168505	2285333
168506	2285347
168507	2285357
168508	2285359
168509	2285363
168510	2285369
168511	2285389
168512	2285399
168513	2285401
168514	2285443
168515	2285447
168516	2285473
168517	2285477
168518	2285489
168519	2285509
168520	2285513
168521	2285551
168522	2285581
168523	2285587
168524	2285597
168525	2285623
168526	2285629
168527	2285639
168528	2285641
168529	2285653
168530	2285659
168531	2285669
168532	2285677
168533	2285683
168534	2285711
168535	2285741
168536	2285743
168537	2285747
168538	2285779
168539	2285797
168540	2285813
168541	2285821
168542	2285861
168543	2285863
168544	2285869
168545	2285891
168546	2285893
168547	2285911
168548	2285917
168549	2285929
168550	2285951
168551	2285953
168552	2285957
168553	2285977
168554	2285981
168555	2286013
168556	2286017
168557	2286047
168558	2286059
168559	2286083
168560	2286091
168561	2286139
168562	2286149
168563	2286169
168564	2286173
168565	2286187
168566	2286197
168567	2286199
168568	2286203
168569	2286233
168570	2286239
168571	2286257
168572	2286293
168573	2286301
168574	2286307
168575	2286373
168576	2286377
168577	2286379
168578	2286437
168579	2286443
168580	2286457
168581	2286469
168582	2286481
168583	2286491
168584	2286511
168585	2286523
168586	2286527
168587	2286533
168588	2286553
168589	2286577
168590	2286589
168591	2286601
168592	2286617
168593	2286623
168594	2286629
168595	2286649
168596	2286659
168597	2286671
168598	2286701
168599	2286749
168600	2286763
168601	2286773
168602	2286787
168603	2286793
168604	2286797
168605	2286799
168606	2286803
168607	2286827
168608	2286833
168609	2286841
168610	2286847
168611	2286877
168612	2286881
168613	2286883
168614	2286953
168615	2286961
168616	2286979
168617	2286983
168618	2286989
168619	2287009
168620	2287013
168621	2287031
168622	2287039
168623	2287057
168624	2287063
168625	2287069
168626	2287093
168627	2287099
168628	2287111
168629	2287121
168630	2287133
168631	2287171
168632	2287177
168633	2287183
168634	2287193
168635	2287199
168636	2287223
168637	2287237
168638	2287247
168639	2287249
168640	2287261
168641	2287279
168642	2287283
168643	2287289
168644	2287291
168645	2287301
168646	2287319
168647	2287343
168648	2287381
168649	2287387
168650	2287393
168651	2287409
168652	2287421
168653	2287423
168654	2287463
168655	2287477
168656	2287487
168657	2287501
168658	2287507
168659	2287529
168660	2287531
168661	2287547
168662	2287559
168663	2287577
168664	2287591
168665	2287613
168666	2287627
168667	2287633
168668	2287661
168669	2287667
168670	2287669
168671	2287679
168672	2287687
168673	2287699
168674	2287739
168675	2287777
168676	2287807
168677	2287811
168678	2287823
168679	2287861
168680	2287871
168681	2287891
168682	2287921
168683	2287931
168684	2287937
168685	2287951
168686	2287963
168687	2287973
168688	2287991
168689	2287993
168690	2288003
168691	2288009
168692	2288029
168693	2288051
168694	2288057
168695	2288059
168696	2288089
168697	2288107
168698	2288119
168699	2288123
168700	2288161
168701	2288173
168702	2288207
168703	2288213
168704	2288239
168705	2288243
168706	2288249
168707	2288257
168708	2288261
168709	2288263
168710	2288267
168711	2288281
168712	2288287
168713	2288291
168714	2288323
168715	2288347
168716	2288359
168717	2288369
168718	2288399
168719	2288441
168720	2288449
168721	2288467
168722	2288471
168723	2288479
168724	2288509
168725	2288527
168726	2288563
168727	2288581
168728	2288597
168729	2288603
168730	2288633
168731	2288641
168732	2288677
168733	2288681
168734	2288687
168735	2288711
168736	2288719
168737	2288723
168738	2288731
168739	2288747
168740	2288749
168741	2288771
168742	2288773
168743	2288801
168744	2288807
168745	2288809
168746	2288821
168747	2288831
168748	2288833
168749	2288843
168750	2288849
168751	2288861
168752	2288879
168753	2288887
168754	2288893
168755	2288927
168756	2288929
168757	2288939
168758	2288953
168759	2289013
168760	2289031
168761	2289037
168762	2289059
168763	2289073
168764	2289083
168765	2289127
168766	2289143
168767	2289149
168768	2289151
168769	2289163
168770	2289179
168771	2289181
168772	2289193
168773	2289197
168774	2289211
168775	2289233
168776	2289239
168777	2289247
168778	2289251
168779	2289263
168780	2289281
168781	2289349
168782	2289359
168783	2289379
168784	2289401
168785	2289409
168786	2289431
168787	2289433
168788	2289437
168789	2289461
168790	2289467
168791	2289473
168792	2289503
168793	2289571
168794	2289583
168795	2289593
168796	2289601
168797	2289641
168798	2289643
168799	2289647
168800	2289649
168801	2289659
168802	2289667
168803	2289689
168804	2289697
168805	2289739
168806	2289743
168807	2289751
168808	2289761
168809	2289767
168810	2289773
168811	2289779
168812	2289803
168813	2289817
168814	2289829
168815	2289839
168816	2289841
168817	2289863
168818	2289871
168819	2289901
168820	2289919
168821	2289923
168822	2289929
168823	2289943
168824	2289953
168825	2289961
168826	2289979
168827	2290003
168828	2290007
168829	2290021
168830	2290031
168831	2290033
168832	2290037
168833	2290039
168834	2290049
168835	2290069
168836	2290081
168837	2290091
168838	2290097
168839	2290117
168840	2290139
168841	2290147
168842	2290151
168843	2290153
168844	2290177
168845	2290181
168846	2290207
168847	2290213
168848	2290231
168849	2290243
168850	2290259
168851	2290283
168852	2290339
168853	2290369
168854	2290403
168855	2290423
168856	2290429
168857	2290441
168858	2290459
168859	2290471
168860	2290493
168861	2290499
168862	2290511
168863	2290517
168864	2290523
168865	2290537
168866	2290543
168867	2290571
168868	2290573
168869	2290591
168870	2290609
168871	2290619
168872	2290627
168873	2290637
168874	2290643
168875	2290649
168876	2290703
168877	2290721
168878	2290727
168879	2290747
168880	2290751
168881	2290789
168882	2290817
168883	2290829
168884	2290831
168885	2290843
168886	2290861
168887	2290889
168888	2290901
168889	2290907
168890	2290927
168891	2290933
168892	2290943
168893	2290969
168894	2290973
168895	2290979
168896	2290987
168897	2290991
168898	2290999
168899	2291017
168900	2291033
168901	2291041
168902	2291063
168903	2291119
168904	2291131
168905	2291143
168906	2291167
168907	2291183
168908	2291189
168909	2291197
168910	2291213
168911	2291227
168912	2291231
168913	2291239
168914	2291257
168915	2291269
168916	2291273
168917	2291281
168918	2291287
168919	2291327
168920	2291347
168921	2291351
168922	2291353
168923	2291369
168924	2291389
168925	2291417
168926	2291437
168927	2291459
168928	2291477
168929	2291479
168930	2291491
168931	2291539
168932	2291557
168933	2291563
168934	2291567
168935	2291573
168936	2291581
168937	2291591
168938	2291623
168939	2291629
168940	2291657
168941	2291659
168942	2291677
168943	2291683
168944	2291699
168945	2291717
168946	2291747
168947	2291749
168948	2291797
168949	2291801
168950	2291803
168951	2291827
168952	2291851
168953	2291867
168954	2291893
168955	2291903
168956	2291909
168957	2291911
168958	2291917
168959	2291921
168960	2291929
168961	2291959
168962	2291963
168963	2291983
168964	2291987
168965	2291999
168966	2292001
168967	2292041
168968	2292053
168969	2292071
168970	2292079
168971	2292083
168972	2292119
168973	2292133
168974	2292163
168975	2292167
168976	2292181
168977	2292193
168978	2292221
168979	2292239
168980	2292253
168981	2292259
168982	2292289
168983	2292299
168984	2292307
168985	2292317
168986	2292337
168987	2292347
168988	2292359
168989	2292361
168990	2292371
168991	2292391
168992	2292403
168993	2292413
168994	2292427
168995	2292439
168996	2292449
168997	2292457
168998	2292461
168999	2292463
169000	2292469
