163001	2204831
163002	2204833
163003	2204843
163004	2204863
163005	2204887
163006	2204929
163007	2204933
163008	2204953
163009	2204977
163010	2205001
163011	2205011
163012	2205013
163013	2205017
163014	2205023
163015	2205031
163016	2205043
163017	2205059
163018	2205067
163019	2205107
163020	2205113
163021	2205139
163022	2205149
163023	2205157
163024	2205167
163025	2205187
163026	2205199
163027	2205233
163028	2205239
163029	2205251
163030	2205283
163031	2205293
163032	2205319
163033	2205323
163034	2205353
163035	2205373
163036	2205389
163037	2205409
163038	2205449
163039	2205451
163040	2205481
163041	2205487
163042	2205503
163043	2205521
163044	2205527
163045	2205547
163046	2205551
163047	2205587
163048	2205589
163049	2205611
163050	2205613
163051	2205617
163052	2205629
163053	2205649
163054	2205659
163055	2205661
163056	2205667
163057	2205703
163058	2205713
163059	2205719
163060	2205761
163061	2205779
163062	2205787
163063	2205793
163064	2205799
163065	2205803
163066	2205823
163067	2205839
163068	2205883
163069	2205887
163070	2205893
163071	2205911
163072	2205947
163073	2205949
163074	2205989
163075	2206021
163076	2206031
163077	2206081
163078	2206093
163079	2206097
163080	2206103
163081	2206121
163082	2206123
163083	2206151
163084	2206153
163085	2206163
163086	2206189
163087	2206207
163088	2206219
163089	2206247
163090	2206249
163091	2206283
163092	2206297
163093	2206327
163094	2206331
163095	2206357
163096	2206387
163097	2206403
163098	2206417
163099	2206429
163100	2206439
163101	2206441
163102	2206453
163103	2206469
163104	2206471
163105	2206483
163106	2206493
163107	2206499
163108	2206507
163109	2206513
163110	2206517
163111	2206543
163112	2206559
163113	2206591
163114	2206601
163115	2206613
163116	2206619
163117	2206621
163118	2206627
163119	2206649
163120	2206657
163121	2206663
163122	2206669
163123	2206681
163124	2206709
163125	2206723
163126	2206733
163127	2206741
163128	2206747
163129	2206759
163130	2206769
163131	2206783
163132	2206811
163133	2206817
163134	2206819
163135	2206823
163136	2206829
163137	2206843
163138	2206861
163139	2206877
163140	2206901
163141	2206909
163142	2206927
163143	2206931
163144	2206937
163145	2206943
163146	2206969
163147	2206993
163148	2206999
163149	2207017
163150	2207033
163151	2207039
163152	2207069
163153	2207081
163154	2207099
163155	2207113
163156	2207119
163157	2207123
163158	2207129
163159	2207143
163160	2207159
163161	2207171
163162	2207197
163163	2207201
163164	2207203
163165	2207213
163166	2207221
163167	2207237
163168	2207243
163169	2207251
163170	2207269
163171	2207273
163172	2207279
163173	2207281
163174	2207299
163175	2207311
163176	2207321
163177	2207323
163178	2207329
163179	2207347
163180	2207351
163181	2207357
163182	2207369
163183	2207377
163184	2207389
163185	2207411
163186	2207423
163187	2207431
163188	2207437
163189	2207441
163190	2207483
163191	2207489
163192	2207519
163193	2207537
163194	2207539
163195	2207549
163196	2207561
163197	2207581
163198	2207587
163199	2207617
163200	2207633
163201	2207677
163202	2207713
163203	2207719
163204	2207783
163205	2207791
163206	2207831
163207	2207833
163208	2207861
163209	2207873
163210	2207879
163211	2207893
163212	2207897
163213	2207911
163214	2207917
163215	2207929
163216	2207939
163217	2207951
163218	2207963
163219	2207969
163220	2207981
163221	2207983
163222	2207987
163223	2207993
163224	2208053
163225	2208061
163226	2208067
163227	2208071
163228	2208077
163229	2208083
163230	2208091
163231	2208097
163232	2208103
163233	2208127
163234	2208131
163235	2208203
163236	2208229
163237	2208257
163238	2208259
163239	2208277
163240	2208281
163241	2208319
163242	2208331
163243	2208337
163244	2208343
163245	2208377
163246	2208397
163247	2208407
163248	2208413
163249	2208421
163250	2208431
163251	2208439
163252	2208463
163253	2208467
163254	2208473
163255	2208491
163256	2208497
163257	2208517
163258	2208559
163259	2208581
163260	2208601
163261	2208637
163262	2208643
163263	2208653
163264	2208659
163265	2208683
163266	2208697
163267	2208707
163268	2208709
163269	2208737
163270	2208751
163271	2208757
163272	2208779
163273	2208797
163274	2208799
163275	2208803
163276	2208809
163277	2208823
163278	2208839
163279	2208847
163280	2208853
163281	2208887
163282	2208889
163283	2208893
163284	2208931
163285	2208949
163286	2208977
163287	2208991
163288	2209001
163289	2209003
163290	2209013
163291	2209027
163292	2209043
163293	2209049
163294	2209061
163295	2209063
163296	2209079
163297	2209117
163298	2209169
163299	2209171
163300	2209177
163301	2209189
163302	2209213
163303	2209217
163304	2209231
163305	2209253
163306	2209267
163307	2209283
163308	2209289
163309	2209313
163310	2209327
163311	2209331
163312	2209343
163313	2209409
163314	2209421
163315	2209447
163316	2209451
163317	2209457
163318	2209483
163319	2209499
163320	2209511
163321	2209523
163322	2209547
163323	2209549
163324	2209579
163325	2209589
163326	2209601
163327	2209607
163328	2209631
163329	2209639
163330	2209661
163331	2209663
163332	2209667
163333	2209687
163334	2209693
163335	2209699
163336	2209703
163337	2209717
163338	2209721
163339	2209741
163340	2209747
163341	2209759
163342	2209763
163343	2209769
163344	2209787
163345	2209789
163346	2209793
163347	2209811
163348	2209841
163349	2209843
163350	2209849
163351	2209853
163352	2209891
163353	2209901
163354	2209903
163355	2209913
163356	2209931
163357	2209937
163358	2209939
163359	2209957
163360	2209967
163361	2209979
163362	2209993
163363	2209997
163364	2210009
163365	2210011
163366	2210027
163367	2210029
163368	2210053
163369	2210057
163370	2210059
163371	2210069
163372	2210077
163373	2210107
163374	2210141
163375	2210147
163376	2210161
163377	2210171
163378	2210179
163379	2210189
163380	2210209
163381	2210227
163382	2210233
163383	2210249
163384	2210261
163385	2210267
163386	2210279
163387	2210281
163388	2210287
163389	2210291
163390	2210297
163391	2210303
163392	2210309
163393	2210321
163394	2210333
163395	2210347
163396	2210353
163397	2210371
163398	2210381
163399	2210387
163400	2210389
163401	2210401
163402	2210407
163403	2210413
163404	2210419
163405	2210431
163406	2210437
163407	2210447
163408	2210473
163409	2210477
163410	2210497
163411	2210503
163412	2210521
163413	2210563
163414	2210567
163415	2210569
163416	2210573
163417	2210581
163418	2210591
163419	2210617
163420	2210623
163421	2210633
163422	2210651
163423	2210653
163424	2210723
163425	2210729
163426	2210743
163427	2210773
163428	2210777
163429	2210779
163430	2210797
163431	2210801
163432	2210837
163433	2210851
163434	2210881
163435	2210891
163436	2210903
163437	2210939
163438	2210947
163439	2210959
163440	2210963
163441	2210977
163442	2210983
163443	2210987
163444	2210993
163445	2211019
163446	2211023
163447	2211029
163448	2211061
163449	2211109
163450	2211127
163451	2211161
163452	2211179
163453	2211211
163454	2211217
163455	2211227
163456	2211233
163457	2211257
163458	2211259
163459	2211263
163460	2211269
163461	2211281
163462	2211329
163463	2211347
163464	2211359
163465	2211367
163466	2211373
163467	2211409
163468	2211413
163469	2211439
163470	2211481
163471	2211493
163472	2211541
163473	2211551
163474	2211557
163475	2211563
163476	2211577
163477	2211593
163478	2211617
163479	2211623
163480	2211647
163481	2211667
163482	2211689
163483	2211707
163484	2211779
163485	2211787
163486	2211793
163487	2211817
163488	2211821
163489	2211883
163490	2211889
163491	2211893
163492	2211919
163493	2211929
163494	2211931
163495	2211941
163496	2211947
163497	2211953
163498	2211967
163499	2211977
163500	2211983
163501	2211997
163502	2212003
163503	2212009
163504	2212039
163505	2212051
163506	2212069
163507	2212081
163508	2212097
163509	2212099
163510	2212123
163511	2212127
163512	2212141
163513	2212153
163514	2212157
163515	2212169
163516	2212181
163517	2212183
163518	2212187
163519	2212219
163520	2212229
163521	2212241
163522	2212247
163523	2212271
163524	2212277
163525	2212297
163526	2212321
163527	2212333
163528	2212349
163529	2212351
163530	2212361
163531	2212387
163532	2212391
163533	2212421
163534	2212429
163535	2212433
163536	2212447
163537	2212453
163538	2212471
163539	2212477
163540	2212487
163541	2212519
163542	2212523
163543	2212537
163544	2212547
163545	2212571
163546	2212579
163547	2212589
163548	2212627
163549	2212631
163550	2212633
163551	2212657
163552	2212663
163553	2212673
163554	2212699
163555	2212709
163556	2212723
163557	2212747
163558	2212753
163559	2212781
163560	2212783
163561	2212817
163562	2212831
163563	2212871
163564	2212877
163565	2212883
163566	2212891
163567	2212921
163568	2212939
163569	2212963
163570	2212967
163571	2212979
163572	2213033
163573	2213039
163574	2213053
163575	2213069
163576	2213093
163577	2213137
163578	2213143
163579	2213147
163580	2213171
163581	2213191
163582	2213201
163583	2213203
163584	2213209
163585	2213243
163586	2213279
163587	2213293
163588	2213311
163589	2213317
163590	2213327
163591	2213347
163592	2213353
163593	2213363
163594	2213381
163595	2213389
163596	2213399
163597	2213401
163598	2213411
163599	2213413
163600	2213423
163601	2213441
163602	2213447
163603	2213461
163604	2213473
163605	2213489
163606	2213531
163607	2213537
163608	2213551
163609	2213591
163610	2213593
163611	2213609
163612	2213623
163613	2213647
163614	2213677
163615	2213699
163616	2213711
163617	2213759
163618	2213789
163619	2213833
163620	2213837
163621	2213839
163622	2213843
163623	2213867
163624	2213891
163625	2213923
163626	2213933
163627	2213963
163628	2213971
163629	2213977
163630	2213983
163631	2214001
163632	2214007
163633	2214011
163634	2214073
163635	2214077
163636	2214101
163637	2214103
163638	2214137
163639	2214161
163640	2214169
163641	2214193
163642	2214209
163643	2214221
163644	2214257
163645	2214269
163646	2214271
163647	2214281
163648	2214319
163649	2214343
163650	2214349
163651	2214367
163652	2214379
163653	2214383
163654	2214473
163655	2214479
163656	2214481
163657	2214491
163658	2214493
163659	2214517
163660	2214521
163661	2214559
163662	2214571
163663	2214599
163664	2214623
163665	2214637
163666	2214661
163667	2214679
163668	2214691
163669	2214713
163670	2214731
163671	2214749
163672	2214757
163673	2214761
163674	2214791
163675	2214827
163676	2214833
163677	2214847
163678	2214869
163679	2214907
163680	2214911
163681	2214929
163682	2214937
163683	2214941
163684	2214959
163685	2214967
163686	2214977
163687	2214983
163688	2214997
163689	2215009
163690	2215013
163691	2215051
163692	2215067
163693	2215091
163694	2215097
163695	2215099
163696	2215111
163697	2215127
163698	2215133
163699	2215141
163700	2215159
163701	2215163
163702	2215177
163703	2215181
163704	2215193
163705	2215201
163706	2215211
163707	2215217
163708	2215237
163709	2215277
163710	2215303
163711	2215307
163712	2215309
163713	2215313
163714	2215319
163715	2215327
163716	2215349
163717	2215351
163718	2215379
163719	2215387
163720	2215393
163721	2215399
163722	2215417
163723	2215463
163724	2215469
163725	2215471
163726	2215487
163727	2215501
163728	2215529
163729	2215531
163730	2215537
163731	2215541
163732	2215547
163733	2215561
163734	2215573
163735	2215583
163736	2215639
163737	2215651
163738	2215667
163739	2215669
163740	2215673
163741	2215691
163742	2215693
163743	2215699
163744	2215777
163745	2215783
163746	2215789
163747	2215793
163748	2215823
163749	2215847
163750	2215853
163751	2215867
163752	2215901
163753	2215903
163754	2215921
163755	2215931
163756	2215943
163757	2215949
163758	2215963
163759	2215979
163760	2215987
163761	2215991
163762	2215999
163763	2216021
163764	2216047
163765	2216057
163766	2216083
163767	2216087
163768	2216101
163769	2216113
163770	2216117
163771	2216143
163772	2216153
163773	2216161
163774	2216167
163775	2216197
163776	2216213
163777	2216231
163778	2216237
163779	2216281
163780	2216287
163781	2216299
163782	2216309
163783	2216317
163784	2216321
163785	2216323
163786	2216351
163787	2216359
163788	2216363
163789	2216377
163790	2216387
163791	2216399
163792	2216413
163793	2216437
163794	2216471
163795	2216479
163796	2216519
163797	2216551
163798	2216563
163799	2216569
163800	2216587
163801	2216603
163802	2216609
163803	2216611
163804	2216629
163805	2216653
163806	2216657
163807	2216659
163808	2216699
163809	2216701
163810	2216729
163811	2216743
163812	2216759
163813	2216761
163814	2216777
163815	2216803
163816	2216821
163817	2216839
163818	2216857
163819	2216861
163820	2216873
163821	2216887
163822	2216897
163823	2216909
163824	2216917
163825	2216941
163826	2216957
163827	2216969
163828	2216989
163829	2216999
163830	2217001
163831	2217011
163832	2217023
163833	2217029
163834	2217041
163835	2217049
163836	2217067
163837	2217073
163838	2217101
163839	2217107
163840	2217113
163841	2217143
163842	2217181
163843	2217199
163844	2217211
163845	2217217
163846	2217233
163847	2217247
163848	2217251
163849	2217277
163850	2217283
163851	2217287
163852	2217301
163853	2217317
163854	2217329
163855	2217343
163856	2217349
163857	2217359
163858	2217379
163859	2217409
163860	2217421
163861	2217443
163862	2217473
163863	2217491
163864	2217493
163865	2217503
163866	2217539
163867	2217541
163868	2217557
163869	2217569
163870	2217571
163871	2217577
163872	2217581
163873	2217583
163874	2217587
163875	2217617
163876	2217641
163877	2217643
163878	2217671
163879	2217673
163880	2217749
163881	2217757
163882	2217773
163883	2217779
163884	2217799
163885	2217829
163886	2217857
163887	2217863
163888	2217881
163889	2217907
163890	2217911
163891	2217947
163892	2217967
163893	2217991
163894	2218001
163895	2218037
163896	2218057
163897	2218063
163898	2218067
163899	2218091
163900	2218093
163901	2218121
163902	2218127
163903	2218129
163904	2218157
163905	2218171
163906	2218199
163907	2218201
163908	2218207
163909	2218213
163910	2218219
163911	2218277
163912	2218283
163913	2218289
163914	2218319
163915	2218331
163916	2218339
163917	2218343
163918	2218351
163919	2218361
163920	2218367
163921	2218423
163922	2218427
163923	2218429
163924	2218439
163925	2218451
163926	2218519
163927	2218523
163928	2218547
163929	2218549
163930	2218561
163931	2218583
163932	2218597
163933	2218607
163934	2218609
163935	2218613
163936	2218621
163937	2218663
163938	2218669
163939	2218691
163940	2218709
163941	2218751
163942	2218771
163943	2218807
163944	2218831
163945	2218837
163946	2218861
163947	2218871
163948	2218883
163949	2218897
163950	2218901
163951	2218903
163952	2218907
163953	2218933
163954	2218943
163955	2218967
163956	2218969
163957	2218999
163958	2219023
163959	2219033
163960	2219039
163961	2219059
163962	2219081
163963	2219083
163964	2219093
163965	2219111
163966	2219117
163967	2219123
163968	2219137
163969	2219141
163970	2219153
163971	2219177
163972	2219183
163973	2219209
163974	2219213
163975	2219221
163976	2219251
163977	2219279
163978	2219281
163979	2219309
163980	2219323
163981	2219351
163982	2219353
163983	2219377
163984	2219411
163985	2219423
163986	2219449
163987	2219461
163988	2219467
163989	2219471
163990	2219489
163991	2219491
163992	2219513
163993	2219527
163994	2219543
163995	2219551
163996	2219557
163997	2219563
163998	2219621
163999	2219629
164000	2219641
