110001	1441051
110002	1441057
110003	1441061
110004	1441081
110005	1441117
110006	1441127
110007	1441133
110008	1441151
110009	1441189
110010	1441199
110011	1441201
110012	1441217
110013	1441241
110014	1441259
110015	1441289
110016	1441301
110017	1441309
110018	1441313
110019	1441327
110020	1441331
110021	1441339
110022	1441343
110023	1441351
110024	1441361
110025	1441367
110026	1441373
110027	1441381
110028	1441411
110029	1441423
110030	1441439
110031	1441459
110032	1441463
110033	1441471
110034	1441523
110035	1441529
110036	1441543
110037	1441553
110038	1441567
110039	1441579
110040	1441589
110041	1441591
110042	1441603
110043	1441633
110044	1441637
110045	1441669
110046	1441673
110047	1441679
110048	1441681
110049	1441697
110050	1441703
110051	1441721
110052	1441723
110053	1441729
110054	1441751
110055	1441757
110056	1441771
110057	1441807
110058	1441837
110059	1441849
110060	1441871
110061	1441877
110062	1441879
110063	1441883
110064	1441931
110065	1441933
110066	1441949
110067	1441963
110068	1441981
110069	1442003
110070	1442009
110071	1442017
110072	1442053
110073	1442057
110074	1442069
110075	1442071
110076	1442087
110077	1442143
110078	1442159
110079	1442173
110080	1442191
110081	1442209
110082	1442227
110083	1442251
110084	1442267
110085	1442279
110086	1442299
110087	1442317
110088	1442321
110089	1442327
110090	1442333
110091	1442341
110092	1442351
110093	1442377
110094	1442393
110095	1442411
110096	1442429
110097	1442437
110098	1442453
110099	1442459
110100	1442509
110101	1442513
110102	1442527
110103	1442531
110104	1442549
110105	1442579
110106	1442591
110107	1442599
110108	1442611
110109	1442621
110110	1442627
110111	1442633
110112	1442641
110113	1442653
110114	1442657
110115	1442669
110116	1442717
110117	1442723
110118	1442731
110119	1442743
110120	1442783
110121	1442797
110122	1442827
110123	1442849
110124	1442863
110125	1442869
110126	1442873
110127	1442887
110128	1442899
110129	1442911
110130	1442921
110131	1442923
110132	1442939
110133	1442941
110134	1442971
110135	1442983
110136	1442989
110137	1443007
110138	1443053
110139	1443059
110140	1443067
110141	1443073
110142	1443083
110143	1443103
110144	1443119
110145	1443131
110146	1443139
110147	1443151
110148	1443157
110149	1443161
110150	1443193
110151	1443203
110152	1443223
110153	1443257
110154	1443271
110155	1443293
110156	1443307
110157	1443311
110158	1443331
110159	1443341
110160	1443353
110161	1443383
110162	1443389
110163	1443397
110164	1443401
110165	1443427
110166	1443437
110167	1443439
110168	1443461
110169	1443469
110170	1443473
110171	1443509
110172	1443517
110173	1443523
110174	1443529
110175	1443551
110176	1443557
110177	1443571
110178	1443581
110179	1443587
110180	1443613
110181	1443647
110182	1443653
110183	1443679
110184	1443683
110185	1443697
110186	1443709
110187	1443713
110188	1443719
110189	1443727
110190	1443781
110191	1443787
110192	1443797
110193	1443803
110194	1443817
110195	1443839
110196	1443857
110197	1443859
110198	1443899
110199	1443913
110200	1443941
110201	1443961
110202	1443971
110203	1443977
110204	1443989
110205	1444007
110206	1444043
110207	1444063
110208	1444067
110209	1444081
110210	1444087
110211	1444103
110212	1444109
110213	1444111
110214	1444181
110215	1444187
110216	1444213
110217	1444217
110218	1444237
110219	1444249
110220	1444271
110221	1444273
110222	1444279
110223	1444291
110224	1444309
110225	1444411
110226	1444441
110227	1444447
110228	1444459
110229	1444463
110230	1444477
110231	1444481
110232	1444483
110233	1444489
110234	1444493
110235	1444501
110236	1444523
110237	1444529
110238	1444543
110239	1444567
110240	1444571
110241	1444613
110242	1444633
110243	1444649
110244	1444657
110245	1444661
110246	1444679
110247	1444687
110248	1444697
110249	1444747
110250	1444753
110251	1444759
110252	1444763
110253	1444771
110254	1444777
110255	1444787
110256	1444789
110257	1444801
110258	1444811
110259	1444819
110260	1444823
110261	1444873
110262	1444897
110263	1444901
110264	1444903
110265	1444909
110266	1444913
110267	1444943
110268	1444957
110269	1444967
110270	1444973
110271	1444979
110272	1444981
110273	1444999
110274	1445033
110275	1445039
110276	1445047
110277	1445053
110278	1445057
110279	1445071
110280	1445077
110281	1445107
110282	1445117
110283	1445137
110284	1445149
110285	1445161
110286	1445173
110287	1445177
110288	1445179
110289	1445207
110290	1445237
110291	1445239
110292	1445261
110293	1445287
110294	1445303
110295	1445317
110296	1445329
110297	1445333
110298	1445341
110299	1445351
110300	1445371
110301	1445401
110302	1445407
110303	1445413
110304	1445417
110305	1445419
110306	1445429
110307	1445443
110308	1445453
110309	1445467
110310	1445497
110311	1445503
110312	1445513
110313	1445519
110314	1445533
110315	1445557
110316	1445567
110317	1445569
110318	1445581
110319	1445593
110320	1445599
110321	1445657
110322	1445669
110323	1445671
110324	1445687
110325	1445699
110326	1445707
110327	1445713
110328	1445723
110329	1445749
110330	1445753
110331	1445771
110332	1445797
110333	1445827
110334	1445831
110335	1445863
110336	1445879
110337	1445887
110338	1445921
110339	1445929
110340	1445953
110341	1445959
110342	1445963
110343	1445971
110344	1445981
110345	1445989
110346	1446001
110347	1446007
110348	1446019
110349	1446023
110350	1446041
110351	1446043
110352	1446059
110353	1446073
110354	1446077
110355	1446083
110356	1446089
110357	1446091
110358	1446097
110359	1446113
110360	1446131
110361	1446167
110362	1446169
110363	1446187
110364	1446191
110365	1446197
110366	1446227
110367	1446233
110368	1446239
110369	1446251
110370	1446257
110371	1446281
110372	1446301
110373	1446311
110374	1446323
110375	1446353
110376	1446359
110377	1446383
110378	1446397
110379	1446409
110380	1446427
110381	1446437
110382	1446449
110383	1446457
110384	1446469
110385	1446509
110386	1446551
110387	1446559
110388	1446587
110389	1446611
110390	1446617
110391	1446619
110392	1446629
110393	1446637
110394	1446659
110395	1446673
110396	1446689
110397	1446701
110398	1446703
110399	1446713
110400	1446719
110401	1446761
110402	1446779
110403	1446791
110404	1446803
110405	1446829
110406	1446833
110407	1446871
110408	1446881
110409	1446889
110410	1446899
110411	1446901
110412	1446917
110413	1446919
110414	1446923
110415	1446941
110416	1446971
110417	1446997
110418	1447001
110419	1447003
110420	1447007
110421	1447009
110422	1447031
110423	1447037
110424	1447063
110425	1447067
110426	1447073
110427	1447099
110428	1447123
110429	1447139
110430	1447151
110431	1447153
110432	1447169
110433	1447189
110434	1447213
110435	1447217
110436	1447219
110437	1447223
110438	1447231
110439	1447241
110440	1447247
110441	1447273
110442	1447279
110443	1447283
110444	1447291
110445	1447309
110446	1447331
110447	1447333
110448	1447343
110449	1447349
110450	1447351
110451	1447373
110452	1447379
110453	1447387
110454	1447399
110455	1447409
110456	1447427
110457	1447429
110458	1447441
110459	1447471
110460	1447487
110461	1447507
110462	1447529
110463	1447543
110464	1447549
110465	1447559
110466	1447561
110467	1447571
110468	1447583
110469	1447609
110470	1447627
110471	1447631
110472	1447639
110473	1447661
110474	1447711
110475	1447717
110476	1447727
110477	1447759
110478	1447777
110479	1447799
110480	1447807
110481	1447811
110482	1447813
110483	1447843
110484	1447861
110485	1447867
110486	1447877
110487	1447889
110488	1447891
110489	1447913
110490	1447949
110491	1447951
110492	1447961
110493	1447969
110494	1447973
110495	1447981
110496	1447987
110497	1448003
110498	1448021
110499	1448039
110500	1448053
110501	1448059
110502	1448063
110503	1448081
110504	1448087
110505	1448171
110506	1448177
110507	1448189
110508	1448191
110509	1448203
110510	1448207
110511	1448219
110512	1448221
110513	1448303
110514	1448309
110515	1448357
110516	1448371
110517	1448387
110518	1448401
110519	1448411
110520	1448423
110521	1448431
110522	1448443
110523	1448449
110524	1448453
110525	1448477
110526	1448497
110527	1448533
110528	1448569
110529	1448593
110530	1448611
110531	1448659
110532	1448663
110533	1448683
110534	1448687
110535	1448717
110536	1448737
110537	1448743
110538	1448761
110539	1448767
110540	1448771
110541	1448779
110542	1448789
110543	1448801
110544	1448803
110545	1448819
110546	1448827
110547	1448833
110548	1448849
110549	1448857
110550	1448873
110551	1448879
110552	1448903
110553	1448929
110554	1448947
110555	1448983
110556	1448989
110557	1449001
110558	1449013
110559	1449017
110560	1449061
110561	1449067
110562	1449089
110563	1449113
110564	1449121
110565	1449127
110566	1449163
110567	1449167
110568	1449169
110569	1449191
110570	1449193
110571	1449209
110572	1449211
110573	1449241
110574	1449271
110575	1449289
110576	1449293
110577	1449307
110578	1449311
110579	1449319
110580	1449337
110581	1449361
110582	1449367
110583	1449379
110584	1449389
110585	1449431
110586	1449439
110587	1449443
110588	1449479
110589	1449509
110590	1449517
110591	1449521
110592	1449523
110593	1449551
110594	1449557
110595	1449563
110596	1449577
110597	1449583
110598	1449587
110599	1449589
110600	1449599
110601	1449601
110602	1449611
110603	1449619
110604	1449647
110605	1449649
110606	1449661
110607	1449671
110608	1449673
110609	1449683
110610	1449691
110611	1449733
110612	1449779
110613	1449817
110614	1449823
110615	1449827
110616	1449829
110617	1449841
110618	1449863
110619	1449869
110620	1449893
110621	1449907
110622	1449911
110623	1449937
110624	1449941
110625	1449949
110626	1449953
110627	1449967
110628	1449977
110629	1449979
110630	1449983
110631	1450019
110632	1450021
110633	1450051
110634	1450063
110635	1450069
110636	1450073
110637	1450103
110638	1450109
110639	1450139
110640	1450147
110641	1450157
110642	1450177
110643	1450199
110644	1450201
110645	1450231
110646	1450237
110647	1450243
110648	1450249
110649	1450271
110650	1450277
110651	1450283
110652	1450297
110653	1450307
110654	1450331
110655	1450333
110656	1450367
110657	1450391
110658	1450399
110659	1450429
110660	1450439
110661	1450447
110662	1450453
110663	1450469
110664	1450481
110665	1450487
110666	1450489
110667	1450499
110668	1450507
110669	1450513
110670	1450531
110671	1450543
110672	1450571
110673	1450573
110674	1450577
110675	1450613
110676	1450619
110677	1450637
110678	1450639
110679	1450651
110680	1450697
110681	1450699
110682	1450711
110683	1450727
110684	1450739
110685	1450741
110686	1450747
110687	1450753
110688	1450759
110689	1450819
110690	1450847
110691	1450849
110692	1450853
110693	1450861
110694	1450871
110695	1450873
110696	1450877
110697	1450903
110698	1450907
110699	1450913
110700	1450919
110701	1450927
110702	1450931
110703	1450963
110704	1450979
110705	1450991
110706	1451003
110707	1451039
110708	1451041
110709	1451053
110710	1451057
110711	1451059
110712	1451081
110713	1451083
110714	1451119
110715	1451123
110716	1451143
110717	1451147
110718	1451161
110719	1451179
110720	1451209
110721	1451213
110722	1451237
110723	1451243
110724	1451249
110725	1451257
110726	1451267
110727	1451291
110728	1451321
110729	1451339
110730	1451347
110731	1451371
110732	1451383
110733	1451393
110734	1451423
110735	1451509
110736	1451521
110737	1451531
110738	1451539
110739	1451557
110740	1451561
110741	1451573
110742	1451603
110743	1451609
110744	1451623
110745	1451633
110746	1451641
110747	1451663
110748	1451677
110749	1451713
110750	1451717
110751	1451719
110752	1451729
110753	1451741
110754	1451743
110755	1451759
110756	1451767
110757	1451797
110758	1451831
110759	1451833
110760	1451837
110761	1451839
110762	1451867
110763	1451893
110764	1451899
110765	1451909
110766	1451911
110767	1451929
110768	1451959
110769	1451969
110770	1452047
110771	1452079
110772	1452083
110773	1452109
110774	1452127
110775	1452131
110776	1452149
110777	1452169
110778	1452181
110779	1452193
110780	1452203
110781	1452211
110782	1452221
110783	1452223
110784	1452229
110785	1452247
110786	1452263
110787	1452271
110788	1452277
110789	1452281
110790	1452299
110791	1452301
110792	1452317
110793	1452323
110794	1452329
110795	1452377
110796	1452383
110797	1452413
110798	1452419
110799	1452421
110800	1452433
110801	1452439
110802	1452449
110803	1452457
110804	1452461
110805	1452487
110806	1452491
110807	1452511
110808	1452527
110809	1452533
110810	1452541
110811	1452553
110812	1452557
110813	1452559
110814	1452613
110815	1452631
110816	1452637
110817	1452653
110818	1452709
110819	1452713
110820	1452727
110821	1452743
110822	1452751
110823	1452767
110824	1452779
110825	1452791
110826	1452809
110827	1452827
110828	1452833
110829	1452839
110830	1452851
110831	1452853
110832	1452859
110833	1452863
110834	1452907
110835	1452923
110836	1452947
110837	1452961
110838	1452977
110839	1452991
110840	1453003
110841	1453009
110842	1453019
110843	1453033
110844	1453037
110845	1453043
110846	1453057
110847	1453061
110848	1453091
110849	1453093
110850	1453129
110851	1453141
110852	1453169
110853	1453171
110854	1453181
110855	1453201
110856	1453223
110857	1453241
110858	1453267
110859	1453307
110860	1453321
110861	1453337
110862	1453339
110863	1453343
110864	1453369
110865	1453391
110866	1453399
110867	1453411
110868	1453427
110869	1453429
110870	1453453
110871	1453457
110872	1453469
110873	1453477
110874	1453489
110875	1453493
110876	1453499
110877	1453513
110878	1453537
110879	1453547
110880	1453549
110881	1453553
110882	1453597
110883	1453603
110884	1453607
110885	1453609
110886	1453643
110887	1453651
110888	1453657
110889	1453681
110890	1453703
110891	1453723
110892	1453729
110893	1453759
110894	1453783
110895	1453817
110896	1453831
110897	1453847
110898	1453871
110899	1453877
110900	1453883
110901	1453889
110902	1453897
110903	1453909
110904	1453913
110905	1453919
110906	1453927
110907	1453939
110908	1453943
110909	1453957
110910	1453961
110911	1453997
110912	1454003
110913	1454021
110914	1454029
110915	1454041
110916	1454053
110917	1454059
110918	1454071
110919	1454081
110920	1454099
110921	1454119
110922	1454143
110923	1454149
110924	1454177
110925	1454191
110926	1454207
110927	1454209
110928	1454239
110929	1454249
110930	1454261
110931	1454273
110932	1454339
110933	1454347
110934	1454351
110935	1454371
110936	1454377
110937	1454381
110938	1454399
110939	1454417
110940	1454419
110941	1454441
110942	1454443
110943	1454459
110944	1454461
110945	1454477
110946	1454513
110947	1454521
110948	1454533
110949	1454539
110950	1454549
110951	1454567
110952	1454569
110953	1454573
110954	1454587
110955	1454591
110956	1454597
110957	1454599
110958	1454633
110959	1454657
110960	1454683
110961	1454689
110962	1454699
110963	1454701
110964	1454711
110965	1454731
110966	1454743
110967	1454759
110968	1454767
110969	1454779
110970	1454801
110971	1454807
110972	1454821
110973	1454839
110974	1454851
110975	1454863
110976	1454891
110977	1454897
110978	1454899
110979	1454927
110980	1454939
110981	1454941
110982	1454953
110983	1454969
110984	1454977
110985	1454983
110986	1454987
110987	1454989
110988	1454993
110989	1455007
110990	1455011
110991	1455019
110992	1455023
110993	1455029
110994	1455031
110995	1455037
110996	1455043
110997	1455053
110998	1455067
110999	1455079
111000	1455089
