185001	2528419
185002	2528441
185003	2528479
185004	2528489
185005	2528497
185006	2528503
185007	2528527
185008	2528531
185009	2528557
185010	2528569
185011	2528573
185012	2528587
185013	2528599
185014	2528621
185015	2528627
185016	2528629
185017	2528651
185018	2528657
185019	2528663
185020	2528707
185021	2528717
185022	2528777
185023	2528783
185024	2528791
185025	2528809
185026	2528819
185027	2528821
185028	2528831
185029	2528833
185030	2528849
185031	2528857
185032	2528861
185033	2528863
185034	2528891
185035	2528893
185036	2528899
185037	2528923
185038	2528941
185039	2528969
185040	2528983
185041	2528989
185042	2528993
185043	2529013
185044	2529019
185045	2529029
185046	2529041
185047	2529047
185048	2529077
185049	2529089
185050	2529097
185051	2529101
185052	2529133
185053	2529143
185054	2529151
185055	2529161
185056	2529169
185057	2529173
185058	2529181
185059	2529187
185060	2529193
185061	2529199
185062	2529227
185063	2529229
185064	2529239
185065	2529251
185066	2529253
185067	2529269
185068	2529301
185069	2529323
185070	2529341
185071	2529347
185072	2529349
185073	2529361
185074	2529367
185075	2529391
185076	2529403
185077	2529419
185078	2529421
185079	2529463
185080	2529473
185081	2529491
185082	2529511
185083	2529521
185084	2529529
185085	2529533
185086	2529547
185087	2529551
185088	2529557
185089	2529581
185090	2529589
185091	2529601
185092	2529607
185093	2529613
185094	2529619
185095	2529643
185096	2529649
185097	2529671
185098	2529689
185099	2529691
185100	2529697
185101	2529707
185102	2529721
185103	2529749
185104	2529767
185105	2529773
185106	2529799
185107	2529803
185108	2529809
185109	2529827
185110	2529881
185111	2529893
185112	2529899
185113	2529911
185114	2529913
185115	2529929
185116	2529937
185117	2529953
185118	2529959
185119	2529971
185120	2529997
185121	2530001
185122	2530009
185123	2530013
185124	2530039
185125	2530043
185126	2530049
185127	2530063
185128	2530067
185129	2530079
185130	2530091
185131	2530103
185132	2530109
185133	2530111
185134	2530117
185135	2530139
185136	2530141
185137	2530153
185138	2530159
185139	2530193
185140	2530201
185141	2530223
185142	2530237
185143	2530243
185144	2530247
185145	2530261
185146	2530267
185147	2530271
185148	2530277
185149	2530289
185150	2530301
185151	2530309
185152	2530321
185153	2530351
185154	2530357
185155	2530361
185156	2530373
185157	2530403
185158	2530427
185159	2530441
185160	2530457
185161	2530459
185162	2530469
185163	2530487
185164	2530513
185165	2530519
185166	2530543
185167	2530547
185168	2530571
185169	2530573
185170	2530579
185171	2530597
185172	2530663
185173	2530669
185174	2530681
185175	2530699
185176	2530709
185177	2530727
185178	2530733
185179	2530751
185180	2530769
185181	2530777
185182	2530783
185183	2530793
185184	2530799
185185	2530831
185186	2530867
185187	2530873
185188	2530877
185189	2530907
185190	2530921
185191	2530961
185192	2530963
185193	2530973
185194	2530981
185195	2530987
185196	2530991
185197	2530993
185198	2530999
185199	2531017
185200	2531027
185201	2531069
185202	2531083
185203	2531093
185204	2531099
185205	2531101
185206	2531107
185207	2531117
185208	2531167
185209	2531171
185210	2531183
185211	2531189
185212	2531197
185213	2531203
185214	2531209
185215	2531233
185216	2531261
185217	2531267
185218	2531293
185219	2531369
185220	2531371
185221	2531377
185222	2531387
185223	2531393
185224	2531413
185225	2531423
185226	2531443
185227	2531471
185228	2531483
185229	2531489
185230	2531519
185231	2531527
185232	2531533
185233	2531537
185234	2531549
185235	2531563
185236	2531569
185237	2531593
185238	2531609
185239	2531611
185240	2531629
185241	2531653
185242	2531663
185243	2531687
185244	2531689
185245	2531699
185246	2531701
185247	2531717
185248	2531741
185249	2531747
185250	2531761
185251	2531773
185252	2531777
185253	2531803
185254	2531821
185255	2531831
185256	2531833
185257	2531869
185258	2531891
185259	2531917
185260	2531923
185261	2531951
185262	2531981
185263	2531983
185264	2531989
185265	2531993
185266	2532007
185267	2532067
185268	2532071
185269	2532083
185270	2532107
185271	2532109
185272	2532113
185273	2532137
185274	2532143
185275	2532157
185276	2532161
185277	2532191
185278	2532197
185279	2532199
185280	2532209
185281	2532223
185282	2532241
185283	2532259
185284	2532281
185285	2532289
185286	2532307
185287	2532311
185288	2532319
185289	2532331
185290	2532349
185291	2532389
185292	2532401
185293	2532403
185294	2532419
185295	2532433
185296	2532437
185297	2532449
185298	2532451
185299	2532479
185300	2532487
185301	2532493
185302	2532521
185303	2532527
185304	2532559
185305	2532587
185306	2532601
185307	2532637
185308	2532697
185309	2532701
185310	2532707
185311	2532709
185312	2532721
185313	2532727
185314	2532763
185315	2532769
185316	2532787
185317	2532791
185318	2532799
185319	2532823
185320	2532839
185321	2532853
185322	2532863
185323	2532869
185324	2532883
185325	2532899
185326	2532913
185327	2532919
185328	2532931
185329	2532989
185330	2532991
185331	2533007
185332	2533009
185333	2533019
185334	2533031
185335	2533033
185336	2533039
185337	2533049
185338	2533081
185339	2533127
185340	2533163
185341	2533169
185342	2533177
185343	2533189
185344	2533199
185345	2533211
185346	2533217
185347	2533231
185348	2533261
185349	2533273
185350	2533277
185351	2533291
185352	2533301
185353	2533303
185354	2533309
185355	2533313
185356	2533331
185357	2533367
185358	2533373
185359	2533379
185360	2533393
185361	2533397
185362	2533417
185363	2533429
185364	2533499
185365	2533507
185366	2533549
185367	2533577
185368	2533627
185369	2533651
185370	2533667
185371	2533673
185372	2533681
185373	2533691
185374	2533709
185375	2533721
185376	2533733
185377	2533747
185378	2533753
185379	2533801
185380	2533807
185381	2533813
185382	2533829
185383	2533837
185384	2533913
185385	2533939
185386	2533943
185387	2533963
185388	2533967
185389	2534009
185390	2534029
185391	2534039
185392	2534041
185393	2534047
185394	2534053
185395	2534057
185396	2534069
185397	2534101
185398	2534111
185399	2534131
185400	2534143
185401	2534153
185402	2534171
185403	2534179
185404	2534183
185405	2534197
185406	2534237
185407	2534243
185408	2534261
185409	2534267
185410	2534269
185411	2534297
185412	2534303
185413	2534317
185414	2534327
185415	2534351
185416	2534401
185417	2534419
185418	2534423
185419	2534431
185420	2534437
185421	2534443
185422	2534449
185423	2534459
185424	2534471
185425	2534491
185426	2534501
185427	2534503
185428	2534527
185429	2534551
185430	2534561
185431	2534563
185432	2534593
185433	2534603
185434	2534621
185435	2534627
185436	2534641
185437	2534647
185438	2534659
185439	2534671
185440	2534681
185441	2534689
185442	2534713
185443	2534731
185444	2534747
185445	2534767
185446	2534773
185447	2534783
185448	2534789
185449	2534821
185450	2534843
185451	2534863
185452	2534867
185453	2534879
185454	2534881
185455	2534941
185456	2534947
185457	2534951
185458	2534953
185459	2534957
185460	2534971
185461	2534993
185462	2535007
185463	2535017
185464	2535019
185465	2535041
185466	2535059
185467	2535067
185468	2535089
185469	2535097
185470	2535101
185471	2535103
185472	2535107
185473	2535109
185474	2535121
185475	2535161
185476	2535163
185477	2535179
185478	2535187
185479	2535199
185480	2535223
185481	2535233
185482	2535263
185483	2535271
185484	2535283
185485	2535293
185486	2535307
185487	2535319
185488	2535331
185489	2535353
185490	2535367
185491	2535373
185492	2535389
185493	2535413
185494	2535437
185495	2535443
185496	2535457
185497	2535461
185498	2535469
185499	2535473
185500	2535479
185501	2535487
185502	2535527
185503	2535541
185504	2535553
185505	2535571
185506	2535641
185507	2535671
185508	2535691
185509	2535719
185510	2535751
185511	2535763
185512	2535781
185513	2535787
185514	2535803
185515	2535823
185516	2535829
185517	2535881
185518	2535887
185519	2535901
185520	2535917
185521	2535919
185522	2535937
185523	2535959
185524	2535977
185525	2535983
185526	2536013
185527	2536019
185528	2536031
185529	2536057
185530	2536067
185531	2536087
185532	2536099
185533	2536123
185534	2536133
185535	2536147
185536	2536153
185537	2536159
185538	2536181
185539	2536189
185540	2536201
185541	2536217
185542	2536241
185543	2536243
185544	2536249
185545	2536267
185546	2536273
185547	2536307
185548	2536309
185549	2536343
185550	2536361
185551	2536363
185552	2536379
185553	2536381
185554	2536393
185555	2536403
185556	2536423
185557	2536447
185558	2536477
185559	2536483
185560	2536517
185561	2536549
185562	2536559
185563	2536561
185564	2536577
185565	2536579
185566	2536603
185567	2536631
185568	2536643
185569	2536657
185570	2536663
185571	2536673
185572	2536679
185573	2536691
185574	2536697
185575	2536727
185576	2536733
185577	2536753
185578	2536763
185579	2536771
185580	2536789
185581	2536799
185582	2536801
185583	2536811
185584	2536813
185585	2536819
185586	2536837
185587	2536843
185588	2536873
185589	2536903
185590	2536907
185591	2536909
185592	2536921
185593	2536943
185594	2536991
185595	2536999
185596	2537021
185597	2537033
185598	2537047
185599	2537081
185600	2537083
185601	2537111
185602	2537113
185603	2537141
185604	2537147
185605	2537159
185606	2537191
185607	2537219
185608	2537237
185609	2537287
185610	2537303
185611	2537323
185612	2537329
185613	2537341
185614	2537347
185615	2537363
185616	2537419
185617	2537459
185618	2537461
185619	2537467
185620	2537501
185621	2537503
185622	2537527
185623	2537537
185624	2537543
185625	2537551
185626	2537581
185627	2537593
185628	2537599
185629	2537627
185630	2537653
185631	2537663
185632	2537669
185633	2537677
185634	2537681
185635	2537701
185636	2537729
185637	2537741
185638	2537749
185639	2537779
185640	2537789
185641	2537803
185642	2537837
185643	2537851
185644	2537869
185645	2537881
185646	2537897
185647	2537911
185648	2537923
185649	2537959
185650	2537987
185651	2537999
185652	2538017
185653	2538031
185654	2538059
185655	2538061
185656	2538079
185657	2538091
185658	2538097
185659	2538101
185660	2538103
185661	2538113
185662	2538127
185663	2538131
185664	2538139
185665	2538157
185666	2538169
185667	2538203
185668	2538241
185669	2538281
185670	2538293
185671	2538299
185672	2538301
185673	2538307
185674	2538313
185675	2538317
185676	2538323
185677	2538331
185678	2538337
185679	2538353
185680	2538359
185681	2538377
185682	2538397
185683	2538401
185684	2538407
185685	2538421
185686	2538427
185687	2538443
185688	2538449
185689	2538451
185690	2538467
185691	2538479
185692	2538493
185693	2538499
185694	2538509
185695	2538511
185696	2538521
185697	2538527
185698	2538577
185699	2538589
185700	2538617
185701	2538619
185702	2538623
185703	2538659
185704	2538667
185705	2538673
185706	2538691
185707	2538703
185708	2538707
185709	2538709
185710	2538713
185711	2538733
185712	2538749
185713	2538751
185714	2538769
185715	2538773
185716	2538779
185717	2538787
185718	2538791
185719	2538803
185720	2538817
185721	2538821
185722	2538827
185723	2538839
185724	2538871
185725	2538883
185726	2538917
185727	2538919
185728	2538953
185729	2538959
185730	2538971
185731	2538983
185732	2539049
185733	2539063
185734	2539067
185735	2539073
185736	2539087
185737	2539093
185738	2539123
185739	2539151
185740	2539157
185741	2539181
185742	2539189
185743	2539213
185744	2539231
185745	2539261
185746	2539267
185747	2539289
185748	2539309
185749	2539319
185750	2539321
185751	2539337
185752	2539343
185753	2539349
185754	2539351
185755	2539357
185756	2539379
185757	2539387
185758	2539393
185759	2539399
185760	2539423
185761	2539429
185762	2539441
185763	2539463
185764	2539469
185765	2539513
185766	2539519
185767	2539529
185768	2539531
185769	2539543
185770	2539567
185771	2539571
185772	2539573
185773	2539577
185774	2539583
185775	2539627
185776	2539631
185777	2539633
185778	2539639
185779	2539651
185780	2539657
185781	2539661
185782	2539699
185783	2539753
185784	2539777
185785	2539829
185786	2539841
185787	2539871
185788	2539951
185789	2539961
185790	2539963
185791	2539981
185792	2539997
185793	2540011
185794	2540033
185795	2540071
185796	2540093
185797	2540099
185798	2540113
185799	2540141
185800	2540173
185801	2540177
185802	2540179
185803	2540183
185804	2540201
185805	2540203
185806	2540231
185807	2540249
185808	2540261
185809	2540269
185810	2540323
185811	2540339
185812	2540341
185813	2540389
185814	2540393
185815	2540407
185816	2540413
185817	2540423
185818	2540431
185819	2540441
185820	2540443
185821	2540479
185822	2540513
185823	2540519
185824	2540533
185825	2540537
185826	2540539
185827	2540563
185828	2540567
185829	2540581
185830	2540591
185831	2540597
185832	2540609
185833	2540617
185834	2540627
185835	2540641
185836	2540663
185837	2540677
185838	2540687
185839	2540689
185840	2540693
185841	2540723
185842	2540743
185843	2540749
185844	2540761
185845	2540771
185846	2540789
185847	2540821
185848	2540831
185849	2540849
185850	2540869
185851	2540887
185852	2540903
185853	2540933
185854	2540957
185855	2540963
185856	2540969
185857	2540981
185858	2540983
185859	2541001
185860	2541023
185861	2541029
185862	2541043
185863	2541047
185864	2541053
185865	2541061
185866	2541089
185867	2541127
185868	2541131
185869	2541151
185870	2541157
185871	2541169
185872	2541173
185873	2541229
185874	2541233
185875	2541251
185876	2541281
185877	2541289
185878	2541323
185879	2541391
185880	2541401
185881	2541433
185882	2541439
185883	2541457
185884	2541479
185885	2541499
185886	2541503
185887	2541527
185888	2541529
185889	2541533
185890	2541541
185891	2541547
185892	2541559
185893	2541563
185894	2541593
185895	2541599
185896	2541613
185897	2541677
185898	2541683
185899	2541689
185900	2541697
185901	2541701
185902	2541703
185903	2541733
185904	2541739
185905	2541743
185906	2541757
185907	2541769
185908	2541811
185909	2541817
185910	2541829
185911	2541841
185912	2541853
185913	2541883
185914	2541899
185915	2541911
185916	2541919
185917	2541923
185918	2541941
185919	2541943
185920	2541947
185921	2541949
185922	2541961
185923	2541967
185924	2541997
185925	2542009
185926	2542021
185927	2542037
185928	2542049
185929	2542051
185930	2542087
185931	2542091
185932	2542097
185933	2542103
185934	2542109
185935	2542139
185936	2542147
185937	2542151
185938	2542187
185939	2542193
185940	2542201
185941	2542223
185942	2542229
185943	2542237
185944	2542327
185945	2542363
185946	2542391
185947	2542399
185948	2542417
185949	2542429
185950	2542453
185951	2542471
185952	2542481
185953	2542483
185954	2542511
185955	2542513
185956	2542531
185957	2542549
185958	2542567
185959	2542577
185960	2542591
185961	2542597
185962	2542607
185963	2542609
185964	2542619
185965	2542621
185966	2542649
185967	2542669
185968	2542681
185969	2542699
185970	2542703
185971	2542733
185972	2542739
185973	2542759
185974	2542817
185975	2542823
185976	2542829
185977	2542849
185978	2542853
185979	2542879
185980	2542913
185981	2542919
185982	2542933
185983	2542951
185984	2542957
185985	2542987
185986	2542999
185987	2543027
185988	2543033
185989	2543059
185990	2543111
185991	2543113
185992	2543117
185993	2543129
185994	2543141
185995	2543143
185996	2543153
185997	2543159
185998	2543171
185999	2543201
186000	2543221
