300001	4256249
300002	4256257
300003	4256261
300004	4256267
300005	4256281
300006	4256293
300007	4256297
300008	4256327
300009	4256347
300010	4256381
300011	4256383
300012	4256389
300013	4256407
300014	4256429
300015	4256431
300016	4256459
300017	4256467
300018	4256471
300019	4256491
300020	4256501
300021	4256507
300022	4256509
300023	4256537
300024	4256561
300025	4256563
300026	4256573
300027	4256617
300028	4256639
300029	4256653
300030	4256669
300031	4256671
300032	4256701
300033	4256717
300034	4256723
300035	4256729
300036	4256737
300037	4256761
300038	4256797
300039	4256803
300040	4256807
300041	4256831
300042	4256839
300043	4256897
300044	4256921
300045	4256927
300046	4256929
300047	4256933
300048	4256963
300049	4256977
300050	4256981
300051	4257017
300052	4257023
300053	4257037
300054	4257041
300055	4257053
300056	4257061
300057	4257067
300058	4257101
300059	4257131
300060	4257133
300061	4257161
300062	4257163
300063	4257193
300064	4257203
300065	4257217
300066	4257221
300067	4257223
300068	4257241
300069	4257269
300070	4257271
300071	4257283
300072	4257289
300073	4257313
300074	4257353
300075	4257359
300076	4257371
300077	4257391
300078	4257413
300079	4257467
300080	4257469
300081	4257503
300082	4257521
300083	4257523
300084	4257527
300085	4257529
300086	4257541
300087	4257551
300088	4257557
300089	4257569
300090	4257587
300091	4257593
300092	4257611
300093	4257613
300094	4257641
300095	4257647
300096	4257677
300097	4257679
300098	4257697
300099	4257733
300100	4257749
300101	4257763
300102	4257787
300103	4257821
300104	4257833
300105	4257889
300106	4257899
300107	4257931
300108	4257937
300109	4257949
300110	4257959
300111	4257961
300112	4257977
300113	4257991
300114	4258019
300115	4258031
300116	4258043
300117	4258057
300118	4258061
300119	4258069
300120	4258081
300121	4258087
300122	4258091
300123	4258103
300124	4258117
300125	4258127
300126	4258139
300127	4258171
300128	4258181
300129	4258193
300130	4258217
300131	4258237
300132	4258249
300133	4258259
300134	4258307
300135	4258339
300136	4258357
300137	4258361
300138	4258363
300139	4258369
300140	4258379
300141	4258393
300142	4258403
300143	4258409
300144	4258411
300145	4258459
300146	4258469
300147	4258477
300148	4258531
300149	4258537
300150	4258567
300151	4258571
300152	4258607
300153	4258609
300154	4258643
300155	4258649
300156	4258673
300157	4258693
300158	4258697
300159	4258699
300160	4258729
300161	4258733
300162	4258753
300163	4258757
300164	4258769
300165	4258777
300166	4258781
300167	4258801
300168	4258819
300169	4258829
300170	4258879
300171	4258883
300172	4258889
300173	4258897
300174	4258909
300175	4258937
300176	4258949
300177	4258951
300178	4258967
300179	4258973
300180	4258987
300181	4259053
300182	4259063
300183	4259113
300184	4259119
300185	4259131
300186	4259141
300187	4259147
300188	4259149
300189	4259159
300190	4259191
300191	4259207
300192	4259221
300193	4259237
300194	4259243
300195	4259251
300196	4259263
300197	4259267
300198	4259291
300199	4259303
300200	4259323
300201	4259327
300202	4259351
300203	4259357
300204	4259371
300205	4259383
300206	4259389
300207	4259399
300208	4259419
300209	4259459
300210	4259461
300211	4259483
300212	4259501
300213	4259527
300214	4259533
300215	4259543
300216	4259579
300217	4259597
300218	4259599
300219	4259621
300220	4259627
300221	4259641
300222	4259653
300223	4259677
300224	4259681
300225	4259683
300226	4259687
300227	4259701
300228	4259711
300229	4259713
300230	4259719
300231	4259729
300232	4259753
300233	4259791
300234	4259797
300235	4259833
300236	4259837
300237	4259863
300238	4259887
300239	4259891
300240	4259903
300241	4259909
300242	4259923
300243	4259951
300244	4260001
300245	4260007
300246	4260019
300247	4260041
300248	4260043
300249	4260049
300250	4260073
300251	4260077
300252	4260097
300253	4260107
300254	4260121
300255	4260131
300256	4260133
300257	4260167
300258	4260173
300259	4260209
300260	4260229
300261	4260247
300262	4260257
300263	4260259
300264	4260271
300265	4260283
300266	4260293
300267	4260317
300268	4260323
300269	4260343
300270	4260367
300271	4260371
300272	4260383
300273	4260401
300274	4260413
300275	4260437
300276	4260457
300277	4260461
300278	4260467
300279	4260479
300280	4260481
300281	4260517
300282	4260521
300283	4260527
300284	4260551
300285	4260601
300286	4260623
300287	4260629
300288	4260643
300289	4260647
300290	4260649
300291	4260677
300292	4260689
300293	4260703
300294	4260713
300295	4260719
300296	4260721
300297	4260743
300298	4260749
300299	4260757
300300	4260793
300301	4260799
300302	4260821
300303	4260833
300304	4260859
300305	4260877
300306	4260899
300307	4260901
300308	4260917
300309	4260967
300310	4261009
300311	4261013
300312	4261021
300313	4261027
300314	4261051
300315	4261079
300316	4261087
300317	4261093
300318	4261109
300319	4261129
300320	4261139
300321	4261151
300322	4261177
300323	4261183
300324	4261189
300325	4261193
300326	4261199
300327	4261211
300328	4261219
300329	4261223
300330	4261249
300331	4261261
300332	4261273
300333	4261319
300334	4261321
300335	4261331
300336	4261333
300337	4261351
300338	4261357
300339	4261363
300340	4261381
300341	4261391
300342	4261421
300343	4261423
300344	4261483
300345	4261519
300346	4261541
300347	4261547
300348	4261553
300349	4261583
300350	4261589
300351	4261597
300352	4261613
300353	4261627
300354	4261651
300355	4261661
300356	4261709
300357	4261711
300358	4261723
300359	4261727
300360	4261759
300361	4261793
300362	4261837
300363	4261841
300364	4261843
300365	4261853
300366	4261867
300367	4261903
300368	4261931
300369	4261949
300370	4261963
300371	4261979
300372	4261981
300373	4261987
300374	4261997
300375	4262003
300376	4262029
300377	4262033
300378	4262047
300379	4262051
300380	4262077
300381	4262119
300382	4262143
300383	4262147
300384	4262149
300385	4262161
300386	4262171
300387	4262173
300388	4262177
300389	4262179
300390	4262183
300391	4262191
300392	4262197
300393	4262233
300394	4262239
300395	4262249
300396	4262261
300397	4262267
300398	4262281
300399	4262303
300400	4262311
300401	4262329
300402	4262351
300403	4262353
300404	4262387
300405	4262389
300406	4262399
300407	4262417
300408	4262431
300409	4262459
300410	4262491
300411	4262509
300412	4262513
300413	4262549
300414	4262551
300415	4262561
300416	4262581
300417	4262611
300418	4262617
300419	4262639
300420	4262653
300421	4262677
300422	4262683
300423	4262693
300424	4262701
300425	4262743
300426	4262749
300427	4262777
300428	4262803
300429	4262813
300430	4262831
300431	4262849
300432	4262851
300433	4262873
300434	4262879
300435	4262887
300436	4262899
300437	4262933
300438	4262941
300439	4262969
300440	4262983
300441	4263001
300442	4263013
300443	4263037
300444	4263047
300445	4263059
300446	4263079
300447	4263113
300448	4263121
300449	4263131
300450	4263137
300451	4263157
300452	4263167
300453	4263169
300454	4263197
300455	4263199
300456	4263223
300457	4263227
300458	4263253
300459	4263283
300460	4263289
300461	4263299
300462	4263313
300463	4263331
300464	4263341
300465	4263359
300466	4263361
300467	4263397
300468	4263403
300469	4263421
300470	4263431
300471	4263433
300472	4263449
300473	4263491
300474	4263509
300475	4263527
300476	4263529
300477	4263541
300478	4263557
300479	4263559
300480	4263569
300481	4263587
300482	4263593
300483	4263607
300484	4263641
300485	4263659
300486	4263683
300487	4263689
300488	4263697
300489	4263703
300490	4263731
300491	4263739
300492	4263761
300493	4263773
300494	4263781
300495	4263803
300496	4263811
300497	4263823
300498	4263827
300499	4263859
300500	4263863
300501	4263869
300502	4263881
300503	4263911
300504	4263913
300505	4263929
300506	4263937
300507	4263953
300508	4263977
300509	4263979
300510	4264021
300511	4264027
300512	4264033
300513	4264049
300514	4264063
300515	4264067
300516	4264069
300517	4264109
300518	4264157
300519	4264171
300520	4264187
300521	4264193
300522	4264199
300523	4264201
300524	4264207
300525	4264219
300526	4264237
300527	4264259
300528	4264261
300529	4264289
300530	4264307
300531	4264313
300532	4264319
300533	4264333
300534	4264339
300535	4264373
300536	4264409
300537	4264471
300538	4264487
300539	4264511
300540	4264517
300541	4264543
300542	4264549
300543	4264553
300544	4264567
300545	4264597
300546	4264609
300547	4264619
300548	4264621
300549	4264627
300550	4264633
300551	4264651
300552	4264661
300553	4264669
300554	4264681
300555	4264691
300556	4264709
300557	4264781
300558	4264811
300559	4264817
300560	4264823
300561	4264829
300562	4264831
300563	4264837
300564	4264847
300565	4264849
300566	4264859
300567	4264877
300568	4264889
300569	4264901
300570	4264919
300571	4264951
300572	4264957
300573	4264961
300574	4264979
300575	4264991
300576	4264999
300577	4265003
300578	4265017
300579	4265021
300580	4265029
300581	4265047
300582	4265057
300583	4265077
300584	4265081
300585	4265083
300586	4265087
300587	4265089
300588	4265099
300589	4265119
300590	4265123
300591	4265137
300592	4265141
300593	4265159
300594	4265161
300595	4265179
300596	4265207
300597	4265227
300598	4265231
300599	4265263
300600	4265267
300601	4265273
300602	4265293
300603	4265311
300604	4265357
300605	4265363
300606	4265369
300607	4265377
300608	4265399
300609	4265413
300610	4265431
300611	4265441
300612	4265473
300613	4265477
300614	4265489
300615	4265537
300616	4265561
300617	4265567
300618	4265593
300619	4265617
300620	4265629
300621	4265663
300622	4265683
300623	4265687
300624	4265699
300625	4265711
300626	4265713
300627	4265717
300628	4265719
300629	4265731
300630	4265783
300631	4265797
300632	4265801
300633	4265831
300634	4265837
300635	4265843
300636	4265881
300637	4265887
300638	4265897
300639	4265903
300640	4265939
300641	4265969
300642	4265977
300643	4265981
300644	4265999
300645	4266029
300646	4266061
300647	4266149
300648	4266169
300649	4266179
300650	4266181
300651	4266217
300652	4266221
300653	4266253
300654	4266257
300655	4266263
300656	4266271
300657	4266287
300658	4266289
300659	4266307
300660	4266329
300661	4266343
300662	4266347
300663	4266377
300664	4266391
300665	4266397
300666	4266443
300667	4266481
300668	4266487
300669	4266497
300670	4266511
300671	4266517
300672	4266527
300673	4266529
300674	4266547
300675	4266551
300676	4266557
300677	4266593
300678	4266599
300679	4266601
300680	4266611
300681	4266617
300682	4266629
300683	4266637
300684	4266667
300685	4266673
300686	4266679
300687	4266709
300688	4266721
300689	4266727
300690	4266733
300691	4266797
300692	4266817
300693	4266827
300694	4266833
300695	4266841
300696	4266853
300697	4266859
300698	4266893
300699	4266907
300700	4266943
300701	4266961
300702	4266967
300703	4266991
300704	4267007
300705	4267033
300706	4267079
300707	4267091
300708	4267111
300709	4267117
300710	4267141
300711	4267169
300712	4267183
300713	4267199
300714	4267201
300715	4267261
300716	4267301
300717	4267303
300718	4267337
300719	4267339
300720	4267349
300721	4267369
300722	4267399
300723	4267409
300724	4267421
300725	4267427
300726	4267441
300727	4267447
300728	4267451
300729	4267463
300730	4267517
300731	4267531
300732	4267537
300733	4267541
300734	4267573
300735	4267579
300736	4267603
300737	4267619
300738	4267631
300739	4267651
300740	4267657
300741	4267661
300742	4267667
300743	4267693
300744	4267721
300745	4267729
300746	4267759
300747	4267763
300748	4267787
300749	4267819
300750	4267831
300751	4267841
300752	4267847
300753	4267859
300754	4267889
300755	4267891
300756	4267927
300757	4267937
300758	4267973
300759	4267981
300760	4268009
300761	4268021
300762	4268029
300763	4268039
300764	4268063
300765	4268107
300766	4268149
300767	4268153
300768	4268167
300769	4268171
300770	4268177
300771	4268183
300772	4268189
300773	4268197
300774	4268213
300775	4268219
300776	4268233
300777	4268261
300778	4268267
300779	4268269
300780	4268279
300781	4268287
300782	4268311
300783	4268321
300784	4268323
300785	4268333
300786	4268339
300787	4268401
300788	4268413
300789	4268437
300790	4268471
300791	4268477
300792	4268491
300793	4268507
300794	4268531
300795	4268533
300796	4268543
300797	4268557
300798	4268569
300799	4268573
300800	4268599
300801	4268603
300802	4268609
300803	4268611
300804	4268617
300805	4268623
300806	4268647
300807	4268651
300808	4268689
300809	4268699
300810	4268729
300811	4268743
300812	4268791
300813	4268809
300814	4268813
300815	4268843
300816	4268857
300817	4268861
300818	4268867
300819	4268881
300820	4268893
300821	4268899
300822	4268909
300823	4268933
300824	4268951
300825	4268981
300826	4268993
300827	4269019
300828	4269029
300829	4269037
300830	4269047
300831	4269049
300832	4269071
300833	4269077
300834	4269101
300835	4269127
300836	4269137
300837	4269149
300838	4269157
300839	4269179
300840	4269211
300841	4269217
300842	4269263
300843	4269277
300844	4269313
300845	4269347
300846	4269379
300847	4269383
300848	4269403
300849	4269439
300850	4269469
300851	4269491
300852	4269497
300853	4269511
300854	4269523
300855	4269539
300856	4269563
300857	4269571
300858	4269589
300859	4269593
300860	4269607
300861	4269619
300862	4269631
300863	4269637
300864	4269647
300865	4269667
300866	4269677
300867	4269679
300868	4269691
300869	4269721
300870	4269767
300871	4269779
300872	4269787
300873	4269803
300874	4269821
300875	4269823
300876	4269833
300877	4269841
300878	4269877
300879	4269883
300880	4269887
300881	4269899
300882	4269901
300883	4269913
300884	4269919
300885	4269949
300886	4269961
300887	4269983
300888	4270031
300889	4270039
300890	4270069
300891	4270073
300892	4270081
300893	4270087
300894	4270093
300895	4270099
300896	4270103
300897	4270139
300898	4270169
300899	4270177
300900	4270181
300901	4270199
300902	4270223
300903	4270229
300904	4270261
300905	4270283
300906	4270289
300907	4270297
300908	4270303
300909	4270319
300910	4270327
300911	4270363
300912	4270391
300913	4270397
300914	4270411
300915	4270447
300916	4270463
300917	4270471
300918	4270499
300919	4270501
300920	4270507
300921	4270517
300922	4270523
300923	4270531
300924	4270537
300925	4270543
300926	4270559
300927	4270589
300928	4270603
300929	4270633
300930	4270639
300931	4270667
300932	4270697
300933	4270699
300934	4270703
300935	4270727
300936	4270741
300937	4270751
300938	4270789
300939	4270807
300940	4270811
300941	4270817
300942	4270829
300943	4270837
300944	4270841
300945	4270853
300946	4270879
300947	4270891
300948	4270907
300949	4270909
300950	4270921
300951	4270943
300952	4270949
300953	4270957
300954	4270969
300955	4270997
300956	4271009
300957	4271017
300958	4271027
300959	4271039
300960	4271041
300961	4271081
300962	4271117
300963	4271129
300964	4271153
300965	4271161
300966	4271167
300967	4271171
300968	4271173
300969	4271177
300970	4271203
300971	4271213
300972	4271221
300973	4271227
300974	4271237
300975	4271251
300976	4271269
300977	4271279
300978	4271297
300979	4271299
300980	4271321
300981	4271327
300982	4271347
300983	4271357
300984	4271363
300985	4271387
300986	4271389
300987	4271401
300988	4271413
300989	4271417
300990	4271441
300991	4271453
300992	4271461
300993	4271467
300994	4271479
300995	4271489
300996	4271557
300997	4271563
300998	4271567
300999	4271569
301000	4271581
