301001	4271587
301002	4271591
301003	4271611
301004	4271621
301005	4271623
301006	4271627
301007	4271711
301008	4271717
301009	4271731
301010	4271737
301011	4271753
301012	4271759
301013	4271791
301014	4271801
301015	4271803
301016	4271809
301017	4271833
301018	4271843
301019	4271851
301020	4271873
301021	4271881
301022	4271923
301023	4271929
301024	4271963
301025	4272001
301026	4272029
301027	4272031
301028	4272053
301029	4272091
301030	4272113
301031	4272119
301032	4272139
301033	4272157
301034	4272161
301035	4272167
301036	4272173
301037	4272187
301038	4272211
301039	4272221
301040	4272223
301041	4272239
301042	4272263
301043	4272269
301044	4272311
301045	4272341
301046	4272343
301047	4272349
301048	4272377
301049	4272409
301050	4272413
301051	4272419
301052	4272449
301053	4272461
301054	4272469
301055	4272481
301056	4272497
301057	4272529
301058	4272533
301059	4272553
301060	4272563
301061	4272571
301062	4272589
301063	4272601
301064	4272613
301065	4272659
301066	4272683
301067	4272703
301068	4272707
301069	4272727
301070	4272731
301071	4272743
301072	4272767
301073	4272769
301074	4272799
301075	4272803
301076	4272809
301077	4272811
301078	4272833
301079	4272841
301080	4272859
301081	4272881
301082	4272883
301083	4272901
301084	4272907
301085	4272941
301086	4272943
301087	4272949
301088	4272959
301089	4272971
301090	4272973
301091	4273033
301092	4273037
301093	4273051
301094	4273057
301095	4273067
301096	4273079
301097	4273091
301098	4273097
301099	4273117
301100	4273123
301101	4273151
301102	4273153
301103	4273163
301104	4273183
301105	4273187
301106	4273207
301107	4273249
301108	4273253
301109	4273261
301110	4273289
301111	4273301
301112	4273343
301113	4273361
301114	4273387
301115	4273391
301116	4273393
301117	4273397
301118	4273417
301119	4273427
301120	4273439
301121	4273459
301122	4273481
301123	4273483
301124	4273519
301125	4273523
301126	4273543
301127	4273589
301128	4273597
301129	4273601
301130	4273609
301131	4273627
301132	4273631
301133	4273667
301134	4273669
301135	4273679
301136	4273693
301137	4273739
301138	4273741
301139	4273769
301140	4273793
301141	4273807
301142	4273823
301143	4273831
301144	4273849
301145	4273853
301146	4273873
301147	4273889
301148	4273891
301149	4273903
301150	4273909
301151	4273937
301152	4273949
301153	4273957
301154	4273961
301155	4273967
301156	4274003
301157	4274009
301158	4274027
301159	4274029
301160	4274041
301161	4274051
301162	4274057
301163	4274059
301164	4274093
301165	4274099
301166	4274147
301167	4274161
301168	4274173
301169	4274177
301170	4274189
301171	4274201
301172	4274213
301173	4274233
301174	4274239
301175	4274261
301176	4274273
301177	4274287
301178	4274299
301179	4274317
301180	4274377
301181	4274381
301182	4274393
301183	4274401
301184	4274407
301185	4274419
301186	4274423
301187	4274437
301188	4274443
301189	4274447
301190	4274461
301191	4274467
301192	4274471
301193	4274489
301194	4274521
301195	4274549
301196	4274551
301197	4274579
301198	4274591
301199	4274593
301200	4274597
301201	4274651
301202	4274671
301203	4274689
301204	4274707
301205	4274713
301206	4274731
301207	4274737
301208	4274747
301209	4274761
301210	4274773
301211	4274789
301212	4274797
301213	4274813
301214	4274827
301215	4274833
301216	4274843
301217	4274857
301218	4274863
301219	4274873
301220	4274891
301221	4274899
301222	4274911
301223	4274917
301224	4274951
301225	4274957
301226	4274969
301227	4274983
301228	4274989
301229	4274999
301230	4275013
301231	4275023
301232	4275031
301233	4275043
301234	4275049
301235	4275053
301236	4275059
301237	4275083
301238	4275119
301239	4275127
301240	4275149
301241	4275157
301242	4275181
301243	4275233
301244	4275251
301245	4275253
301246	4275259
301247	4275287
301248	4275289
301249	4275301
301250	4275319
301251	4275329
301252	4275343
301253	4275353
301254	4275371
301255	4275377
301256	4275389
301257	4275419
301258	4275451
301259	4275473
301260	4275497
301261	4275503
301262	4275511
301263	4275541
301264	4275547
301265	4275571
301266	4275611
301267	4275617
301268	4275641
301269	4275643
301270	4275679
301271	4275707
301272	4275727
301273	4275751
301274	4275781
301275	4275787
301276	4275793
301277	4275797
301278	4275809
301279	4275811
301280	4275841
301281	4275851
301282	4275871
301283	4275883
301284	4275937
301285	4275941
301286	4275967
301287	4275983
301288	4275989
301289	4275991
301290	4276001
301291	4276031
301292	4276043
301293	4276067
301294	4276073
301295	4276099
301296	4276157
301297	4276211
301298	4276213
301299	4276241
301300	4276247
301301	4276289
301302	4276303
301303	4276313
301304	4276339
301305	4276373
301306	4276381
301307	4276421
301308	4276429
301309	4276451
301310	4276499
301311	4276511
301312	4276513
301313	4276529
301314	4276541
301315	4276549
301316	4276553
301317	4276567
301318	4276579
301319	4276583
301320	4276607
301321	4276621
301322	4276627
301323	4276637
301324	4276661
301325	4276693
301326	4276721
301327	4276739
301328	4276763
301329	4276777
301330	4276787
301331	4276799
301332	4276807
301333	4276819
301334	4276829
301335	4276841
301336	4276861
301337	4276871
301338	4276879
301339	4276903
301340	4276927
301341	4276931
301342	4276933
301343	4276963
301344	4276967
301345	4276973
301346	4276999
301347	4277017
301348	4277023
301349	4277029
301350	4277059
301351	4277093
301352	4277099
301353	4277113
301354	4277159
301355	4277171
301356	4277179
301357	4277197
301358	4277201
301359	4277209
301360	4277219
301361	4277227
301362	4277257
301363	4277263
301364	4277267
301365	4277279
301366	4277293
301367	4277303
301368	4277327
301369	4277341
301370	4277359
301371	4277419
301372	4277437
301373	4277443
301374	4277453
301375	4277477
301376	4277479
301377	4277501
301378	4277519
301379	4277521
301380	4277531
301381	4277561
301382	4277579
301383	4277593
301384	4277621
301385	4277633
301386	4277639
301387	4277671
301388	4277699
301389	4277719
301390	4277723
301391	4277743
301392	4277759
301393	4277813
301394	4277837
301395	4277843
301396	4277849
301397	4277851
301398	4277857
301399	4277881
301400	4277887
301401	4277951
301402	4277953
301403	4277957
301404	4277971
301405	4277989
301406	4278013
301407	4278037
301408	4278041
301409	4278047
301410	4278049
301411	4278073
301412	4278077
301413	4278089
301414	4278091
301415	4278103
301416	4278121
301417	4278133
301418	4278139
301419	4278143
301420	4278179
301421	4278193
301422	4278223
301423	4278229
301424	4278233
301425	4278257
301426	4278289
301427	4278343
301428	4278349
301429	4278353
301430	4278361
301431	4278367
301432	4278377
301433	4278383
301434	4278413
301435	4278431
301436	4278433
301437	4278451
301438	4278467
301439	4278481
301440	4278487
301441	4278499
301442	4278511
301443	4278523
301444	4278539
301445	4278557
301446	4278563
301447	4278607
301448	4278613
301449	4278619
301450	4278641
301451	4278649
301452	4278661
301453	4278671
301454	4278691
301455	4278697
301456	4278709
301457	4278731
301458	4278737
301459	4278751
301460	4278761
301461	4278773
301462	4278829
301463	4278839
301464	4278847
301465	4278881
301466	4278893
301467	4278931
301468	4278941
301469	4278947
301470	4278949
301471	4278959
301472	4278991
301473	4279007
301474	4279027
301475	4279039
301476	4279043
301477	4279057
301478	4279063
301479	4279069
301480	4279091
301481	4279111
301482	4279117
301483	4279141
301484	4279157
301485	4279159
301486	4279201
301487	4279213
301488	4279217
301489	4279229
301490	4279267
301491	4279283
301492	4279337
301493	4279343
301494	4279369
301495	4279391
301496	4279409
301497	4279411
301498	4279417
301499	4279421
301500	4279433
301501	4279439
301502	4279453
301503	4279459
301504	4279481
301505	4279487
301506	4279507
301507	4279523
301508	4279537
301509	4279553
301510	4279567
301511	4279589
301512	4279601
301513	4279603
301514	4279619
301515	4279637
301516	4279651
301517	4279657
301518	4279669
301519	4279687
301520	4279741
301521	4279757
301522	4279763
301523	4279777
301524	4279789
301525	4279813
301526	4279819
301527	4279831
301528	4279837
301529	4279841
301530	4279843
301531	4279853
301532	4279871
301533	4279879
301534	4279889
301535	4279897
301536	4279939
301537	4279963
301538	4279967
301539	4279969
301540	4279973
301541	4279981
301542	4279991
301543	4279999
301544	4280009
301545	4280011
301546	4280021
301547	4280033
301548	4280041
301549	4280051
301550	4280053
301551	4280071
301552	4280083
301553	4280117
301554	4280131
301555	4280137
301556	4280147
301557	4280153
301558	4280173
301559	4280179
301560	4280183
301561	4280191
301562	4280203
301563	4280249
301564	4280257
301565	4280267
301566	4280329
301567	4280347
301568	4280351
301569	4280363
301570	4280383
301571	4280389
301572	4280399
301573	4280407
301574	4280417
301575	4280459
301576	4280467
301577	4280477
301578	4280483
301579	4280503
301580	4280527
301581	4280531
301582	4280533
301583	4280537
301584	4280561
301585	4280581
301586	4280593
301587	4280611
301588	4280623
301589	4280629
301590	4280657
301591	4280659
301592	4280741
301593	4280747
301594	4280767
301595	4280827
301596	4280873
301597	4280879
301598	4280897
301599	4280917
301600	4280929
301601	4280959
301602	4280971
301603	4280999
301604	4281019
301605	4281047
301606	4281049
301607	4281083
301608	4281091
301609	4281103
301610	4281107
301611	4281133
301612	4281157
301613	4281169
301614	4281191
301615	4281203
301616	4281227
301617	4281253
301618	4281259
301619	4281271
301620	4281283
301621	4281293
301622	4281301
301623	4281311
301624	4281313
301625	4281323
301626	4281337
301627	4281341
301628	4281349
301629	4281353
301630	4281359
301631	4281373
301632	4281383
301633	4281413
301634	4281439
301635	4281443
301636	4281449
301637	4281463
301638	4281469
301639	4281481
301640	4281493
301641	4281533
301642	4281539
301643	4281581
301644	4281583
301645	4281587
301646	4281601
301647	4281619
301648	4281643
301649	4281649
301650	4281679
301651	4281691
301652	4281709
301653	4281731
301654	4281733
301655	4281757
301656	4281779
301657	4281787
301658	4281791
301659	4281799
301660	4281803
301661	4281833
301662	4281839
301663	4281853
301664	4281857
301665	4281863
301666	4281869
301667	4281889
301668	4281911
301669	4281913
301670	4281931
301671	4281941
301672	4281967
301673	4281971
301674	4281989
301675	4282001
301676	4282007
301677	4282009
301678	4282013
301679	4282021
301680	4282027
301681	4282051
301682	4282063
301683	4282093
301684	4282129
301685	4282133
301686	4282141
301687	4282151
301688	4282177
301689	4282183
301690	4282193
301691	4282199
301692	4282231
301693	4282237
301694	4282273
301695	4282303
301696	4282319
301697	4282331
301698	4282337
301699	4282357
301700	4282367
301701	4282373
301702	4282379
301703	4282403
301704	4282423
301705	4282441
301706	4282457
301707	4282469
301708	4282471
301709	4282513
301710	4282519
301711	4282549
301712	4282571
301713	4282601
301714	4282609
301715	4282631
301716	4282651
301717	4282661
301718	4282673
301719	4282693
301720	4282699
301721	4282711
301722	4282723
301723	4282727
301724	4282753
301725	4282763
301726	4282777
301727	4282799
301728	4282801
301729	4282823
301730	4282829
301731	4282849
301732	4282879
301733	4282897
301734	4282903
301735	4282907
301736	4282909
301737	4282921
301738	4282939
301739	4282951
301740	4282973
301741	4282979
301742	4283017
301743	4283029
301744	4283047
301745	4283057
301746	4283087
301747	4283131
301748	4283137
301749	4283171
301750	4283173
301751	4283183
301752	4283197
301753	4283203
301754	4283261
301755	4283297
301756	4283299
301757	4283333
301758	4283351
301759	4283353
301760	4283369
301761	4283399
301762	4283401
301763	4283413
301764	4283429
301765	4283441
301766	4283479
301767	4283519
301768	4283537
301769	4283581
301770	4283593
301771	4283623
301772	4283633
301773	4283647
301774	4283651
301775	4283663
301776	4283687
301777	4283689
301778	4283693
301779	4283701
301780	4283707
301781	4283723
301782	4283729
301783	4283737
301784	4283743
301785	4283753
301786	4283767
301787	4283777
301788	4283801
301789	4283821
301790	4283843
301791	4283849
301792	4283861
301793	4283869
301794	4283963
301795	4283989
301796	4284011
301797	4284013
301798	4284019
301799	4284023
301800	4284037
301801	4284041
301802	4284061
301803	4284103
301804	4284113
301805	4284121
301806	4284157
301807	4284209
301808	4284223
301809	4284227
301810	4284229
301811	4284251
301812	4284263
301813	4284277
301814	4284283
301815	4284299
301816	4284307
301817	4284311
301818	4284317
301819	4284331
301820	4284349
301821	4284383
301822	4284389
301823	4284419
301824	4284421
301825	4284437
301826	4284439
301827	4284461
301828	4284503
301829	4284523
301830	4284551
301831	4284559
301832	4284569
301833	4284593
301834	4284607
301835	4284613
301836	4284641
301837	4284659
301838	4284667
301839	4284677
301840	4284713
301841	4284737
301842	4284743
301843	4284809
301844	4284811
301845	4284817
301846	4284827
301847	4284857
301848	4284871
301849	4284887
301850	4284893
301851	4284919
301852	4284941
301853	4284967
301854	4284971
301855	4284977
301856	4284979
301857	4284989
301858	4285009
301859	4285019
301860	4285049
301861	4285087
301862	4285123
301863	4285129
301864	4285147
301865	4285157
301866	4285159
301867	4285163
301868	4285187
301869	4285201
301870	4285217
301871	4285219
301872	4285247
301873	4285249
301874	4285313
301875	4285321
301876	4285327
301877	4285331
301878	4285339
301879	4285349
301880	4285357
301881	4285367
301882	4285381
301883	4285399
301884	4285427
301885	4285447
301886	4285453
301887	4285481
301888	4285499
301889	4285511
301890	4285517
301891	4285543
301892	4285549
301893	4285559
301894	4285573
301895	4285577
301896	4285579
301897	4285597
301898	4285609
301899	4285627
301900	4285643
301901	4285651
301902	4285661
301903	4285663
301904	4285667
301905	4285669
301906	4285679
301907	4285693
301908	4285753
301909	4285763
301910	4285769
301911	4285777
301912	4285783
301913	4285793
301914	4285807
301915	4285817
301916	4285847
301917	4285859
301918	4285861
301919	4285901
301920	4285907
301921	4285913
301922	4285949
301923	4285961
301924	4285993
301925	4286011
301926	4286033
301927	4286047
301928	4286053
301929	4286059
301930	4286081
301931	4286089
301932	4286131
301933	4286147
301934	4286167
301935	4286179
301936	4286209
301937	4286213
301938	4286221
301939	4286237
301940	4286239
301941	4286251
301942	4286279
301943	4286281
301944	4286309
301945	4286311
301946	4286323
301947	4286351
301948	4286357
301949	4286393
301950	4286417
301951	4286423
301952	4286453
301953	4286467
301954	4286473
301955	4286489
301956	4286537
301957	4286543
301958	4286549
301959	4286563
301960	4286573
301961	4286599
301962	4286617
301963	4286629
301964	4286657
301965	4286663
301966	4286677
301967	4286687
301968	4286699
301969	4286719
301970	4286731
301971	4286747
301972	4286749
301973	4286753
301974	4286801
301975	4286803
301976	4286827
301977	4286833
301978	4286851
301979	4286903
301980	4286923
301981	4286929
301982	4286957
301983	4286969
301984	4286981
301985	4286987
301986	4287037
301987	4287047
301988	4287067
301989	4287089
301990	4287097
301991	4287121
301992	4287137
301993	4287181
301994	4287187
301995	4287197
301996	4287209
301997	4287211
301998	4287221
301999	4287233
302000	4287253
