302001	4287271
302002	4287287
302003	4287289
302004	4287299
302005	4287313
302006	4287319
302007	4287337
302008	4287341
302009	4287359
302010	4287373
302011	4287379
302012	4287403
302013	4287419
302014	4287427
302015	4287431
302016	4287457
302017	4287463
302018	4287467
302019	4287473
302020	4287511
302021	4287539
302022	4287557
302023	4287583
302024	4287593
302025	4287599
302026	4287601
302027	4287607
302028	4287611
302029	4287617
302030	4287623
302031	4287643
302032	4287667
302033	4287677
302034	4287719
302035	4287721
302036	4287727
302037	4287743
302038	4287769
302039	4287781
302040	4287793
302041	4287809
302042	4287823
302043	4287841
302044	4287847
302045	4287851
302046	4287887
302047	4287919
302048	4287923
302049	4287937
302050	4287949
302051	4287971
302052	4287973
302053	4287979
302054	4287989
302055	4287991
302056	4288021
302057	4288043
302058	4288049
302059	4288073
302060	4288087
302061	4288103
302062	4288111
302063	4288121
302064	4288127
302065	4288133
302066	4288147
302067	4288159
302068	4288171
302069	4288183
302070	4288213
302071	4288217
302072	4288223
302073	4288253
302074	4288307
302075	4288309
302076	4288321
302077	4288391
302078	4288397
302079	4288439
302080	4288441
302081	4288457
302082	4288481
302083	4288489
302084	4288517
302085	4288541
302086	4288577
302087	4288579
302088	4288589
302089	4288619
302090	4288621
302091	4288637
302092	4288681
302093	4288729
302094	4288733
302095	4288747
302096	4288759
302097	4288789
302098	4288793
302099	4288799
302100	4288807
302101	4288847
302102	4288873
302103	4288883
302104	4288901
302105	4288909
302106	4288937
302107	4288939
302108	4288951
302109	4288957
302110	4288979
302111	4288993
302112	4289011
302113	4289053
302114	4289057
302115	4289099
302116	4289101
302117	4289107
302118	4289111
302119	4289113
302120	4289119
302121	4289137
302122	4289149
302123	4289213
302124	4289239
302125	4289249
302126	4289251
302127	4289279
302128	4289291
302129	4289317
302130	4289347
302131	4289353
302132	4289371
302133	4289381
302134	4289387
302135	4289471
302136	4289473
302137	4289479
302138	4289489
302139	4289507
302140	4289513
302141	4289531
302142	4289539
302143	4289599
302144	4289603
302145	4289609
302146	4289617
302147	4289629
302148	4289633
302149	4289639
302150	4289647
302151	4289653
302152	4289657
302153	4289683
302154	4289693
302155	4289717
302156	4289741
302157	4289771
302158	4289783
302159	4289821
302160	4289827
302161	4289833
302162	4289837
302163	4289849
302164	4289861
302165	4289869
302166	4289893
302167	4289911
302168	4289917
302169	4289921
302170	4289927
302171	4289939
302172	4289959
302173	4289963
302174	4289969
302175	4289977
302176	4290017
302177	4290023
302178	4290037
302179	4290043
302180	4290047
302181	4290071
302182	4290079
302183	4290089
302184	4290107
302185	4290109
302186	4290133
302187	4290151
302188	4290161
302189	4290163
302190	4290179
302191	4290193
302192	4290217
302193	4290233
302194	4290269
302195	4290277
302196	4290287
302197	4290311
302198	4290331
302199	4290337
302200	4290359
302201	4290373
302202	4290413
302203	4290427
302204	4290437
302205	4290449
302206	4290467
302207	4290469
302208	4290487
302209	4290491
302210	4290499
302211	4290529
302212	4290541
302213	4290547
302214	4290553
302215	4290641
302216	4290661
302217	4290667
302218	4290683
302219	4290697
302220	4290701
302221	4290757
302222	4290761
302223	4290763
302224	4290799
302225	4290823
302226	4290833
302227	4290887
302228	4290889
302229	4290899
302230	4290911
302231	4290931
302232	4290943
302233	4290947
302234	4290961
302235	4290971
302236	4290973
302237	4290991
302238	4290997
302239	4291031
302240	4291033
302241	4291057
302242	4291061
302243	4291073
302244	4291097
302245	4291103
302246	4291109
302247	4291117
302248	4291121
302249	4291141
302250	4291163
302251	4291171
302252	4291181
302253	4291193
302254	4291211
302255	4291213
302256	4291219
302257	4291249
302258	4291267
302259	4291291
302260	4291307
302261	4291319
302262	4291337
302263	4291369
302264	4291381
302265	4291387
302266	4291403
302267	4291447
302268	4291471
302269	4291493
302270	4291499
302271	4291537
302272	4291559
302273	4291583
302274	4291589
302275	4291603
302276	4291607
302277	4291619
302278	4291621
302279	4291631
302280	4291649
302281	4291673
302282	4291697
302283	4291709
302284	4291717
302285	4291747
302286	4291751
302287	4291759
302288	4291813
302289	4291829
302290	4291841
302291	4291843
302292	4291867
302293	4291933
302294	4291943
302295	4291949
302296	4291979
302297	4292009
302298	4292011
302299	4292017
302300	4292023
302301	4292027
302302	4292033
302303	4292047
302304	4292051
302305	4292059
302306	4292063
302307	4292069
302308	4292083
302309	4292089
302310	4292107
302311	4292117
302312	4292129
302313	4292137
302314	4292159
302315	4292161
302316	4292173
302317	4292209
302318	4292213
302319	4292251
302320	4292257
302321	4292269
302322	4292273
302323	4292287
302324	4292293
302325	4292317
302326	4292339
302327	4292341
302328	4292357
302329	4292363
302330	4292383
302331	4292411
302332	4292419
302333	4292437
302334	4292441
302335	4292443
302336	4292471
302337	4292479
302338	4292501
302339	4292503
302340	4292507
302341	4292521
302342	4292543
302343	4292549
302344	4292567
302345	4292569
302346	4292573
302347	4292579
302348	4292581
302349	4292591
302350	4292593
302351	4292597
302352	4292611
302353	4292627
302354	4292681
302355	4292683
302356	4292707
302357	4292711
302358	4292719
302359	4292723
302360	4292749
302361	4292759
302362	4292767
302363	4292773
302364	4292809
302365	4292861
302366	4292863
302367	4292867
302368	4292887
302369	4292903
302370	4292921
302371	4292923
302372	4292941
302373	4292963
302374	4292989
302375	4293007
302376	4293011
302377	4293013
302378	4293041
302379	4293059
302380	4293071
302381	4293083
302382	4293089
302383	4293101
302384	4293109
302385	4293127
302386	4293167
302387	4293173
302388	4293187
302389	4293199
302390	4293227
302391	4293239
302392	4293269
302393	4293313
302394	4293319
302395	4293323
302396	4293343
302397	4293347
302398	4293353
302399	4293361
302400	4293389
302401	4293437
302402	4293451
302403	4293461
302404	4293463
302405	4293473
302406	4293481
302407	4293547
302408	4293551
302409	4293559
302410	4293577
302411	4293581
302412	4293599
302413	4293613
302414	4293623
302415	4293629
302416	4293631
302417	4293637
302418	4293649
302419	4293683
302420	4293701
302421	4293713
302422	4293721
302423	4293727
302424	4293749
302425	4293763
302426	4293767
302427	4293781
302428	4293799
302429	4293811
302430	4293833
302431	4293853
302432	4293869
302433	4293923
302434	4293929
302435	4293931
302436	4293941
302437	4294039
302438	4294051
302439	4294067
302440	4294099
302441	4294153
302442	4294163
302443	4294177
302444	4294189
302445	4294207
302446	4294223
302447	4294229
302448	4294237
302449	4294259
302450	4294313
302451	4294321
302452	4294327
302453	4294351
302454	4294357
302455	4294363
302456	4294369
302457	4294373
302458	4294393
302459	4294417
302460	4294439
302461	4294441
302462	4294457
302463	4294469
302464	4294471
302465	4294529
302466	4294541
302467	4294547
302468	4294559
302469	4294567
302470	4294607
302471	4294637
302472	4294649
302473	4294657
302474	4294681
302475	4294687
302476	4294691
302477	4294699
302478	4294723
302479	4294729
302480	4294751
302481	4294753
302482	4294769
302483	4294783
302484	4294799
302485	4294811
302486	4294831
302487	4294837
302488	4294847
302489	4294867
302490	4294877
302491	4294879
302492	4294891
302493	4294903
302494	4294919
302495	4294921
302496	4294933
302497	4294943
302498	4294963
302499	4294967
302500	4294973
302501	4294991
302502	4295021
302503	4295029
302504	4295041
302505	4295059
302506	4295077
302507	4295113
302508	4295129
302509	4295131
302510	4295149
302511	4295153
302512	4295177
302513	4295183
302514	4295209
302515	4295231
302516	4295261
302517	4295281
302518	4295321
302519	4295323
302520	4295351
302521	4295371
302522	4295383
302523	4295413
302524	4295443
302525	4295449
302526	4295461
302527	4295477
302528	4295479
302529	4295507
302530	4295519
302531	4295527
302532	4295531
302533	4295537
302534	4295563
302535	4295569
302536	4295573
302537	4295587
302538	4295593
302539	4295609
302540	4295617
302541	4295623
302542	4295651
302543	4295671
302544	4295689
302545	4295699
302546	4295717
302547	4295719
302548	4295723
302549	4295761
302550	4295789
302551	4295791
302552	4295801
302553	4295861
302554	4295897
302555	4295899
302556	4295903
302557	4295911
302558	4295923
302559	4295927
302560	4295953
302561	4295969
302562	4295971
302563	4295981
302564	4295999
302565	4296013
302566	4296023
302567	4296043
302568	4296067
302569	4296077
302570	4296079
302571	4296091
302572	4296137
302573	4296167
302574	4296217
302575	4296221
302576	4296277
302577	4296289
302578	4296319
302579	4296323
302580	4296343
302581	4296353
302582	4296361
302583	4296389
302584	4296401
302585	4296419
302586	4296433
302587	4296443
302588	4296449
302589	4296463
302590	4296473
302591	4296491
302592	4296497
302593	4296499
302594	4296511
302595	4296533
302596	4296559
302597	4296571
302598	4296577
302599	4296581
302600	4296613
302601	4296647
302602	4296667
302603	4296673
302604	4296701
302605	4296703
302606	4296709
302607	4296739
302608	4296749
302609	4296751
302610	4296757
302611	4296781
302612	4296797
302613	4296821
302614	4296823
302615	4296829
302616	4296833
302617	4296839
302618	4296857
302619	4296863
302620	4296893
302621	4296899
302622	4296913
302623	4296917
302624	4296973
302625	4296977
302626	4296979
302627	4296989
302628	4296997
302629	4297001
302630	4297019
302631	4297031
302632	4297037
302633	4297043
302634	4297061
302635	4297063
302636	4297091
302637	4297093
302638	4297199
302639	4297201
302640	4297207
302641	4297259
302642	4297261
302643	4297289
302644	4297301
302645	4297303
302646	4297327
302647	4297361
302648	4297369
302649	4297387
302650	4297409
302651	4297429
302652	4297451
302653	4297453
302654	4297457
302655	4297519
302656	4297523
302657	4297529
302658	4297537
302659	4297541
302660	4297571
302661	4297603
302662	4297609
302663	4297613
302664	4297621
302665	4297627
302666	4297637
302667	4297649
302668	4297663
302669	4297669
302670	4297673
302671	4297681
302672	4297697
302673	4297703
302674	4297759
302675	4297763
302676	4297793
302677	4297817
302678	4297841
302679	4297847
302680	4297861
302681	4297897
302682	4297901
302683	4297927
302684	4297939
302685	4297961
302686	4297963
302687	4297981
302688	4298011
302689	4298023
302690	4298027
302691	4298039
302692	4298051
302693	4298069
302694	4298081
302695	4298089
302696	4298113
302697	4298131
302698	4298137
302699	4298143
302700	4298149
302701	4298183
302702	4298191
302703	4298213
302704	4298219
302705	4298233
302706	4298279
302707	4298299
302708	4298339
302709	4298341
302710	4298377
302711	4298381
302712	4298383
302713	4298387
302714	4298417
302715	4298419
302716	4298423
302717	4298431
302718	4298443
302719	4298453
302720	4298461
302721	4298471
302722	4298477
302723	4298507
302724	4298509
302725	4298513
302726	4298533
302727	4298543
302728	4298551
302729	4298557
302730	4298561
302731	4298587
302732	4298629
302733	4298647
302734	4298663
302735	4298669
302736	4298683
302737	4298687
302738	4298713
302739	4298729
302740	4298759
302741	4298779
302742	4298783
302743	4298797
302744	4298803
302745	4298821
302746	4298843
302747	4298849
302748	4298857
302749	4298867
302750	4298869
302751	4298881
302752	4298887
302753	4298927
302754	4298929
302755	4298933
302756	4298941
302757	4298947
302758	4298951
302759	4298963
302760	4298971
302761	4298981
302762	4299007
302763	4299013
302764	4299041
302765	4299089
302766	4299103
302767	4299107
302768	4299133
302769	4299157
302770	4299179
302771	4299203
302772	4299209
302773	4299241
302774	4299247
302775	4299277
302776	4299299
302777	4299319
302778	4299329
302779	4299391
302780	4299397
302781	4299403
302782	4299433
302783	4299439
302784	4299443
302785	4299467
302786	4299473
302787	4299497
302788	4299499
302789	4299509
302790	4299517
302791	4299539
302792	4299553
302793	4299557
302794	4299563
302795	4299587
302796	4299599
302797	4299637
302798	4299653
302799	4299667
302800	4299683
302801	4299697
302802	4299703
302803	4299709
302804	4299721
302805	4299727
302806	4299739
302807	4299751
302808	4299761
302809	4299767
302810	4299769
302811	4299791
302812	4299803
302813	4299809
302814	4299811
302815	4299821
302816	4299853
302817	4299863
302818	4299877
302819	4299887
302820	4299899
302821	4299901
302822	4299937
302823	4299959
302824	4299961
302825	4300003
302826	4300007
302827	4300013
302828	4300063
302829	4300067
302830	4300069
302831	4300081
302832	4300111
302833	4300141
302834	4300151
302835	4300157
302836	4300181
302837	4300183
302838	4300187
302839	4300189
302840	4300217
302841	4300229
302842	4300237
302843	4300253
302844	4300259
302845	4300267
302846	4300273
302847	4300279
302848	4300291
302849	4300297
302850	4300319
302851	4300343
302852	4300349
302853	4300363
302854	4300369
302855	4300393
302856	4300397
302857	4300423
302858	4300427
302859	4300447
302860	4300459
302861	4300463
302862	4300477
302863	4300487
302864	4300489
302865	4300493
302866	4300519
302867	4300553
302868	4300573
302869	4300577
302870	4300591
302871	4300627
302872	4300633
302873	4300657
302874	4300679
302875	4300691
302876	4300693
302877	4300717
302878	4300753
302879	4300759
302880	4300789
302881	4300801
302882	4300823
302883	4300837
302884	4300853
302885	4300867
302886	4300871
302887	4300913
302888	4300921
302889	4300937
302890	4300939
302891	4300943
302892	4300951
302893	4300957
302894	4300963
302895	4300993
302896	4300999
302897	4301009
302898	4301021
302899	4301039
302900	4301047
302901	4301053
302902	4301057
302903	4301113
302904	4301117
302905	4301137
302906	4301147
302907	4301149
302908	4301189
302909	4301197
302910	4301237
302911	4301243
302912	4301257
302913	4301261
302914	4301263
302915	4301273
302916	4301279
302917	4301303
302918	4301327
302919	4301347
302920	4301359
302921	4301369
302922	4301371
302923	4301399
302924	4301411
302925	4301417
302926	4301449
302927	4301461
302928	4301477
302929	4301497
302930	4301501
302931	4301519
302932	4301551
302933	4301569
302934	4301587
302935	4301593
302936	4301603
302937	4301611
302938	4301623
302939	4301669
302940	4301699
302941	4301701
302942	4301707
302943	4301723
302944	4301747
302945	4301789
302946	4301837
302947	4301861
302948	4301881
302949	4301917
302950	4301929
302951	4301959
302952	4301971
302953	4301981
302954	4301987
302955	4302013
302956	4302017
302957	4302019
302958	4302041
302959	4302043
302960	4302049
302961	4302061
302962	4302073
302963	4302083
302964	4302097
302965	4302131
302966	4302143
302967	4302157
302968	4302161
302969	4302167
302970	4302187
302971	4302191
302972	4302197
302973	4302203
302974	4302229
302975	4302247
302976	4302251
302977	4302257
302978	4302293
302979	4302299
302980	4302301
302981	4302307
302982	4302317
302983	4302359
302984	4302367
302985	4302371
302986	4302373
302987	4302409
302988	4302439
302989	4302461
302990	4302481
302991	4302491
302992	4302503
302993	4302509
302994	4302517
302995	4302523
302996	4302533
302997	4302553
302998	4302563
302999	4302601
303000	4302631
