303001	4302691
303002	4302703
303003	4302733
303004	4302737
303005	4302743
303006	4302761
303007	4302763
303008	4302773
303009	4302799
303010	4302829
303011	4302833
303012	4302847
303013	4302869
303014	4302871
303015	4302889
303016	4302901
303017	4302917
303018	4302919
303019	4302931
303020	4302937
303021	4302959
303022	4302973
303023	4302979
303024	4302983
303025	4303007
303026	4303021
303027	4303027
303028	4303043
303029	4303067
303030	4303069
303031	4303081
303032	4303087
303033	4303099
303034	4303109
303035	4303111
303036	4303121
303037	4303127
303038	4303129
303039	4303133
303040	4303157
303041	4303163
303042	4303171
303043	4303181
303044	4303199
303045	4303207
303046	4303217
303047	4303241
303048	4303259
303049	4303267
303050	4303279
303051	4303289
303052	4303303
303053	4303309
303054	4303337
303055	4303357
303056	4303361
303057	4303373
303058	4303391
303059	4303393
303060	4303399
303061	4303447
303062	4303457
303063	4303459
303064	4303463
303065	4303471
303066	4303487
303067	4303493
303068	4303501
303069	4303511
303070	4303529
303071	4303543
303072	4303561
303073	4303573
303074	4303577
303075	4303591
303076	4303603
303077	4303609
303078	4303613
303079	4303631
303080	4303639
303081	4303643
303082	4303657
303083	4303661
303084	4303667
303085	4303679
303086	4303681
303087	4303723
303088	4303727
303089	4303753
303090	4303763
303091	4303769
303092	4303777
303093	4303787
303094	4303813
303095	4303853
303096	4303867
303097	4303889
303098	4303891
303099	4303927
303100	4303963
303101	4303969
303102	4303973
303103	4303997
303104	4304011
303105	4304017
303106	4304021
303107	4304023
303108	4304033
303109	4304039
303110	4304081
303111	4304101
303112	4304107
303113	4304137
303114	4304141
303115	4304143
303116	4304159
303117	4304161
303118	4304191
303119	4304207
303120	4304219
303121	4304231
303122	4304249
303123	4304291
303124	4304309
303125	4304323
303126	4304327
303127	4304347
303128	4304353
303129	4304359
303130	4304369
303131	4304371
303132	4304389
303133	4304407
303134	4304423
303135	4304437
303136	4304497
303137	4304527
303138	4304533
303139	4304539
303140	4304561
303141	4304579
303142	4304603
303143	4304609
303144	4304623
303145	4304627
303146	4304633
303147	4304669
303148	4304693
303149	4304719
303150	4304761
303151	4304779
303152	4304803
303153	4304821
303154	4304827
303155	4304851
303156	4304869
303157	4304879
303158	4304891
303159	4304897
303160	4304899
303161	4304903
303162	4304917
303163	4304929
303164	4304941
303165	4304981
303166	4304999
303167	4305011
303168	4305017
303169	4305073
303170	4305083
303171	4305101
303172	4305109
303173	4305121
303174	4305143
303175	4305157
303176	4305167
303177	4305179
303178	4305211
303179	4305221
303180	4305241
303181	4305269
303182	4305271
303183	4305281
303184	4305307
303185	4305337
303186	4305361
303187	4305383
303188	4305401
303189	4305409
303190	4305443
303191	4305449
303192	4305473
303193	4305479
303194	4305491
303195	4305523
303196	4305527
303197	4305569
303198	4305583
303199	4305593
303200	4305611
303201	4305619
303202	4305629
303203	4305649
303204	4305661
303205	4305673
303206	4305689
303207	4305701
303208	4305703
303209	4305739
303210	4305751
303211	4305781
303212	4305793
303213	4305817
303214	4305823
303215	4305863
303216	4305881
303217	4305893
303218	4305901
303219	4305953
303220	4305967
303221	4306013
303222	4306019
303223	4306031
303224	4306033
303225	4306061
303226	4306109
303227	4306139
303228	4306147
303229	4306193
303230	4306199
303231	4306229
303232	4306231
303233	4306261
303234	4306273
303235	4306277
303236	4306279
303237	4306283
303238	4306301
303239	4306333
303240	4306349
303241	4306373
303242	4306381
303243	4306399
303244	4306433
303245	4306439
303246	4306441
303247	4306447
303248	4306453
303249	4306459
303250	4306501
303251	4306507
303252	4306537
303253	4306553
303254	4306571
303255	4306583
303256	4306591
303257	4306609
303258	4306633
303259	4306639
303260	4306651
303261	4306663
303262	4306691
303263	4306717
303264	4306723
303265	4306733
303266	4306747
303267	4306777
303268	4306793
303269	4306801
303270	4306811
303271	4306817
303272	4306829
303273	4306847
303274	4306849
303275	4306853
303276	4306867
303277	4306889
303278	4306891
303279	4306921
303280	4306937
303281	4306969
303282	4306979
303283	4306987
303284	4306999
303285	4307021
303286	4307041
303287	4307057
303288	4307077
303289	4307081
303290	4307087
303291	4307089
303292	4307099
303293	4307111
303294	4307113
303295	4307117
303296	4307131
303297	4307153
303298	4307161
303299	4307183
303300	4307201
303301	4307203
303302	4307213
303303	4307227
303304	4307231
303305	4307249
303306	4307263
303307	4307287
303308	4307291
303309	4307297
303310	4307299
303311	4307309
303312	4307323
303313	4307327
303314	4307351
303315	4307377
303316	4307383
303317	4307423
303318	4307437
303319	4307453
303320	4307461
303321	4307467
303322	4307473
303323	4307483
303324	4307489
303325	4307491
303326	4307507
303327	4307519
303328	4307533
303329	4307539
303330	4307557
303331	4307561
303332	4307581
303333	4307587
303334	4307591
303335	4307603
303336	4307629
303337	4307669
303338	4307671
303339	4307687
303340	4307701
303341	4307711
303342	4307717
303343	4307731
303344	4307741
303345	4307761
303346	4307827
303347	4307833
303348	4307857
303349	4307887
303350	4307909
303351	4307939
303352	4307957
303353	4307959
303354	4307971
303355	4308001
303356	4308013
303357	4308023
303358	4308043
303359	4308047
303360	4308053
303361	4308071
303362	4308077
303363	4308097
303364	4308103
303365	4308133
303366	4308173
303367	4308179
303368	4308217
303369	4308251
303370	4308257
303371	4308263
303372	4308277
303373	4308319
303374	4308329
303375	4308331
303376	4308341
303377	4308371
303378	4308377
303379	4308379
303380	4308397
303381	4308413
303382	4308419
303383	4308431
303384	4308439
303385	4308461
303386	4308467
303387	4308481
303388	4308509
303389	4308517
303390	4308527
303391	4308541
303392	4308553
303393	4308571
303394	4308589
303395	4308637
303396	4308653
303397	4308671
303398	4308673
303399	4308677
303400	4308691
303401	4308697
303402	4308713
303403	4308727
303404	4308737
303405	4308749
303406	4308781
303407	4308793
303408	4308817
303409	4308823
303410	4308827
303411	4308841
303412	4308853
303413	4308881
303414	4308883
303415	4308893
303416	4308923
303417	4308937
303418	4308943
303419	4308949
303420	4308961
303421	4308989
303422	4309001
303423	4309003
303424	4309013
303425	4309033
303426	4309043
303427	4309049
303428	4309069
303429	4309079
303430	4309121
303431	4309153
303432	4309163
303433	4309169
303434	4309187
303435	4309189
303436	4309199
303437	4309243
303438	4309259
303439	4309267
303440	4309273
303441	4309297
303442	4309309
303443	4309339
303444	4309343
303445	4309363
303446	4309369
303447	4309391
303448	4309399
303449	4309411
303450	4309423
303451	4309433
303452	4309451
303453	4309453
303454	4309457
303455	4309471
303456	4309489
303457	4309499
303458	4309519
303459	4309531
303460	4309541
303461	4309549
303462	4309553
303463	4309559
303464	4309577
303465	4309583
303466	4309621
303467	4309673
303468	4309693
303469	4309709
303470	4309729
303471	4309733
303472	4309741
303473	4309757
303474	4309787
303475	4309817
303476	4309819
303477	4309831
303478	4309841
303479	4309861
303480	4309867
303481	4309873
303482	4309897
303483	4309927
303484	4309937
303485	4309939
303486	4309957
303487	4310021
303488	4310057
303489	4310063
303490	4310069
303491	4310071
303492	4310081
303493	4310083
303494	4310099
303495	4310171
303496	4310179
303497	4310203
303498	4310219
303499	4310227
303500	4310237
303501	4310261
303502	4310263
303503	4310279
303504	4310347
303505	4310351
303506	4310353
303507	4310387
303508	4310393
303509	4310429
303510	4310441
303511	4310461
303512	4310491
303513	4310497
303514	4310533
303515	4310561
303516	4310563
303517	4310569
303518	4310573
303519	4310609
303520	4310629
303521	4310633
303522	4310651
303523	4310659
303524	4310671
303525	4310681
303526	4310689
303527	4310693
303528	4310711
303529	4310731
303530	4310737
303531	4310743
303532	4310753
303533	4310783
303534	4310791
303535	4310819
303536	4310827
303537	4310851
303538	4310897
303539	4310927
303540	4310947
303541	4310963
303542	4310989
303543	4311001
303544	4311007
303545	4311011
303546	4311019
303547	4311031
303548	4311037
303549	4311101
303550	4311107
303551	4311113
303552	4311121
303553	4311127
303554	4311133
303555	4311163
303556	4311173
303557	4311193
303558	4311211
303559	4311221
303560	4311247
303561	4311257
303562	4311283
303563	4311299
303564	4311301
303565	4311311
303566	4311317
303567	4311323
303568	4311331
303569	4311337
303570	4311361
303571	4311367
303572	4311371
303573	4311379
303574	4311403
303575	4311407
303576	4311409
303577	4311413
303578	4311467
303579	4311473
303580	4311487
303581	4311529
303582	4311533
303583	4311539
303584	4311547
303585	4311551
303586	4311563
303587	4311569
303588	4311577
303589	4311607
303590	4311611
303591	4311631
303592	4311667
303593	4311673
303594	4311677
303595	4311701
303596	4311743
303597	4311751
303598	4311757
303599	4311781
303600	4311809
303601	4311823
303602	4311871
303603	4311877
303604	4311887
303605	4311893
303606	4311913
303607	4311947
303608	4311959
303609	4311977
303610	4312003
303611	4312013
303612	4312019
303613	4312051
303614	4312073
303615	4312079
303616	4312103
303617	4312111
303618	4312117
303619	4312123
303620	4312141
303621	4312153
303622	4312157
303623	4312171
303624	4312177
303625	4312181
303626	4312223
303627	4312229
303628	4312261
303629	4312267
303630	4312279
303631	4312283
303632	4312291
303633	4312309
303634	4312331
303635	4312333
303636	4312337
303637	4312351
303638	4312361
303639	4312381
303640	4312393
303641	4312403
303642	4312417
303643	4312433
303644	4312447
303645	4312463
303646	4312471
303647	4312481
303648	4312489
303649	4312493
303650	4312499
303651	4312501
303652	4312519
303653	4312537
303654	4312541
303655	4312547
303656	4312549
303657	4312559
303658	4312571
303659	4312631
303660	4312643
303661	4312657
303662	4312691
303663	4312697
303664	4312699
303665	4312703
303666	4312727
303667	4312729
303668	4312733
303669	4312739
303670	4312741
303671	4312783
303672	4312787
303673	4312807
303674	4312811
303675	4312823
303676	4312837
303677	4312853
303678	4312859
303679	4312873
303680	4312879
303681	4312907
303682	4312939
303683	4312961
303684	4312969
303685	4313027
303686	4313033
303687	4313041
303688	4313081
303689	4313093
303690	4313107
303691	4313119
303692	4313129
303693	4313131
303694	4313147
303695	4313149
303696	4313161
303697	4313173
303698	4313191
303699	4313219
303700	4313251
303701	4313269
303702	4313273
303703	4313293
303704	4313297
303705	4313303
303706	4313311
303707	4313317
303708	4313327
303709	4313329
303710	4313333
303711	4313339
303712	4313341
303713	4313381
303714	4313383
303715	4313389
303716	4313417
303717	4313429
303718	4313467
303719	4313471
303720	4313483
303721	4313501
303722	4313503
303723	4313509
303724	4313531
303725	4313539
303726	4313579
303727	4313591
303728	4313599
303729	4313611
303730	4313629
303731	4313641
303732	4313653
303733	4313669
303734	4313671
303735	4313677
303736	4313689
303737	4313693
303738	4313713
303739	4313731
303740	4313783
303741	4313791
303742	4313797
303743	4313807
303744	4313819
303745	4313831
303746	4313843
303747	4313849
303748	4313851
303749	4313861
303750	4313873
303751	4313891
303752	4313899
303753	4313917
303754	4313921
303755	4313927
303756	4313977
303757	4313983
303758	4313999
303759	4314017
303760	4314029
303761	4314043
303762	4314059
303763	4314119
303764	4314169
303765	4314181
303766	4314187
303767	4314217
303768	4314241
303769	4314281
303770	4314287
303771	4314293
303772	4314313
303773	4314337
303774	4314341
303775	4314383
303776	4314391
303777	4314403
303778	4314419
303779	4314433
303780	4314451
303781	4314467
303782	4314509
303783	4314529
303784	4314551
303785	4314559
303786	4314581
303787	4314587
303788	4314643
303789	4314671
303790	4314683
303791	4314689
303792	4314701
303793	4314703
303794	4314721
303795	4314769
303796	4314781
303797	4314803
303798	4314833
303799	4314839
303800	4314857
303801	4314887
303802	4314899
303803	4314911
303804	4314913
303805	4314943
303806	4314949
303807	4314953
303808	4315013
303809	4315027
303810	4315039
303811	4315057
303812	4315061
303813	4315063
303814	4315067
303815	4315097
303816	4315111
303817	4315123
303818	4315141
303819	4315151
303820	4315159
303821	4315183
303822	4315187
303823	4315219
303824	4315243
303825	4315277
303826	4315279
303827	4315301
303828	4315303
303829	4315349
303830	4315361
303831	4315369
303832	4315379
303833	4315387
303834	4315397
303835	4315411
303836	4315439
303837	4315453
303838	4315463
303839	4315469
303840	4315477
303841	4315481
303842	4315529
303843	4315543
303844	4315573
303845	4315579
303846	4315589
303847	4315601
303848	4315607
303849	4315709
303850	4315723
303851	4315733
303852	4315741
303853	4315757
303854	4315763
303855	4315769
303856	4315777
303857	4315799
303858	4315819
303859	4315823
303860	4315837
303861	4315847
303862	4315873
303863	4315891
303864	4315897
303865	4315901
303866	4315903
303867	4315919
303868	4315921
303869	4315931
303870	4315981
303871	4315991
303872	4315999
303873	4316003
303874	4316017
303875	4316023
303876	4316047
303877	4316051
303878	4316071
303879	4316107
303880	4316129
303881	4316141
303882	4316153
303883	4316159
303884	4316171
303885	4316197
303886	4316201
303887	4316219
303888	4316231
303889	4316239
303890	4316251
303891	4316293
303892	4316311
303893	4316321
303894	4316327
303895	4316329
303896	4316359
303897	4316371
303898	4316399
303899	4316407
303900	4316423
303901	4316443
303902	4316461
303903	4316483
303904	4316489
303905	4316497
303906	4316503
303907	4316519
303908	4316539
303909	4316561
303910	4316567
303911	4316569
303912	4316573
303913	4316593
303914	4316647
303915	4316651
303916	4316659
303917	4316681
303918	4316693
303919	4316707
303920	4316717
303921	4316749
303922	4316771
303923	4316773
303924	4316777
303925	4316779
303926	4316789
303927	4316803
303928	4316821
303929	4316867
303930	4316881
303931	4316887
303932	4316891
303933	4316941
303934	4316951
303935	4316959
303936	4316981
303937	4316989
303938	4316999
303939	4317017
303940	4317023
303941	4317037
303942	4317041
303943	4317059
303944	4317073
303945	4317083
303946	4317097
303947	4317107
303948	4317121
303949	4317127
303950	4317139
303951	4317151
303952	4317191
303953	4317193
303954	4317211
303955	4317239
303956	4317251
303957	4317253
303958	4317263
303959	4317283
303960	4317289
303961	4317311
303962	4317319
303963	4317323
303964	4317347
303965	4317361
303966	4317377
303967	4317403
303968	4317407
303969	4317409
303970	4317421
303971	4317437
303972	4317449
303973	4317457
303974	4317461
303975	4317487
303976	4317497
303977	4317517
303978	4317529
303979	4317553
303980	4317569
303981	4317571
303982	4317601
303983	4317611
303984	4317623
303985	4317631
303986	4317637
303987	4317661
303988	4317667
303989	4317683
303990	4317689
303991	4317697
303992	4317701
303993	4317727
303994	4317737
303995	4317739
303996	4317791
303997	4317799
303998	4317811
303999	4317821
304000	4317823
