304001	4317827
304002	4317853
304003	4317869
304004	4317889
304005	4317893
304006	4317899
304007	4317913
304008	4317917
304009	4317919
304010	4317923
304011	4317961
304012	4317967
304013	4317979
304014	4317991
304015	4318049
304016	4318057
304017	4318063
304018	4318081
304019	4318087
304020	4318091
304021	4318099
304022	4318109
304023	4318121
304024	4318123
304025	4318133
304026	4318157
304027	4318163
304028	4318183
304029	4318201
304030	4318211
304031	4318213
304032	4318231
304033	4318247
304034	4318267
304035	4318271
304036	4318277
304037	4318283
304038	4318337
304039	4318399
304040	4318403
304041	4318409
304042	4318429
304043	4318441
304044	4318451
304045	4318463
304046	4318469
304047	4318487
304048	4318507
304049	4318511
304050	4318513
304051	4318541
304052	4318543
304053	4318553
304054	4318577
304055	4318597
304056	4318621
304057	4318637
304058	4318649
304059	4318661
304060	4318667
304061	4318669
304062	4318673
304063	4318729
304064	4318759
304065	4318771
304066	4318777
304067	4318781
304068	4318789
304069	4318793
304070	4318801
304071	4318813
304072	4318823
304073	4318829
304074	4318837
304075	4318849
304076	4318879
304077	4318891
304078	4318933
304079	4318949
304080	4318987
304081	4318991
304082	4318997
304083	4319017
304084	4319027
304085	4319041
304086	4319069
304087	4319089
304088	4319093
304089	4319111
304090	4319131
304091	4319141
304092	4319149
304093	4319153
304094	4319177
304095	4319209
304096	4319233
304097	4319243
304098	4319257
304099	4319297
304100	4319299
304101	4319303
304102	4319311
304103	4319339
304104	4319351
304105	4319353
304106	4319363
304107	4319369
304108	4319383
304109	4319401
304110	4319407
304111	4319431
304112	4319453
304113	4319461
304114	4319477
304115	4319489
304116	4319501
304117	4319503
304118	4319519
304119	4319527
304120	4319531
304121	4319551
304122	4319563
304123	4319591
304124	4319597
304125	4319599
304126	4319603
304127	4319621
304128	4319671
304129	4319677
304130	4319681
304131	4319687
304132	4319729
304133	4319743
304134	4319761
304135	4319767
304136	4319771
304137	4319773
304138	4319827
304139	4319831
304140	4319849
304141	4319863
304142	4319873
304143	4319879
304144	4319891
304145	4319893
304146	4319933
304147	4319941
304148	4319947
304149	4319951
304150	4319963
304151	4319969
304152	4319993
304153	4320059
304154	4320061
304155	4320079
304156	4320097
304157	4320109
304158	4320119
304159	4320187
304160	4320223
304161	4320241
304162	4320247
304163	4320257
304164	4320269
304165	4320299
304166	4320311
304167	4320313
304168	4320319
304169	4320341
304170	4320347
304171	4320373
304172	4320383
304173	4320419
304174	4320443
304175	4320461
304176	4320469
304177	4320473
304178	4320479
304179	4320487
304180	4320493
304181	4320509
304182	4320517
304183	4320521
304184	4320529
304185	4320559
304186	4320571
304187	4320583
304188	4320593
304189	4320607
304190	4320637
304191	4320643
304192	4320689
304193	4320697
304194	4320707
304195	4320709
304196	4320713
304197	4320721
304198	4320761
304199	4320787
304200	4320793
304201	4320817
304202	4320821
304203	4320829
304204	4320853
304205	4320857
304206	4320863
304207	4320893
304208	4320917
304209	4320919
304210	4320929
304211	4320959
304212	4321003
304213	4321019
304214	4321049
304215	4321061
304216	4321067
304217	4321081
304218	4321091
304219	4321103
304220	4321123
304221	4321129
304222	4321139
304223	4321157
304224	4321169
304225	4321181
304226	4321211
304227	4321231
304228	4321237
304229	4321241
304230	4321243
304231	4321259
304232	4321327
304233	4321357
304234	4321363
304235	4321393
304236	4321397
304237	4321411
304238	4321439
304239	4321481
304240	4321483
304241	4321501
304242	4321507
304243	4321529
304244	4321601
304245	4321613
304246	4321627
304247	4321633
304248	4321643
304249	4321657
304250	4321663
304251	4321703
304252	4321717
304253	4321729
304254	4321747
304255	4321753
304256	4321781
304257	4321787
304258	4321799
304259	4321813
304260	4321817
304261	4321829
304262	4321831
304263	4321871
304264	4321883
304265	4321897
304266	4321901
304267	4321931
304268	4321981
304269	4321997
304270	4322009
304271	4322027
304272	4322047
304273	4322069
304274	4322077
304275	4322089
304276	4322117
304277	4322119
304278	4322173
304279	4322209
304280	4322221
304281	4322243
304282	4322287
304283	4322293
304284	4322323
304285	4322347
304286	4322359
304287	4322387
304288	4322389
304289	4322401
304290	4322419
304291	4322429
304292	4322441
304293	4322453
304294	4322467
304295	4322473
304296	4322491
304297	4322503
304298	4322509
304299	4322533
304300	4322569
304301	4322581
304302	4322587
304303	4322603
304304	4322651
304305	4322663
304306	4322683
304307	4322687
304308	4322701
304309	4322713
304310	4322741
304311	4322749
304312	4322779
304313	4322783
304314	4322803
304315	4322809
304316	4322863
304317	4322881
304318	4322891
304319	4322897
304320	4322909
304321	4322911
304322	4322951
304323	4322963
304324	4323023
304325	4323037
304326	4323047
304327	4323061
304328	4323071
304329	4323073
304330	4323101
304331	4323161
304332	4323197
304333	4323199
304334	4323217
304335	4323239
304336	4323247
304337	4323251
304338	4323257
304339	4323283
304340	4323289
304341	4323307
304342	4323311
304343	4323313
304344	4323323
304345	4323329
304346	4323331
304347	4323337
304348	4323359
304349	4323377
304350	4323401
304351	4323419
304352	4323427
304353	4323439
304354	4323467
304355	4323479
304356	4323499
304357	4323503
304358	4323541
304359	4323551
304360	4323569
304361	4323589
304362	4323611
304363	4323629
304364	4323643
304365	4323647
304366	4323653
304367	4323679
304368	4323689
304369	4323691
304370	4323707
304371	4323713
304372	4323721
304373	4323731
304374	4323743
304375	4323751
304376	4323757
304377	4323769
304378	4323791
304379	4323817
304380	4323841
304381	4323877
304382	4323883
304383	4323919
304384	4323923
304385	4323941
304386	4323947
304387	4323959
304388	4323961
304389	4323997
304390	4324003
304391	4324007
304392	4324027
304393	4324031
304394	4324057
304395	4324063
304396	4324081
304397	4324093
304398	4324109
304399	4324127
304400	4324157
304401	4324211
304402	4324231
304403	4324259
304404	4324261
304405	4324279
304406	4324289
304407	4324297
304408	4324303
304409	4324321
304410	4324337
304411	4324339
304412	4324363
304413	4324367
304414	4324373
304415	4324399
304416	4324417
304417	4324433
304418	4324471
304419	4324501
304420	4324519
304421	4324543
304422	4324547
304423	4324559
304424	4324561
304425	4324583
304426	4324601
304427	4324627
304428	4324631
304429	4324637
304430	4324643
304431	4324669
304432	4324699
304433	4324711
304434	4324729
304435	4324751
304436	4324753
304437	4324781
304438	4324787
304439	4324807
304440	4324843
304441	4324847
304442	4324861
304443	4324907
304444	4324909
304445	4324927
304446	4324979
304447	4324997
304448	4325033
304449	4325039
304450	4325059
304451	4325071
304452	4325099
304453	4325117
304454	4325119
304455	4325137
304456	4325143
304457	4325149
304458	4325159
304459	4325161
304460	4325201
304461	4325203
304462	4325207
304463	4325257
304464	4325267
304465	4325273
304466	4325281
304467	4325303
304468	4325317
304469	4325333
304470	4325339
304471	4325341
304472	4325351
304473	4325359
304474	4325389
304475	4325393
304476	4325401
304477	4325417
304478	4325423
304479	4325441
304480	4325443
304481	4325473
304482	4325491
304483	4325509
304484	4325513
304485	4325537
304486	4325539
304487	4325543
304488	4325549
304489	4325557
304490	4325569
304491	4325579
304492	4325593
304493	4325617
304494	4325621
304495	4325627
304496	4325639
304497	4325641
304498	4325677
304499	4325687
304500	4325731
304501	4325743
304502	4325759
304503	4325767
304504	4325773
304505	4325779
304506	4325791
304507	4325813
304508	4325851
304509	4325861
304510	4325873
304511	4325879
304512	4325887
304513	4325891
304514	4325921
304515	4325933
304516	4325953
304517	4325963
304518	4325969
304519	4325987
304520	4326011
304521	4326029
304522	4326031
304523	4326067
304524	4326071
304525	4326073
304526	4326079
304527	4326083
304528	4326121
304529	4326131
304530	4326137
304531	4326149
304532	4326163
304533	4326169
304534	4326173
304535	4326229
304536	4326233
304537	4326239
304538	4326247
304539	4326253
304540	4326263
304541	4326269
304542	4326271
304543	4326349
304544	4326367
304545	4326383
304546	4326401
304547	4326403
304548	4326407
304549	4326409
304550	4326437
304551	4326451
304552	4326457
304553	4326473
304554	4326493
304555	4326499
304556	4326503
304557	4326533
304558	4326559
304559	4326571
304560	4326583
304561	4326587
304562	4326589
304563	4326611
304564	4326629
304565	4326631
304566	4326643
304567	4326649
304568	4326667
304569	4326671
304570	4326677
304571	4326683
304572	4326697
304573	4326709
304574	4326719
304575	4326727
304576	4326757
304577	4326769
304578	4326797
304579	4326821
304580	4326827
304581	4326841
304582	4326859
304583	4326863
304584	4326877
304585	4326893
304586	4326901
304587	4326911
304588	4326937
304589	4326947
304590	4326979
304591	4326991
304592	4326997
304593	4327007
304594	4327019
304595	4327031
304596	4327033
304597	4327049
304598	4327051
304599	4327087
304600	4327093
304601	4327097
304602	4327111
304603	4327123
304604	4327153
304605	4327159
304606	4327171
304607	4327189
304608	4327199
304609	4327201
304610	4327217
304611	4327229
304612	4327241
304613	4327247
304614	4327277
304615	4327283
304616	4327313
304617	4327327
304618	4327331
304619	4327357
304620	4327361
304621	4327363
304622	4327369
304623	4327373
304624	4327387
304625	4327423
304626	4327439
304627	4327441
304628	4327451
304629	4327481
304630	4327489
304631	4327493
304632	4327501
304633	4327511
304634	4327549
304635	4327553
304636	4327577
304637	4327579
304638	4327607
304639	4327621
304640	4327633
304641	4327643
304642	4327669
304643	4327711
304644	4327721
304645	4327723
304646	4327727
304647	4327759
304648	4327777
304649	4327789
304650	4327793
304651	4327823
304652	4327859
304653	4327861
304654	4327867
304655	4327909
304656	4327913
304657	4327937
304658	4327943
304659	4327963
304660	4328017
304661	4328021
304662	4328053
304663	4328057
304664	4328059
304665	4328069
304666	4328087
304667	4328099
304668	4328111
304669	4328123
304670	4328147
304671	4328167
304672	4328179
304673	4328213
304674	4328227
304675	4328249
304676	4328273
304677	4328293
304678	4328309
304679	4328327
304680	4328339
304681	4328341
304682	4328407
304683	4328413
304684	4328419
304685	4328459
304686	4328461
304687	4328497
304688	4328521
304689	4328537
304690	4328539
304691	4328543
304692	4328551
304693	4328567
304694	4328573
304695	4328579
304696	4328581
304697	4328603
304698	4328609
304699	4328617
304700	4328629
304701	4328641
304702	4328671
304703	4328677
304704	4328711
304705	4328719
304706	4328749
304707	4328773
304708	4328777
304709	4328783
304710	4328813
304711	4328833
304712	4328837
304713	4328843
304714	4328851
304715	4328861
304716	4328867
304717	4328873
304718	4328879
304719	4328887
304720	4328893
304721	4328921
304722	4328923
304723	4328927
304724	4328953
304725	4328957
304726	4328969
304727	4328981
304728	4328983
304729	4328993
304730	4329011
304731	4329023
304732	4329041
304733	4329043
304734	4329053
304735	4329079
304736	4329089
304737	4329097
304738	4329107
304739	4329137
304740	4329139
304741	4329151
304742	4329167
304743	4329173
304744	4329179
304745	4329191
304746	4329209
304747	4329211
304748	4329229
304749	4329239
304750	4329253
304751	4329257
304752	4329263
304753	4329277
304754	4329293
304755	4329301
304756	4329307
304757	4329331
304758	4329379
304759	4329383
304760	4329389
304761	4329421
304762	4329449
304763	4329463
304764	4329487
304765	4329503
304766	4329539
304767	4329547
304768	4329551
304769	4329581
304770	4329601
304771	4329631
304772	4329649
304773	4329653
304774	4329659
304775	4329667
304776	4329697
304777	4329709
304778	4329733
304779	4329737
304780	4329757
304781	4329763
304782	4329797
304783	4329817
304784	4329827
304785	4329847
304786	4329881
304787	4329907
304788	4329937
304789	4329947
304790	4329953
304791	4329973
304792	4329977
304793	4329979
304794	4330013
304795	4330021
304796	4330037
304797	4330097
304798	4330099
304799	4330103
304800	4330127
304801	4330163
304802	4330169
304803	4330181
304804	4330199
304805	4330201
304806	4330231
304807	4330241
304808	4330253
304809	4330301
304810	4330303
304811	4330321
304812	4330331
304813	4330343
304814	4330349
304815	4330351
304816	4330357
304817	4330373
304818	4330409
304819	4330453
304820	4330457
304821	4330481
304822	4330489
304823	4330493
304824	4330507
304825	4330511
304826	4330523
304827	4330559
304828	4330567
304829	4330583
304830	4330589
304831	4330603
304832	4330621
304833	4330633
304834	4330637
304835	4330649
304836	4330661
304837	4330663
304838	4330673
304839	4330687
304840	4330717
304841	4330757
304842	4330763
304843	4330783
304844	4330819
304845	4330847
304846	4330853
304847	4330867
304848	4330913
304849	4330927
304850	4330943
304851	4330973
304852	4330987
304853	4331009
304854	4331021
304855	4331027
304856	4331051
304857	4331057
304858	4331059
304859	4331083
304860	4331087
304861	4331099
304862	4331123
304863	4331137
304864	4331161
304865	4331167
304866	4331207
304867	4331219
304868	4331251
304869	4331267
304870	4331269
304871	4331273
304872	4331287
304873	4331293
304874	4331323
304875	4331339
304876	4331357
304877	4331359
304878	4331377
304879	4331381
304880	4331389
304881	4331417
304882	4331441
304883	4331443
304884	4331471
304885	4331489
304886	4331513
304887	4331543
304888	4331557
304889	4331573
304890	4331581
304891	4331611
304892	4331641
304893	4331647
304894	4331653
304895	4331683
304896	4331711
304897	4331713
304898	4331731
304899	4331741
304900	4331749
304901	4331779
304902	4331801
304903	4331809
304904	4331827
304905	4331837
304906	4331851
304907	4331857
304908	4331861
304909	4331869
304910	4331911
304911	4331917
304912	4331939
304913	4331941
304914	4331947
304915	4331953
304916	4331963
304917	4331969
304918	4331983
304919	4331989
304920	4332001
304921	4332011
304922	4332043
304923	4332047
304924	4332067
304925	4332079
304926	4332089
304927	4332091
304928	4332143
304929	4332149
304930	4332151
304931	4332173
304932	4332179
304933	4332187
304934	4332191
304935	4332199
304936	4332203
304937	4332217
304938	4332239
304939	4332241
304940	4332259
304941	4332277
304942	4332299
304943	4332313
304944	4332371
304945	4332389
304946	4332407
304947	4332409
304948	4332443
304949	4332469
304950	4332479
304951	4332499
304952	4332509
304953	4332521
304954	4332527
304955	4332539
304956	4332577
304957	4332583
304958	4332599
304959	4332607
304960	4332611
304961	4332613
304962	4332617
304963	4332619
304964	4332631
304965	4332649
304966	4332659
304967	4332673
304968	4332677
304969	4332707
304970	4332709
304971	4332719
304972	4332721
304973	4332733
304974	4332743
304975	4332761
304976	4332767
304977	4332791
304978	4332793
304979	4332821
304980	4332833
304981	4332847
304982	4332851
304983	4332857
304984	4332871
304985	4332877
304986	4332907
304987	4332929
304988	4332941
304989	4332949
304990	4332953
304991	4332961
304992	4332967
304993	4332971
304994	4332973
304995	4332997
304996	4333009
304997	4333027
304998	4333057
304999	4333081
305000	4333097
