306001	4348693
306002	4348699
306003	4348709
306004	4348717
306005	4348727
306006	4348759
306007	4348781
306008	4348783
306009	4348789
306010	4348793
306011	4348819
306012	4348823
306013	4348843
306014	4348859
306015	4348901
306016	4348907
306017	4348913
306018	4348919
306019	4348933
306020	4348937
306021	4348973
306022	4348979
306023	4348987
306024	4348997
306025	4349011
306026	4349027
306027	4349053
306028	4349071
306029	4349089
306030	4349113
306031	4349131
306032	4349141
306033	4349153
306034	4349167
306035	4349179
306036	4349183
306037	4349201
306038	4349227
306039	4349237
306040	4349251
306041	4349273
306042	4349281
306043	4349287
306044	4349291
306045	4349299
306046	4349311
306047	4349353
306048	4349357
306049	4349377
306050	4349417
306051	4349419
306052	4349453
306053	4349473
306054	4349479
306055	4349489
306056	4349533
306057	4349549
306058	4349581
306059	4349591
306060	4349617
306061	4349621
306062	4349663
306063	4349669
306064	4349677
306065	4349687
306066	4349693
306067	4349699
306068	4349701
306069	4349711
306070	4349729
306071	4349743
306072	4349753
306073	4349759
306074	4349777
306075	4349801
306076	4349833
306077	4349843
306078	4349861
306079	4349881
306080	4349899
306081	4349903
306082	4349927
306083	4349959
306084	4349987
306085	4350023
306086	4350043
306087	4350067
306088	4350077
306089	4350091
306090	4350103
306091	4350119
306092	4350121
306093	4350133
306094	4350139
306095	4350163
306096	4350167
306097	4350173
306098	4350209
306099	4350217
306100	4350251
306101	4350263
306102	4350271
306103	4350277
306104	4350287
306105	4350329
306106	4350331
306107	4350341
306108	4350347
306109	4350389
306110	4350391
306111	4350397
306112	4350403
306113	4350421
306114	4350433
306115	4350443
306116	4350499
306117	4350503
306118	4350523
306119	4350527
306120	4350539
306121	4350553
306122	4350557
306123	4350569
306124	4350629
306125	4350631
306126	4350659
306127	4350673
306128	4350679
306129	4350683
306130	4350701
306131	4350707
306132	4350713
306133	4350733
306134	4350761
306135	4350769
306136	4350803
306137	4350817
306138	4350821
306139	4350833
306140	4350877
306141	4350883
306142	4350889
306143	4350901
306144	4350911
306145	4350917
306146	4350919
306147	4350937
306148	4350967
306149	4350971
306150	4350977
306151	4350991
306152	4351001
306153	4351021
306154	4351027
306155	4351049
306156	4351063
306157	4351091
306158	4351103
306159	4351159
306160	4351177
306161	4351187
306162	4351199
306163	4351219
306164	4351231
306165	4351271
306166	4351273
306167	4351279
306168	4351283
306169	4351297
306170	4351327
306171	4351331
306172	4351339
306173	4351349
306174	4351357
306175	4351397
306176	4351409
306177	4351411
306178	4351423
306179	4351429
306180	4351433
306181	4351483
306182	4351489
306183	4351493
306184	4351499
306185	4351511
306186	4351547
306187	4351561
306188	4351573
306189	4351579
306190	4351601
306191	4351619
306192	4351621
306193	4351631
306194	4351637
306195	4351649
306196	4351651
306197	4351693
306198	4351709
306199	4351723
306200	4351747
306201	4351757
306202	4351759
306203	4351793
306204	4351819
306205	4351849
306206	4351859
306207	4351891
306208	4351933
306209	4351967
306210	4351979
306211	4351981
306212	4352003
306213	4352009
306214	4352039
306215	4352063
306216	4352069
306217	4352077
306218	4352081
306219	4352111
306220	4352113
306221	4352123
306222	4352143
306223	4352147
306224	4352171
306225	4352177
306226	4352203
306227	4352209
306228	4352237
306229	4352239
306230	4352251
306231	4352269
306232	4352279
306233	4352377
306234	4352389
306235	4352399
306236	4352419
306237	4352423
306238	4352441
306239	4352443
306240	4352461
306241	4352473
306242	4352477
306243	4352483
306244	4352563
306245	4352567
306246	4352573
306247	4352587
306248	4352597
306249	4352599
306250	4352611
306251	4352641
306252	4352651
306253	4352687
306254	4352707
306255	4352713
306256	4352749
306257	4352753
306258	4352779
306259	4352801
306260	4352807
306261	4352827
306262	4352839
306263	4352849
306264	4352851
306265	4352857
306266	4352863
306267	4352893
306268	4352903
306269	4352921
306270	4352941
306271	4352947
306272	4352951
306273	4352963
306274	4352977
306275	4352983
306276	4353001
306277	4353007
306278	4353023
306279	4353047
306280	4353053
306281	4353091
306282	4353121
306283	4353127
306284	4353131
306285	4353149
306286	4353157
306287	4353163
306288	4353169
306289	4353203
306290	4353211
306291	4353221
306292	4353247
306293	4353253
306294	4353259
306295	4353289
306296	4353301
306297	4353311
306298	4353313
306299	4353317
306300	4353319
306301	4353329
306302	4353331
306303	4353347
306304	4353353
306305	4353373
306306	4353397
306307	4353407
306308	4353409
306309	4353431
306310	4353443
306311	4353467
306312	4353493
306313	4353497
306314	4353499
306315	4353511
306316	4353521
306317	4353529
306318	4353539
306319	4353553
306320	4353577
306321	4353607
306322	4353623
306323	4353653
306324	4353659
306325	4353673
306326	4353677
306327	4353691
306328	4353709
306329	4353719
306330	4353731
306331	4353737
306332	4353743
306333	4353757
306334	4353761
306335	4353773
306336	4353781
306337	4353803
306338	4353821
306339	4353823
306340	4353847
306341	4353851
306342	4353859
306343	4353883
306344	4353889
306345	4353917
306346	4353949
306347	4353959
306348	4353961
306349	4353967
306350	4353971
306351	4354001
306352	4354027
306353	4354067
306354	4354079
306355	4354093
306356	4354099
306357	4354111
306358	4354117
306359	4354121
306360	4354171
306361	4354177
306362	4354183
306363	4354201
306364	4354213
306365	4354253
306366	4354277
306367	4354279
306368	4354289
306369	4354297
306370	4354307
306371	4354333
306372	4354349
306373	4354367
306374	4354369
306375	4354373
306376	4354381
306377	4354391
306378	4354423
306379	4354433
306380	4354457
306381	4354463
306382	4354513
306383	4354517
306384	4354529
306385	4354547
306386	4354549
306387	4354561
306388	4354573
306389	4354577
306390	4354627
306391	4354631
306392	4354633
306393	4354661
306394	4354673
306395	4354687
306396	4354697
306397	4354711
306398	4354741
306399	4354747
306400	4354759
306401	4354807
306402	4354811
306403	4354813
306404	4354837
306405	4354853
306406	4354913
306407	4354921
306408	4354939
306409	4354951
306410	4354963
306411	4354969
306412	4355053
306413	4355059
306414	4355129
306415	4355137
306416	4355167
306417	4355173
306418	4355177
306419	4355207
306420	4355209
306421	4355227
306422	4355231
306423	4355243
306424	4355269
306425	4355279
306426	4355291
306427	4355311
306428	4355317
306429	4355327
306430	4355333
306431	4355347
306432	4355363
306433	4355369
306434	4355371
306435	4355401
306436	4355411
306437	4355437
306438	4355453
306439	4355459
306440	4355467
306441	4355489
306442	4355497
306443	4355501
306444	4355509
306445	4355551
306446	4355567
306447	4355573
306448	4355581
306449	4355623
306450	4355639
306451	4355647
306452	4355657
306453	4355669
306454	4355683
306455	4355707
306456	4355753
306457	4355759
306458	4355777
306459	4355789
306460	4355797
306461	4355801
306462	4355831
306463	4355833
306464	4355873
306465	4355909
306466	4355933
306467	4355941
306468	4355951
306469	4355957
306470	4355969
306471	4355971
306472	4355977
306473	4355987
306474	4355999
306475	4356013
306476	4356041
306477	4356043
306478	4356049
306479	4356083
306480	4356091
306481	4356103
306482	4356109
306483	4356133
306484	4356167
306485	4356169
306486	4356181
306487	4356211
306488	4356217
306489	4356221
306490	4356239
306491	4356257
306492	4356277
306493	4356299
306494	4356307
306495	4356311
306496	4356349
306497	4356353
306498	4356371
306499	4356389
306500	4356397
306501	4356419
306502	4356427
306503	4356431
306504	4356449
306505	4356479
306506	4356487
306507	4356493
306508	4356503
306509	4356511
306510	4356533
306511	4356553
306512	4356563
306513	4356661
306514	4356679
306515	4356689
306516	4356691
306517	4356697
306518	4356721
306519	4356727
306520	4356733
306521	4356739
306522	4356749
306523	4356761
306524	4356763
306525	4356767
306526	4356791
306527	4356823
306528	4356829
306529	4356841
306530	4356881
306531	4356883
306532	4356887
306533	4356893
306534	4356899
306535	4356923
306536	4356967
306537	4356977
306538	4356983
306539	4356991
306540	4356997
306541	4357007
306542	4357027
306543	4357033
306544	4357037
306545	4357063
306546	4357069
306547	4357103
306548	4357127
306549	4357139
306550	4357159
306551	4357201
306552	4357217
306553	4357247
306554	4357259
306555	4357271
306556	4357277
306557	4357307
306558	4357349
306559	4357369
306560	4357387
306561	4357429
306562	4357433
306563	4357447
306564	4357459
306565	4357471
306566	4357481
306567	4357499
306568	4357513
306569	4357519
306570	4357523
306571	4357537
306572	4357541
306573	4357543
306574	4357567
306575	4357571
306576	4357579
306577	4357597
306578	4357609
306579	4357637
306580	4357651
306581	4357673
306582	4357679
306583	4357693
306584	4357721
306585	4357733
306586	4357739
306587	4357757
306588	4357777
306589	4357781
306590	4357807
306591	4357811
306592	4357853
306593	4357861
306594	4357867
306595	4357889
306596	4357891
306597	4357907
306598	4357943
306599	4357961
306600	4357993
306601	4358009
306602	4358021
306603	4358059
306604	4358111
306605	4358129
306606	4358141
306607	4358143
306608	4358161
306609	4358191
306610	4358203
306611	4358209
306612	4358257
306613	4358261
306614	4358279
306615	4358281
306616	4358287
306617	4358311
306618	4358327
306619	4358329
306620	4358359
306621	4358369
306622	4358371
306623	4358377
306624	4358407
306625	4358411
306626	4358441
306627	4358447
306628	4358449
306629	4358461
306630	4358503
306631	4358521
306632	4358527
306633	4358531
306634	4358539
306635	4358593
306636	4358603
306637	4358617
306638	4358621
306639	4358659
306640	4358687
306641	4358701
306642	4358719
306643	4358741
306644	4358747
306645	4358759
306646	4358777
306647	4358779
306648	4358789
306649	4358797
306650	4358803
306651	4358807
306652	4358813
306653	4358821
306654	4358843
306655	4358863
306656	4358873
306657	4358881
306658	4358899
306659	4358909
306660	4358927
306661	4358951
306662	4358957
306663	4358969
306664	4358989
306665	4359001
306666	4359031
306667	4359101
306668	4359107
306669	4359133
306670	4359139
306671	4359163
306672	4359169
306673	4359209
306674	4359233
306675	4359239
306676	4359241
306677	4359247
306678	4359253
306679	4359281
306680	4359301
306681	4359307
306682	4359317
306683	4359319
306684	4359343
306685	4359347
306686	4359349
306687	4359353
306688	4359373
306689	4359389
306690	4359401
306691	4359403
306692	4359503
306693	4359517
306694	4359527
306695	4359533
306696	4359539
306697	4359557
306698	4359583
306699	4359587
306700	4359629
306701	4359631
306702	4359643
306703	4359647
306704	4359661
306705	4359671
306706	4359679
306707	4359697
306708	4359713
306709	4359739
306710	4359749
306711	4359781
306712	4359787
306713	4359799
306714	4359827
306715	4359829
306716	4359841
306717	4359847
306718	4359863
306719	4359937
306720	4359941
306721	4359959
306722	4359961
306723	4359983
306724	4359991
306725	4360001
306726	4360003
306727	4360009
306728	4360019
306729	4360033
306730	4360051
306731	4360061
306732	4360067
306733	4360079
306734	4360091
306735	4360123
306736	4360127
306737	4360141
306738	4360163
306739	4360171
306740	4360189
306741	4360193
306742	4360207
306743	4360229
306744	4360231
306745	4360241
306746	4360267
306747	4360273
306748	4360303
306749	4360333
306750	4360373
306751	4360393
306752	4360397
306753	4360399
306754	4360417
306755	4360423
306756	4360439
306757	4360457
306758	4360459
306759	4360529
306760	4360541
306761	4360549
306762	4360567
306763	4360579
306764	4360583
306765	4360589
306766	4360627
306767	4360649
306768	4360651
306769	4360663
306770	4360669
306771	4360679
306772	4360703
306773	4360717
306774	4360751
306775	4360757
306776	4360781
306777	4360793
306778	4360813
306779	4360819
306780	4360843
306781	4360849
306782	4360907
306783	4360919
306784	4360927
306785	4360943
306786	4360949
306787	4360973
306788	4361003
306789	4361011
306790	4361039
306791	4361041
306792	4361087
306793	4361101
306794	4361113
306795	4361131
306796	4361171
306797	4361179
306798	4361183
306799	4361207
306800	4361209
306801	4361219
306802	4361233
306803	4361243
306804	4361249
306805	4361251
306806	4361257
306807	4361261
306808	4361263
306809	4361311
306810	4361323
306811	4361341
306812	4361347
306813	4361363
306814	4361381
306815	4361419
306816	4361429
306817	4361437
306818	4361471
306819	4361473
306820	4361477
306821	4361479
306822	4361501
306823	4361509
306824	4361519
306825	4361551
306826	4361563
306827	4361569
306828	4361579
306829	4361593
306830	4361611
306831	4361653
306832	4361663
306833	4361689
306834	4361699
306835	4361711
306836	4361719
306837	4361723
306838	4361729
306839	4361737
306840	4361761
306841	4361779
306842	4361783
306843	4361807
306844	4361813
306845	4361821
306846	4361837
306847	4361897
306848	4361909
306849	4361941
306850	4361957
306851	4361971
306852	4361983
306853	4362011
306854	4362037
306855	4362053
306856	4362073
306857	4362079
306858	4362091
306859	4362101
306860	4362107
306861	4362109
306862	4362119
306863	4362121
306864	4362133
306865	4362167
306866	4362179
306867	4362181
306868	4362199
306869	4362223
306870	4362233
306871	4362269
306872	4362299
306873	4362313
306874	4362329
306875	4362331
306876	4362349
306877	4362361
306878	4362367
306879	4362389
306880	4362403
306881	4362427
306882	4362451
306883	4362461
306884	4362469
306885	4362481
306886	4362487
306887	4362503
306888	4362511
306889	4362521
306890	4362551
306891	4362569
306892	4362581
306893	4362583
306894	4362593
306895	4362601
306896	4362607
306897	4362613
306898	4362619
306899	4362623
306900	4362629
306901	4362641
306902	4362649
306903	4362653
306904	4362671
306905	4362689
306906	4362719
306907	4362739
306908	4362749
306909	4362751
306910	4362763
306911	4362773
306912	4362797
306913	4362811
306914	4362821
306915	4362833
306916	4362857
306917	4362859
306918	4362877
306919	4362889
306920	4362901
306921	4362923
306922	4362947
306923	4362949
306924	4362961
306925	4362983
306926	4362997
306927	4363049
306928	4363069
306929	4363111
306930	4363127
306931	4363129
306932	4363159
306933	4363189
306934	4363193
306935	4363199
306936	4363201
306937	4363207
306938	4363213
306939	4363223
306940	4363231
306941	4363243
306942	4363259
306943	4363267
306944	4363277
306945	4363279
306946	4363291
306947	4363297
306948	4363309
306949	4363319
306950	4363321
306951	4363327
306952	4363357
306953	4363361
306954	4363363
306955	4363397
306956	4363409
306957	4363421
306958	4363439
306959	4363451
306960	4363453
306961	4363459
306962	4363477
306963	4363487
306964	4363493
306965	4363523
306966	4363531
306967	4363561
306968	4363571
306969	4363607
306970	4363613
306971	4363631
306972	4363633
306973	4363637
306974	4363651
306975	4363663
306976	4363693
306977	4363703
306978	4363771
306979	4363783
306980	4363789
306981	4363819
306982	4363829
306983	4363837
306984	4363889
306985	4363897
306986	4363927
306987	4363943
306988	4363969
306989	4363973
306990	4363979
306991	4363981
306992	4364011
306993	4364021
306994	4364023
306995	4364029
306996	4364047
306997	4364069
306998	4364077
306999	4364093
307000	4364111
