307001	4364147
307002	4364161
307003	4364177
307004	4364201
307005	4364203
307006	4364231
307007	4364233
307008	4364237
307009	4364249
307010	4364267
307011	4364303
307012	4364329
307013	4364351
307014	4364383
307015	4364401
307016	4364429
307017	4364431
307018	4364449
307019	4364501
307020	4364519
307021	4364533
307022	4364539
307023	4364551
307024	4364567
307025	4364593
307026	4364621
307027	4364653
307028	4364663
307029	4364677
307030	4364681
307031	4364693
307032	4364713
307033	4364719
307034	4364741
307035	4364747
307036	4364771
307037	4364777
307038	4364783
307039	4364791
307040	4364797
307041	4364809
307042	4364837
307043	4364861
307044	4364873
307045	4364891
307046	4364909
307047	4364911
307048	4364933
307049	4364947
307050	4364951
307051	4364959
307052	4364989
307053	4364999
307054	4365007
307055	4365013
307056	4365019
307057	4365029
307058	4365061
307059	4365083
307060	4365089
307061	4365103
307062	4365113
307063	4365121
307064	4365139
307065	4365143
307066	4365157
307067	4365191
307068	4365197
307069	4365199
307070	4365211
307071	4365247
307072	4365271
307073	4365281
307074	4365287
307075	4365289
307076	4365301
307077	4365337
307078	4365359
307079	4365367
307080	4365397
307081	4365401
307082	4365409
307083	4365419
307084	4365433
307085	4365443
307086	4365509
307087	4365511
307088	4365521
307089	4365527
307090	4365533
307091	4365541
307092	4365553
307093	4365589
307094	4365623
307095	4365677
307096	4365703
307097	4365727
307098	4365731
307099	4365737
307100	4365749
307101	4365773
307102	4365793
307103	4365811
307104	4365827
307105	4365859
307106	4365869
307107	4365871
307108	4365887
307109	4365899
307110	4365913
307111	4365931
307112	4365961
307113	4365997
307114	4366007
307115	4366027
307116	4366031
307117	4366039
307118	4366051
307119	4366079
307120	4366097
307121	4366121
307122	4366123
307123	4366163
307124	4366171
307125	4366183
307126	4366217
307127	4366231
307128	4366237
307129	4366267
307130	4366277
307131	4366283
307132	4366289
307133	4366303
307134	4366309
307135	4366337
307136	4366363
307137	4366367
307138	4366379
307139	4366393
307140	4366403
307141	4366421
307142	4366469
307143	4366471
307144	4366477
307145	4366493
307146	4366499
307147	4366513
307148	4366519
307149	4366577
307150	4366627
307151	4366633
307152	4366639
307153	4366643
307154	4366667
307155	4366669
307156	4366673
307157	4366697
307158	4366699
307159	4366709
307160	4366717
307161	4366721
307162	4366727
307163	4366729
307164	4366741
307165	4366771
307166	4366781
307167	4366783
307168	4366793
307169	4366811
307170	4366819
307171	4366823
307172	4366837
307173	4366847
307174	4366853
307175	4366861
307176	4366871
307177	4366889
307178	4366897
307179	4366919
307180	4366927
307181	4366931
307182	4366961
307183	4366969
307184	4366981
307185	4367029
307186	4367047
307187	4367057
307188	4367059
307189	4367087
307190	4367101
307191	4367107
307192	4367137
307193	4367159
307194	4367177
307195	4367179
307196	4367189
307197	4367203
307198	4367213
307199	4367219
307200	4367243
307201	4367257
307202	4367267
307203	4367299
307204	4367329
307205	4367353
307206	4367383
307207	4367393
307208	4367411
307209	4367413
307210	4367431
307211	4367477
307212	4367483
307213	4367491
307214	4367501
307215	4367507
307216	4367527
307217	4367533
307218	4367557
307219	4367567
307220	4367581
307221	4367609
307222	4367617
307223	4367647
307224	4367681
307225	4367749
307226	4367761
307227	4367801
307228	4367819
307229	4367821
307230	4367833
307231	4367837
307232	4367843
307233	4367863
307234	4367873
307235	4367879
307236	4367927
307237	4367941
307238	4367959
307239	4367969
307240	4367981
307241	4368011
307242	4368029
307243	4368053
307244	4368059
307245	4368071
307246	4368079
307247	4368083
307248	4368107
307249	4368113
307250	4368121
307251	4368131
307252	4368139
307253	4368151
307254	4368163
307255	4368173
307256	4368187
307257	4368193
307258	4368197
307259	4368239
307260	4368251
307261	4368253
307262	4368277
307263	4368281
307264	4368293
307265	4368307
307266	4368311
307267	4368319
307268	4368323
307269	4368341
307270	4368349
307271	4368359
307272	4368379
307273	4368389
307274	4368391
307275	4368407
307276	4368409
307277	4368431
307278	4368449
307279	4368451
307280	4368487
307281	4368491
307282	4368503
307283	4368521
307284	4368523
307285	4368527
307286	4368569
307287	4368571
307288	4368583
307289	4368593
307290	4368599
307291	4368629
307292	4368641
307293	4368649
307294	4368659
307295	4368667
307296	4368691
307297	4368709
307298	4368713
307299	4368731
307300	4368739
307301	4368751
307302	4368761
307303	4368787
307304	4368809
307305	4368811
307306	4368817
307307	4368823
307308	4368863
307309	4368899
307310	4368907
307311	4368911
307312	4368943
307313	4368953
307314	4368967
307315	4368971
307316	4368989
307317	4369021
307318	4369033
307319	4369039
307320	4369049
307321	4369061
307322	4369097
307323	4369117
307324	4369133
307325	4369139
307326	4369147
307327	4369163
307328	4369199
307329	4369201
307330	4369213
307331	4369229
307332	4369249
307333	4369279
307334	4369283
307335	4369291
307336	4369303
307337	4369349
307338	4369381
307339	4369397
307340	4369399
307341	4369423
307342	4369427
307343	4369429
307344	4369439
307345	4369447
307346	4369451
307347	4369457
307348	4369489
307349	4369499
307350	4369501
307351	4369511
307352	4369513
307353	4369529
307354	4369537
307355	4369579
307356	4369591
307357	4369649
307358	4369661
307359	4369669
307360	4369679
307361	4369693
307362	4369699
307363	4369711
307364	4369721
307365	4369741
307366	4369759
307367	4369763
307368	4369777
307369	4369801
307370	4369891
307371	4369907
307372	4369921
307373	4369933
307374	4369949
307375	4369957
307376	4369973
307377	4369991
307378	4370017
307379	4370027
307380	4370063
307381	4370081
307382	4370083
307383	4370087
307384	4370089
307385	4370111
307386	4370123
307387	4370129
307388	4370143
307389	4370147
307390	4370159
307391	4370203
307392	4370237
307393	4370273
307394	4370279
307395	4370281
307396	4370297
307397	4370339
307398	4370357
307399	4370383
307400	4370407
307401	4370447
307402	4370449
307403	4370453
307404	4370459
307405	4370461
307406	4370497
307407	4370507
307408	4370521
307409	4370533
307410	4370537
307411	4370549
307412	4370579
307413	4370591
307414	4370609
307415	4370633
307416	4370651
307417	4370657
307418	4370687
307419	4370693
307420	4370719
307421	4370731
307422	4370747
307423	4370749
307424	4370753
307425	4370761
307426	4370767
307427	4370777
307428	4370789
307429	4370803
307430	4370809
307431	4370813
307432	4370867
307433	4370869
307434	4370911
307435	4370929
307436	4370939
307437	4370941
307438	4370957
307439	4370987
307440	4371019
307441	4371041
307442	4371043
307443	4371049
307444	4371053
307445	4371061
307446	4371067
307447	4371089
307448	4371097
307449	4371119
307450	4371131
307451	4371137
307452	4371139
307453	4371151
307454	4371161
307455	4371163
307456	4371203
307457	4371209
307458	4371221
307459	4371223
307460	4371229
307461	4371239
307462	4371247
307463	4371253
307464	4371277
307465	4371293
307466	4371347
307467	4371371
307468	4371377
307469	4371383
307470	4371391
307471	4371407
307472	4371421
307473	4371457
307474	4371473
307475	4371481
307476	4371491
307477	4371503
307478	4371529
307479	4371551
307480	4371569
307481	4371581
307482	4371593
307483	4371613
307484	4371617
307485	4371641
307486	4371649
307487	4371659
307488	4371673
307489	4371677
307490	4371701
307491	4371743
307492	4371761
307493	4371791
307494	4371803
307495	4371847
307496	4371869
307497	4371877
307498	4371911
307499	4371937
307500	4371943
307501	4371949
307502	4371973
307503	4371977
307504	4371989
307505	4372003
307506	4372007
307507	4372013
307508	4372019
307509	4372037
307510	4372051
307511	4372061
307512	4372063
307513	4372073
307514	4372087
307515	4372091
307516	4372133
307517	4372141
307518	4372153
307519	4372157
307520	4372163
307521	4372177
307522	4372183
307523	4372201
307524	4372211
307525	4372237
307526	4372241
307527	4372259
307528	4372267
307529	4372273
307530	4372279
307531	4372289
307532	4372307
307533	4372321
307534	4372339
307535	4372343
307536	4372351
307537	4372367
307538	4372373
307539	4372397
307540	4372399
307541	4372409
307542	4372411
307543	4372421
307544	4372429
307545	4372441
307546	4372477
307547	4372493
307548	4372499
307549	4372513
307550	4372517
307551	4372531
307552	4372559
307553	4372567
307554	4372573
307555	4372597
307556	4372631
307557	4372637
307558	4372639
307559	4372651
307560	4372657
307561	4372673
307562	4372699
307563	4372721
307564	4372727
307565	4372733
307566	4372747
307567	4372759
307568	4372763
307569	4372777
307570	4372813
307571	4372817
307572	4372847
307573	4372873
307574	4372877
307575	4372883
307576	4372897
307577	4372909
307578	4372913
307579	4372931
307580	4372933
307581	4372957
307582	4372969
307583	4372981
307584	4373003
307585	4373009
307586	4373011
307587	4373027
307588	4373041
307589	4373053
307590	4373069
307591	4373081
307592	4373087
307593	4373099
307594	4373107
307595	4373119
307596	4373123
307597	4373129
307598	4373137
307599	4373147
307600	4373153
307601	4373167
307602	4373179
307603	4373191
307604	4373207
307605	4373219
307606	4373221
307607	4373227
307608	4373231
307609	4373251
307610	4373261
307611	4373269
307612	4373293
307613	4373297
307614	4373309
307615	4373311
307616	4373321
307617	4373323
307618	4373333
307619	4373351
307620	4373389
307621	4373399
307622	4373417
307623	4373419
307624	4373431
307625	4373441
307626	4373443
307627	4373459
307628	4373489
307629	4373513
307630	4373531
307631	4373533
307632	4373557
307633	4373561
307634	4373569
307635	4373581
307636	4373587
307637	4373617
307638	4373623
307639	4373647
307640	4373651
307641	4373653
307642	4373683
307643	4373687
307644	4373701
307645	4373713
307646	4373717
307647	4373731
307648	4373767
307649	4373771
307650	4373791
307651	4373801
307652	4373833
307653	4373861
307654	4373869
307655	4373893
307656	4373899
307657	4373911
307658	4373927
307659	4373951
307660	4373969
307661	4373977
307662	4373987
307663	4373989
307664	4374001
307665	4374031
307666	4374059
307667	4374077
307668	4374079
307669	4374113
307670	4374119
307671	4374133
307672	4374137
307673	4374173
307674	4374179
307675	4374187
307676	4374203
307677	4374217
307678	4374247
307679	4374257
307680	4374269
307681	4374277
307682	4374289
307683	4374299
307684	4374311
307685	4374323
307686	4374341
307687	4374353
307688	4374361
307689	4374373
307690	4374401
307691	4374421
307692	4374451
307693	4374463
307694	4374499
307695	4374511
307696	4374521
307697	4374527
307698	4374551
307699	4374553
307700	4374571
307701	4374583
307702	4374637
307703	4374641
307704	4374647
307705	4374653
307706	4374677
307707	4374683
307708	4374701
307709	4374739
307710	4374743
307711	4374749
307712	4374767
307713	4374787
307714	4374793
307715	4374803
307716	4374809
307717	4374829
307718	4374833
307719	4374857
307720	4374869
307721	4374893
307722	4374907
307723	4374913
307724	4374919
307725	4374947
307726	4374961
307727	4374977
307728	4375039
307729	4375043
307730	4375051
307731	4375093
307732	4375127
307733	4375141
307734	4375153
307735	4375157
307736	4375169
307737	4375177
307738	4375193
307739	4375249
307740	4375253
307741	4375321
307742	4375331
307743	4375363
307744	4375367
307745	4375387
307746	4375403
307747	4375411
307748	4375429
307749	4375439
307750	4375447
307751	4375457
307752	4375471
307753	4375487
307754	4375493
307755	4375519
307756	4375523
307757	4375537
307758	4375577
307759	4375603
307760	4375621
307761	4375633
307762	4375639
307763	4375649
307764	4375667
307765	4375669
307766	4375673
307767	4375687
307768	4375691
307769	4375697
307770	4375717
307771	4375729
307772	4375739
307773	4375759
307774	4375771
307775	4375799
307776	4375831
307777	4375849
307778	4375883
307779	4375907
307780	4375913
307781	4375937
307782	4375949
307783	4375951
307784	4375963
307785	4375967
307786	4375993
307787	4375997
307788	4376011
307789	4376059
307790	4376063
307791	4376083
307792	4376117
307793	4376143
307794	4376147
307795	4376159
307796	4376167
307797	4376173
307798	4376189
307799	4376221
307800	4376231
307801	4376237
307802	4376243
307803	4376261
307804	4376287
307805	4376321
307806	4376347
307807	4376353
307808	4376357
307809	4376401
307810	4376413
307811	4376447
307812	4376461
307813	4376467
307814	4376483
307815	4376501
307816	4376513
307817	4376527
307818	4376539
307819	4376551
307820	4376557
307821	4376587
307822	4376597
307823	4376629
307824	4376663
307825	4376681
307826	4376683
307827	4376717
307828	4376719
307829	4376731
307830	4376741
307831	4376747
307832	4376759
307833	4376789
307834	4376833
307835	4376843
307836	4376849
307837	4376851
307838	4376857
307839	4376863
307840	4376881
307841	4376887
307842	4376917
307843	4376929
307844	4376947
307845	4376951
307846	4376959
307847	4376963
307848	4376993
307849	4377001
307850	4377017
307851	4377019
307852	4377029
307853	4377053
307854	4377067
307855	4377089
307856	4377091
307857	4377101
307858	4377167
307859	4377179
307860	4377181
307861	4377193
307862	4377203
307863	4377227
307864	4377229
307865	4377257
307866	4377341
307867	4377343
307868	4377379
307869	4377407
307870	4377409
307871	4377413
307872	4377427
307873	4377473
307874	4377487
307875	4377493
307876	4377497
307877	4377509
307878	4377511
307879	4377539
307880	4377547
307881	4377557
307882	4377559
307883	4377587
307884	4377589
307885	4377599
307886	4377601
307887	4377629
307888	4377649
307889	4377661
307890	4377671
307891	4377673
307892	4377677
307893	4377679
307894	4377697
307895	4377739
307896	4377749
307897	4377757
307898	4377799
307899	4377833
307900	4377839
307901	4377871
307902	4377881
307903	4377887
307904	4377899
307905	4377929
307906	4377953
307907	4377973
307908	4377983
307909	4378007
307910	4378009
307911	4378013
307912	4378019
307913	4378057
307914	4378069
307915	4378079
307916	4378093
307917	4378123
307918	4378133
307919	4378139
307920	4378141
307921	4378181
307922	4378201
307923	4378207
307924	4378219
307925	4378229
307926	4378237
307927	4378243
307928	4378271
307929	4378273
307930	4378279
307931	4378301
307932	4378307
307933	4378327
307934	4378351
307935	4378373
307936	4378399
307937	4378403
307938	4378447
307939	4378453
307940	4378463
307941	4378477
307942	4378481
307943	4378511
307944	4378523
307945	4378541
307946	4378553
307947	4378559
307948	4378609
307949	4378631
307950	4378697
307951	4378727
307952	4378753
307953	4378757
307954	4378771
307955	4378789
307956	4378811
307957	4378813
307958	4378817
307959	4378837
307960	4378897
307961	4378909
307962	4378939
307963	4378951
307964	4378963
307965	4378981
307966	4379003
307967	4379009
307968	4379017
307969	4379021
307970	4379027
307971	4379033
307972	4379071
307973	4379083
307974	4379099
307975	4379107
307976	4379143
307977	4379159
307978	4379161
307979	4379171
307980	4379173
307981	4379227
307982	4379233
307983	4379239
307984	4379257
307985	4379267
307986	4379273
307987	4379279
307988	4379281
307989	4379303
307990	4379311
307991	4379327
307992	4379359
307993	4379369
307994	4379371
307995	4379381
307996	4379399
307997	4379437
307998	4379447
307999	4379449
308000	4379467
