309001	4394791
309002	4394801
309003	4394827
309004	4394837
309005	4394843
309006	4394879
309007	4394881
309008	4394893
309009	4394899
309010	4394903
309011	4394911
309012	4394917
309013	4394927
309014	4394983
309015	4395029
309016	4395031
309017	4395049
309018	4395067
309019	4395103
309020	4395109
309021	4395143
309022	4395151
309023	4395161
309024	4395173
309025	4395179
309026	4395199
309027	4395221
309028	4395227
309029	4395229
309030	4395271
309031	4395283
309032	4395301
309033	4395317
309034	4395329
309035	4395353
309036	4395379
309037	4395389
309038	4395409
309039	4395421
309040	4395427
309041	4395437
309042	4395439
309043	4395463
309044	4395493
309045	4395497
309046	4395511
309047	4395527
309048	4395541
309049	4395551
309050	4395557
309051	4395613
309052	4395619
309053	4395623
309054	4395641
309055	4395653
309056	4395659
309057	4395689
309058	4395697
309059	4395701
309060	4395709
309061	4395719
309062	4395739
309063	4395751
309064	4395779
309065	4395793
309066	4395817
309067	4395827
309068	4395857
309069	4395869
309070	4395887
309071	4395917
309072	4395949
309073	4395953
309074	4395959
309075	4395983
309076	4395997
309077	4396001
309078	4396003
309079	4396027
309080	4396033
309081	4396037
309082	4396057
309083	4396069
309084	4396097
309085	4396099
309086	4396111
309087	4396121
309088	4396123
309089	4396127
309090	4396181
309091	4396199
309092	4396207
309093	4396211
309094	4396219
309095	4396237
309096	4396283
309097	4396291
309098	4396321
309099	4396361
309100	4396367
309101	4396369
309102	4396393
309103	4396397
309104	4396409
309105	4396411
309106	4396417
309107	4396423
309108	4396439
309109	4396459
309110	4396463
309111	4396481
309112	4396493
309113	4396517
309114	4396529
309115	4396531
309116	4396537
309117	4396549
309118	4396559
309119	4396573
309120	4396577
309121	4396583
309122	4396589
309123	4396597
309124	4396627
309125	4396633
309126	4396643
309127	4396669
309128	4396681
309129	4396687
309130	4396729
309131	4396751
309132	4396781
309133	4396783
309134	4396787
309135	4396789
309136	4396801
309137	4396811
309138	4396813
309139	4396831
309140	4396849
309141	4396853
309142	4396871
309143	4396877
309144	4396907
309145	4396919
309146	4396937
309147	4396939
309148	4396981
309149	4396993
309150	4397023
309151	4397047
309152	4397053
309153	4397069
309154	4397077
309155	4397083
309156	4397087
309157	4397131
309158	4397147
309159	4397149
309160	4397167
309161	4397171
309162	4397177
309163	4397201
309164	4397207
309165	4397233
309166	4397249
309167	4397279
309168	4397287
309169	4397311
309170	4397353
309171	4397363
309172	4397383
309173	4397389
309174	4397399
309175	4397431
309176	4397453
309177	4397467
309178	4397483
309179	4397501
309180	4397521
309181	4397557
309182	4397581
309183	4397587
309184	4397599
309185	4397651
309186	4397663
309187	4397677
309188	4397681
309189	4397717
309190	4397737
309191	4397777
309192	4397779
309193	4397803
309194	4397831
309195	4397863
309196	4397867
309197	4397893
309198	4397909
309199	4397923
309200	4397933
309201	4397941
309202	4397957
309203	4397959
309204	4397969
309205	4397983
309206	4397999
309207	4398007
309208	4398011
309209	4398013
309210	4398047
309211	4398049
309212	4398061
309213	4398067
309214	4398071
309215	4398089
309216	4398091
309217	4398131
309218	4398133
309219	4398143
309220	4398151
309221	4398181
309222	4398197
309223	4398211
309224	4398217
309225	4398239
309226	4398241
309227	4398263
309228	4398287
309229	4398293
309230	4398319
309231	4398337
309232	4398347
309233	4398353
309234	4398371
309235	4398397
309236	4398421
309237	4398431
309238	4398463
309239	4398467
309240	4398487
309241	4398503
309242	4398553
309243	4398571
309244	4398577
309245	4398623
309246	4398637
309247	4398677
309248	4398679
309249	4398689
309250	4398697
309251	4398703
309252	4398707
309253	4398731
309254	4398743
309255	4398769
309256	4398787
309257	4398811
309258	4398817
309259	4398829
309260	4398839
309261	4398851
309262	4398859
309263	4398887
309264	4398941
309265	4398949
309266	4398959
309267	4398991
309268	4398997
309269	4399001
309270	4399007
309271	4399061
309272	4399063
309273	4399067
309274	4399079
309275	4399103
309276	4399123
309277	4399133
309278	4399147
309279	4399163
309280	4399169
309281	4399193
309282	4399223
309283	4399237
309284	4399289
309285	4399301
309286	4399309
309287	4399313
309288	4399327
309289	4399331
309290	4399333
309291	4399361
309292	4399363
309293	4399397
309294	4399399
309295	4399457
309296	4399471
309297	4399511
309298	4399513
309299	4399517
309300	4399531
309301	4399541
309302	4399543
309303	4399553
309304	4399573
309305	4399609
309306	4399627
309307	4399639
309308	4399663
309309	4399667
309310	4399673
309311	4399679
309312	4399699
309313	4399709
309314	4399711
309315	4399721
309316	4399723
309317	4399729
309318	4399763
309319	4399771
309320	4399789
309321	4399817
309322	4399819
309323	4399847
309324	4399853
309325	4399873
309326	4399883
309327	4399903
309328	4399907
309329	4399931
309330	4399933
309331	4399939
309332	4399943
309333	4399961
309334	4399973
309335	4399987
309336	4400021
309337	4400023
309338	4400027
309339	4400041
309340	4400069
309341	4400101
309342	4400111
309343	4400129
309344	4400131
309345	4400167
309346	4400183
309347	4400189
309348	4400197
309349	4400203
309350	4400213
309351	4400261
309352	4400269
309353	4400293
309354	4400309
309355	4400311
309356	4400317
309357	4400329
309358	4400351
309359	4400353
309360	4400369
309361	4400377
309362	4400387
309363	4400393
309364	4400401
309365	4400413
309366	4400443
309367	4400477
309368	4400483
309369	4400497
309370	4400503
309371	4400507
309372	4400527
309373	4400549
309374	4400551
309375	4400587
309376	4400621
309377	4400623
309378	4400629
309379	4400639
309380	4400687
309381	4400701
309382	4400717
309383	4400719
309384	4400731
309385	4400771
309386	4400777
309387	4400801
309388	4400813
309389	4400819
309390	4400821
309391	4400839
309392	4400861
309393	4400897
309394	4400917
309395	4400923
309396	4400927
309397	4400959
309398	4400969
309399	4400983
309400	4400993
309401	4401043
309402	4401071
309403	4401083
309404	4401107
309405	4401121
309406	4401143
309407	4401191
309408	4401193
309409	4401203
309410	4401209
309411	4401233
309412	4401251
309413	4401259
309414	4401269
309415	4401281
309416	4401289
309417	4401329
309418	4401337
309419	4401343
309420	4401347
309421	4401373
309422	4401403
309423	4401413
309424	4401421
309425	4401427
309426	4401433
309427	4401443
309428	4401451
309429	4401457
309430	4401493
309431	4401497
309432	4401517
309433	4401563
309434	4401581
309435	4401601
309436	4401641
309437	4401653
309438	4401667
309439	4401697
309440	4401701
309441	4401737
309442	4401743
309443	4401767
309444	4401791
309445	4401799
309446	4401811
309447	4401829
309448	4401841
309449	4401847
309450	4401857
309451	4401869
309452	4401871
309453	4401899
309454	4401919
309455	4401923
309456	4401941
309457	4401949
309458	4401979
309459	4401983
309460	4401989
309461	4402003
309462	4402007
309463	4402009
309464	4402019
309465	4402033
309466	4402037
309467	4402043
309468	4402063
309469	4402081
309470	4402157
309471	4402159
309472	4402169
309473	4402193
309474	4402199
309475	4402219
309476	4402241
309477	4402247
309478	4402249
309479	4402253
309480	4402259
309481	4402271
309482	4402273
309483	4402283
309484	4402291
309485	4402327
309486	4402351
309487	4402373
309488	4402379
309489	4402381
309490	4402393
309491	4402399
309492	4402421
309493	4402423
309494	4402429
309495	4402441
309496	4402451
309497	4402459
309498	4402481
309499	4402493
309500	4402501
309501	4402511
309502	4402513
309503	4402543
309504	4402549
309505	4402561
309506	4402597
309507	4402613
309508	4402627
309509	4402633
309510	4402663
309511	4402669
309512	4402679
309513	4402681
309514	4402721
309515	4402747
309516	4402787
309517	4402789
309518	4402799
309519	4402807
309520	4402817
309521	4402823
309522	4402831
309523	4402841
309524	4402859
309525	4402861
309526	4402873
309527	4402877
309528	4402891
309529	4402897
309530	4402903
309531	4402933
309532	4402987
309533	4402991
309534	4402997
309535	4402999
309536	4403033
309537	4403053
309538	4403057
309539	4403059
309540	4403089
309541	4403093
309542	4403129
309543	4403149
309544	4403159
309545	4403167
309546	4403171
309547	4403183
309548	4403213
309549	4403219
309550	4403227
309551	4403237
309552	4403251
309553	4403257
309554	4403279
309555	4403291
309556	4403299
309557	4403309
309558	4403341
309559	4403393
309560	4403411
309561	4403429
309562	4403431
309563	4403461
309564	4403473
309565	4403489
309566	4403533
309567	4403537
309568	4403543
309569	4403569
309570	4403617
309571	4403627
309572	4403639
309573	4403647
309574	4403653
309575	4403657
309576	4403669
309577	4403677
309578	4403683
309579	4403689
309580	4403699
309581	4403713
309582	4403719
309583	4403747
309584	4403753
309585	4403783
309586	4403803
309587	4403821
309588	4403837
309589	4403849
309590	4403857
309591	4403881
309592	4403909
309593	4403923
309594	4403939
309595	4403951
309596	4403963
309597	4403981
309598	4403983
309599	4403989
309600	4404019
309601	4404047
309602	4404079
309603	4404107
309604	4404121
309605	4404133
309606	4404137
309607	4404149
309608	4404151
309609	4404157
309610	4404161
309611	4404167
309612	4404193
309613	4404251
309614	4404271
309615	4404287
309616	4404299
309617	4404319
309618	4404341
309619	4404347
309620	4404391
309621	4404397
309622	4404419
309623	4404427
309624	4404437
309625	4404451
309626	4404457
309627	4404469
309628	4404503
309629	4404551
309630	4404553
309631	4404557
309632	4404559
309633	4404583
309634	4404593
309635	4404623
309636	4404641
309637	4404643
309638	4404677
309639	4404679
309640	4404689
309641	4404691
309642	4404703
309643	4404709
309644	4404731
309645	4404733
309646	4404737
309647	4404773
309648	4404797
309649	4404809
309650	4404811
309651	4404817
309652	4404833
309653	4404847
309654	4404857
309655	4404859
309656	4404863
309657	4404889
309658	4404899
309659	4404929
309660	4404931
309661	4404943
309662	4404971
309663	4404973
309664	4404977
309665	4405003
309666	4405021
309667	4405031
309668	4405043
309669	4405067
309670	4405073
309671	4405097
309672	4405111
309673	4405127
309674	4405133
309675	4405147
309676	4405151
309677	4405153
309678	4405157
309679	4405189
309680	4405199
309681	4405217
309682	4405231
309683	4405243
309684	4405253
309685	4405267
309686	4405309
309687	4405333
309688	4405343
309689	4405367
309690	4405381
309691	4405403
309692	4405417
309693	4405421
309694	4405433
309695	4405439
309696	4405447
309697	4405459
309698	4405493
309699	4405501
309700	4405517
309701	4405523
309702	4405543
309703	4405547
309704	4405559
309705	4405571
309706	4405579
309707	4405591
309708	4405633
309709	4405637
309710	4405679
309711	4405691
309712	4405693
309713	4405697
309714	4405699
309715	4405717
309716	4405741
309717	4405747
309718	4405759
309719	4405789
309720	4405829
309721	4405831
309722	4405867
309723	4405871
309724	4405879
309725	4405913
309726	4405927
309727	4405979
309728	4405991
309729	4406021
309730	4406023
309731	4406069
309732	4406089
309733	4406093
309734	4406099
309735	4406141
309736	4406159
309737	4406177
309738	4406197
309739	4406201
309740	4406251
309741	4406267
309742	4406287
309743	4406291
309744	4406323
309745	4406329
309746	4406341
309747	4406351
309748	4406357
309749	4406359
309750	4406401
309751	4406411
309752	4406429
309753	4406431
309754	4406449
309755	4406453
309756	4406459
309757	4406477
309758	4406491
309759	4406503
309760	4406509
309761	4406513
309762	4406527
309763	4406531
309764	4406539
309765	4406551
309766	4406573
309767	4406599
309768	4406627
309769	4406653
309770	4406659
309771	4406671
309772	4406707
309773	4406713
309774	4406741
309775	4406747
309776	4406749
309777	4406797
309778	4406813
309779	4406819
309780	4406821
309781	4406827
309782	4406837
309783	4406839
309784	4406881
309785	4406891
309786	4406903
309787	4406911
309788	4406939
309789	4406947
309790	4406953
309791	4406957
309792	4406999
309793	4407017
309794	4407023
309795	4407071
309796	4407089
309797	4407103
309798	4407119
309799	4407127
309800	4407163
309801	4407203
309802	4407209
309803	4407211
309804	4407257
309805	4407269
309806	4407287
309807	4407289
309808	4407307
309809	4407313
309810	4407317
309811	4407323
309812	4407343
309813	4407349
309814	4407367
309815	4407397
309816	4407401
309817	4407409
309818	4407413
309819	4407419
309820	4407439
309821	4407463
309822	4407479
309823	4407493
309824	4407497
309825	4407509
309826	4407523
309827	4407577
309828	4407581
309829	4407589
309830	4407593
309831	4407653
309832	4407671
309833	4407691
309834	4407719
309835	4407731
309836	4407761
309837	4407763
309838	4407779
309839	4407817
309840	4407827
309841	4407839
309842	4407857
309843	4407883
309844	4407917
309845	4407929
309846	4407937
309847	4407961
309848	4407967
309849	4408007
309850	4408031
309851	4408039
309852	4408073
309853	4408093
309854	4408097
309855	4408099
309856	4408109
309857	4408123
309858	4408139
309859	4408141
309860	4408147
309861	4408153
309862	4408163
309863	4408199
309864	4408267
309865	4408277
309866	4408289
309867	4408301
309868	4408307
309869	4408309
309870	4408331
309871	4408333
309872	4408337
309873	4408343
309874	4408363
309875	4408427
309876	4408429
309877	4408451
309878	4408483
309879	4408499
309880	4408501
309881	4408517
309882	4408561
309883	4408577
309884	4408583
309885	4408597
309886	4408601
309887	4408619
309888	4408637
309889	4408639
309890	4408643
309891	4408681
309892	4408687
309893	4408693
309894	4408697
309895	4408739
309896	4408757
309897	4408759
309898	4408769
309899	4408777
309900	4408787
309901	4408813
309902	4408837
309903	4408849
309904	4408861
309905	4408867
309906	4408889
309907	4408891
309908	4408903
309909	4408909
309910	4408951
309911	4408961
309912	4408973
309913	4408991
309914	4408993
309915	4408997
309916	4409003
309917	4409033
309918	4409063
309919	4409081
309920	4409087
309921	4409101
309922	4409107
309923	4409113
309924	4409143
309925	4409183
309926	4409221
309927	4409257
309928	4409269
309929	4409281
309930	4409287
309931	4409291
309932	4409297
309933	4409299
309934	4409303
309935	4409333
309936	4409371
309937	4409381
309938	4409389
309939	4409393
309940	4409411
309941	4409437
309942	4409453
309943	4409459
309944	4409473
309945	4409513
309946	4409519
309947	4409527
309948	4409551
309949	4409557
309950	4409569
309951	4409609
309952	4409611
309953	4409633
309954	4409651
309955	4409677
309956	4409687
309957	4409723
309958	4409737
309959	4409747
309960	4409753
309961	4409773
309962	4409777
309963	4409803
309964	4409807
309965	4409809
309966	4409849
309967	4409887
309968	4409891
309969	4409897
309970	4409903
309971	4409917
309972	4409921
309973	4409927
309974	4409939
309975	4409941
309976	4409981
309977	4410019
309978	4410041
309979	4410047
309980	4410061
309981	4410079
309982	4410097
309983	4410101
309984	4410103
309985	4410113
309986	4410121
309987	4410127
309988	4410137
309989	4410139
309990	4410143
309991	4410163
309992	4410173
309993	4410187
309994	4410193
309995	4410199
309996	4410221
309997	4410229
309998	4410253
309999	4410283
310000	4410317
