311001	4425133
311002	4425143
311003	4425181
311004	4425221
311005	4425227
311006	4425229
311007	4425241
311008	4425251
311009	4425257
311010	4425293
311011	4425299
311012	4425307
311013	4425329
311014	4425349
311015	4425353
311016	4425373
311017	4425391
311018	4425397
311019	4425401
311020	4425403
311021	4425409
311022	4425427
311023	4425433
311024	4425437
311025	4425497
311026	4425503
311027	4425521
311028	4425539
311029	4425541
311030	4425571
311031	4425587
311032	4425599
311033	4425623
311034	4425647
311035	4425671
311036	4425677
311037	4425679
311038	4425691
311039	4425697
311040	4425709
311041	4425713
311042	4425721
311043	4425737
311044	4425739
311045	4425749
311046	4425779
311047	4425781
311048	4425787
311049	4425791
311050	4425833
311051	4425851
311052	4425853
311053	4425877
311054	4425887
311055	4425907
311056	4425919
311057	4425923
311058	4425929
311059	4425931
311060	4425979
311061	4425983
311062	4425989
311063	4425997
311064	4426007
311065	4426021
311066	4426049
311067	4426057
311068	4426091
311069	4426109
311070	4426117
311071	4426129
311072	4426139
311073	4426151
311074	4426157
311075	4426159
311076	4426181
311077	4426193
311078	4426223
311079	4426231
311080	4426249
311081	4426277
311082	4426283
311083	4426309
311084	4426313
311085	4426337
311086	4426349
311087	4426361
311088	4426363
311089	4426369
311090	4426379
311091	4426417
311092	4426423
311093	4426441
311094	4426451
311095	4426481
311096	4426493
311097	4426517
311098	4426529
311099	4426561
311100	4426571
311101	4426573
311102	4426577
311103	4426627
311104	4426651
311105	4426663
311106	4426673
311107	4426699
311108	4426739
311109	4426777
311110	4426781
311111	4426813
311112	4426843
311113	4426847
311114	4426853
311115	4426859
311116	4426861
311117	4426889
311118	4426901
311119	4426907
311120	4426909
311121	4426913
311122	4426927
311123	4426957
311124	4426967
311125	4426993
311126	4426999
311127	4427009
311128	4427029
311129	4427039
311130	4427041
311131	4427047
311132	4427051
311133	4427069
311134	4427077
311135	4427083
311136	4427107
311137	4427113
311138	4427117
311139	4427119
311140	4427131
311141	4427147
311142	4427149
311143	4427167
311144	4427173
311145	4427251
311146	4427261
311147	4427263
311148	4427273
311149	4427279
311150	4427281
311151	4427287
311152	4427299
311153	4427329
311154	4427341
311155	4427369
311156	4427393
311157	4427417
311158	4427443
311159	4427491
311160	4427503
311161	4427509
311162	4427519
311163	4427543
311164	4427587
311165	4427597
311166	4427609
311167	4427611
311168	4427617
311169	4427623
311170	4427629
311171	4427639
311172	4427641
311173	4427659
311174	4427681
311175	4427711
311176	4427719
311177	4427723
311178	4427737
311179	4427747
311180	4427771
311181	4427777
311182	4427789
311183	4427809
311184	4427831
311185	4427849
311186	4427851
311187	4427879
311188	4427881
311189	4427887
311190	4427911
311191	4427921
311192	4427933
311193	4427957
311194	4427971
311195	4428001
311196	4428013
311197	4428023
311198	4428031
311199	4428037
311200	4428043
311201	4428059
311202	4428079
311203	4428091
311204	4428103
311205	4428113
311206	4428139
311207	4428161
311208	4428163
311209	4428169
311210	4428181
311211	4428191
311212	4428223
311213	4428227
311214	4428233
311215	4428239
311216	4428247
311217	4428283
311218	4428289
311219	4428301
311220	4428317
311221	4428323
311222	4428331
311223	4428337
311224	4428353
311225	4428379
311226	4428383
311227	4428421
311228	4428427
311229	4428433
311230	4428439
311231	4428467
311232	4428469
311233	4428491
311234	4428497
311235	4428509
311236	4428511
311237	4428553
311238	4428559
311239	4428587
311240	4428601
311241	4428607
311242	4428643
311243	4428689
311244	4428701
311245	4428703
311246	4428709
311247	4428713
311248	4428737
311249	4428751
311250	4428773
311251	4428817
311252	4428821
311253	4428829
311254	4428833
311255	4428847
311256	4428859
311257	4428869
311258	4428883
311259	4428887
311260	4428899
311261	4428911
311262	4428913
311263	4428917
311264	4428947
311265	4428961
311266	4428971
311267	4429031
311268	4429037
311269	4429039
311270	4429049
311271	4429057
311272	4429069
311273	4429079
311274	4429093
311275	4429171
311276	4429211
311277	4429213
311278	4429237
311279	4429253
311280	4429259
311281	4429273
311282	4429277
311283	4429289
311284	4429291
311285	4429297
311286	4429331
311287	4429343
311288	4429349
311289	4429351
311290	4429357
311291	4429391
311292	4429417
311293	4429427
311294	4429429
311295	4429457
311296	4429459
311297	4429463
311298	4429471
311299	4429483
311300	4429493
311301	4429499
311302	4429511
311303	4429531
311304	4429549
311305	4429553
311306	4429561
311307	4429583
311308	4429589
311309	4429591
311310	4429597
311311	4429631
311312	4429643
311313	4429657
311314	4429669
311315	4429723
311316	4429739
311317	4429753
311318	4429757
311319	4429769
311320	4429771
311321	4429783
311322	4429787
311323	4429801
311324	4429811
311325	4429813
311326	4429819
311327	4429829
311328	4429853
311329	4429861
311330	4429871
311331	4429883
311332	4429933
311333	4429937
311334	4429963
311335	4429969
311336	4429981
311337	4429987
311338	4429991
311339	4430017
311340	4430033
311341	4430039
311342	4430051
311343	4430093
311344	4430113
311345	4430137
311346	4430143
311347	4430147
311348	4430159
311349	4430171
311350	4430201
311351	4430213
311352	4430219
311353	4430221
311354	4430227
311355	4430263
311356	4430273
311357	4430299
311358	4430311
311359	4430351
311360	4430411
311361	4430431
311362	4430441
311363	4430473
311364	4430479
311365	4430483
311366	4430507
311367	4430561
311368	4430563
311369	4430593
311370	4430597
311371	4430599
311372	4430603
311373	4430609
311374	4430611
311375	4430653
311376	4430663
311377	4430689
311378	4430711
311379	4430719
311380	4430729
311381	4430731
311382	4430749
311383	4430753
311384	4430771
311385	4430773
311386	4430779
311387	4430801
311388	4430807
311389	4430809
311390	4430837
311391	4430851
311392	4430869
311393	4430879
311394	4430887
311395	4430891
311396	4430941
311397	4430947
311398	4430963
311399	4430969
311400	4431001
311401	4431017
311402	4431023
311403	4431029
311404	4431059
311405	4431079
311406	4431103
311407	4431127
311408	4431131
311409	4431143
311410	4431149
311411	4431151
311412	4431187
311413	4431227
311414	4431241
311415	4431257
311416	4431269
311417	4431283
311418	4431289
311419	4431293
311420	4431307
311421	4431311
311422	4431367
311423	4431443
311424	4431457
311425	4431463
311426	4431487
311427	4431491
311428	4431499
311429	4431523
311430	4431533
311431	4431551
311432	4431563
311433	4431569
311434	4431587
311435	4431641
311436	4431643
311437	4431653
311438	4431659
311439	4431671
311440	4431673
311441	4431683
311442	4431697
311443	4431703
311444	4431719
311445	4431727
311446	4431733
311447	4431743
311448	4431787
311449	4431793
311450	4431799
311451	4431803
311452	4431811
311453	4431827
311454	4431829
311455	4431839
311456	4431841
311457	4431851
311458	4431857
311459	4431871
311460	4431899
311461	4431901
311462	4431923
311463	4431943
311464	4431949
311465	4431961
311466	4431989
311467	4431991
311468	4432007
311469	4432009
311470	4432069
311471	4432081
311472	4432091
311473	4432093
311474	4432097
311475	4432151
311476	4432177
311477	4432201
311478	4432217
311479	4432229
311480	4432243
311481	4432247
311482	4432249
311483	4432271
311484	4432279
311485	4432343
311486	4432357
311487	4432367
311488	4432381
311489	4432391
311490	4432457
311491	4432471
311492	4432513
311493	4432517
311494	4432531
311495	4432541
311496	4432559
311497	4432591
311498	4432607
311499	4432613
311500	4432619
311501	4432627
311502	4432657
311503	4432661
311504	4432667
311505	4432669
311506	4432693
311507	4432723
311508	4432739
311509	4432751
311510	4432759
311511	4432763
311512	4432793
311513	4432807
311514	4432817
311515	4432819
311516	4432829
311517	4432837
311518	4432843
311519	4432861
311520	4432873
311521	4432889
311522	4432943
311523	4432949
311524	4432963
311525	4432979
311526	4433021
311527	4433029
311528	4433047
311529	4433057
311530	4433059
311531	4433063
311532	4433069
311533	4433119
311534	4433129
311535	4433131
311536	4433147
311537	4433167
311538	4433173
311539	4433203
311540	4433237
311541	4433249
311542	4433263
311543	4433267
311544	4433269
311545	4433281
311546	4433287
311547	4433309
311548	4433333
311549	4433339
311550	4433381
311551	4433393
311552	4433399
311553	4433423
311554	4433449
311555	4433459
311556	4433467
311557	4433477
311558	4433489
311559	4433497
311560	4433519
311561	4433563
311562	4433567
311563	4433573
311564	4433581
311565	4433587
311566	4433603
311567	4433621
311568	4433623
311569	4433629
311570	4433633
311571	4433647
311572	4433657
311573	4433701
311574	4433729
311575	4433771
311576	4433809
311577	4433827
311578	4433833
311579	4433843
311580	4433881
311581	4433887
311582	4433893
311583	4433903
311584	4433911
311585	4433929
311586	4433941
311587	4433953
311588	4433959
311589	4433971
311590	4433977
311591	4433981
311592	4433999
311593	4434019
311594	4434041
311595	4434061
311596	4434077
311597	4434083
311598	4434097
311599	4434107
311600	4434119
311601	4434149
311602	4434173
311603	4434179
311604	4434181
311605	4434197
311606	4434251
311607	4434257
311608	4434259
311609	4434281
311610	4434299
311611	4434307
311612	4434329
311613	4434337
311614	4434341
311615	4434343
311616	4434371
311617	4434383
311618	4434421
311619	4434427
311620	4434431
311621	4434449
311622	4434473
311623	4434491
311624	4434503
311625	4434511
311626	4434527
311627	4434539
311628	4434541
311629	4434571
311630	4434629
311631	4434631
311632	4434673
311633	4434691
311634	4434697
311635	4434721
311636	4434737
311637	4434769
311638	4434799
311639	4434811
311640	4434817
311641	4434839
311642	4434851
311643	4434863
311644	4434877
311645	4434889
311646	4434901
311647	4434907
311648	4434949
311649	4434973
311650	4434979
311651	4435001
311652	4435031
311653	4435051
311654	4435087
311655	4435091
311656	4435097
311657	4435103
311658	4435111
311659	4435117
311660	4435121
311661	4435129
311662	4435133
311663	4435169
311664	4435177
311665	4435183
311666	4435237
311667	4435241
311668	4435243
311669	4435253
311670	4435259
311671	4435279
311672	4435313
311673	4435357
311674	4435367
311675	4435369
311676	4435373
311677	4435381
311678	4435397
311679	4435423
311680	4435429
311681	4435433
311682	4435439
311683	4435447
311684	4435451
311685	4435469
311686	4435477
311687	4435513
311688	4435549
311689	4435559
311690	4435567
311691	4435577
311692	4435609
311693	4435631
311694	4435643
311695	4435661
311696	4435663
311697	4435709
311698	4435723
311699	4435733
311700	4435741
311701	4435763
311702	4435777
311703	4435787
311704	4435801
311705	4435817
311706	4435889
311707	4435891
311708	4435897
311709	4435903
311710	4435919
311711	4435933
311712	4435939
311713	4435943
311714	4435961
311715	4435969
311716	4435993
311717	4436011
311718	4436017
311719	4436023
311720	4436039
311721	4436051
311722	4436059
311723	4436071
311724	4436093
311725	4436111
311726	4436119
311727	4436123
311728	4436143
311729	4436183
311730	4436207
311731	4436209
311732	4436219
311733	4436227
311734	4436231
311735	4436249
311736	4436251
311737	4436273
311738	4436287
311739	4436297
311740	4436321
311741	4436339
311742	4436351
311743	4436359
311744	4436363
311745	4436389
311746	4436407
311747	4436413
311748	4436431
311749	4436459
311750	4436461
311751	4436477
311752	4436483
311753	4436501
311754	4436521
311755	4436527
311756	4436567
311757	4436581
311758	4436587
311759	4436603
311760	4436639
311761	4436647
311762	4436657
311763	4436669
311764	4436687
311765	4436693
311766	4436699
311767	4436701
311768	4436737
311769	4436749
311770	4436759
311771	4436771
311772	4436801
311773	4436821
311774	4436827
311775	4436863
311776	4436879
311777	4436891
311778	4436893
311779	4436903
311780	4436909
311781	4436923
311782	4436933
311783	4436947
311784	4436959
311785	4436987
311786	4436989
311787	4437007
311788	4437011
311789	4437053
311790	4437067
311791	4437113
311792	4437131
311793	4437161
311794	4437163
311795	4437179
311796	4437197
311797	4437211
311798	4437217
311799	4437227
311800	4437259
311801	4437283
311802	4437311
311803	4437313
311804	4437337
311805	4437341
311806	4437347
311807	4437359
311808	4437361
311809	4437379
311810	4437383
311811	4437403
311812	4437409
311813	4437421
311814	4437427
311815	4437439
311816	4437443
311817	4437457
311818	4437463
311819	4437473
311820	4437479
311821	4437487
311822	4437491
311823	4437497
311824	4437523
311825	4437529
311826	4437539
311827	4437547
311828	4437593
311829	4437613
311830	4437617
311831	4437673
311832	4437677
311833	4437701
311834	4437703
311835	4437709
311836	4437721
311837	4437733
311838	4437737
311839	4437749
311840	4437751
311841	4437757
311842	4437767
311843	4437779
311844	4437857
311845	4437863
311846	4437869
311847	4437877
311848	4437883
311849	4437911
311850	4437913
311851	4437941
311852	4437943
311853	4437959
311854	4437967
311855	4437973
311856	4437977
311857	4437989
311858	4438009
311859	4438019
311860	4438033
311861	4438043
311862	4438051
311863	4438067
311864	4438079
311865	4438087
311866	4438097
311867	4438111
311868	4438117
311869	4438123
311870	4438151
311871	4438169
311872	4438171
311873	4438183
311874	4438199
311875	4438201
311876	4438211
311877	4438219
311878	4438223
311879	4438237
311880	4438271
311881	4438279
311882	4438283
311883	4438303
311884	4438321
311885	4438339
311886	4438349
311887	4438361
311888	4438391
311889	4438397
311890	4438451
311891	4438463
311892	4438481
311893	4438501
311894	4438507
311895	4438529
311896	4438541
311897	4438559
311898	4438573
311899	4438583
311900	4438597
311901	4438601
311902	4438613
311903	4438639
311904	4438667
311905	4438691
311906	4438699
311907	4438703
311908	4438739
311909	4438741
311910	4438771
311911	4438789
311912	4438813
311913	4438823
311914	4438829
311915	4438831
311916	4438843
311917	4438867
311918	4438871
311919	4438891
311920	4438901
311921	4438919
311922	4438939
311923	4438949
311924	4438961
311925	4438963
311926	4438981
311927	4438997
311928	4438999
311929	4439003
311930	4439033
311931	4439047
311932	4439063
311933	4439077
311934	4439081
311935	4439087
311936	4439119
311937	4439129
311938	4439137
311939	4439143
311940	4439167
311941	4439209
311942	4439213
311943	4439257
311944	4439269
311945	4439273
311946	4439287
311947	4439317
311948	4439341
311949	4439377
311950	4439381
311951	4439389
311952	4439401
311953	4439411
311954	4439419
311955	4439423
311956	4439429
311957	4439443
311958	4439447
311959	4439453
311960	4439473
311961	4439503
311962	4439507
311963	4439509
311964	4439531
311965	4439543
311966	4439569
311967	4439627
311968	4439653
311969	4439663
311970	4439671
311971	4439693
311972	4439717
311973	4439719
311974	4439723
311975	4439777
311976	4439797
311977	4439801
311978	4439807
311979	4439821
311980	4439833
311981	4439837
311982	4439857
311983	4439861
311984	4439867
311985	4439887
311986	4439899
311987	4439909
311988	4439917
311989	4439921
311990	4439923
311991	4439947
311992	4439951
311993	4439971
311994	4439993
311995	4440001
311996	4440011
311997	4440017
311998	4440019
311999	4440031
312000	4440041
