312001	4440049
312002	4440067
312003	4440071
312004	4440089
312005	4440131
312006	4440133
312007	4440169
312008	4440187
312009	4440193
312010	4440197
312011	4440199
312012	4440209
312013	4440221
312014	4440239
312015	4440253
312016	4440257
312017	4440323
312018	4440343
312019	4440367
312020	4440379
312021	4440389
312022	4440413
312023	4440421
312024	4440427
312025	4440437
312026	4440439
312027	4440461
312028	4440479
312029	4440487
312030	4440497
312031	4440503
312032	4440521
312033	4440523
312034	4440529
312035	4440571
312036	4440613
312037	4440619
312038	4440637
312039	4440641
312040	4440659
312041	4440673
312042	4440677
312043	4440691
312044	4440707
312045	4440721
312046	4440727
312047	4440731
312048	4440763
312049	4440767
312050	4440773
312051	4440797
312052	4440803
312053	4440823
312054	4440841
312055	4440847
312056	4440881
312057	4440899
312058	4440901
312059	4440913
312060	4440929
312061	4440937
312062	4440959
312063	4440991
312064	4441007
312065	4441009
312066	4441033
312067	4441037
312068	4441043
312069	4441103
312070	4441109
312071	4441111
312072	4441133
312073	4441159
312074	4441163
312075	4441187
312076	4441207
312077	4441211
312078	4441219
312079	4441237
312080	4441271
312081	4441279
312082	4441289
312083	4441303
312084	4441309
312085	4441313
312086	4441351
312087	4441357
312088	4441361
312089	4441387
312090	4441397
312091	4441399
312092	4441417
312093	4441433
312094	4441439
312095	4441441
312096	4441447
312097	4441457
312098	4441477
312099	4441483
312100	4441499
312101	4441523
312102	4441529
312103	4441531
312104	4441543
312105	4441561
312106	4441589
312107	4441597
312108	4441601
312109	4441621
312110	4441627
312111	4441643
312112	4441663
312113	4441667
312114	4441673
312115	4441693
312116	4441721
312117	4441729
312118	4441733
312119	4441747
312120	4441751
312121	4441757
312122	4441769
312123	4441793
312124	4441823
312125	4441841
312126	4441849
312127	4441867
312128	4441883
312129	4441903
312130	4441909
312131	4441919
312132	4441939
312133	4441949
312134	4441963
312135	4441979
312136	4441999
312137	4442003
312138	4442027
312139	4442041
312140	4442047
312141	4442069
312142	4442071
312143	4442093
312144	4442099
312145	4442101
312146	4442107
312147	4442131
312148	4442159
312149	4442161
312150	4442171
312151	4442189
312152	4442209
312153	4442213
312154	4442231
312155	4442233
312156	4442261
312157	4442267
312158	4442279
312159	4442303
312160	4442311
312161	4442327
312162	4442357
312163	4442363
312164	4442387
312165	4442401
312166	4442413
312167	4442429
312168	4442437
312169	4442441
312170	4442443
312171	4442453
312172	4442483
312173	4442489
312174	4442507
312175	4442521
312176	4442527
312177	4442531
312178	4442549
312179	4442551
312180	4442573
312181	4442609
312182	4442623
312183	4442639
312184	4442663
312185	4442681
312186	4442689
312187	4442743
312188	4442777
312189	4442807
312190	4442819
312191	4442839
312192	4442843
312193	4442861
312194	4442869
312195	4442897
312196	4442909
312197	4442917
312198	4442927
312199	4442929
312200	4442939
312201	4442953
312202	4442987
312203	4442989
312204	4442993
312205	4443037
312206	4443041
312207	4443079
312208	4443083
312209	4443097
312210	4443107
312211	4443121
312212	4443139
312213	4443143
312214	4443157
312215	4443181
312216	4443191
312217	4443203
312218	4443221
312219	4443227
312220	4443247
312221	4443253
312222	4443259
312223	4443289
312224	4443311
312225	4443331
312226	4443353
312227	4443371
312228	4443379
312229	4443391
312230	4443401
312231	4443403
312232	4443419
312233	4443421
312234	4443431
312235	4443433
312236	4443463
312237	4443487
312238	4443493
312239	4443497
312240	4443529
312241	4443533
312242	4443541
312243	4443553
312244	4443557
312245	4443559
312246	4443563
312247	4443581
312248	4443599
312249	4443601
312250	4443619
312251	4443631
312252	4443653
312253	4443689
312254	4443707
312255	4443713
312256	4443743
312257	4443767
312258	4443781
312259	4443793
312260	4443797
312261	4443809
312262	4443827
312263	4443841
312264	4443863
312265	4443877
312266	4443889
312267	4443893
312268	4443937
312269	4443941
312270	4443973
312271	4443983
312272	4444001
312273	4444049
312274	4444087
312275	4444091
312276	4444109
312277	4444127
312278	4444147
312279	4444159
312280	4444169
312281	4444171
312282	4444201
312283	4444207
312284	4444213
312285	4444217
312286	4444229
312287	4444241
312288	4444261
312289	4444289
312290	4444291
312291	4444331
312292	4444339
312293	4444357
312294	4444369
312295	4444381
312296	4444397
312297	4444409
312298	4444469
312299	4444471
312300	4444483
312301	4444487
312302	4444507
312303	4444519
312304	4444549
312305	4444591
312306	4444607
312307	4444621
312308	4444639
312309	4444663
312310	4444669
312311	4444697
312312	4444703
312313	4444711
312314	4444717
312315	4444729
312316	4444747
312317	4444753
312318	4444771
312319	4444787
312320	4444789
312321	4444793
312322	4444799
312323	4444807
312324	4444823
312325	4444829
312326	4444861
312327	4444877
312328	4444907
312329	4444943
312330	4444949
312331	4444967
312332	4444969
312333	4444991
312334	4445017
312335	4445027
312336	4445029
312337	4445047
312338	4445083
312339	4445087
312340	4445099
312341	4445113
312342	4445153
312343	4445159
312344	4445167
312345	4445197
312346	4445201
312347	4445227
312348	4445257
312349	4445267
312350	4445281
312351	4445303
312352	4445317
312353	4445321
312354	4445333
312355	4445387
312356	4445393
312357	4445429
312358	4445437
312359	4445443
312360	4445447
312361	4445453
312362	4445459
312363	4445477
312364	4445479
312365	4445491
312366	4445501
312367	4445503
312368	4445521
312369	4445527
312370	4445531
312371	4445543
312372	4445557
312373	4445561
312374	4445569
312375	4445593
312376	4445603
312377	4445621
312378	4445629
312379	4445633
312380	4445657
312381	4445659
312382	4445663
312383	4445681
312384	4445711
312385	4445719
312386	4445723
312387	4445737
312388	4445767
312389	4445797
312390	4445821
312391	4445839
312392	4445849
312393	4445851
312394	4445869
312395	4445879
312396	4445921
312397	4445933
312398	4445939
312399	4445941
312400	4445953
312401	4445983
312402	4446007
312403	4446037
312404	4446047
312405	4446067
312406	4446073
312407	4446097
312408	4446103
312409	4446119
312410	4446131
312411	4446137
312412	4446161
312413	4446191
312414	4446203
312415	4446217
312416	4446241
312417	4446259
312418	4446269
312419	4446293
312420	4446317
312421	4446319
312422	4446331
312423	4446347
312424	4446353
312425	4446359
312426	4446371
312427	4446373
312428	4446389
312429	4446413
312430	4446419
312431	4446427
312432	4446433
312433	4446451
312434	4446457
312435	4446461
312436	4446467
312437	4446499
312438	4446509
312439	4446553
312440	4446581
312441	4446583
312442	4446593
312443	4446601
312444	4446641
312445	4446643
312446	4446661
312447	4446667
312448	4446677
312449	4446679
312450	4446683
312451	4446721
312452	4446731
312453	4446763
312454	4446769
312455	4446787
312456	4446821
312457	4446823
312458	4446829
312459	4446853
312460	4446863
312461	4446887
312462	4446899
312463	4446971
312464	4446977
312465	4446997
312466	4447019
312467	4447031
312468	4447033
312469	4447049
312470	4447061
312471	4447099
312472	4447109
312473	4447117
312474	4447151
312475	4447153
312476	4447169
312477	4447171
312478	4447181
312479	4447199
312480	4447207
312481	4447249
312482	4447253
312483	4447297
312484	4447301
312485	4447321
312486	4447423
312487	4447427
312488	4447433
312489	4447439
312490	4447453
312491	4447459
312492	4447483
312493	4447493
312494	4447507
312495	4447529
312496	4447537
312497	4447543
312498	4447549
312499	4447559
312500	4447589
312501	4447607
312502	4447609
312503	4447627
312504	4447637
312505	4447649
312506	4447679
312507	4447687
312508	4447697
312509	4447739
312510	4447747
312511	4447753
312512	4447757
312513	4447769
312514	4447783
312515	4447801
312516	4447811
312517	4447819
312518	4447823
312519	4447841
312520	4447847
312521	4447853
312522	4447871
312523	4447879
312524	4447889
312525	4447903
312526	4447907
312527	4447909
312528	4447913
312529	4447943
312530	4447987
312531	4447997
312532	4448009
312533	4448011
312534	4448021
312535	4448023
312536	4448027
312537	4448077
312538	4448089
312539	4448099
312540	4448111
312541	4448113
312542	4448117
312543	4448149
312544	4448167
312545	4448179
312546	4448183
312547	4448207
312548	4448231
312549	4448239
312550	4448267
312551	4448273
312552	4448287
312553	4448291
312554	4448317
312555	4448321
312556	4448333
312557	4448347
312558	4448357
312559	4448359
312560	4448371
312561	4448383
312562	4448419
312563	4448443
312564	4448447
312565	4448501
312566	4448533
312567	4448537
312568	4448539
312569	4448557
312570	4448573
312571	4448579
312572	4448657
312573	4448671
312574	4448677
312575	4448699
312576	4448701
312577	4448723
312578	4448749
312579	4448797
312580	4448813
312581	4448833
312582	4448837
312583	4448863
312584	4448881
312585	4448921
312586	4448929
312587	4448933
312588	4448947
312589	4448957
312590	4448989
312591	4449017
312592	4449023
312593	4449037
312594	4449077
312595	4449079
312596	4449083
312597	4449103
312598	4449113
312599	4449119
312600	4449127
312601	4449163
312602	4449227
312603	4449233
312604	4449239
312605	4449259
312606	4449283
312607	4449299
312608	4449301
312609	4449307
312610	4449317
312611	4449323
312612	4449329
312613	4449331
312614	4449343
312615	4449371
312616	4449391
312617	4449397
312618	4449407
312619	4449409
312620	4449413
312621	4449421
312622	4449433
312623	4449449
312624	4449457
312625	4449469
312626	4449479
312627	4449481
312628	4449491
312629	4449493
312630	4449503
312631	4449521
312632	4449527
312633	4449539
312634	4449541
312635	4449551
312636	4449559
312637	4449589
312638	4449593
312639	4449617
312640	4449619
312641	4449637
312642	4449659
312643	4449661
312644	4449691
312645	4449701
312646	4449749
312647	4449751
312648	4449763
312649	4449773
312650	4449793
312651	4449799
312652	4449811
312653	4449817
312654	4449821
312655	4449829
312656	4449859
312657	4449871
312658	4449877
312659	4449883
312660	4449899
312661	4449901
312662	4449919
312663	4449923
312664	4449947
312665	4449983
312666	4449997
312667	4450003
312668	4450013
312669	4450031
312670	4450051
312671	4450057
312672	4450097
312673	4450111
312674	4450129
312675	4450139
312676	4450151
312677	4450163
312678	4450169
312679	4450177
312680	4450213
312681	4450261
312682	4450273
312683	4450283
312684	4450291
312685	4450297
312686	4450301
312687	4450319
312688	4450331
312689	4450333
312690	4450337
312691	4450349
312692	4450373
312693	4450399
312694	4450409
312695	4450441
312696	4450487
312697	4450489
312698	4450507
312699	4450517
312700	4450519
312701	4450553
312702	4450561
312703	4450573
312704	4450603
312705	4450613
312706	4450627
312707	4450637
312708	4450657
312709	4450669
312710	4450679
312711	4450681
312712	4450687
312713	4450697
312714	4450703
312715	4450711
312716	4450729
312717	4450739
312718	4450751
312719	4450757
312720	4450811
312721	4450829
312722	4450847
312723	4450861
312724	4450871
312725	4450909
312726	4450913
312727	4450931
312728	4450933
312729	4450951
312730	4450961
312731	4450967
312732	4450981
312733	4451017
312734	4451023
312735	4451053
312736	4451071
312737	4451081
312738	4451087
312739	4451119
312740	4451129
312741	4451141
312742	4451179
312743	4451191
312744	4451219
312745	4451257
312746	4451261
312747	4451269
312748	4451273
312749	4451281
312750	4451299
312751	4451309
312752	4451341
312753	4451357
312754	4451387
312755	4451389
312756	4451393
312757	4451401
312758	4451407
312759	4451423
312760	4451429
312761	4451437
312762	4451441
312763	4451449
312764	4451459
312765	4451479
312766	4451483
312767	4451527
312768	4451533
312769	4451537
312770	4451543
312771	4451563
312772	4451591
312773	4451593
312774	4451599
312775	4451611
312776	4451617
312777	4451633
312778	4451639
312779	4451653
312780	4451677
312781	4451701
312782	4451723
312783	4451743
312784	4451767
312785	4451779
312786	4451791
312787	4451813
312788	4451827
312789	4451849
312790	4451891
312791	4451893
312792	4451921
312793	4451929
312794	4451939
312795	4451957
312796	4451983
312797	4451999
312798	4452001
312799	4452013
312800	4452017
312801	4452043
312802	4452073
312803	4452131
312804	4452139
312805	4452143
312806	4452157
312807	4452187
312808	4452191
312809	4452209
312810	4452211
312811	4452229
312812	4452233
312813	4452241
312814	4452257
312815	4452277
312816	4452293
312817	4452307
312818	4452337
312819	4452347
312820	4452353
312821	4452379
312822	4452391
312823	4452407
312824	4452431
312825	4452433
312826	4452443
312827	4452449
312828	4452473
312829	4452491
312830	4452509
312831	4452523
312832	4452533
312833	4452571
312834	4452599
312835	4452647
312836	4452649
312837	4452653
312838	4452673
312839	4452683
312840	4452719
312841	4452727
312842	4452737
312843	4452739
312844	4452743
312845	4452751
312846	4452761
312847	4452769
312848	4452797
312849	4452803
312850	4452829
312851	4452841
312852	4452857
312853	4452881
312854	4452893
312855	4452919
312856	4452941
312857	4452947
312858	4452953
312859	4453013
312860	4453063
312861	4453067
312862	4453069
312863	4453081
312864	4453093
312865	4453121
312866	4453129
312867	4453139
312868	4453147
312869	4453159
312870	4453171
312871	4453177
312872	4453187
312873	4453213
312874	4453223
312875	4453231
312876	4453259
312877	4453271
312878	4453291
312879	4453321
312880	4453331
312881	4453349
312882	4453387
312883	4453399
312884	4453403
312885	4453409
312886	4453417
312887	4453433
312888	4453441
312889	4453451
312890	4453457
312891	4453481
312892	4453483
312893	4453487
312894	4453489
312895	4453499
312896	4453517
312897	4453567
312898	4453573
312899	4453583
312900	4453591
312901	4453613
312902	4453621
312903	4453637
312904	4453663
312905	4453681
312906	4453693
312907	4453703
312908	4453717
312909	4453747
312910	4453751
312911	4453769
312912	4453777
312913	4453781
312914	4453807
312915	4453817
312916	4453837
312917	4453853
312918	4453859
312919	4453877
312920	4453903
312921	4453909
312922	4453913
312923	4453919
312924	4453931
312925	4453937
312926	4453951
312927	4453957
312928	4453963
312929	4453991
312930	4453997
312931	4454003
312932	4454027
312933	4454041
312934	4454059
312935	4454071
312936	4454077
312937	4454083
312938	4454101
312939	4454141
312940	4454147
312941	4454179
312942	4454207
312943	4454209
312944	4454213
312945	4454239
312946	4454269
312947	4454273
312948	4454291
312949	4454293
312950	4454299
312951	4454321
312952	4454339
312953	4454353
312954	4454369
312955	4454377
312956	4454381
312957	4454383
312958	4454399
312959	4454407
312960	4454423
312961	4454447
312962	4454449
312963	4454473
312964	4454477
312965	4454501
312966	4454521
312967	4454537
312968	4454543
312969	4454551
312970	4454563
312971	4454579
312972	4454599
312973	4454621
312974	4454657
312975	4454687
312976	4454699
312977	4454711
312978	4454741
312979	4454767
312980	4454771
312981	4454783
312982	4454789
312983	4454819
312984	4454839
312985	4454861
312986	4454869
312987	4454881
312988	4454887
312989	4454903
312990	4454921
312991	4454927
312992	4454959
312993	4454963
312994	4454977
312995	4454993
312996	4455001
312997	4455007
312998	4455023
312999	4455029
313000	4455043
