313001	4455079
313002	4455091
313003	4455097
313004	4455107
313005	4455119
313006	4455151
313007	4455161
313008	4455167
313009	4455181
313010	4455203
313011	4455221
313012	4455223
313013	4455229
313014	4455239
313015	4455259
313016	4455301
313017	4455323
313018	4455331
313019	4455361
313020	4455371
313021	4455383
313022	4455391
313023	4455397
313024	4455403
313025	4455461
313026	4455467
313027	4455469
313028	4455487
313029	4455497
313030	4455509
313031	4455527
313032	4455533
313033	4455559
313034	4455569
313035	4455611
313036	4455631
313037	4455637
313038	4455641
313039	4455667
313040	4455691
313041	4455707
313042	4455719
313043	4455743
313044	4455749
313045	4455761
313046	4455769
313047	4455779
313048	4455793
313049	4455797
313050	4455833
313051	4455851
313052	4455863
313053	4455877
313054	4455881
313055	4455901
313056	4455911
313057	4455949
313058	4455953
313059	4455959
313060	4455967
313061	4455973
313062	4455977
313063	4455991
313064	4456007
313065	4456063
313066	4456079
313067	4456121
313068	4456147
313069	4456183
313070	4456189
313071	4456213
313072	4456223
313073	4456297
313074	4456301
313075	4456327
313076	4456339
313077	4456349
313078	4456357
313079	4456367
313080	4456369
313081	4456373
313082	4456421
313083	4456427
313084	4456429
313085	4456433
313086	4456451
313087	4456453
313088	4456511
313089	4456513
313090	4456541
313091	4456547
313092	4456553
313093	4456559
313094	4456561
313095	4456579
313096	4456589
313097	4456609
313098	4456619
313099	4456631
313100	4456643
313101	4456651
313102	4456663
313103	4456679
313104	4456693
313105	4456709
313106	4456769
313107	4456783
313108	4456787
313109	4456789
313110	4456799
313111	4456819
313112	4456831
313113	4456847
313114	4456861
313115	4456867
313116	4456877
313117	4456889
313118	4456891
313119	4456897
313120	4456931
313121	4456937
313122	4456939
313123	4456951
313124	4456957
313125	4456961
313126	4456973
313127	4456997
313128	4457093
313129	4457099
313130	4457113
313131	4457129
313132	4457143
313133	4457171
313134	4457197
313135	4457203
313136	4457221
313137	4457249
313138	4457263
313139	4457269
313140	4457287
313141	4457293
313142	4457303
313143	4457311
313144	4457317
313145	4457347
313146	4457357
313147	4457359
313148	4457371
313149	4457389
313150	4457399
313151	4457407
313152	4457413
313153	4457429
313154	4457437
313155	4457447
313156	4457449
313157	4457461
313158	4457471
313159	4457473
313160	4457477
313161	4457489
313162	4457491
313163	4457507
313164	4457539
313165	4457543
313166	4457549
313167	4457597
313168	4457603
313169	4457611
313170	4457623
313171	4457639
313172	4457657
313173	4457683
313174	4457693
313175	4457729
313176	4457753
313177	4457759
313178	4457771
313179	4457801
313180	4457813
313181	4457839
313182	4457857
313183	4457867
313184	4457881
313185	4457897
313186	4457911
313187	4457923
313188	4457933
313189	4457953
313190	4457977
313191	4457983
313192	4457987
313193	4458001
313194	4458043
313195	4458071
313196	4458073
313197	4458101
313198	4458109
313199	4458127
313200	4458133
313201	4458151
313202	4458163
313203	4458169
313204	4458187
313205	4458193
313206	4458253
313207	4458263
313208	4458269
313209	4458281
313210	4458287
313211	4458313
313212	4458317
313213	4458319
313214	4458359
313215	4458361
313216	4458367
313217	4458371
313218	4458379
313219	4458409
313220	4458457
313221	4458473
313222	4458491
313223	4458497
313224	4458499
313225	4458529
313226	4458533
313227	4458557
313228	4458563
313229	4458569
313230	4458599
313231	4458617
313232	4458647
313233	4458653
313234	4458659
313235	4458661
313236	4458667
313237	4458697
313238	4458737
313239	4458739
313240	4458793
313241	4458809
313242	4458821
313243	4458827
313244	4458829
313245	4458841
313246	4458877
313247	4458887
313248	4458889
313249	4458893
313250	4458899
313251	4458911
313252	4458919
313253	4458929
313254	4458931
313255	4458959
313256	4458967
313257	4458983
313258	4458991
313259	4459001
313260	4459003
313261	4459027
313262	4459073
313263	4459099
313264	4459141
313265	4459157
313266	4459159
313267	4459163
313268	4459177
313269	4459193
313270	4459199
313271	4459211
313272	4459237
313273	4459241
313274	4459267
313275	4459303
313276	4459333
313277	4459339
313278	4459361
313279	4459363
313280	4459369
313281	4459373
313282	4459379
313283	4459409
313284	4459451
313285	4459519
313286	4459531
313287	4459541
313288	4459549
313289	4459561
313290	4459577
313291	4459589
313292	4459597
313293	4459601
313294	4459603
313295	4459619
313296	4459639
313297	4459657
313298	4459667
313299	4459669
313300	4459687
313301	4459709
313302	4459711
313303	4459717
313304	4459727
313305	4459733
313306	4459739
313307	4459747
313308	4459757
313309	4459759
313310	4459781
313311	4459799
313312	4459811
313313	4459817
313314	4459841
313315	4459849
313316	4459891
313317	4459901
313318	4459921
313319	4459951
313320	4459981
313321	4459993
313322	4460009
313323	4460023
313324	4460039
313325	4460077
313326	4460083
313327	4460107
313328	4460111
313329	4460119
313330	4460147
313331	4460153
313332	4460161
313333	4460167
313334	4460173
313335	4460177
313336	4460191
313337	4460207
313338	4460219
313339	4460237
313340	4460243
313341	4460251
313342	4460279
313343	4460297
313344	4460303
313345	4460327
313346	4460353
313347	4460359
313348	4460369
313349	4460377
313350	4460399
313351	4460411
313352	4460429
313353	4460437
313354	4460447
313355	4460453
313356	4460471
313357	4460479
313358	4460483
313359	4460537
313360	4460549
313361	4460557
313362	4460581
313363	4460587
313364	4460593
313365	4460623
313366	4460633
313367	4460641
313368	4460653
313369	4460657
313370	4460699
313371	4460711
313372	4460713
313373	4460741
313374	4460761
313375	4460767
313376	4460773
313377	4460779
313378	4460803
313379	4460837
313380	4460879
313381	4460891
313382	4460899
313383	4460903
313384	4460909
313385	4460917
313386	4460921
313387	4460941
313388	4460959
313389	4460971
313390	4460977
313391	4460999
313392	4461007
313393	4461019
313394	4461031
313395	4461047
313396	4461059
313397	4461073
313398	4461091
313399	4461109
313400	4461161
313401	4461203
313402	4461211
313403	4461221
313404	4461227
313405	4461253
313406	4461277
313407	4461283
313408	4461307
313409	4461313
313410	4461319
313411	4461341
313412	4461377
313413	4461419
313414	4461421
313415	4461433
313416	4461439
313417	4461449
313418	4461451
313419	4461461
313420	4461491
313421	4461493
313422	4461539
313423	4461547
313424	4461553
313425	4461577
313426	4461617
313427	4461623
313428	4461641
313429	4461643
313430	4461649
313431	4461671
313432	4461673
313433	4461689
313434	4461703
313435	4461707
313436	4461727
313437	4461733
313438	4461749
313439	4461763
313440	4461767
313441	4461773
313442	4461791
313443	4461797
313444	4461811
313445	4461817
313446	4461823
313447	4461869
313448	4461881
313449	4461887
313450	4461889
313451	4461893
313452	4461901
313453	4461913
313454	4461929
313455	4461943
313456	4461971
313457	4462009
313458	4462013
313459	4462021
313460	4462033
313461	4462037
313462	4462049
313463	4462091
313464	4462099
313465	4462121
313466	4462141
313467	4462151
313468	4462181
313469	4462187
313470	4462223
313471	4462231
313472	4462243
313473	4462261
313474	4462277
313475	4462307
313476	4462309
313477	4462319
313478	4462331
313479	4462343
313480	4462349
313481	4462361
313482	4462363
313483	4462373
313484	4462379
313485	4462387
313486	4462429
313487	4462457
313488	4462463
313489	4462489
313490	4462519
313491	4462531
313492	4462537
313493	4462567
313494	4462571
313495	4462589
313496	4462609
313497	4462637
313498	4462643
313499	4462651
313500	4462657
313501	4462673
313502	4462691
313503	4462693
313504	4462751
313505	4462753
313506	4462763
313507	4462771
313508	4462793
313509	4462811
313510	4462813
313511	4462817
313512	4462831
313513	4462837
313514	4462867
313515	4462877
313516	4462879
313517	4462883
313518	4462889
313519	4462919
313520	4462921
313521	4462949
313522	4462951
313523	4462957
313524	4462963
313525	4463003
313526	4463009
313527	4463023
313528	4463033
313529	4463057
313530	4463059
313531	4463111
313532	4463113
313533	4463117
313534	4463141
313535	4463143
313536	4463153
313537	4463177
313538	4463189
313539	4463191
313540	4463203
313541	4463209
313542	4463213
313543	4463243
313544	4463257
313545	4463317
313546	4463321
313547	4463341
313548	4463351
313549	4463363
313550	4463369
313551	4463377
313552	4463399
313553	4463413
313554	4463453
313555	4463467
313556	4463489
313557	4463497
313558	4463513
313559	4463521
313560	4463539
313561	4463549
313562	4463551
313563	4463567
313564	4463603
313565	4463611
313566	4463647
313567	4463663
313568	4463671
313569	4463729
313570	4463747
313571	4463761
313572	4463773
313573	4463779
313574	4463813
313575	4463827
313576	4463831
313577	4463857
313578	4463887
313579	4463903
313580	4463929
313581	4463947
313582	4463971
313583	4464007
313584	4464011
313585	4464017
313586	4464049
313587	4464071
313588	4464073
313589	4464079
313590	4464091
313591	4464101
313592	4464133
313593	4464157
313594	4464179
313595	4464181
313596	4464227
313597	4464233
313598	4464253
313599	4464269
313600	4464331
313601	4464337
313602	4464359
313603	4464371
313604	4464377
313605	4464379
313606	4464401
313607	4464413
313608	4464443
313609	4464451
313610	4464469
313611	4464491
313612	4464497
313613	4464511
313614	4464533
313615	4464547
313616	4464569
313617	4464571
313618	4464587
313619	4464623
313620	4464641
313621	4464643
313622	4464661
313623	4464673
313624	4464689
313625	4464721
313626	4464731
313627	4464739
313628	4464751
313629	4464763
313630	4464767
313631	4464781
313632	4464793
313633	4464799
313634	4464821
313635	4464839
313636	4464841
313637	4464853
313638	4464857
313639	4464877
313640	4464881
313641	4464893
313642	4464917
313643	4464937
313644	4464949
313645	4464959
313646	4464983
313647	4465009
313648	4465031
313649	4465037
313650	4465051
313651	4465063
313652	4465073
313653	4465093
313654	4465099
313655	4465103
313656	4465117
313657	4465127
313658	4465157
313659	4465177
313660	4465199
313661	4465207
313662	4465211
313663	4465231
313664	4465259
313665	4465273
313666	4465277
313667	4465291
313668	4465301
313669	4465319
313670	4465327
313671	4465343
313672	4465367
313673	4465369
313674	4465379
313675	4465387
313676	4465411
313677	4465429
313678	4465453
313679	4465459
313680	4465471
313681	4465499
313682	4465501
313683	4465537
313684	4465553
313685	4465561
313686	4465603
313687	4465607
313688	4465609
313689	4465619
313690	4465631
313691	4465639
313692	4465661
313693	4465667
313694	4465691
313695	4465693
313696	4465697
313697	4465723
313698	4465733
313699	4465763
313700	4465787
313701	4465801
313702	4465807
313703	4465819
313704	4465831
313705	4465837
313706	4465861
313707	4465907
313708	4465919
313709	4465957
313710	4465963
313711	4465973
313712	4466009
313713	4466017
313714	4466027
313715	4466039
313716	4466041
313717	4466051
313718	4466069
313719	4466093
313720	4466129
313721	4466131
313722	4466141
313723	4466149
313724	4466167
313725	4466191
313726	4466219
313727	4466221
313728	4466227
313729	4466239
313730	4466243
313731	4466249
313732	4466251
313733	4466299
313734	4466303
313735	4466323
313736	4466327
313737	4466339
313738	4466401
313739	4466411
313740	4466419
313741	4466443
313742	4466447
313743	4466459
313744	4466471
313745	4466491
313746	4466503
313747	4466507
313748	4466513
313749	4466521
313750	4466569
313751	4466591
313752	4466593
313753	4466617
313754	4466621
313755	4466639
313756	4466641
313757	4466719
313758	4466723
313759	4466741
313760	4466747
313761	4466771
313762	4466773
313763	4466779
313764	4466789
313765	4466837
313766	4466857
313767	4466863
313768	4466867
313769	4466873
313770	4466879
313771	4466911
313772	4466923
313773	4466939
313774	4466941
313775	4466951
313776	4466963
313777	4466981
313778	4466983
313779	4466989
313780	4466993
313781	4467011
313782	4467013
313783	4467017
313784	4467019
313785	4467041
313786	4467049
313787	4467053
313788	4467059
313789	4467077
313790	4467119
313791	4467137
313792	4467139
313793	4467181
313794	4467187
313795	4467191
313796	4467217
313797	4467241
313798	4467257
313799	4467263
313800	4467271
313801	4467293
313802	4467301
313803	4467329
313804	4467347
313805	4467367
313806	4467377
313807	4467383
313808	4467389
313809	4467403
313810	4467439
313811	4467443
313812	4467461
313813	4467469
313814	4467499
313815	4467509
313816	4467511
313817	4467521
313818	4467553
313819	4467559
313820	4467563
313821	4467569
313822	4467577
313823	4467601
313824	4467611
313825	4467613
313826	4467643
313827	4467649
313828	4467677
313829	4467709
313830	4467767
313831	4467779
313832	4467781
313833	4467791
313834	4467803
313835	4467809
313836	4467833
313837	4467839
313838	4467851
313839	4467857
313840	4467863
313841	4467887
313842	4467901
313843	4467919
313844	4467929
313845	4467949
313846	4467971
313847	4467979
313848	4467997
313849	4468007
313850	4468033
313851	4468039
313852	4468043
313853	4468069
313854	4468091
313855	4468099
313856	4468103
313857	4468109
313858	4468153
313859	4468159
313860	4468171
313861	4468183
313862	4468199
313863	4468273
313864	4468301
313865	4468307
313866	4468313
313867	4468327
313868	4468333
313869	4468339
313870	4468351
313871	4468367
313872	4468369
313873	4468393
313874	4468421
313875	4468441
313876	4468447
313877	4468469
313878	4468487
313879	4468493
313880	4468537
313881	4468547
313882	4468559
313883	4468567
313884	4468573
313885	4468577
313886	4468579
313887	4468609
313888	4468613
313889	4468621
313890	4468643
313891	4468649
313892	4468661
313893	4468663
313894	4468687
313895	4468721
313896	4468727
313897	4468729
313898	4468741
313899	4468747
313900	4468757
313901	4468777
313902	4468787
313903	4468817
313904	4468843
313905	4468847
313906	4468859
313907	4468873
313908	4468879
313909	4468883
313910	4468889
313911	4468903
313912	4468927
313913	4468939
313914	4468979
313915	4469027
313916	4469051
313917	4469063
313918	4469083
313919	4469099
313920	4469111
313921	4469131
313922	4469141
313923	4469167
313924	4469189
313925	4469197
313926	4469203
313927	4469207
313928	4469233
313929	4469243
313930	4469261
313931	4469293
313932	4469299
313933	4469303
313934	4469321
313935	4469323
313936	4469329
313937	4469347
313938	4469357
313939	4469359
313940	4469401
313941	4469411
313942	4469417
313943	4469431
313944	4469447
313945	4469461
313946	4469483
313947	4469501
313948	4469519
313949	4469561
313950	4469581
313951	4469587
313952	4469599
313953	4469609
313954	4469627
313955	4469629
313956	4469651
313957	4469671
313958	4469677
313959	4469681
313960	4469719
313961	4469723
313962	4469737
313963	4469743
313964	4469749
313965	4469753
313966	4469767
313967	4469813
313968	4469821
313969	4469831
313970	4469833
313971	4469837
313972	4469849
313973	4469869
313974	4469879
313975	4469911
313976	4469923
313977	4469939
313978	4469951
313979	4469977
313980	4469987
313981	4469989
313982	4470013
313983	4470043
313984	4470047
313985	4470049
313986	4470061
313987	4470077
313988	4470083
313989	4470121
313990	4470143
313991	4470163
313992	4470209
313993	4470223
313994	4470233
313995	4470239
313996	4470241
313997	4470247
313998	4470251
313999	4470281
314000	4470287
