314001	4470289
314002	4470329
314003	4470331
314004	4470383
314005	4470397
314006	4470407
314007	4470413
314008	4470419
314009	4470421
314010	4470443
314011	4470449
314012	4470461
314013	4470467
314014	4470469
314015	4470539
314016	4470569
314017	4470577
314018	4470589
314019	4470623
314020	4470649
314021	4470659
314022	4470679
314023	4470707
314024	4470731
314025	4470743
314026	4470761
314027	4470769
314028	4470773
314029	4470793
314030	4470803
314031	4470811
314032	4470857
314033	4470859
314034	4470863
314035	4470877
314036	4470911
314037	4470919
314038	4470923
314039	4470929
314040	4470931
314041	4470937
314042	4470943
314043	4470953
314044	4470971
314045	4470989
314046	4470997
314047	4471001
314048	4471003
314049	4471007
314050	4471013
314051	4471067
314052	4471069
314053	4471073
314054	4471081
314055	4471121
314056	4471123
314057	4471141
314058	4471171
314059	4471189
314060	4471193
314061	4471211
314062	4471217
314063	4471237
314064	4471267
314065	4471279
314066	4471303
314067	4471319
314068	4471349
314069	4471381
314070	4471387
314071	4471393
314072	4471421
314073	4471427
314074	4471477
314075	4471529
314076	4471547
314077	4471549
314078	4471559
314079	4471567
314080	4471609
314081	4471619
314082	4471633
314083	4471661
314084	4471681
314085	4471693
314086	4471711
314087	4471717
314088	4471739
314089	4471741
314090	4471751
314091	4471757
314092	4471801
314093	4471811
314094	4471837
314095	4471847
314096	4471853
314097	4471879
314098	4471889
314099	4471891
314100	4471921
314101	4471927
314102	4471933
314103	4471939
314104	4471949
314105	4471979
314106	4471997
314107	4472021
314108	4472081
314109	4472089
314110	4472101
314111	4472107
314112	4472113
314113	4472131
314114	4472137
314115	4472147
314116	4472159
314117	4472197
314118	4472203
314119	4472213
314120	4472233
314121	4472261
314122	4472263
314123	4472267
314124	4472287
314125	4472297
314126	4472311
314127	4472323
314128	4472341
314129	4472357
314130	4472359
314131	4472371
314132	4472399
314133	4472431
314134	4472437
314135	4472443
314136	4472477
314137	4472497
314138	4472509
314139	4472527
314140	4472539
314141	4472551
314142	4472563
314143	4472591
314144	4472593
314145	4472609
314146	4472627
314147	4472651
314148	4472687
314149	4472693
314150	4472701
314151	4472747
314152	4472749
314153	4472753
314154	4472759
314155	4472777
314156	4472779
314157	4472789
314158	4472801
314159	4472807
314160	4472821
314161	4472827
314162	4472851
314163	4472857
314164	4472869
314165	4472911
314166	4472917
314167	4472927
314168	4472933
314169	4472957
314170	4473011
314171	4473013
314172	4473019
314173	4473089
314174	4473097
314175	4473101
314176	4473103
314177	4473107
314178	4473127
314179	4473143
314180	4473149
314181	4473169
314182	4473173
314183	4473181
314184	4473211
314185	4473241
314186	4473277
314187	4473281
314188	4473283
314189	4473289
314190	4473299
314191	4473347
314192	4473361
314193	4473373
314194	4473377
314195	4473383
314196	4473409
314197	4473421
314198	4473449
314199	4473457
314200	4473463
314201	4473473
314202	4473479
314203	4473503
314204	4473541
314205	4473583
314206	4473587
314207	4473611
314208	4473613
314209	4473619
314210	4473631
314211	4473647
314212	4473653
314213	4473671
314214	4473697
314215	4473701
314216	4473713
314217	4473727
314218	4473731
314219	4473751
314220	4473757
314221	4473761
314222	4473767
314223	4473769
314224	4473773
314225	4473779
314226	4473809
314227	4473811
314228	4473853
314229	4473863
314230	4473869
314231	4473877
314232	4473881
314233	4473901
314234	4473971
314235	4474027
314236	4474031
314237	4474037
314238	4474039
314239	4474073
314240	4474079
314241	4474081
314242	4474087
314243	4474103
314244	4474109
314245	4474133
314246	4474153
314247	4474157
314248	4474159
314249	4474163
314250	4474181
314251	4474201
314252	4474219
314253	4474241
314254	4474273
314255	4474303
314256	4474307
314257	4474331
314258	4474361
314259	4474369
314260	4474399
314261	4474409
314262	4474427
314263	4474433
314264	4474441
314265	4474469
314266	4474471
314267	4474493
314268	4474511
314269	4474517
314270	4474523
314271	4474543
314272	4474573
314273	4474601
314274	4474609
314275	4474643
314276	4474649
314277	4474661
314278	4474693
314279	4474697
314280	4474703
314281	4474711
314282	4474721
314283	4474733
314284	4474739
314285	4474741
314286	4474763
314287	4474783
314288	4474801
314289	4474807
314290	4474837
314291	4474849
314292	4474867
314293	4474879
314294	4474907
314295	4474919
314296	4474931
314297	4474933
314298	4474963
314299	4474969
314300	4474999
314301	4475017
314302	4475033
314303	4475047
314304	4475057
314305	4475069
314306	4475071
314307	4475083
314308	4475117
314309	4475123
314310	4475137
314311	4475147
314312	4475153
314313	4475171
314314	4475173
314315	4475189
314316	4475197
314317	4475239
314318	4475243
314319	4475257
314320	4475291
314321	4475323
314322	4475329
314323	4475333
314324	4475351
314325	4475357
314326	4475389
314327	4475407
314328	4475413
314329	4475417
314330	4475423
314331	4475447
314332	4475459
314333	4475461
314334	4475467
314335	4475473
314336	4475503
314337	4475551
314338	4475567
314339	4475579
314340	4475617
314341	4475623
314342	4475633
314343	4475663
314344	4475671
314345	4475689
314346	4475701
314347	4475707
314348	4475711
314349	4475717
314350	4475719
314351	4475747
314352	4475803
314353	4475813
314354	4475837
314355	4475839
314356	4475843
314357	4475851
314358	4475881
314359	4475893
314360	4475957
314361	4475959
314362	4475969
314363	4475983
314364	4475987
314365	4475993
314366	4476013
314367	4476019
314368	4476023
314369	4476041
314370	4476047
314371	4476067
314372	4476079
314373	4476089
314374	4476091
314375	4476133
314376	4476137
314377	4476167
314378	4476181
314379	4476187
314380	4476193
314381	4476247
314382	4476281
314383	4476289
314384	4476301
314385	4476313
314386	4476317
314387	4476319
314388	4476331
314389	4476341
314390	4476379
314391	4476383
314392	4476397
314393	4476403
314394	4476427
314395	4476463
314396	4476473
314397	4476481
314398	4476487
314399	4476497
314400	4476509
314401	4476517
314402	4476547
314403	4476553
314404	4476569
314405	4476581
314406	4476583
314407	4476599
314408	4476613
314409	4476631
314410	4476653
314411	4476671
314412	4476677
314413	4476691
314414	4476707
314415	4476713
314416	4476757
314417	4476767
314418	4476779
314419	4476781
314420	4476793
314421	4476809
314422	4476811
314423	4476821
314424	4476827
314425	4476833
314426	4476847
314427	4476863
314428	4476883
314429	4476893
314430	4476907
314431	4476911
314432	4476917
314433	4476929
314434	4476931
314435	4476949
314436	4476959
314437	4476961
314438	4476971
314439	4476977
314440	4477013
314441	4477043
314442	4477061
314443	4477073
314444	4477091
314445	4477133
314446	4477139
314447	4477153
314448	4477181
314449	4477199
314450	4477261
314451	4477271
314452	4477279
314453	4477283
314454	4477313
314455	4477337
314456	4477349
314457	4477351
314458	4477367
314459	4477373
314460	4477379
314461	4477381
314462	4477391
314463	4477411
314464	4477427
314465	4477439
314466	4477441
314467	4477453
314468	4477457
314469	4477463
314470	4477471
314471	4477489
314472	4477519
314473	4477523
314474	4477537
314475	4477541
314476	4477553
314477	4477567
314478	4477573
314479	4477619
314480	4477661
314481	4477667
314482	4477691
314483	4477717
314484	4477721
314485	4477727
314486	4477729
314487	4477741
314488	4477751
314489	4477769
314490	4477789
314491	4477813
314492	4477819
314493	4477841
314494	4477849
314495	4477871
314496	4477873
314497	4477883
314498	4477903
314499	4477931
314500	4477937
314501	4477951
314502	4477961
314503	4477969
314504	4478009
314505	4478011
314506	4478017
314507	4478059
314508	4478069
314509	4478081
314510	4478083
314511	4478087
314512	4478137
314513	4478153
314514	4478161
314515	4478189
314516	4478197
314517	4478203
314518	4478231
314519	4478233
314520	4478237
314521	4478249
314522	4478251
314523	4478269
314524	4478317
314525	4478323
314526	4478339
314527	4478351
314528	4478359
314529	4478381
314530	4478387
314531	4478413
314532	4478417
314533	4478423
314534	4478527
314535	4478533
314536	4478549
314537	4478561
314538	4478563
314539	4478567
314540	4478641
314541	4478647
314542	4478653
314543	4478657
314544	4478671
314545	4478687
314546	4478693
314547	4478707
314548	4478741
314549	4478777
314550	4478779
314551	4478783
314552	4478801
314553	4478807
314554	4478809
314555	4478821
314556	4478827
314557	4478833
314558	4478843
314559	4478857
314560	4478861
314561	4478863
314562	4478869
314563	4478879
314564	4478891
314565	4478899
314566	4478917
314567	4478983
314568	4478987
314569	4478989
314570	4478993
314571	4479001
314572	4479023
314573	4479029
314574	4479031
314575	4479049
314576	4479071
314577	4479073
314578	4479121
314579	4479133
314580	4479149
314581	4479157
314582	4479179
314583	4479187
314584	4479197
314585	4479199
314586	4479203
314587	4479239
314588	4479247
314589	4479259
314590	4479263
314591	4479287
314592	4479317
314593	4479323
314594	4479361
314595	4479389
314596	4479443
314597	4479463
314598	4479473
314599	4479481
314600	4479487
314601	4479491
314602	4479493
314603	4479509
314604	4479581
314605	4479661
314606	4479667
314607	4479691
314608	4479707
314609	4479731
314610	4479743
314611	4479749
314612	4479793
314613	4479799
314614	4479803
314615	4479809
314616	4479829
314617	4479851
314618	4479863
314619	4479883
314620	4479889
314621	4479907
314622	4479911
314623	4479919
314624	4479941
314625	4479967
314626	4479973
314627	4479989
314628	4480001
314629	4480013
314630	4480031
314631	4480033
314632	4480039
314633	4480043
314634	4480081
314635	4480093
314636	4480097
314637	4480141
314638	4480153
314639	4480183
314640	4480187
314641	4480199
314642	4480211
314643	4480241
314644	4480243
314645	4480247
314646	4480253
314647	4480261
314648	4480271
314649	4480277
314650	4480291
314651	4480303
314652	4480319
314653	4480339
314654	4480351
314655	4480361
314656	4480363
314657	4480379
314658	4480403
314659	4480429
314660	4480453
314661	4480481
314662	4480507
314663	4480513
314664	4480517
314665	4480547
314666	4480559
314667	4480573
314668	4480583
314669	4480591
314670	4480613
314671	4480621
314672	4480627
314673	4480631
314674	4480649
314675	4480661
314676	4480681
314677	4480691
314678	4480757
314679	4480769
314680	4480783
314681	4480787
314682	4480793
314683	4480799
314684	4480807
314685	4480831
314686	4480841
314687	4480867
314688	4480871
314689	4480897
314690	4480909
314691	4480951
314692	4480961
314693	4480967
314694	4480981
314695	4481003
314696	4481041
314697	4481069
314698	4481077
314699	4481083
314700	4481101
314701	4481123
314702	4481129
314703	4481137
314704	4481153
314705	4481171
314706	4481173
314707	4481179
314708	4481189
314709	4481201
314710	4481233
314711	4481249
314712	4481261
314713	4481263
314714	4481273
314715	4481287
314716	4481291
314717	4481293
314718	4481299
314719	4481311
314720	4481327
314721	4481333
314722	4481339
314723	4481363
314724	4481369
314725	4481383
314726	4481401
314727	4481431
314728	4481441
314729	4481443
314730	4481459
314731	4481461
314732	4481479
314733	4481501
314734	4481537
314735	4481567
314736	4481569
314737	4481579
314738	4481593
314739	4481597
314740	4481599
314741	4481611
314742	4481621
314743	4481629
314744	4481677
314745	4481683
314746	4481707
314747	4481713
314748	4481717
314749	4481723
314750	4481767
314751	4481791
314752	4481797
314753	4481801
314754	4481819
314755	4481837
314756	4481843
314757	4481857
314758	4481881
314759	4481899
314760	4481927
314761	4481989
314762	4482001
314763	4482007
314764	4482031
314765	4482047
314766	4482059
314767	4482091
314768	4482109
314769	4482131
314770	4482167
314771	4482173
314772	4482209
314773	4482227
314774	4482239
314775	4482253
314776	4482281
314777	4482287
314778	4482299
314779	4482311
314780	4482319
314781	4482323
314782	4482329
314783	4482349
314784	4482389
314785	4482391
314786	4482409
314787	4482431
314788	4482451
314789	4482469
314790	4482479
314791	4482497
314792	4482547
314793	4482553
314794	4482557
314795	4482589
314796	4482593
314797	4482601
314798	4482619
314799	4482623
314800	4482637
314801	4482641
314802	4482649
314803	4482659
314804	4482701
314805	4482703
314806	4482721
314807	4482739
314808	4482743
314809	4482749
314810	4482767
314811	4482787
314812	4482799
314813	4482839
314814	4482847
314815	4482871
314816	4482887
314817	4482901
314818	4482911
314819	4482931
314820	4482937
314821	4482943
314822	4482971
314823	4482977
314824	4482983
314825	4483009
314826	4483021
314827	4483027
314828	4483033
314829	4483043
314830	4483057
314831	4483067
314832	4483093
314833	4483097
314834	4483103
314835	4483123
314836	4483147
314837	4483159
314838	4483163
314839	4483181
314840	4483201
314841	4483207
314842	4483231
314843	4483247
314844	4483249
314845	4483273
314846	4483277
314847	4483307
314848	4483319
314849	4483337
314850	4483363
314851	4483387
314852	4483397
314853	4483399
314854	4483403
314855	4483421
314856	4483433
314857	4483447
314858	4483483
314859	4483489
314860	4483517
314861	4483519
314862	4483537
314863	4483541
314864	4483543
314865	4483571
314866	4483607
314867	4483649
314868	4483651
314869	4483657
314870	4483663
314871	4483681
314872	4483709
314873	4483741
314874	4483751
314875	4483769
314876	4483789
314877	4483793
314878	4483807
314879	4483811
314880	4483813
314881	4483837
314882	4483849
314883	4483859
314884	4483877
314885	4483889
314886	4483891
314887	4483901
314888	4483907
314889	4483939
314890	4483957
314891	4483991
314892	4484021
314893	4484023
314894	4484027
314895	4484033
314896	4484041
314897	4484069
314898	4484089
314899	4484099
314900	4484111
314901	4484113
314902	4484131
314903	4484143
314904	4484167
314905	4484189
314906	4484191
314907	4484197
314908	4484201
314909	4484203
314910	4484219
314911	4484231
314912	4484239
314913	4484251
314914	4484267
314915	4484273
314916	4484321
314917	4484327
314918	4484329
314919	4484339
314920	4484371
314921	4484387
314922	4484419
314923	4484423
314924	4484449
314925	4484483
314926	4484503
314927	4484509
314928	4484521
314929	4484561
314930	4484567
314931	4484569
314932	4484591
314933	4484611
314934	4484633
314935	4484653
314936	4484657
314937	4484663
314938	4484671
314939	4484687
314940	4484729
314941	4484731
314942	4484737
314943	4484743
314944	4484749
314945	4484759
314946	4484761
314947	4484773
314948	4484789
314949	4484791
314950	4484803
314951	4484813
314952	4484819
314953	4484827
314954	4484833
314955	4484849
314956	4484861
314957	4484869
314958	4484873
314959	4484891
314960	4484897
314961	4484899
314962	4484911
314963	4484917
314964	4484927
314965	4484933
314966	4484941
314967	4484947
314968	4484959
314969	4484971
314970	4484981
314971	4484983
314972	4484993
314973	4485001
314974	4485043
314975	4485073
314976	4485097
314977	4485109
314978	4485139
314979	4485149
314980	4485157
314981	4485167
314982	4485179
314983	4485191
314984	4485209
314985	4485211
314986	4485223
314987	4485301
314988	4485317
314989	4485319
314990	4485323
314991	4485329
314992	4485353
314993	4485367
314994	4485379
314995	4485389
314996	4485409
314997	4485413
314998	4485451
314999	4485469
315000	4485479
