316001	4500737
316002	4500751
316003	4500757
316004	4500779
316005	4500787
316006	4500799
316007	4500851
316008	4500871
316009	4500877
316010	4500883
316011	4500901
316012	4500907
316013	4500913
316014	4500917
316015	4500943
316016	4500989
316017	4501001
316018	4501009
316019	4501027
316020	4501037
316021	4501069
316022	4501093
316023	4501097
316024	4501099
316025	4501109
316026	4501153
316027	4501171
316028	4501199
316029	4501201
316030	4501213
316031	4501219
316032	4501223
316033	4501229
316034	4501241
316035	4501279
316036	4501303
316037	4501319
316038	4501333
316039	4501381
316040	4501391
316041	4501397
316042	4501403
316043	4501411
316044	4501421
316045	4501429
316046	4501451
316047	4501459
316048	4501477
316049	4501489
316050	4501493
316051	4501507
316052	4501547
316053	4501573
316054	4501577
316055	4501619
316056	4501621
316057	4501649
316058	4501667
316059	4501669
316060	4501711
316061	4501723
316062	4501733
316063	4501781
316064	4501817
316065	4501829
316066	4501831
316067	4501843
316068	4501853
316069	4501891
316070	4501919
316071	4501921
316072	4501927
316073	4501933
316074	4501949
316075	4501963
316076	4501969
316077	4501999
316078	4502009
316079	4502011
316080	4502021
316081	4502051
316082	4502053
316083	4502063
316084	4502101
316085	4502117
316086	4502137
316087	4502149
316088	4502159
316089	4502167
316090	4502171
316091	4502189
316092	4502203
316093	4502207
316094	4502213
316095	4502237
316096	4502257
316097	4502261
316098	4502269
316099	4502287
316100	4502293
316101	4502317
316102	4502321
316103	4502327
316104	4502341
316105	4502359
316106	4502363
316107	4502371
316108	4502389
316109	4502413
316110	4502423
316111	4502431
316112	4502437
316113	4502441
316114	4502461
316115	4502489
316116	4502513
316117	4502539
316118	4502543
316119	4502551
316120	4502581
316121	4502591
316122	4502609
316123	4502611
316124	4502621
316125	4502623
316126	4502651
316127	4502653
316128	4502699
316129	4502717
316130	4502747
316131	4502759
316132	4502783
316133	4502809
316134	4502857
316135	4502873
316136	4502879
316137	4502887
316138	4502893
316139	4502903
316140	4502941
316141	4502957
316142	4502983
316143	4503001
316144	4503007
316145	4503013
316146	4503041
316147	4503047
316148	4503049
316149	4503061
316150	4503067
316151	4503077
316152	4503119
316153	4503127
316154	4503139
316155	4503143
316156	4503157
316157	4503173
316158	4503179
316159	4503197
316160	4503199
316161	4503217
316162	4503241
316163	4503253
316164	4503259
316165	4503313
316166	4503337
316167	4503341
316168	4503353
316169	4503371
316170	4503391
316171	4503397
316172	4503403
316173	4503407
316174	4503409
316175	4503413
316176	4503427
316177	4503431
316178	4503467
316179	4503479
316180	4503491
316181	4503503
316182	4503517
316183	4503533
316184	4503557
316185	4503559
316186	4503571
316187	4503593
316188	4503599
316189	4503637
316190	4503641
316191	4503643
316192	4503659
316193	4503661
316194	4503679
316195	4503683
316196	4503689
316197	4503731
316198	4503761
316199	4503769
316200	4503797
316201	4503799
316202	4503803
316203	4503833
316204	4503839
316205	4503901
316206	4503913
316207	4503923
316208	4503937
316209	4503953
316210	4503977
316211	4503991
316212	4504009
316213	4504013
316214	4504039
316215	4504043
316216	4504061
316217	4504063
316218	4504069
316219	4504079
316220	4504091
316221	4504103
316222	4504109
316223	4504111
316224	4504127
316225	4504147
316226	4504153
316227	4504163
316228	4504187
316229	4504189
316230	4504211
316231	4504223
316232	4504243
316233	4504249
316234	4504259
316235	4504261
316236	4504267
316237	4504321
316238	4504333
316239	4504351
316240	4504363
316241	4504369
316242	4504391
316243	4504397
316244	4504399
316245	4504403
316246	4504411
316247	4504429
316248	4504441
316249	4504447
316250	4504457
316251	4504537
316252	4504559
316253	4504561
316254	4504571
316255	4504597
316256	4504601
316257	4504603
316258	4504607
316259	4504627
316260	4504651
316261	4504663
316262	4504673
316263	4504681
316264	4504699
316265	4504727
316266	4504733
316267	4504741
316268	4504751
316269	4504769
316270	4504781
316271	4504853
316272	4504873
316273	4504883
316274	4504891
316275	4504897
316276	4504901
316277	4504921
316278	4504931
316279	4504933
316280	4504939
316281	4504961
316282	4504963
316283	4504967
316284	4504979
316285	4504993
316286	4505003
316287	4505029
316288	4505041
316289	4505057
316290	4505099
316291	4505107
316292	4505113
316293	4505131
316294	4505141
316295	4505167
316296	4505177
316297	4505183
316298	4505191
316299	4505201
316300	4505209
316301	4505213
316302	4505227
316303	4505233
316304	4505257
316305	4505287
316306	4505311
316307	4505317
316308	4505329
316309	4505351
316310	4505377
316311	4505381
316312	4505393
316313	4505419
316314	4505437
316315	4505491
316316	4505503
316317	4505533
316318	4505537
316319	4505551
316320	4505569
316321	4505581
316322	4505591
316323	4505593
316324	4505597
316325	4505617
316326	4505621
316327	4505623
316328	4505647
316329	4505651
316330	4505671
316331	4505681
316332	4505687
316333	4505693
316334	4505707
316335	4505713
316336	4505719
316337	4505729
316338	4505737
316339	4505741
316340	4505773
316341	4505783
316342	4505789
316343	4505791
316344	4505797
316345	4505801
316346	4505807
316347	4505849
316348	4505863
316349	4505899
316350	4505929
316351	4505947
316352	4505993
316353	4506001
316354	4506017
316355	4506043
316356	4506053
316357	4506109
316358	4506121
316359	4506127
316360	4506133
316361	4506149
316362	4506167
316363	4506181
316364	4506197
316365	4506199
316366	4506221
316367	4506233
316368	4506247
316369	4506251
316370	4506259
316371	4506283
316372	4506289
316373	4506301
316374	4506311
316375	4506331
316376	4506349
316377	4506373
316378	4506389
316379	4506419
316380	4506427
316381	4506451
316382	4506457
316383	4506473
316384	4506493
316385	4506499
316386	4506503
316387	4506511
316388	4506517
316389	4506521
316390	4506539
316391	4506569
316392	4506577
316393	4506587
316394	4506589
316395	4506611
316396	4506617
316397	4506647
316398	4506653
316399	4506659
316400	4506703
316401	4506707
316402	4506709
316403	4506731
316404	4506739
316405	4506757
316406	4506763
316407	4506767
316408	4506791
316409	4506841
316410	4506869
316411	4506893
316412	4506907
316413	4506913
316414	4506917
316415	4506937
316416	4506973
316417	4506991
316418	4507003
316419	4507021
316420	4507033
316421	4507043
316422	4507051
316423	4507073
316424	4507079
316425	4507099
316426	4507133
316427	4507147
316428	4507189
316429	4507201
316430	4507211
316431	4507247
316432	4507249
316433	4507277
316434	4507289
316435	4507297
316436	4507309
316437	4507319
316438	4507331
316439	4507337
316440	4507339
316441	4507361
316442	4507381
316443	4507387
316444	4507421
316445	4507429
316446	4507453
316447	4507463
316448	4507469
316449	4507483
316450	4507487
316451	4507507
316452	4507519
316453	4507537
316454	4507603
316455	4507619
316456	4507637
316457	4507639
316458	4507651
316459	4507667
316460	4507691
316461	4507729
316462	4507751
316463	4507753
316464	4507759
316465	4507787
316466	4507799
316467	4507837
316468	4507849
316469	4507859
316470	4507879
316471	4507891
316472	4507897
316473	4507949
316474	4507957
316475	4507967
316476	4507981
316477	4507999
316478	4508011
316479	4508027
316480	4508029
316481	4508039
316482	4508041
316483	4508047
316484	4508071
316485	4508081
316486	4508087
316487	4508089
316488	4508093
316489	4508107
316490	4508123
316491	4508129
316492	4508197
316493	4508201
316494	4508209
316495	4508227
316496	4508239
316497	4508243
316498	4508267
316499	4508291
316500	4508297
316501	4508303
316502	4508321
316503	4508333
316504	4508341
316505	4508431
316506	4508461
316507	4508501
316508	4508509
316509	4508513
316510	4508521
316511	4508549
316512	4508597
316513	4508599
316514	4508611
316515	4508617
316516	4508633
316517	4508641
316518	4508653
316519	4508687
316520	4508701
316521	4508711
316522	4508737
316523	4508771
316524	4508773
316525	4508789
316526	4508797
316527	4508821
316528	4508843
316529	4508879
316530	4508887
316531	4508923
316532	4508939
316533	4508953
316534	4508971
316535	4508983
316536	4509013
316537	4509017
316538	4509019
316539	4509047
316540	4509049
316541	4509053
316542	4509073
316543	4509077
316544	4509101
316545	4509107
316546	4509119
316547	4509143
316548	4509149
316549	4509161
316550	4509163
316551	4509179
316552	4509191
316553	4509209
316554	4509223
316555	4509257
316556	4509259
316557	4509269
316558	4509277
316559	4509287
316560	4509317
316561	4509341
316562	4509343
316563	4509361
316564	4509371
316565	4509377
316566	4509409
316567	4509419
316568	4509451
316569	4509457
316570	4509469
316571	4509493
316572	4509499
316573	4509503
316574	4509551
316575	4509559
316576	4509599
316577	4509613
316578	4509619
316579	4509623
316580	4509647
316581	4509667
316582	4509727
316583	4509731
316584	4509737
316585	4509749
316586	4509763
316587	4509779
316588	4509793
316589	4509851
316590	4509853
316591	4509881
316592	4509887
316593	4509889
316594	4509899
316595	4509907
316596	4509919
316597	4509931
316598	4509941
316599	4509961
316600	4509983
316601	4509997
316602	4510021
316603	4510039
316604	4510057
316605	4510067
316606	4510091
316607	4510147
316608	4510153
316609	4510229
316610	4510241
316611	4510243
316612	4510273
316613	4510291
316614	4510301
316615	4510307
316616	4510327
316617	4510333
316618	4510343
316619	4510349
316620	4510351
316621	4510367
316622	4510381
316623	4510393
316624	4510397
316625	4510421
316626	4510427
316627	4510439
316628	4510477
316629	4510481
316630	4510483
316631	4510487
316632	4510489
316633	4510501
316634	4510577
316635	4510579
316636	4510601
316637	4510651
316638	4510669
316639	4510687
316640	4510703
316641	4510711
316642	4510739
316643	4510757
316644	4510789
316645	4510813
316646	4510819
316647	4510853
316648	4510859
316649	4510867
316650	4510871
316651	4510873
316652	4510879
316653	4510897
316654	4510907
316655	4510927
316656	4510937
316657	4510939
316658	4510949
316659	4510973
316660	4510991
316661	4510993
316662	4511021
316663	4511029
316664	4511041
316665	4511051
316666	4511053
316667	4511057
316668	4511083
316669	4511093
316670	4511099
316671	4511123
316672	4511141
316673	4511149
316674	4511161
316675	4511191
316676	4511209
316677	4511219
316678	4511231
316679	4511249
316680	4511251
316681	4511261
316682	4511263
316683	4511281
316684	4511291
316685	4511293
316686	4511323
316687	4511329
316688	4511333
316689	4511359
316690	4511363
316691	4511369
316692	4511383
316693	4511387
316694	4511449
316695	4511467
316696	4511489
316697	4511491
316698	4511527
316699	4511537
316700	4511543
316701	4511581
316702	4511587
316703	4511597
316704	4511609
316705	4511623
316706	4511627
316707	4511629
316708	4511653
316709	4511699
316710	4511711
316711	4511737
316712	4511747
316713	4511753
316714	4511777
316715	4511779
316716	4511809
316717	4511827
316718	4511867
316719	4511893
316720	4511909
316721	4511917
316722	4511939
316723	4511951
316724	4511971
316725	4511989
316726	4512007
316727	4512037
316728	4512043
316729	4512059
316730	4512061
316731	4512073
316732	4512077
316733	4512097
316734	4512103
316735	4512107
316736	4512127
316737	4512133
316738	4512161
316739	4512199
316740	4512217
316741	4512223
316742	4512229
316743	4512241
316744	4512283
316745	4512317
316746	4512331
316747	4512341
316748	4512397
316749	4512407
316750	4512427
316751	4512449
316752	4512451
316753	4512479
316754	4512499
316755	4512503
316756	4512527
316757	4512551
316758	4512553
316759	4512587
316760	4512589
316761	4512617
316762	4512619
316763	4512653
316764	4512707
316765	4512713
316766	4512727
316767	4512737
316768	4512743
316769	4512749
316770	4512751
316771	4512797
316772	4512811
316773	4512839
316774	4512847
316775	4512857
316776	4512863
316777	4512869
316778	4512877
316779	4512901
316780	4512929
316781	4512931
316782	4512941
316783	4512943
316784	4512947
316785	4512961
316786	4512971
316787	4513021
316788	4513031
316789	4513039
316790	4513043
316791	4513057
316792	4513063
316793	4513097
316794	4513099
316795	4513111
316796	4513123
316797	4513181
316798	4513189
316799	4513213
316800	4513247
316801	4513253
316802	4513273
316803	4513277
316804	4513283
316805	4513309
316806	4513319
316807	4513331
316808	4513351
316809	4513373
316810	4513391
316811	4513417
316812	4513433
316813	4513447
316814	4513459
316815	4513463
316816	4513471
316817	4513477
316818	4513499
316819	4513513
316820	4513549
316821	4513577
316822	4513609
316823	4513627
316824	4513637
316825	4513643
316826	4513661
316827	4513669
316828	4513679
316829	4513699
316830	4513709
316831	4513711
316832	4513757
316833	4513759
316834	4513771
316835	4513777
316836	4513781
316837	4513783
316838	4513793
316839	4513801
316840	4513807
316841	4513829
316842	4513837
316843	4513897
316844	4513921
316845	4513931
316846	4513933
316847	4513973
316848	4513979
316849	4513987
316850	4513997
316851	4514023
316852	4514033
316853	4514051
316854	4514071
316855	4514087
316856	4514113
316857	4514131
316858	4514137
316859	4514173
316860	4514207
316861	4514219
316862	4514239
316863	4514249
316864	4514273
316865	4514281
316866	4514291
316867	4514309
316868	4514317
316869	4514327
316870	4514339
316871	4514351
316872	4514357
316873	4514359
316874	4514369
316875	4514423
316876	4514429
316877	4514431
316878	4514443
316879	4514449
316880	4514473
316881	4514479
316882	4514483
316883	4514501
316884	4514507
316885	4514513
316886	4514519
316887	4514557
316888	4514567
316889	4514569
316890	4514591
316891	4514597
316892	4514603
316893	4514641
316894	4514669
316895	4514681
316896	4514687
316897	4514701
316898	4514711
316899	4514729
316900	4514743
316901	4514753
316902	4514759
316903	4514791
316904	4514813
316905	4514821
316906	4514833
316907	4514863
316908	4514869
316909	4514893
316910	4514899
316911	4514903
316912	4514927
316913	4514947
316914	4514953
316915	4514959
316916	4514971
316917	4514987
316918	4515001
316919	4515011
316920	4515023
316921	4515041
316922	4515053
316923	4515067
316924	4515083
316925	4515089
316926	4515101
316927	4515113
316928	4515139
316929	4515151
316930	4515167
316931	4515169
316932	4515191
316933	4515209
316934	4515227
316935	4515241
316936	4515299
316937	4515311
316938	4515317
316939	4515323
316940	4515341
316941	4515347
316942	4515349
316943	4515359
316944	4515361
316945	4515419
316946	4515457
316947	4515461
316948	4515479
316949	4515487
316950	4515493
316951	4515541
316952	4515551
316953	4515601
316954	4515607
316955	4515629
316956	4515631
316957	4515689
316958	4515691
316959	4515697
316960	4515737
316961	4515767
316962	4515779
316963	4515799
316964	4515809
316965	4515821
316966	4515839
316967	4515857
316968	4515871
316969	4515881
316970	4515893
316971	4515899
316972	4515913
316973	4515923
316974	4515937
316975	4515941
316976	4515943
316977	4515997
316978	4516003
316979	4516021
316980	4516051
316981	4516069
316982	4516081
316983	4516093
316984	4516103
316985	4516117
316986	4516123
316987	4516133
316988	4516139
316989	4516151
316990	4516157
316991	4516159
316992	4516163
316993	4516177
316994	4516189
316995	4516201
316996	4516207
316997	4516217
316998	4516219
316999	4516229
317000	4516231
