318001	4531829
318002	4531837
318003	4531841
318004	4531847
318005	4531867
318006	4531903
318007	4531931
318008	4531939
318009	4531949
318010	4531951
318011	4531973
318012	4531987
318013	4531991
318014	4531999
318015	4532009
318016	4532023
318017	4532041
318018	4532053
318019	4532063
318020	4532113
318021	4532123
318022	4532137
318023	4532153
318024	4532191
318025	4532197
318026	4532201
318027	4532221
318028	4532233
318029	4532237
318030	4532267
318031	4532291
318032	4532327
318033	4532369
318034	4532377
318035	4532399
318036	4532419
318037	4532441
318038	4532447
318039	4532453
318040	4532471
318041	4532513
318042	4532527
318043	4532531
318044	4532581
318045	4532599
318046	4532609
318047	4532629
318048	4532639
318049	4532653
318050	4532657
318051	4532663
318052	4532669
318053	4532677
318054	4532683
318055	4532699
318056	4532707
318057	4532743
318058	4532767
318059	4532791
318060	4532807
318061	4532813
318062	4532819
318063	4532831
318064	4532893
318065	4532917
318066	4532923
318067	4532951
318068	4532953
318069	4532959
318070	4532977
318071	4533007
318072	4533031
318073	4533041
318074	4533049
318075	4533059
318076	4533073
318077	4533079
318078	4533091
318079	4533097
318080	4533107
318081	4533121
318082	4533131
318083	4533149
318084	4533163
318085	4533173
318086	4533181
318087	4533187
318088	4533209
318089	4533239
318090	4533241
318091	4533253
318092	4533259
318093	4533281
318094	4533283
318095	4533293
318096	4533299
318097	4533301
318098	4533313
318099	4533317
318100	4533349
318101	4533371
318102	4533379
318103	4533391
318104	4533439
318105	4533443
318106	4533449
318107	4533497
318108	4533511
318109	4533521
318110	4533523
318111	4533527
318112	4533547
318113	4533569
318114	4533583
318115	4533593
318116	4533601
318117	4533631
318118	4533643
318119	4533649
318120	4533671
318121	4533677
318122	4533701
318123	4533733
318124	4533743
318125	4533769
318126	4533797
318127	4533803
318128	4533827
318129	4533833
318130	4533853
318131	4533929
318132	4533931
318133	4533941
318134	4533953
318135	4533959
318136	4533961
318137	4533979
318138	4534007
318139	4534009
318140	4534021
318141	4534031
318142	4534037
318143	4534039
318144	4534081
318145	4534099
318146	4534109
318147	4534111
318148	4534129
318149	4534139
318150	4534147
318151	4534177
318152	4534181
318153	4534183
318154	4534199
318155	4534247
318156	4534253
318157	4534267
318158	4534279
318159	4534297
318160	4534357
318161	4534367
318162	4534391
318163	4534403
318164	4534417
318165	4534421
318166	4534423
318167	4534447
318168	4534471
318169	4534487
318170	4534489
318171	4534501
318172	4534549
318173	4534567
318174	4534571
318175	4534589
318176	4534603
318177	4534619
318178	4534633
318179	4534637
318180	4534667
318181	4534669
318182	4534709
318183	4534721
318184	4534729
318185	4534741
318186	4534753
318187	4534763
318188	4534771
318189	4534807
318190	4534843
318191	4534853
318192	4534861
318193	4534867
318194	4534883
318195	4534891
318196	4534919
318197	4534927
318198	4534949
318199	4534951
318200	4534961
318201	4534963
318202	4534973
318203	4535017
318204	4535087
318205	4535099
318206	4535123
318207	4535143
318208	4535147
318209	4535159
318210	4535161
318211	4535189
318212	4535197
318213	4535213
318214	4535221
318215	4535227
318216	4535239
318217	4535249
318218	4535273
318219	4535291
318220	4535299
318221	4535303
318222	4535329
318223	4535341
318224	4535371
318225	4535383
318226	4535437
318227	4535441
318228	4535449
318229	4535467
318230	4535483
318231	4535491
318232	4535501
318233	4535519
318234	4535521
318235	4535537
318236	4535539
318237	4535561
318238	4535591
318239	4535593
318240	4535603
318241	4535611
318242	4535639
318243	4535647
318244	4535653
318245	4535689
318246	4535717
318247	4535819
318248	4535831
318249	4535849
318250	4535863
318251	4535873
318252	4535879
318253	4535891
318254	4535893
318255	4535911
318256	4535917
318257	4535929
318258	4535959
318259	4535963
318260	4535969
318261	4535983
318262	4535989
318263	4536019
318264	4536023
318265	4536029
318266	4536047
318267	4536061
318268	4536067
318269	4536071
318270	4536073
318271	4536109
318272	4536121
318273	4536131
318274	4536139
318275	4536149
318276	4536157
318277	4536167
318278	4536173
318279	4536179
318280	4536283
318281	4536317
318282	4536341
318283	4536361
318284	4536373
318285	4536377
318286	4536401
318287	4536407
318288	4536431
318289	4536437
318290	4536449
318291	4536463
318292	4536491
318293	4536517
318294	4536523
318295	4536529
318296	4536547
318297	4536551
318298	4536559
318299	4536563
318300	4536583
318301	4536599
318302	4536601
318303	4536619
318304	4536643
318305	4536647
318306	4536667
318307	4536677
318308	4536703
318309	4536761
318310	4536767
318311	4536781
318312	4536793
318313	4536797
318314	4536803
318315	4536809
318316	4536817
318317	4536827
318318	4536859
318319	4536869
318320	4536871
318321	4536893
318322	4536913
318323	4536929
318324	4536941
318325	4536947
318326	4536967
318327	4536989
318328	4537007
318329	4537033
318330	4537061
318331	4537069
318332	4537081
318333	4537087
318334	4537111
318335	4537123
318336	4537139
318337	4537151
318338	4537157
318339	4537163
318340	4537189
318341	4537201
318342	4537213
318343	4537229
318344	4537243
318345	4537259
318346	4537261
318347	4537297
318348	4537301
318349	4537319
318350	4537373
318351	4537387
318352	4537391
318353	4537433
318354	4537493
318355	4537499
318356	4537517
318357	4537529
318358	4537531
318359	4537541
318360	4537571
318361	4537579
318362	4537591
318363	4537597
318364	4537613
318365	4537619
318366	4537633
318367	4537669
318368	4537699
318369	4537711
318370	4537723
318371	4537727
318372	4537733
318373	4537769
318374	4537777
318375	4537781
318376	4537783
318377	4537787
318378	4537817
318379	4537853
318380	4537909
318381	4537927
318382	4537937
318383	4537961
318384	4537987
318385	4537993
318386	4538033
318387	4538041
318388	4538063
318389	4538069
318390	4538081
318391	4538089
318392	4538101
318393	4538113
318394	4538129
318395	4538137
318396	4538143
318397	4538147
318398	4538159
318399	4538173
318400	4538197
318401	4538227
318402	4538243
318403	4538251
318404	4538257
318405	4538267
318406	4538323
318407	4538329
318408	4538333
318409	4538407
318410	4538441
318411	4538447
318412	4538477
318413	4538491
318414	4538497
318415	4538503
318416	4538509
318417	4538519
318418	4538537
318419	4538543
318420	4538557
318421	4538561
318422	4538563
318423	4538581
318424	4538603
318425	4538621
318426	4538627
318427	4538641
318428	4538657
318429	4538669
318430	4538671
318431	4538687
318432	4538707
318433	4538717
318434	4538731
318435	4538747
318436	4538749
318437	4538759
318438	4538771
318439	4538791
318440	4538851
318441	4538887
318442	4538899
318443	4538917
318444	4538923
318445	4538939
318446	4538953
318447	4538957
318448	4538969
318449	4538977
318450	4538999
318451	4539011
318452	4539013
318453	4539083
318454	4539091
318455	4539121
318456	4539131
318457	4539133
318458	4539149
318459	4539163
318460	4539169
318461	4539173
318462	4539191
318463	4539203
318464	4539217
318465	4539247
318466	4539251
318467	4539263
318468	4539277
318469	4539329
318470	4539331
318471	4539343
318472	4539371
318473	4539373
318474	4539377
318475	4539383
318476	4539413
318477	4539427
318478	4539433
318479	4539481
318480	4539511
318481	4539517
318482	4539541
318483	4539551
318484	4539569
318485	4539571
318486	4539581
318487	4539593
318488	4539607
318489	4539617
318490	4539649
318491	4539653
318492	4539659
318493	4539673
318494	4539679
318495	4539701
318496	4539737
318497	4539739
318498	4539749
318499	4539751
318500	4539761
318501	4539767
318502	4539779
318503	4539791
318504	4539817
318505	4539823
318506	4539827
318507	4539859
318508	4539877
318509	4539883
318510	4539907
318511	4539911
318512	4539923
318513	4539929
318514	4539949
318515	4539973
318516	4539989
318517	4540007
318518	4540009
318519	4540013
318520	4540027
318521	4540049
318522	4540061
318523	4540079
318524	4540091
318525	4540093
318526	4540097
318527	4540099
318528	4540103
318529	4540111
318530	4540127
318531	4540147
318532	4540171
318533	4540181
318534	4540187
318535	4540189
318536	4540201
318537	4540219
318538	4540231
318539	4540303
318540	4540313
318541	4540337
318542	4540357
318543	4540363
318544	4540369
318545	4540397
318546	4540423
318547	4540427
318548	4540429
318549	4540439
318550	4540469
318551	4540493
318552	4540507
318553	4540517
318554	4540531
318555	4540541
318556	4540573
318557	4540579
318558	4540589
318559	4540607
318560	4540609
318561	4540619
318562	4540633
318563	4540651
318564	4540661
318565	4540687
318566	4540727
318567	4540741
318568	4540763
318569	4540769
318570	4540771
318571	4540777
318572	4540807
318573	4540883
318574	4540889
318575	4540903
318576	4540909
318577	4540919
318578	4540927
318579	4540969
318580	4540979
318581	4540993
318582	4540997
318583	4541003
318584	4541011
318585	4541021
318586	4541029
318587	4541039
318588	4541041
318589	4541063
318590	4541071
318591	4541083
318592	4541087
318593	4541099
318594	4541107
318595	4541113
318596	4541123
318597	4541129
318598	4541137
318599	4541149
318600	4541153
318601	4541183
318602	4541191
318603	4541203
318604	4541219
318605	4541233
318606	4541237
318607	4541287
318608	4541291
318609	4541309
318610	4541321
318611	4541333
318612	4541347
318613	4541351
318614	4541387
318615	4541477
318616	4541479
318617	4541497
318618	4541501
318619	4541503
318620	4541519
318621	4541521
318622	4541561
318623	4541573
318624	4541591
318625	4541597
318626	4541599
318627	4541609
318628	4541629
318629	4541671
318630	4541681
318631	4541699
318632	4541701
318633	4541707
318634	4541711
318635	4541723
318636	4541743
318637	4541783
318638	4541813
318639	4541819
318640	4541821
318641	4541827
318642	4541851
318643	4541891
318644	4541897
318645	4541909
318646	4541917
318647	4541963
318648	4541981
318649	4541989
318650	4542001
318651	4542011
318652	4542019
318653	4542029
318654	4542049
318655	4542053
318656	4542059
318657	4542061
318658	4542107
318659	4542113
318660	4542119
318661	4542143
318662	4542149
318663	4542173
318664	4542191
318665	4542203
318666	4542211
318667	4542253
318668	4542277
318669	4542283
318670	4542301
318671	4542323
318672	4542331
318673	4542361
318674	4542371
318675	4542389
318676	4542407
318677	4542437
318678	4542449
318679	4542457
318680	4542467
318681	4542479
318682	4542491
318683	4542511
318684	4542521
318685	4542529
318686	4542547
318687	4542581
318688	4542583
318689	4542611
318690	4542631
318691	4542697
318692	4542719
318693	4542739
318694	4542743
318695	4542751
318696	4542761
318697	4542779
318698	4542781
318699	4542787
318700	4542803
318701	4542809
318702	4542817
318703	4542829
318704	4542851
318705	4542877
318706	4542883
318707	4542887
318708	4542911
318709	4542913
318710	4542947
318711	4542953
318712	4542977
318713	4542991
318714	4543003
318715	4543013
318716	4543031
318717	4543039
318718	4543043
318719	4543051
318720	4543117
318721	4543127
318722	4543129
318723	4543139
318724	4543207
318725	4543237
318726	4543241
318727	4543243
318728	4543247
318729	4543249
318730	4543277
318731	4543291
318732	4543303
318733	4543313
318734	4543321
318735	4543339
318736	4543367
318737	4543373
318738	4543379
318739	4543381
318740	4543387
318741	4543393
318742	4543417
318743	4543421
318744	4543477
318745	4543481
318746	4543507
318747	4543519
318748	4543523
318749	4543543
318750	4543549
318751	4543559
318752	4543571
318753	4543597
318754	4543619
318755	4543657
318756	4543667
318757	4543703
318758	4543723
318759	4543729
318760	4543751
318761	4543753
318762	4543757
318763	4543769
318764	4543801
318765	4543813
318766	4543817
318767	4543823
318768	4543837
318769	4543871
318770	4543897
318771	4543901
318772	4543921
318773	4543927
318774	4543937
318775	4543943
318776	4543961
318777	4543963
318778	4543991
318779	4543993
318780	4544009
318781	4544063
318782	4544093
318783	4544119
318784	4544123
318785	4544129
318786	4544143
318787	4544147
318788	4544149
318789	4544171
318790	4544201
318791	4544203
318792	4544207
318793	4544209
318794	4544233
318795	4544261
318796	4544279
318797	4544291
318798	4544297
318799	4544311
318800	4544339
318801	4544359
318802	4544411
318803	4544413
318804	4544417
318805	4544431
318806	4544437
318807	4544443
318808	4544453
318809	4544461
318810	4544473
318811	4544479
318812	4544489
318813	4544509
318814	4544513
318815	4544539
318816	4544549
318817	4544557
318818	4544567
318819	4544587
318820	4544597
318821	4544621
318822	4544623
318823	4544641
318824	4544663
318825	4544681
318826	4544689
318827	4544699
318828	4544717
318829	4544719
318830	4544753
318831	4544773
318832	4544779
318833	4544833
318834	4544849
318835	4544873
318836	4544887
318837	4544921
318838	4544951
318839	4544959
318840	4545011
318841	4545017
318842	4545031
318843	4545059
318844	4545067
318845	4545071
318846	4545077
318847	4545089
318848	4545097
318849	4545109
318850	4545113
318851	4545133
318852	4545139
318853	4545157
318854	4545169
318855	4545173
318856	4545179
318857	4545181
318858	4545193
318859	4545197
318860	4545209
318861	4545223
318862	4545241
318863	4545259
318864	4545269
318865	4545337
318866	4545361
318867	4545371
318868	4545377
318869	4545379
318870	4545397
318871	4545403
318872	4545433
318873	4545449
318874	4545451
318875	4545461
318876	4545469
318877	4545473
318878	4545479
318879	4545509
318880	4545521
318881	4545551
318882	4545557
318883	4545571
318884	4545577
318885	4545587
318886	4545599
318887	4545601
318888	4545641
318889	4545643
318890	4545683
318891	4545689
318892	4545691
318893	4545701
318894	4545703
318895	4545713
318896	4545719
318897	4545727
318898	4545733
318899	4545767
318900	4545799
318901	4545833
318902	4545839
318903	4545859
318904	4545869
318905	4545889
318906	4545899
318907	4545901
318908	4545911
318909	4545913
318910	4545923
318911	4545943
318912	4545967
318913	4545977
318914	4545979
318915	4546001
318916	4546007
318917	4546027
318918	4546037
318919	4546043
318920	4546049
318921	4546051
318922	4546081
318923	4546133
318924	4546141
318925	4546163
318926	4546193
318927	4546207
318928	4546211
318929	4546229
318930	4546231
318931	4546247
318932	4546253
318933	4546271
318934	4546277
318935	4546291
318936	4546307
318937	4546309
318938	4546319
318939	4546331
318940	4546349
318941	4546351
318942	4546397
318943	4546403
318944	4546411
318945	4546427
318946	4546447
318947	4546471
318948	4546489
318949	4546511
318950	4546517
318951	4546543
318952	4546573
318953	4546579
318954	4546589
318955	4546601
318956	4546603
318957	4546609
318958	4546631
318959	4546637
318960	4546651
318961	4546669
318962	4546679
318963	4546697
318964	4546699
318965	4546721
318966	4546753
318967	4546771
318968	4546783
318969	4546793
318970	4546807
318971	4546811
318972	4546813
318973	4546831
318974	4546849
318975	4546889
318976	4546891
318977	4546903
318978	4546931
318979	4546937
318980	4546943
318981	4546963
318982	4546979
318983	4546991
318984	4546999
318985	4547051
318986	4547057
318987	4547083
318988	4547087
318989	4547093
318990	4547117
318991	4547129
318992	4547149
318993	4547159
318994	4547183
318995	4547197
318996	4547209
318997	4547219
318998	4547227
318999	4547237
319000	4547239
