320001	4562707
320002	4562711
320003	4562731
320004	4562741
320005	4562743
320006	4562771
320007	4562791
320008	4562813
320009	4562821
320010	4562837
320011	4562843
320012	4562867
320013	4562879
320014	4562881
320015	4562893
320016	4562897
320017	4562903
320018	4562917
320019	4562923
320020	4562933
320021	4562939
320022	4562963
320023	4562981
320024	4563007
320025	4563017
320026	4563023
320027	4563029
320028	4563037
320029	4563043
320030	4563049
320031	4563061
320032	4563071
320033	4563073
320034	4563077
320035	4563101
320036	4563103
320037	4563109
320038	4563113
320039	4563127
320040	4563133
320041	4563137
320042	4563149
320043	4563151
320044	4563197
320045	4563217
320046	4563239
320047	4563253
320048	4563263
320049	4563271
320050	4563301
320051	4563311
320052	4563319
320053	4563323
320054	4563331
320055	4563337
320056	4563347
320057	4563367
320058	4563373
320059	4563409
320060	4563413
320061	4563421
320062	4563457
320063	4563467
320064	4563487
320065	4563521
320066	4563523
320067	4563529
320068	4563551
320069	4563557
320070	4563577
320071	4563583
320072	4563619
320073	4563623
320074	4563641
320075	4563649
320076	4563659
320077	4563661
320078	4563679
320079	4563697
320080	4563703
320081	4563733
320082	4563737
320083	4563749
320084	4563761
320085	4563763
320086	4563773
320087	4563799
320088	4563829
320089	4563847
320090	4563863
320091	4563869
320092	4563877
320093	4563893
320094	4563901
320095	4563907
320096	4563919
320097	4563929
320098	4563931
320099	4563983
320100	4564013
320101	4564039
320102	4564057
320103	4564073
320104	4564103
320105	4564111
320106	4564117
320107	4564121
320108	4564151
320109	4564193
320110	4564207
320111	4564247
320112	4564271
320113	4564303
320114	4564319
320115	4564331
320116	4564333
320117	4564337
320118	4564363
320119	4564367
320120	4564369
320121	4564387
320122	4564393
320123	4564411
320124	4564421
320125	4564423
320126	4564457
320127	4564459
320128	4564477
320129	4564487
320130	4564523
320131	4564531
320132	4564537
320133	4564559
320134	4564589
320135	4564591
320136	4564597
320137	4564601
320138	4564607
320139	4564613
320140	4564627
320141	4564631
320142	4564633
320143	4564663
320144	4564667
320145	4564669
320146	4564697
320147	4564711
320148	4564753
320149	4564757
320150	4564759
320151	4564793
320152	4564799
320153	4564829
320154	4564831
320155	4564841
320156	4564853
320157	4564867
320158	4564871
320159	4564873
320160	4564877
320161	4564907
320162	4564927
320163	4564933
320164	4564939
320165	4564961
320166	4564991
320167	4565003
320168	4565039
320169	4565047
320170	4565051
320171	4565053
320172	4565069
320173	4565101
320174	4565107
320175	4565131
320176	4565137
320177	4565159
320178	4565167
320179	4565189
320180	4565191
320181	4565203
320182	4565257
320183	4565273
320184	4565287
320185	4565291
320186	4565311
320187	4565357
320188	4565359
320189	4565381
320190	4565399
320191	4565411
320192	4565413
320193	4565443
320194	4565471
320195	4565497
320196	4565501
320197	4565543
320198	4565549
320199	4565551
320200	4565563
320201	4565599
320202	4565609
320203	4565621
320204	4565623
320205	4565629
320206	4565633
320207	4565641
320208	4565653
320209	4565663
320210	4565669
320211	4565677
320212	4565723
320213	4565749
320214	4565761
320215	4565831
320216	4565839
320217	4565851
320218	4565861
320219	4565863
320220	4565903
320221	4565917
320222	4565921
320223	4565927
320224	4565929
320225	4565933
320226	4565971
320227	4565987
320228	4565999
320229	4566007
320230	4566019
320231	4566043
320232	4566049
320233	4566053
320234	4566071
320235	4566091
320236	4566103
320237	4566113
320238	4566131
320239	4566143
320240	4566151
320241	4566161
320242	4566169
320243	4566179
320244	4566181
320245	4566203
320246	4566209
320247	4566229
320248	4566241
320249	4566257
320250	4566271
320251	4566301
320252	4566329
320253	4566343
320254	4566361
320255	4566377
320256	4566383
320257	4566409
320258	4566431
320259	4566433
320260	4566451
320261	4566467
320262	4566481
320263	4566491
320264	4566553
320265	4566563
320266	4566589
320267	4566607
320268	4566623
320269	4566629
320270	4566637
320271	4566647
320272	4566671
320273	4566689
320274	4566713
320275	4566721
320276	4566739
320277	4566767
320278	4566781
320279	4566797
320280	4566803
320281	4566823
320282	4566841
320283	4566847
320284	4566853
320285	4566869
320286	4566871
320287	4566883
320288	4566907
320289	4566923
320290	4566929
320291	4566937
320292	4566941
320293	4566977
320294	4566979
320295	4566997
320296	4567039
320297	4567061
320298	4567103
320299	4567109
320300	4567117
320301	4567151
320302	4567153
320303	4567177
320304	4567183
320305	4567187
320306	4567193
320307	4567207
320308	4567219
320309	4567231
320310	4567247
320311	4567259
320312	4567267
320313	4567273
320314	4567289
320315	4567313
320316	4567327
320317	4567333
320318	4567349
320319	4567357
320320	4567369
320321	4567379
320322	4567393
320323	4567397
320324	4567399
320325	4567411
320326	4567421
320327	4567481
320328	4567483
320329	4567489
320330	4567513
320331	4567531
320332	4567553
320333	4567559
320334	4567567
320335	4567579
320336	4567583
320337	4567597
320338	4567621
320339	4567627
320340	4567637
320341	4567649
320342	4567669
320343	4567681
320344	4567691
320345	4567751
320346	4567763
320347	4567793
320348	4567813
320349	4567817
320350	4567831
320351	4567841
320352	4567861
320353	4567867
320354	4567873
320355	4567891
320356	4567907
320357	4567919
320358	4567931
320359	4567963
320360	4567967
320361	4567973
320362	4567987
320363	4568009
320364	4568023
320365	4568029
320366	4568033
320367	4568059
320368	4568077
320369	4568089
320370	4568093
320371	4568111
320372	4568119
320373	4568141
320374	4568143
320375	4568149
320376	4568159
320377	4568183
320378	4568197
320379	4568209
320380	4568219
320381	4568231
320382	4568243
320383	4568269
320384	4568273
320385	4568297
320386	4568309
320387	4568323
320388	4568327
320389	4568339
320390	4568371
320391	4568381
320392	4568383
320393	4568387
320394	4568419
320395	4568437
320396	4568453
320397	4568471
320398	4568479
320399	4568497
320400	4568519
320401	4568521
320402	4568527
320403	4568537
320404	4568567
320405	4568581
320406	4568591
320407	4568609
320408	4568623
320409	4568633
320410	4568639
320411	4568647
320412	4568657
320413	4568677
320414	4568693
320415	4568713
320416	4568719
320417	4568731
320418	4568737
320419	4568741
320420	4568761
320421	4568777
320422	4568803
320423	4568819
320424	4568821
320425	4568827
320426	4568831
320427	4568833
320428	4568891
320429	4568899
320430	4568909
320431	4568923
320432	4568933
320433	4568947
320434	4568951
320435	4568957
320436	4568969
320437	4568981
320438	4568989
320439	4569001
320440	4569013
320441	4569023
320442	4569029
320443	4569043
320444	4569049
320445	4569127
320446	4569133
320447	4569151
320448	4569161
320449	4569179
320450	4569193
320451	4569197
320452	4569217
320453	4569259
320454	4569317
320455	4569319
320456	4569337
320457	4569353
320458	4569377
320459	4569391
320460	4569401
320461	4569419
320462	4569421
320463	4569437
320464	4569469
320465	4569497
320466	4569529
320467	4569533
320468	4569541
320469	4569547
320470	4569553
320471	4569563
320472	4569569
320473	4569577
320474	4569589
320475	4569613
320476	4569619
320477	4569641
320478	4569659
320479	4569667
320480	4569683
320481	4569701
320482	4569703
320483	4569743
320484	4569769
320485	4569779
320486	4569781
320487	4569793
320488	4569797
320489	4569811
320490	4569839
320491	4569853
320492	4569931
320493	4569941
320494	4569959
320495	4569973
320496	4569977
320497	4570001
320498	4570037
320499	4570067
320500	4570079
320501	4570087
320502	4570099
320503	4570133
320504	4570171
320505	4570177
320506	4570201
320507	4570207
320508	4570211
320509	4570217
320510	4570219
320511	4570249
320512	4570253
320513	4570259
320514	4570283
320515	4570301
320516	4570367
320517	4570403
320518	4570409
320519	4570411
320520	4570441
320521	4570453
320522	4570463
320523	4570477
320524	4570481
320525	4570519
320526	4570541
320527	4570549
320528	4570567
320529	4570571
320530	4570589
320531	4570591
320532	4570607
320533	4570613
320534	4570627
320535	4570633
320536	4570663
320537	4570679
320538	4570691
320539	4570693
320540	4570723
320541	4570729
320542	4570747
320543	4570751
320544	4570757
320545	4570759
320546	4570763
320547	4570781
320548	4570801
320549	4570817
320550	4570837
320551	4570843
320552	4570847
320553	4570877
320554	4570883
320555	4570889
320556	4570897
320557	4570901
320558	4570903
320559	4570927
320560	4570949
320561	4570987
320562	4571023
320563	4571033
320564	4571053
320565	4571057
320566	4571071
320567	4571081
320568	4571101
320569	4571107
320570	4571207
320571	4571219
320572	4571233
320573	4571251
320574	4571257
320575	4571263
320576	4571297
320577	4571309
320578	4571323
320579	4571341
320580	4571363
320581	4571407
320582	4571417
320583	4571423
320584	4571443
320585	4571447
320586	4571467
320587	4571471
320588	4571491
320589	4571519
320590	4571561
320591	4571573
320592	4571579
320593	4571597
320594	4571603
320595	4571629
320596	4571681
320597	4571731
320598	4571741
320599	4571747
320600	4571783
320601	4571813
320602	4571843
320603	4571857
320604	4571863
320605	4571887
320606	4571891
320607	4571893
320608	4571921
320609	4571923
320610	4571927
320611	4571947
320612	4571953
320613	4571971
320614	4571999
320615	4572017
320616	4572023
320617	4572037
320618	4572049
320619	4572059
320620	4572077
320621	4572107
320622	4572109
320623	4572119
320624	4572131
320625	4572157
320626	4572163
320627	4572181
320628	4572199
320629	4572229
320630	4572247
320631	4572251
320632	4572259
320633	4572263
320634	4572277
320635	4572299
320636	4572307
320637	4572317
320638	4572353
320639	4572383
320640	4572391
320641	4572427
320642	4572433
320643	4572437
320644	4572487
320645	4572509
320646	4572511
320647	4572523
320648	4572527
320649	4572551
320650	4572569
320651	4572611
320652	4572619
320653	4572629
320654	4572641
320655	4572671
320656	4572679
320657	4572707
320658	4572709
320659	4572721
320660	4572727
320661	4572751
320662	4572761
320663	4572767
320664	4572803
320665	4572809
320666	4572811
320667	4572823
320668	4572829
320669	4572833
320670	4572899
320671	4572907
320672	4572917
320673	4572979
320674	4572989
320675	4572991
320676	4573001
320677	4573033
320678	4573069
320679	4573081
320680	4573103
320681	4573111
320682	4573117
320683	4573123
320684	4573133
320685	4573141
320686	4573157
320687	4573169
320688	4573171
320689	4573183
320690	4573201
320691	4573207
320692	4573273
320693	4573279
320694	4573321
320695	4573333
320696	4573363
320697	4573367
320698	4573409
320699	4573421
320700	4573441
320701	4573451
320702	4573483
320703	4573489
320704	4573519
320705	4573537
320706	4573553
320707	4573571
320708	4573589
320709	4573627
320710	4573631
320711	4573633
320712	4573637
320713	4573649
320714	4573687
320715	4573691
320716	4573693
320717	4573703
320718	4573717
320719	4573727
320720	4573733
320721	4573747
320722	4573753
320723	4573763
320724	4573769
320725	4573783
320726	4573787
320727	4573801
320728	4573819
320729	4573831
320730	4573843
320731	4573861
320732	4573871
320733	4573873
320734	4573883
320735	4573897
320736	4573913
320737	4573931
320738	4573937
320739	4573949
320740	4573981
320741	4573991
320742	4573997
320743	4573999
320744	4574027
320745	4574029
320746	4574069
320747	4574077
320748	4574111
320749	4574123
320750	4574147
320751	4574149
320752	4574153
320753	4574161
320754	4574177
320755	4574183
320756	4574233
320757	4574237
320758	4574239
320759	4574261
320760	4574279
320761	4574287
320762	4574299
320763	4574327
320764	4574393
320765	4574407
320766	4574417
320767	4574419
320768	4574429
320769	4574441
320770	4574443
320771	4574461
320772	4574467
320773	4574477
320774	4574533
320775	4574543
320776	4574587
320777	4574597
320778	4574599
320779	4574659
320780	4574671
320781	4574707
320782	4574719
320783	4574741
320784	4574749
320785	4574753
320786	4574761
320787	4574767
320788	4574771
320789	4574777
320790	4574783
320791	4574789
320792	4574797
320793	4574803
320794	4574807
320795	4574849
320796	4574863
320797	4574873
320798	4574879
320799	4574881
320800	4574891
320801	4574897
320802	4574917
320803	4574923
320804	4574963
320805	4574971
320806	4574981
320807	4574987
320808	4575001
320809	4575017
320810	4575047
320811	4575049
320812	4575059
320813	4575079
320814	4575083
320815	4575089
320816	4575107
320817	4575133
320818	4575139
320819	4575163
320820	4575167
320821	4575173
320822	4575187
320823	4575203
320824	4575211
320825	4575217
320826	4575239
320827	4575269
320828	4575271
320829	4575281
320830	4575283
320831	4575287
320832	4575289
320833	4575323
320834	4575341
320835	4575377
320836	4575379
320837	4575469
320838	4575481
320839	4575503
320840	4575517
320841	4575521
320842	4575539
320843	4575547
320844	4575553
320845	4575563
320846	4575581
320847	4575583
320848	4575589
320849	4575619
320850	4575647
320851	4575653
320852	4575661
320853	4575691
320854	4575731
320855	4575733
320856	4575749
320857	4575773
320858	4575797
320859	4575799
320860	4575803
320861	4575821
320862	4575833
320863	4575841
320864	4575847
320865	4575853
320866	4575869
320867	4575871
320868	4575877
320869	4575911
320870	4575913
320871	4575947
320872	4575971
320873	4575973
320874	4575983
320875	4576001
320876	4576027
320877	4576031
320878	4576063
320879	4576067
320880	4576087
320881	4576097
320882	4576109
320883	4576141
320884	4576153
320885	4576157
320886	4576177
320887	4576193
320888	4576259
320889	4576261
320890	4576277
320891	4576279
320892	4576303
320893	4576307
320894	4576309
320895	4576331
320896	4576381
320897	4576409
320898	4576421
320899	4576423
320900	4576427
320901	4576433
320902	4576441
320903	4576457
320904	4576459
320905	4576477
320906	4576487
320907	4576501
320908	4576541
320909	4576591
320910	4576597
320911	4576601
320912	4576631
320913	4576639
320914	4576651
320915	4576661
320916	4576667
320917	4576669
320918	4576673
320919	4576679
320920	4576681
320921	4576687
320922	4576697
320923	4576717
320924	4576721
320925	4576727
320926	4576729
320927	4576753
320928	4576763
320929	4576771
320930	4576799
320931	4576841
320932	4576849
320933	4576879
320934	4576889
320935	4576903
320936	4576939
320937	4576951
320938	4576973
320939	4576981
320940	4576991
320941	4576993
320942	4576997
320943	4577039
320944	4577051
320945	4577059
320946	4577071
320947	4577077
320948	4577093
320949	4577101
320950	4577107
320951	4577123
320952	4577129
320953	4577141
320954	4577147
320955	4577149
320956	4577179
320957	4577191
320958	4577213
320959	4577231
320960	4577249
320961	4577297
320962	4577311
320963	4577317
320964	4577323
320965	4577329
320966	4577371
320967	4577383
320968	4577411
320969	4577413
320970	4577431
320971	4577449
320972	4577467
320973	4577473
320974	4577477
320975	4577509
320976	4577513
320977	4577543
320978	4577549
320979	4577561
320980	4577569
320981	4577627
320982	4577647
320983	4577653
320984	4577669
320985	4577693
320986	4577701
320987	4577711
320988	4577717
320989	4577719
320990	4577723
320991	4577731
320992	4577761
320993	4577779
320994	4577789
320995	4577821
320996	4577827
320997	4577849
320998	4577861
320999	4577887
321000	4577927
