322001	4593097
322002	4593133
322003	4593157
322004	4593161
322005	4593181
322006	4593187
322007	4593191
322008	4593221
322009	4593227
322010	4593229
322011	4593283
322012	4593293
322013	4593299
322014	4593313
322015	4593317
322016	4593331
322017	4593367
322018	4593371
322019	4593377
322020	4593401
322021	4593409
322022	4593427
322023	4593431
322024	4593437
322025	4593461
322026	4593481
322027	4593499
322028	4593527
322029	4593529
322030	4593539
322031	4593541
322032	4593569
322033	4593601
322034	4593607
322035	4593619
322036	4593623
322037	4593637
322038	4593643
322039	4593679
322040	4593683
322041	4593703
322042	4593707
322043	4593709
322044	4593737
322045	4593761
322046	4593769
322047	4593847
322048	4593851
322049	4593857
322050	4593863
322051	4593907
322052	4593923
322053	4593931
322054	4593937
322055	4593943
322056	4593959
322057	4593973
322058	4594001
322059	4594013
322060	4594019
322061	4594027
322062	4594033
322063	4594049
322064	4594099
322065	4594127
322066	4594129
322067	4594141
322068	4594147
322069	4594159
322070	4594171
322071	4594189
322072	4594207
322073	4594223
322074	4594229
322075	4594277
322076	4594279
322077	4594283
322078	4594307
322079	4594309
322080	4594357
322081	4594379
322082	4594397
322083	4594399
322084	4594433
322085	4594439
322086	4594451
322087	4594453
322088	4594463
322089	4594483
322090	4594489
322091	4594493
322092	4594511
322093	4594519
322094	4594529
322095	4594537
322096	4594543
322097	4594553
322098	4594559
322099	4594567
322100	4594589
322101	4594609
322102	4594619
322103	4594621
322104	4594633
322105	4594649
322106	4594657
322107	4594661
322108	4594663
322109	4594691
322110	4594721
322111	4594739
322112	4594753
322113	4594763
322114	4594769
322115	4594781
322116	4594783
322117	4594801
322118	4594817
322119	4594819
322120	4594823
322121	4594853
322122	4594859
322123	4594883
322124	4594897
322125	4594921
322126	4594939
322127	4594943
322128	4594949
322129	4594957
322130	4594969
322131	4594973
322132	4594991
322133	4594999
322134	4595027
322135	4595033
322136	4595039
322137	4595051
322138	4595077
322139	4595089
322140	4595179
322141	4595183
322142	4595189
322143	4595221
322144	4595243
322145	4595251
322146	4595263
322147	4595299
322148	4595303
322149	4595341
322150	4595387
322151	4595407
322152	4595411
322153	4595413
322154	4595441
322155	4595443
322156	4595477
322157	4595489
322158	4595527
322159	4595531
322160	4595537
322161	4595579
322162	4595581
322163	4595599
322164	4595603
322165	4595609
322166	4595621
322167	4595671
322168	4595677
322169	4595713
322170	4595737
322171	4595809
322172	4595821
322173	4595827
322174	4595849
322175	4595863
322176	4595867
322177	4595869
322178	4595879
322179	4595887
322180	4595893
322181	4595897
322182	4595947
322183	4595951
322184	4595953
322185	4595993
322186	4596013
322187	4596017
322188	4596019
322189	4596037
322190	4596047
322191	4596071
322192	4596073
322193	4596077
322194	4596079
322195	4596089
322196	4596101
322197	4596121
322198	4596131
322199	4596139
322200	4596143
322201	4596149
322202	4596161
322203	4596173
322204	4596187
322205	4596191
322206	4596197
322207	4596199
322208	4596211
322209	4596217
322210	4596247
322211	4596281
322212	4596283
322213	4596287
322214	4596301
322215	4596311
322216	4596323
322217	4596329
322218	4596331
322219	4596337
322220	4596349
322221	4596353
322222	4596359
322223	4596373
322224	4596377
322225	4596379
322226	4596407
322227	4596419
322228	4596491
322229	4596497
322230	4596503
322231	4596517
322232	4596521
322233	4596569
322234	4596577
322235	4596589
322236	4596607
322237	4596617
322238	4596653
322239	4596661
322240	4596671
322241	4596673
322242	4596677
322243	4596707
322244	4596721
322245	4596731
322246	4596833
322247	4596847
322248	4596853
322249	4596859
322250	4596901
322251	4596967
322252	4596971
322253	4596979
322254	4596983
322255	4596997
322256	4597003
322257	4597007
322258	4597013
322259	4597027
322260	4597039
322261	4597063
322262	4597081
322263	4597091
322264	4597111
322265	4597133
322266	4597141
322267	4597163
322268	4597169
322269	4597189
322270	4597193
322271	4597231
322272	4597237
322273	4597253
322274	4597277
322275	4597279
322276	4597291
322277	4597301
322278	4597303
322279	4597337
322280	4597357
322281	4597363
322282	4597367
322283	4597381
322284	4597391
322285	4597421
322286	4597423
322287	4597427
322288	4597459
322289	4597471
322290	4597499
322291	4597501
322292	4597519
322293	4597543
322294	4597577
322295	4597589
322296	4597597
322297	4597609
322298	4597669
322299	4597673
322300	4597679
322301	4597709
322302	4597717
322303	4597727
322304	4597739
322305	4597751
322306	4597771
322307	4597787
322308	4597793
322309	4597807
322310	4597819
322311	4597841
322312	4597847
322313	4597849
322314	4597891
322315	4597903
322316	4597919
322317	4597927
322318	4597933
322319	4597949
322320	4597961
322321	4597993
322322	4598063
322323	4598071
322324	4598081
322325	4598107
322326	4598123
322327	4598141
322328	4598147
322329	4598149
322330	4598159
322331	4598161
322332	4598179
322333	4598189
322334	4598201
322335	4598203
322336	4598207
322337	4598213
322338	4598221
322339	4598233
322340	4598239
322341	4598257
322342	4598281
322343	4598299
322344	4598303
322345	4598311
322346	4598329
322347	4598351
322348	4598359
322349	4598371
322350	4598389
322351	4598423
322352	4598453
322353	4598491
322354	4598533
322355	4598557
322356	4598563
322357	4598567
322358	4598569
322359	4598579
322360	4598591
322361	4598593
322362	4598603
322363	4598623
322364	4598647
322365	4598677
322366	4598701
322367	4598731
322368	4598743
322369	4598749
322370	4598771
322371	4598801
322372	4598821
322373	4598831
322374	4598837
322375	4598843
322376	4598887
322377	4598899
322378	4598911
322379	4598917
322380	4598921
322381	4598933
322382	4598939
322383	4598941
322384	4598963
322385	4598977
322386	4598983
322387	4598999
322388	4599019
322389	4599059
322390	4599071
322391	4599131
322392	4599169
322393	4599173
322394	4599209
322395	4599223
322396	4599229
322397	4599233
322398	4599251
322399	4599269
322400	4599271
322401	4599277
322402	4599281
322403	4599289
322404	4599293
322405	4599307
322406	4599319
322407	4599337
322408	4599341
322409	4599407
322410	4599437
322411	4599493
322412	4599509
322413	4599527
322414	4599533
322415	4599557
322416	4599587
322417	4599613
322418	4599619
322419	4599659
322420	4599677
322421	4599709
322422	4599731
322423	4599737
322424	4599739
322425	4599757
322426	4599761
322427	4599773
322428	4599797
322429	4599799
322430	4599841
322431	4599857
322432	4599863
322433	4599883
322434	4599887
322435	4599929
322436	4599941
322437	4599953
322438	4599961
322439	4599971
322440	4599983
322441	4599989
322442	4600003
322443	4600007
322444	4600021
322445	4600027
322446	4600051
322447	4600061
322448	4600073
322449	4600087
322450	4600093
322451	4600103
322452	4600129
322453	4600151
322454	4600157
322455	4600163
322456	4600177
322457	4600181
322458	4600187
322459	4600199
322460	4600231
322461	4600259
322462	4600279
322463	4600291
322464	4600301
322465	4600331
322466	4600333
322467	4600339
322468	4600361
322469	4600363
322470	4600367
322471	4600373
322472	4600397
322473	4600399
322474	4600411
322475	4600423
322476	4600429
322477	4600439
322478	4600447
322479	4600471
322480	4600481
322481	4600507
322482	4600513
322483	4600537
322484	4600553
322485	4600573
322486	4600577
322487	4600627
322488	4600633
322489	4600637
322490	4600639
322491	4600657
322492	4600669
322493	4600697
322494	4600711
322495	4600721
322496	4600751
322497	4600753
322498	4600801
322499	4600811
322500	4600847
322501	4600861
322502	4600889
322503	4600901
322504	4600933
322505	4600949
322506	4600963
322507	4600991
322508	4600993
322509	4601011
322510	4601029
322511	4601057
322512	4601099
322513	4601119
322514	4601123
322515	4601131
322516	4601137
322517	4601141
322518	4601147
322519	4601153
322520	4601167
322521	4601171
322522	4601189
322523	4601239
322524	4601243
322525	4601251
322526	4601273
322527	4601293
322528	4601323
322529	4601341
322530	4601383
322531	4601411
322532	4601417
322533	4601447
322534	4601453
322535	4601479
322536	4601483
322537	4601497
322538	4601501
322539	4601507
322540	4601537
322541	4601549
322542	4601551
322543	4601561
322544	4601593
322545	4601599
322546	4601617
322547	4601621
322548	4601677
322549	4601683
322550	4601687
322551	4601719
322552	4601741
322553	4601759
322554	4601789
322555	4601809
322556	4601833
322557	4601843
322558	4601879
322559	4601887
322560	4601897
322561	4601921
322562	4601929
322563	4601939
322564	4601957
322565	4601959
322566	4601969
322567	4601977
322568	4602011
322569	4602041
322570	4602071
322571	4602077
322572	4602083
322573	4602107
322574	4602109
322575	4602113
322576	4602131
322577	4602137
322578	4602173
322579	4602179
322580	4602181
322581	4602187
322582	4602211
322583	4602217
322584	4602233
322585	4602239
322586	4602251
322587	4602281
322588	4602289
322589	4602293
322590	4602317
322591	4602331
322592	4602341
322593	4602343
322594	4602347
322595	4602371
322596	4602383
322597	4602397
322598	4602407
322599	4602439
322600	4602443
322601	4602463
322602	4602487
322603	4602509
322604	4602517
322605	4602551
322606	4602557
322607	4602571
322608	4602581
322609	4602583
322610	4602589
322611	4602593
322612	4602629
322613	4602659
322614	4602673
322615	4602713
322616	4602721
322617	4602727
322618	4602749
322619	4602779
322620	4602781
322621	4602791
322622	4602797
322623	4602799
322624	4602803
322625	4602811
322626	4602821
322627	4602827
322628	4602839
322629	4602841
322630	4602847
322631	4602853
322632	4602863
322633	4602889
322634	4602893
322635	4602977
322636	4602979
322637	4602989
322638	4603007
322639	4603031
322640	4603043
322641	4603051
322642	4603087
322643	4603091
322644	4603099
322645	4603117
322646	4603139
322647	4603147
322648	4603153
322649	4603171
322650	4603189
322651	4603211
322652	4603229
322653	4603241
322654	4603253
322655	4603259
322656	4603273
322657	4603297
322658	4603309
322659	4603327
322660	4603331
322661	4603351
322662	4603393
322663	4603399
322664	4603411
322665	4603441
322666	4603483
322667	4603513
322668	4603517
322669	4603559
322670	4603579
322671	4603589
322672	4603601
322673	4603607
322674	4603619
322675	4603631
322676	4603639
322677	4603661
322678	4603667
322679	4603691
322680	4603699
322681	4603723
322682	4603741
322683	4603747
322684	4603751
322685	4603759
322686	4603763
322687	4603769
322688	4603777
322689	4603783
322690	4603789
322691	4603811
322692	4603813
322693	4603817
322694	4603831
322695	4603843
322696	4603861
322697	4603867
322698	4603897
322699	4603901
322700	4603913
322701	4603919
322702	4603981
322703	4603987
322704	4603999
322705	4604063
322706	4604101
322707	4604111
322708	4604123
322709	4604129
322710	4604143
322711	4604147
322712	4604189
322713	4604191
322714	4604221
322715	4604233
322716	4604267
322717	4604291
322718	4604293
322719	4604309
322720	4604321
322721	4604323
322722	4604333
322723	4604351
322724	4604363
322725	4604377
322726	4604387
322727	4604389
322728	4604447
322729	4604491
322730	4604497
322731	4604507
322732	4604521
322733	4604527
322734	4604549
322735	4604573
322736	4604597
322737	4604599
322738	4604609
322739	4604617
322740	4604641
322741	4604651
322742	4604657
322743	4604659
322744	4604681
322745	4604689
322746	4604701
322747	4604711
322748	4604713
322749	4604723
322750	4604729
322751	4604753
322752	4604759
322753	4604791
322754	4604797
322755	4604801
322756	4604837
322757	4604849
322758	4604851
322759	4604857
322760	4604903
322761	4604911
322762	4604921
322763	4604927
322764	4604933
322765	4604953
322766	4604969
322767	4604993
322768	4605001
322769	4605017
322770	4605023
322771	4605031
322772	4605061
322773	4605067
322774	4605071
322775	4605077
322776	4605101
322777	4605121
322778	4605137
322779	4605179
322780	4605197
322781	4605199
322782	4605217
322783	4605241
322784	4605247
322785	4605299
322786	4605301
322787	4605311
322788	4605323
322789	4605331
322790	4605361
322791	4605383
322792	4605397
322793	4605409
322794	4605437
322795	4605443
322796	4605449
322797	4605473
322798	4605479
322799	4605493
322800	4605509
322801	4605511
322802	4605527
322803	4605539
322804	4605547
322805	4605551
322806	4605553
322807	4605569
322808	4605593
322809	4605607
322810	4605613
322811	4605617
322812	4605641
322813	4605659
322814	4605673
322815	4605703
322816	4605709
322817	4605719
322818	4605721
322819	4605737
322820	4605743
322821	4605787
322822	4605791
322823	4605869
322824	4605893
322825	4605901
322826	4605917
322827	4605947
322828	4605959
322829	4605967
322830	4605973
322831	4605977
322832	4606001
322833	4606033
322834	4606039
322835	4606051
322836	4606079
322837	4606109
322838	4606127
322839	4606153
322840	4606169
322841	4606181
322842	4606193
322843	4606213
322844	4606229
322845	4606237
322846	4606249
322847	4606313
322848	4606319
322849	4606363
322850	4606367
322851	4606369
322852	4606397
322853	4606403
322854	4606429
322855	4606477
322856	4606487
322857	4606489
322858	4606499
322859	4606501
322860	4606513
322861	4606529
322862	4606549
322863	4606559
322864	4606561
322865	4606571
322866	4606573
322867	4606577
322868	4606579
322869	4606597
322870	4606619
322871	4606639
322872	4606649
322873	4606663
322874	4606669
322875	4606673
322876	4606691
322877	4606697
322878	4606699
322879	4606703
322880	4606709
322881	4606733
322882	4606741
322883	4606751
322884	4606769
322885	4606783
322886	4606807
322887	4606829
322888	4606837
322889	4606871
322890	4606933
322891	4606937
322892	4606939
322893	4606963
322894	4606967
322895	4606991
322896	4606997
322897	4607011
322898	4607021
322899	4607023
322900	4607033
322901	4607059
322902	4607077
322903	4607093
322904	4607167
322905	4607171
322906	4607191
322907	4607219
322908	4607227
322909	4607233
322910	4607243
322911	4607257
322912	4607279
322913	4607297
322914	4607299
322915	4607303
322916	4607311
322917	4607327
322918	4607333
322919	4607347
322920	4607353
322921	4607377
322922	4607387
322923	4607411
322924	4607417
322925	4607423
322926	4607431
322927	4607461
322928	4607467
322929	4607483
322930	4607531
322931	4607543
322932	4607563
322933	4607569
322934	4607587
322935	4607591
322936	4607593
322937	4607599
322938	4607609
322939	4607611
322940	4607627
322941	4607641
322942	4607651
322943	4607653
322944	4607677
322945	4607683
322946	4607689
322947	4607693
322948	4607699
322949	4607719
322950	4607749
322951	4607777
322952	4607789
322953	4607803
322954	4607807
322955	4607819
322956	4607857
322957	4607881
322958	4607887
322959	4607893
322960	4607903
322961	4607909
322962	4607917
322963	4607929
322964	4607947
322965	4607951
322966	4607957
322967	4607963
322968	4607987
322969	4608007
322970	4608049
322971	4608053
322972	4608083
322973	4608101
322974	4608133
322975	4608143
322976	4608151
322977	4608199
322978	4608217
322979	4608223
322980	4608251
322981	4608259
322982	4608281
322983	4608283
322984	4608287
322985	4608293
322986	4608301
322987	4608311
322988	4608319
322989	4608337
322990	4608347
322991	4608379
322992	4608389
322993	4608391
322994	4608407
322995	4608413
322996	4608433
322997	4608437
322998	4608463
322999	4608473
323000	4608493
