324001	4623797
324002	4623809
324003	4623811
324004	4623823
324005	4623863
324006	4623869
324007	4623877
324008	4623911
324009	4623953
324010	4623967
324011	4624003
324012	4624019
324013	4624027
324014	4624031
324015	4624033
324016	4624057
324017	4624069
324018	4624093
324019	4624099
324020	4624111
324021	4624129
324022	4624133
324023	4624157
324024	4624171
324025	4624211
324026	4624229
324027	4624231
324028	4624237
324029	4624241
324030	4624261
324031	4624313
324032	4624339
324033	4624343
324034	4624381
324035	4624387
324036	4624393
324037	4624439
324038	4624441
324039	4624453
324040	4624457
324041	4624481
324042	4624489
324043	4624507
324044	4624517
324045	4624523
324046	4624531
324047	4624537
324048	4624547
324049	4624553
324050	4624573
324051	4624577
324052	4624579
324053	4624583
324054	4624591
324055	4624603
324056	4624637
324057	4624639
324058	4624643
324059	4624649
324060	4624661
324061	4624681
324062	4624691
324063	4624699
324064	4624703
324065	4624721
324066	4624723
324067	4624747
324068	4624757
324069	4624777
324070	4624783
324071	4624787
324072	4624801
324073	4624813
324074	4624819
324075	4624831
324076	4624849
324077	4624853
324078	4624871
324079	4624877
324080	4624883
324081	4624903
324082	4624913
324083	4624931
324084	4624933
324085	4624957
324086	4624967
324087	4624987
324088	4624993
324089	4625021
324090	4625029
324091	4625059
324092	4625119
324093	4625141
324094	4625167
324095	4625183
324096	4625191
324097	4625219
324098	4625221
324099	4625233
324100	4625237
324101	4625249
324102	4625263
324103	4625267
324104	4625273
324105	4625279
324106	4625287
324107	4625311
324108	4625321
324109	4625329
324110	4625339
324111	4625389
324112	4625393
324113	4625431
324114	4625441
324115	4625443
324116	4625449
324117	4625459
324118	4625519
324119	4625549
324120	4625557
324121	4625567
324122	4625609
324123	4625611
324124	4625617
324125	4625641
324126	4625651
324127	4625657
324128	4625701
324129	4625707
324130	4625713
324131	4625723
324132	4625729
324133	4625767
324134	4625771
324135	4625773
324136	4625779
324137	4625801
324138	4625807
324139	4625843
324140	4625849
324141	4625867
324142	4625879
324143	4625891
324144	4625903
324145	4625909
324146	4625917
324147	4625927
324148	4625939
324149	4626001
324150	4626007
324151	4626019
324152	4626031
324153	4626043
324154	4626053
324155	4626113
324156	4626121
324157	4626133
324158	4626137
324159	4626157
324160	4626169
324161	4626191
324162	4626203
324163	4626217
324164	4626233
324165	4626239
324166	4626247
324167	4626269
324168	4626277
324169	4626299
324170	4626313
324171	4626331
324172	4626361
324173	4626373
324174	4626379
324175	4626383
324176	4626389
324177	4626407
324178	4626421
324179	4626437
324180	4626439
324181	4626449
324182	4626463
324183	4626467
324184	4626469
324185	4626497
324186	4626511
324187	4626547
324188	4626577
324189	4626617
324190	4626619
324191	4626623
324192	4626637
324193	4626641
324194	4626647
324195	4626653
324196	4626659
324197	4626679
324198	4626691
324199	4626707
324200	4626733
324201	4626751
324202	4626761
324203	4626779
324204	4626799
324205	4626827
324206	4626829
324207	4626833
324208	4626851
324209	4626859
324210	4626871
324211	4626877
324212	4626889
324213	4626913
324214	4626917
324215	4626977
324216	4627003
324217	4627031
324218	4627039
324219	4627061
324220	4627067
324221	4627121
324222	4627169
324223	4627177
324224	4627201
324225	4627223
324226	4627229
324227	4627243
324228	4627253
324229	4627289
324230	4627303
324231	4627307
324232	4627361
324233	4627367
324234	4627373
324235	4627387
324236	4627409
324237	4627421
324238	4627423
324239	4627459
324240	4627487
324241	4627523
324242	4627529
324243	4627549
324244	4627591
324245	4627603
324246	4627631
324247	4627633
324248	4627639
324249	4627663
324250	4627673
324251	4627681
324252	4627691
324253	4627699
324254	4627717
324255	4627747
324256	4627751
324257	4627759
324258	4627787
324259	4627817
324260	4627823
324261	4627841
324262	4627871
324263	4627873
324264	4627877
324265	4627879
324266	4627913
324267	4627937
324268	4627943
324269	4628003
324270	4628017
324271	4628033
324272	4628051
324273	4628069
324274	4628093
324275	4628101
324276	4628111
324277	4628177
324278	4628201
324279	4628209
324280	4628227
324281	4628257
324282	4628279
324283	4628287
324284	4628291
324285	4628297
324286	4628311
324287	4628317
324288	4628321
324289	4628341
324290	4628363
324291	4628389
324292	4628399
324293	4628401
324294	4628411
324295	4628417
324296	4628431
324297	4628447
324298	4628453
324299	4628461
324300	4628479
324301	4628483
324302	4628489
324303	4628501
324304	4628551
324305	4628567
324306	4628581
324307	4628599
324308	4628621
324309	4628627
324310	4628629
324311	4628651
324312	4628669
324313	4628677
324314	4628699
324315	4628731
324316	4628747
324317	4628749
324318	4628753
324319	4628759
324320	4628783
324321	4628797
324322	4628803
324323	4628807
324324	4628849
324325	4628851
324326	4628867
324327	4628891
324328	4628917
324329	4628929
324330	4628969
324331	4628977
324332	4628999
324333	4629007
324334	4629017
324335	4629041
324336	4629043
324337	4629047
324338	4629059
324339	4629089
324340	4629091
324341	4629101
324342	4629127
324343	4629139
324344	4629161
324345	4629167
324346	4629169
324347	4629173
324348	4629197
324349	4629239
324350	4629283
324351	4629311
324352	4629347
324353	4629349
324354	4629353
324355	4629377
324356	4629379
324357	4629397
324358	4629419
324359	4629421
324360	4629431
324361	4629439
324362	4629451
324363	4629461
324364	4629467
324365	4629481
324366	4629487
324367	4629511
324368	4629517
324369	4629523
324370	4629529
324371	4629539
324372	4629563
324373	4629577
324374	4629607
324375	4629613
324376	4629617
324377	4629623
324378	4629629
324379	4629631
324380	4629659
324381	4629707
324382	4629719
324383	4629721
324384	4629727
324385	4629731
324386	4629743
324387	4629769
324388	4629803
324389	4629809
324390	4629817
324391	4629827
324392	4629841
324393	4629871
324394	4629887
324395	4629893
324396	4629913
324397	4629917
324398	4629929
324399	4629931
324400	4629959
324401	4629971
324402	4629979
324403	4629983
324404	4629991
324405	4630009
324406	4630013
324407	4630019
324408	4630051
324409	4630063
324410	4630079
324411	4630081
324412	4630097
324413	4630099
324414	4630121
324415	4630139
324416	4630177
324417	4630181
324418	4630187
324419	4630201
324420	4630207
324421	4630231
324422	4630237
324423	4630247
324424	4630271
324425	4630277
324426	4630309
324427	4630313
324428	4630331
324429	4630349
324430	4630363
324431	4630387
324432	4630397
324433	4630399
324434	4630421
324435	4630447
324436	4630453
324437	4630469
324438	4630519
324439	4630529
324440	4630553
324441	4630583
324442	4630589
324443	4630597
324444	4630601
324445	4630603
324446	4630607
324447	4630643
324448	4630651
324449	4630657
324450	4630669
324451	4630673
324452	4630697
324453	4630709
324454	4630721
324455	4630723
324456	4630753
324457	4630757
324458	4630763
324459	4630789
324460	4630831
324461	4630837
324462	4630849
324463	4630859
324464	4630861
324465	4630867
324466	4630891
324467	4630897
324468	4630903
324469	4630907
324470	4630921
324471	4630931
324472	4630933
324473	4630949
324474	4630961
324475	4630979
324476	4630999
324477	4631017
324478	4631093
324479	4631111
324480	4631131
324481	4631141
324482	4631147
324483	4631171
324484	4631203
324485	4631227
324486	4631233
324487	4631251
324488	4631279
324489	4631287
324490	4631311
324491	4631351
324492	4631353
324493	4631359
324494	4631371
324495	4631399
324496	4631413
324497	4631453
324498	4631467
324499	4631477
324500	4631479
324501	4631489
324502	4631513
324503	4631527
324504	4631537
324505	4631551
324506	4631567
324507	4631569
324508	4631593
324509	4631597
324510	4631629
324511	4631639
324512	4631651
324513	4631663
324514	4631681
324515	4631689
324516	4631699
324517	4631719
324518	4631743
324519	4631747
324520	4631749
324521	4631761
324522	4631797
324523	4631813
324524	4631821
324525	4631843
324526	4631863
324527	4631867
324528	4631881
324529	4631899
324530	4631903
324531	4631987
324532	4631999
324533	4632011
324534	4632053
324535	4632073
324536	4632077
324537	4632091
324538	4632097
324539	4632151
324540	4632161
324541	4632167
324542	4632169
324543	4632191
324544	4632197
324545	4632233
324546	4632239
324547	4632241
324548	4632247
324549	4632281
324550	4632301
324551	4632307
324552	4632317
324553	4632337
324554	4632343
324555	4632349
324556	4632377
324557	4632403
324558	4632443
324559	4632457
324560	4632473
324561	4632487
324562	4632497
324563	4632527
324564	4632577
324565	4632611
324566	4632613
324567	4632629
324568	4632647
324569	4632673
324570	4632689
324571	4632697
324572	4632701
324573	4632703
324574	4632709
324575	4632757
324576	4632781
324577	4632787
324578	4632809
324579	4632829
324580	4632841
324581	4632851
324582	4632853
324583	4632869
324584	4632871
324585	4632893
324586	4632907
324587	4632911
324588	4632917
324589	4632973
324590	4632989
324591	4632997
324592	4633001
324593	4633003
324594	4633019
324595	4633021
324596	4633037
324597	4633039
324598	4633067
324599	4633141
324600	4633157
324601	4633159
324602	4633183
324603	4633193
324604	4633199
324605	4633201
324606	4633217
324607	4633219
324608	4633259
324609	4633261
324610	4633267
324611	4633273
324612	4633289
324613	4633303
324614	4633319
324615	4633331
324616	4633361
324617	4633381
324618	4633403
324619	4633411
324620	4633423
324621	4633439
324622	4633457
324623	4633463
324624	4633471
324625	4633483
324626	4633487
324627	4633501
324628	4633507
324629	4633513
324630	4633543
324631	4633553
324632	4633579
324633	4633583
324634	4633609
324635	4633627
324636	4633633
324637	4633679
324638	4633687
324639	4633693
324640	4633709
324641	4633747
324642	4633753
324643	4633757
324644	4633763
324645	4633793
324646	4633813
324647	4633819
324648	4633841
324649	4633847
324650	4633873
324651	4633883
324652	4633897
324653	4633901
324654	4633913
324655	4633931
324656	4633961
324657	4633969
324658	4633999
324659	4634009
324660	4634011
324661	4634023
324662	4634027
324663	4634029
324664	4634051
324665	4634057
324666	4634089
324667	4634093
324668	4634111
324669	4634117
324670	4634173
324671	4634177
324672	4634191
324673	4634197
324674	4634207
324675	4634209
324676	4634249
324677	4634263
324678	4634281
324679	4634291
324680	4634297
324681	4634317
324682	4634321
324683	4634327
324684	4634351
324685	4634359
324686	4634363
324687	4634389
324688	4634393
324689	4634401
324690	4634419
324691	4634429
324692	4634447
324693	4634459
324694	4634473
324695	4634501
324696	4634503
324697	4634521
324698	4634527
324699	4634561
324700	4634633
324701	4634639
324702	4634687
324703	4634699
324704	4634701
324705	4634713
324706	4634723
324707	4634737
324708	4634743
324709	4634767
324710	4634783
324711	4634801
324712	4634821
324713	4634827
324714	4634837
324715	4634869
324716	4634881
324717	4634899
324718	4634923
324719	4634933
324720	4634947
324721	4634957
324722	4634977
324723	4635011
324724	4635017
324725	4635023
324726	4635047
324727	4635061
324728	4635073
324729	4635079
324730	4635083
324731	4635097
324732	4635131
324733	4635143
324734	4635149
324735	4635161
324736	4635181
324737	4635223
324738	4635263
324739	4635269
324740	4635277
324741	4635287
324742	4635289
324743	4635311
324744	4635313
324745	4635317
324746	4635341
324747	4635343
324748	4635353
324749	4635359
324750	4635361
324751	4635383
324752	4635391
324753	4635403
324754	4635437
324755	4635439
324756	4635457
324757	4635473
324758	4635503
324759	4635517
324760	4635541
324761	4635551
324762	4635559
324763	4635569
324764	4635613
324765	4635623
324766	4635629
324767	4635637
324768	4635649
324769	4635703
324770	4635707
324771	4635731
324772	4635733
324773	4635773
324774	4635779
324775	4635793
324776	4635809
324777	4635821
324778	4635847
324779	4635859
324780	4635863
324781	4635871
324782	4635877
324783	4635887
324784	4635893
324785	4635899
324786	4635907
324787	4635913
324788	4635937
324789	4635941
324790	4635971
324791	4635973
324792	4635977
324793	4635979
324794	4635991
324795	4636003
324796	4636013
324797	4636031
324798	4636039
324799	4636111
324800	4636123
324801	4636129
324802	4636141
324803	4636147
324804	4636169
324805	4636207
324806	4636231
324807	4636237
324808	4636243
324809	4636249
324810	4636319
324811	4636327
324812	4636337
324813	4636343
324814	4636351
324815	4636369
324816	4636381
324817	4636441
324818	4636447
324819	4636451
324820	4636459
324821	4636477
324822	4636519
324823	4636531
324824	4636543
324825	4636553
324826	4636559
324827	4636579
324828	4636591
324829	4636603
324830	4636609
324831	4636613
324832	4636651
324833	4636657
324834	4636661
324835	4636663
324836	4636669
324837	4636679
324838	4636693
324839	4636711
324840	4636717
324841	4636721
324842	4636739
324843	4636769
324844	4636771
324845	4636799
324846	4636829
324847	4636837
324848	4636847
324849	4636871
324850	4636883
324851	4636909
324852	4636913
324853	4636921
324854	4636943
324855	4636963
324856	4636967
324857	4636993
324858	4636999
324859	4637027
324860	4637041
324861	4637069
324862	4637093
324863	4637111
324864	4637117
324865	4637119
324866	4637123
324867	4637131
324868	4637189
324869	4637201
324870	4637231
324871	4637233
324872	4637239
324873	4637251
324874	4637261
324875	4637263
324876	4637287
324877	4637323
324878	4637333
324879	4637351
324880	4637359
324881	4637363
324882	4637371
324883	4637389
324884	4637411
324885	4637417
324886	4637429
324887	4637449
324888	4637453
324889	4637461
324890	4637483
324891	4637489
324892	4637497
324893	4637519
324894	4637561
324895	4637573
324896	4637579
324897	4637603
324898	4637627
324899	4637639
324900	4637657
324901	4637669
324902	4637683
324903	4637687
324904	4637707
324905	4637713
324906	4637723
324907	4637749
324908	4637771
324909	4637783
324910	4637803
324911	4637827
324912	4637833
324913	4637873
324914	4637903
324915	4637929
324916	4637939
324917	4637947
324918	4637951
324919	4637981
324920	4638001
324921	4638017
324922	4638037
324923	4638041
324924	4638077
324925	4638089
324926	4638103
324927	4638113
324928	4638119
324929	4638133
324930	4638143
324931	4638149
324932	4638181
324933	4638187
324934	4638191
324935	4638197
324936	4638199
324937	4638211
324938	4638239
324939	4638241
324940	4638247
324941	4638287
324942	4638301
324943	4638307
324944	4638323
324945	4638329
324946	4638353
324947	4638377
324948	4638397
324949	4638407
324950	4638419
324951	4638449
324952	4638457
324953	4638461
324954	4638509
324955	4638511
324956	4638533
324957	4638541
324958	4638547
324959	4638551
324960	4638553
324961	4638583
324962	4638587
324963	4638589
324964	4638607
324965	4638629
324966	4638631
324967	4638659
324968	4638677
324969	4638691
324970	4638721
324971	4638737
324972	4638743
324973	4638761
324974	4638791
324975	4638827
324976	4638833
324977	4638857
324978	4638859
324979	4638899
324980	4638911
324981	4638937
324982	4638961
324983	4638967
324984	4638971
324985	4638979
324986	4639003
324987	4639049
324988	4639051
324989	4639067
324990	4639073
324991	4639081
324992	4639099
324993	4639121
324994	4639127
324995	4639133
324996	4639139
324997	4639189
324998	4639237
324999	4639259
325000	4639267
