326001	4654709
326002	4654721
326003	4654729
326004	4654733
326005	4654747
326006	4654781
326007	4654799
326008	4654801
326009	4654807
326010	4654813
326011	4654817
326012	4654843
326013	4654907
326014	4654919
326015	4654963
326016	4655009
326017	4655029
326018	4655033
326019	4655047
326020	4655069
326021	4655071
326022	4655111
326023	4655113
326024	4655129
326025	4655143
326026	4655173
326027	4655201
326028	4655213
326029	4655251
326030	4655279
326031	4655317
326032	4655333
326033	4655369
326034	4655381
326035	4655383
326036	4655389
326037	4655411
326038	4655419
326039	4655461
326040	4655471
326041	4655473
326042	4655503
326043	4655507
326044	4655531
326045	4655533
326046	4655537
326047	4655561
326048	4655579
326049	4655587
326050	4655593
326051	4655597
326052	4655617
326053	4655657
326054	4655659
326055	4655663
326056	4655687
326057	4655723
326058	4655737
326059	4655743
326060	4655753
326061	4655767
326062	4655789
326063	4655801
326064	4655809
326065	4655831
326066	4655851
326067	4655869
326068	4655873
326069	4655881
326070	4655887
326071	4655899
326072	4655923
326073	4655927
326074	4655929
326075	4655933
326076	4655957
326077	4655971
326078	4656053
326079	4656061
326080	4656077
326081	4656089
326082	4656139
326083	4656151
326084	4656163
326085	4656167
326086	4656173
326087	4656187
326088	4656193
326089	4656203
326090	4656227
326091	4656229
326092	4656241
326093	4656263
326094	4656331
326095	4656343
326096	4656367
326097	4656397
326098	4656409
326099	4656467
326100	4656469
326101	4656481
326102	4656503
326103	4656517
326104	4656529
326105	4656551
326106	4656563
326107	4656581
326108	4656607
326109	4656629
326110	4656643
326111	4656661
326112	4656703
326113	4656721
326114	4656763
326115	4656779
326116	4656797
326117	4656809
326118	4656823
326119	4656853
326120	4656859
326121	4656877
326122	4656887
326123	4656893
326124	4656937
326125	4656947
326126	4656973
326127	4656979
326128	4656983
326129	4656989
326130	4657001
326131	4657007
326132	4657019
326133	4657021
326134	4657039
326135	4657049
326136	4657061
326137	4657117
326138	4657123
326139	4657141
326140	4657151
326141	4657171
326142	4657187
326143	4657189
326144	4657193
326145	4657199
326146	4657229
326147	4657241
326148	4657267
326149	4657291
326150	4657297
326151	4657321
326152	4657343
326153	4657349
326154	4657361
326155	4657363
326156	4657381
326157	4657397
326158	4657417
326159	4657423
326160	4657427
326161	4657441
326162	4657453
326163	4657493
326164	4657537
326165	4657547
326166	4657553
326167	4657561
326168	4657567
326169	4657571
326170	4657577
326171	4657579
326172	4657607
326173	4657613
326174	4657621
326175	4657687
326176	4657691
326177	4657703
326178	4657727
326179	4657729
326180	4657739
326181	4657769
326182	4657771
326183	4657787
326184	4657789
326185	4657811
326186	4657823
326187	4657853
326188	4657879
326189	4657883
326190	4657901
326191	4657909
326192	4657921
326193	4657927
326194	4657931
326195	4657957
326196	4657963
326197	4657981
326198	4657987
326199	4657997
326200	4657999
326201	4658047
326202	4658053
326203	4658099
326204	4658107
326205	4658141
326206	4658149
326207	4658161
326208	4658177
326209	4658197
326210	4658207
326211	4658237
326212	4658279
326213	4658281
326214	4658321
326215	4658327
326216	4658341
326217	4658359
326218	4658383
326219	4658389
326220	4658399
326221	4658419
326222	4658431
326223	4658447
326224	4658483
326225	4658497
326226	4658503
326227	4658513
326228	4658539
326229	4658557
326230	4658567
326231	4658569
326232	4658579
326233	4658597
326234	4658603
326235	4658611
326236	4658617
326237	4658623
326238	4658653
326239	4658659
326240	4658671
326241	4658677
326242	4658701
326243	4658713
326244	4658723
326245	4658729
326246	4658737
326247	4658767
326248	4658777
326249	4658779
326250	4658791
326251	4658809
326252	4658831
326253	4658837
326254	4658869
326255	4658893
326256	4658911
326257	4658917
326258	4658923
326259	4658939
326260	4658947
326261	4658957
326262	4658963
326263	4658989
326264	4659013
326265	4659023
326266	4659043
326267	4659049
326268	4659059
326269	4659073
326270	4659131
326271	4659181
326272	4659197
326273	4659203
326274	4659209
326275	4659211
326276	4659223
326277	4659229
326278	4659257
326279	4659287
326280	4659293
326281	4659307
326282	4659311
326283	4659323
326284	4659367
326285	4659443
326286	4659449
326287	4659451
326288	4659469
326289	4659481
326290	4659491
326291	4659493
326292	4659497
326293	4659511
326294	4659569
326295	4659587
326296	4659619
326297	4659623
326298	4659637
326299	4659647
326300	4659673
326301	4659679
326302	4659689
326303	4659719
326304	4659727
326305	4659763
326306	4659793
326307	4659797
326308	4659803
326309	4659833
326310	4659841
326311	4659847
326312	4659857
326313	4659871
326314	4659877
326315	4659881
326316	4659899
326317	4659901
326318	4659911
326319	4659913
326320	4659929
326321	4659947
326322	4659979
326323	4660001
326324	4660009
326325	4660043
326326	4660067
326327	4660079
326328	4660087
326329	4660093
326330	4660127
326331	4660133
326332	4660147
326333	4660151
326334	4660153
326335	4660157
326336	4660169
326337	4660177
326338	4660189
326339	4660219
326340	4660223
326341	4660259
326342	4660267
326343	4660277
326344	4660291
326345	4660303
326346	4660309
326347	4660321
326348	4660349
326349	4660361
326350	4660423
326351	4660427
326352	4660433
326353	4660457
326354	4660471
326355	4660489
326356	4660493
326357	4660501
326358	4660507
326359	4660517
326360	4660541
326361	4660543
326362	4660547
326363	4660549
326364	4660573
326365	4660577
326366	4660589
326367	4660597
326368	4660627
326369	4660637
326370	4660687
326371	4660693
326372	4660709
326373	4660717
326374	4660723
326375	4660729
326376	4660741
326377	4660759
326378	4660769
326379	4660781
326380	4660783
326381	4660801
326382	4660807
326383	4660861
326384	4660867
326385	4660879
326386	4660889
326387	4660919
326388	4660933
326389	4660951
326390	4660961
326391	4660969
326392	4660993
326393	4661011
326394	4661017
326395	4661029
326396	4661039
326397	4661053
326398	4661057
326399	4661089
326400	4661093
326401	4661113
326402	4661117
326403	4661119
326404	4661161
326405	4661183
326406	4661207
326407	4661231
326408	4661233
326409	4661263
326410	4661291
326411	4661299
326412	4661303
326413	4661309
326414	4661317
326415	4661323
326416	4661333
326417	4661347
326418	4661351
326419	4661353
326420	4661359
326421	4661399
326422	4661429
326423	4661443
326424	4661477
326425	4661491
326426	4661497
326427	4661513
326428	4661537
326429	4661539
326430	4661543
326431	4661551
326432	4661557
326433	4661567
326434	4661581
326435	4661609
326436	4661639
326437	4661651
326438	4661693
326439	4661717
326440	4661719
326441	4661729
326442	4661743
326443	4661747
326444	4661773
326445	4661777
326446	4661807
326447	4661819
326448	4661849
326449	4661851
326450	4661863
326451	4661887
326452	4661911
326453	4661941
326454	4661959
326455	4661983
326456	4661989
326457	4662019
326458	4662023
326459	4662067
326460	4662083
326461	4662101
326462	4662109
326463	4662113
326464	4662137
326465	4662149
326466	4662167
326467	4662179
326468	4662181
326469	4662197
326470	4662209
326471	4662221
326472	4662223
326473	4662227
326474	4662241
326475	4662263
326476	4662269
326477	4662271
326478	4662293
326479	4662299
326480	4662319
326481	4662331
326482	4662337
326483	4662341
326484	4662347
326485	4662349
326486	4662373
326487	4662377
326488	4662389
326489	4662401
326490	4662419
326491	4662433
326492	4662451
326493	4662457
326494	4662461
326495	4662487
326496	4662503
326497	4662527
326498	4662529
326499	4662547
326500	4662557
326501	4662571
326502	4662587
326503	4662601
326504	4662611
326505	4662631
326506	4662653
326507	4662661
326508	4662667
326509	4662673
326510	4662689
326511	4662773
326512	4662821
326513	4662863
326514	4662871
326515	4662893
326516	4662899
326517	4662919
326518	4662967
326519	4662979
326520	4663003
326521	4663007
326522	4663013
326523	4663019
326524	4663039
326525	4663063
326526	4663079
326527	4663111
326528	4663121
326529	4663157
326530	4663163
326531	4663177
326532	4663201
326533	4663223
326534	4663231
326535	4663249
326536	4663259
326537	4663277
326538	4663279
326539	4663283
326540	4663289
326541	4663297
326542	4663327
326543	4663331
326544	4663339
326545	4663349
326546	4663363
326547	4663367
326548	4663427
326549	4663429
326550	4663433
326551	4663441
326552	4663447
326553	4663499
326554	4663501
326555	4663507
326556	4663513
326557	4663541
326558	4663543
326559	4663553
326560	4663573
326561	4663579
326562	4663583
326563	4663597
326564	4663601
326565	4663613
326566	4663621
326567	4663643
326568	4663649
326569	4663657
326570	4663691
326571	4663697
326572	4663699
326573	4663717
326574	4663727
326575	4663741
326576	4663781
326577	4663787
326578	4663793
326579	4663801
326580	4663807
326581	4663817
326582	4663847
326583	4663859
326584	4663913
326585	4663921
326586	4663927
326587	4663931
326588	4663969
326589	4663973
326590	4663979
326591	4663991
326592	4664003
326593	4664017
326594	4664057
326595	4664059
326596	4664083
326597	4664087
326598	4664089
326599	4664111
326600	4664113
326601	4664117
326602	4664129
326603	4664131
326604	4664141
326605	4664173
326606	4664197
326607	4664213
326608	4664221
326609	4664227
326610	4664249
326611	4664263
326612	4664279
326613	4664287
326614	4664311
326615	4664321
326616	4664323
326617	4664357
326618	4664381
326619	4664393
326620	4664399
326621	4664419
326622	4664431
326623	4664441
326624	4664449
326625	4664453
326626	4664459
326627	4664467
326628	4664497
326629	4664507
326630	4664521
326631	4664531
326632	4664533
326633	4664567
326634	4664573
326635	4664581
326636	4664591
326637	4664593
326638	4664603
326639	4664641
326640	4664657
326641	4664659
326642	4664669
326643	4664687
326644	4664707
326645	4664711
326646	4664789
326647	4664801
326648	4664809
326649	4664813
326650	4664819
326651	4664839
326652	4664867
326653	4664909
326654	4664917
326655	4664921
326656	4664927
326657	4664951
326658	4664971
326659	4664977
326660	4664993
326661	4665019
326662	4665047
326663	4665049
326664	4665109
326665	4665119
326666	4665139
326667	4665149
326668	4665161
326669	4665163
326670	4665169
326671	4665209
326672	4665247
326673	4665263
326674	4665281
326675	4665299
326676	4665301
326677	4665313
326678	4665319
326679	4665329
326680	4665373
326681	4665377
326682	4665379
326683	4665413
326684	4665449
326685	4665461
326686	4665467
326687	4665473
326688	4665487
326689	4665499
326690	4665509
326691	4665533
326692	4665539
326693	4665547
326694	4665553
326695	4665653
326696	4665673
326697	4665719
326698	4665721
326699	4665733
326700	4665751
326701	4665761
326702	4665767
326703	4665799
326704	4665833
326705	4665847
326706	4665851
326707	4665863
326708	4665877
326709	4665889
326710	4665893
326711	4665901
326712	4665911
326713	4665917
326714	4665919
326715	4665931
326716	4665937
326717	4665967
326718	4665971
326719	4665979
326720	4666021
326721	4666031
326722	4666037
326723	4666069
326724	4666117
326725	4666121
326726	4666127
326727	4666139
326728	4666141
326729	4666159
326730	4666183
326731	4666219
326732	4666223
326733	4666243
326734	4666247
326735	4666253
326736	4666261
326737	4666273
326738	4666283
326739	4666289
326740	4666297
326741	4666327
326742	4666373
326743	4666393
326744	4666397
326745	4666421
326746	4666423
326747	4666433
326748	4666463
326749	4666471
326750	4666499
326751	4666549
326752	4666553
326753	4666559
326754	4666589
326755	4666633
326756	4666637
326757	4666639
326758	4666643
326759	4666663
326760	4666667
326761	4666679
326762	4666681
326763	4666691
326764	4666693
326765	4666741
326766	4666777
326767	4666801
326768	4666807
326769	4666813
326770	4666819
326771	4666867
326772	4666873
326773	4666877
326774	4666889
326775	4666903
326776	4666931
326777	4666943
326778	4666967
326779	4666973
326780	4666979
326781	4666997
326782	4667017
326783	4667023
326784	4667041
326785	4667051
326786	4667063
326787	4667101
326788	4667107
326789	4667111
326790	4667161
326791	4667189
326792	4667209
326793	4667251
326794	4667261
326795	4667269
326796	4667303
326797	4667309
326798	4667323
326799	4667363
326800	4667371
326801	4667381
326802	4667387
326803	4667389
326804	4667393
326805	4667417
326806	4667423
326807	4667437
326808	4667449
326809	4667471
326810	4667473
326811	4667477
326812	4667527
326813	4667539
326814	4667567
326815	4667569
326816	4667573
326817	4667581
326818	4667591
326819	4667599
326820	4667603
326821	4667609
326822	4667623
326823	4667629
326824	4667647
326825	4667653
326826	4667669
326827	4667681
326828	4667687
326829	4667699
326830	4667731
326831	4667743
326832	4667771
326833	4667777
326834	4667791
326835	4667797
326836	4667807
326837	4667813
326838	4667821
326839	4667851
326840	4667881
326841	4667893
326842	4667921
326843	4667933
326844	4667947
326845	4667963
326846	4667969
326847	4667981
326848	4667983
326849	4667989
326850	4668023
326851	4668049
326852	4668061
326853	4668071
326854	4668107
326855	4668109
326856	4668113
326857	4668121
326858	4668133
326859	4668163
326860	4668199
326861	4668211
326862	4668221
326863	4668229
326864	4668233
326865	4668247
326866	4668283
326867	4668299
326868	4668331
326869	4668337
326870	4668371
326871	4668373
326872	4668397
326873	4668407
326874	4668409
326875	4668413
326876	4668427
326877	4668431
326878	4668439
326879	4668451
326880	4668457
326881	4668473
326882	4668479
326883	4668481
326884	4668487
326885	4668491
326886	4668511
326887	4668527
326888	4668529
326889	4668539
326890	4668541
326891	4668551
326892	4668571
326893	4668577
326894	4668581
326895	4668583
326896	4668589
326897	4668637
326898	4668641
326899	4668679
326900	4668683
326901	4668691
326902	4668721
326903	4668733
326904	4668749
326905	4668767
326906	4668773
326907	4668779
326908	4668787
326909	4668791
326910	4668799
326911	4668803
326912	4668827
326913	4668877
326914	4668883
326915	4668899
326916	4668907
326917	4668943
326918	4668947
326919	4668949
326920	4668953
326921	4668973
326922	4668991
326923	4668997
326924	4669009
326925	4669013
326926	4669019
326927	4669037
326928	4669051
326929	4669061
326930	4669109
326931	4669111
326932	4669139
326933	4669157
326934	4669177
326935	4669187
326936	4669199
326937	4669211
326938	4669229
326939	4669243
326940	4669277
326941	4669279
326942	4669283
326943	4669303
326944	4669321
326945	4669333
326946	4669351
326947	4669369
326948	4669381
326949	4669387
326950	4669393
326951	4669411
326952	4669429
326953	4669447
326954	4669463
326955	4669471
326956	4669477
326957	4669481
326958	4669501
326959	4669507
326960	4669517
326961	4669519
326962	4669523
326963	4669537
326964	4669549
326965	4669559
326966	4669583
326967	4669589
326968	4669627
326969	4669681
326970	4669697
326971	4669703
326972	4669729
326973	4669751
326974	4669799
326975	4669811
326976	4669813
326977	4669817
326978	4669823
326979	4669831
326980	4669853
326981	4669879
326982	4669891
326983	4669913
326984	4669949
326985	4669961
326986	4669963
326987	4669979
326988	4670009
326989	4670033
326990	4670041
326991	4670051
326992	4670059
326993	4670089
326994	4670093
326995	4670111
326996	4670129
326997	4670179
326998	4670191
326999	4670203
327000	4670207
