327001	4670213
327002	4670227
327003	4670293
327004	4670297
327005	4670317
327006	4670353
327007	4670377
327008	4670387
327009	4670411
327010	4670423
327011	4670431
327012	4670441
327013	4670459
327014	4670507
327015	4670509
327016	4670513
327017	4670527
327018	4670573
327019	4670591
327020	4670609
327021	4670639
327022	4670641
327023	4670651
327024	4670663
327025	4670671
327026	4670681
327027	4670683
327028	4670707
327029	4670737
327030	4670749
327031	4670753
327032	4670773
327033	4670779
327034	4670791
327035	4670797
327036	4670807
327037	4670819
327038	4670849
327039	4670851
327040	4670857
327041	4670867
327042	4670873
327043	4670879
327044	4670891
327045	4670893
327046	4670923
327047	4670929
327048	4670957
327049	4670959
327050	4670969
327051	4670989
327052	4670999
327053	4671011
327054	4671013
327055	4671031
327056	4671071
327057	4671077
327058	4671097
327059	4671101
327060	4671109
327061	4671113
327062	4671137
327063	4671151
327064	4671167
327065	4671193
327066	4671203
327067	4671223
327068	4671257
327069	4671259
327070	4671269
327071	4671281
327072	4671301
327073	4671341
327074	4671347
327075	4671353
327076	4671383
327077	4671389
327078	4671427
327079	4671439
327080	4671449
327081	4671463
327082	4671467
327083	4671479
327084	4671493
327085	4671503
327086	4671517
327087	4671529
327088	4671539
327089	4671547
327090	4671571
327091	4671613
327092	4671647
327093	4671671
327094	4671677
327095	4671683
327096	4671703
327097	4671707
327098	4671713
327099	4671749
327100	4671757
327101	4671761
327102	4671763
327103	4671767
327104	4671773
327105	4671803
327106	4671809
327107	4671817
327108	4671833
327109	4671839
327110	4671857
327111	4671859
327112	4671869
327113	4671893
327114	4671899
327115	4671913
327116	4671937
327117	4671973
327118	4671983
327119	4672001
327120	4672009
327121	4672021
327122	4672037
327123	4672039
327124	4672049
327125	4672097
327126	4672099
327127	4672117
327128	4672121
327129	4672141
327130	4672147
327131	4672177
327132	4672181
327133	4672189
327134	4672201
327135	4672231
327136	4672253
327137	4672273
327138	4672301
327139	4672303
327140	4672307
327141	4672333
327142	4672357
327143	4672373
327144	4672441
327145	4672453
327146	4672463
327147	4672469
327148	4672487
327149	4672489
327150	4672523
327151	4672529
327152	4672531
327153	4672553
327154	4672561
327155	4672573
327156	4672579
327157	4672597
327158	4672607
327159	4672621
327160	4672627
327161	4672631
327162	4672649
327163	4672667
327164	4672669
327165	4672687
327166	4672699
327167	4672709
327168	4672747
327169	4672751
327170	4672757
327171	4672769
327172	4672813
327173	4672823
327174	4672873
327175	4672883
327176	4672891
327177	4672907
327178	4672919
327179	4672937
327180	4672951
327181	4672963
327182	4673003
327183	4673023
327184	4673029
327185	4673051
327186	4673077
327187	4673099
327188	4673131
327189	4673143
327190	4673159
327191	4673171
327192	4673173
327193	4673189
327194	4673191
327195	4673237
327196	4673261
327197	4673287
327198	4673309
327199	4673323
327200	4673327
327201	4673329
327202	4673353
327203	4673399
327204	4673401
327205	4673407
327206	4673413
327207	4673429
327208	4673441
327209	4673443
327210	4673447
327211	4673477
327212	4673483
327213	4673489
327214	4673491
327215	4673497
327216	4673503
327217	4673509
327218	4673519
327219	4673527
327220	4673551
327221	4673569
327222	4673609
327223	4673621
327224	4673629
327225	4673651
327226	4673659
327227	4673681
327228	4673693
327229	4673701
327230	4673707
327231	4673723
327232	4673731
327233	4673737
327234	4673741
327235	4673783
327236	4673789
327237	4673833
327238	4673849
327239	4673863
327240	4673897
327241	4673909
327242	4673917
327243	4673923
327244	4673927
327245	4673939
327246	4673957
327247	4673983
327248	4673989
327249	4674023
327250	4674049
327251	4674067
327252	4674071
327253	4674077
327254	4674091
327255	4674101
327256	4674113
327257	4674127
327258	4674151
327259	4674161
327260	4674169
327261	4674181
327262	4674199
327263	4674217
327264	4674223
327265	4674233
327266	4674239
327267	4674251
327268	4674253
327269	4674289
327270	4674347
327271	4674349
327272	4674353
327273	4674367
327274	4674377
327275	4674391
327276	4674403
327277	4674407
327278	4674421
327279	4674433
327280	4674443
327281	4674463
327282	4674503
327283	4674517
327284	4674529
327285	4674557
327286	4674563
327287	4674581
327288	4674587
327289	4674647
327290	4674661
327291	4674671
327292	4674673
327293	4674739
327294	4674767
327295	4674793
327296	4674797
327297	4674821
327298	4674833
327299	4674841
327300	4674863
327301	4674883
327302	4674889
327303	4674899
327304	4674907
327305	4674919
327306	4674941
327307	4674947
327308	4674959
327309	4674961
327310	4674973
327311	4674991
327312	4675037
327313	4675063
327314	4675091
327315	4675093
327316	4675103
327317	4675117
327318	4675123
327319	4675129
327320	4675133
327321	4675147
327322	4675157
327323	4675163
327324	4675169
327325	4675171
327326	4675199
327327	4675207
327328	4675217
327329	4675241
327330	4675243
327331	4675247
327332	4675249
327333	4675267
327334	4675277
327335	4675291
327336	4675309
327337	4675313
327338	4675343
327339	4675361
327340	4675369
327341	4675373
327342	4675379
327343	4675397
327344	4675403
327345	4675423
327346	4675439
327347	4675453
327348	4675477
327349	4675481
327350	4675487
327351	4675507
327352	4675511
327353	4675523
327354	4675547
327355	4675571
327356	4675591
327357	4675597
327358	4675603
327359	4675609
327360	4675613
327361	4675631
327362	4675633
327363	4675667
327364	4675669
327365	4675679
327366	4675703
327367	4675709
327368	4675717
327369	4675733
327370	4675751
327371	4675753
327372	4675771
327373	4675787
327374	4675813
327375	4675817
327376	4675841
327377	4675849
327378	4675859
327379	4675861
327380	4675883
327381	4675897
327382	4675921
327383	4675933
327384	4675939
327385	4675943
327386	4675961
327387	4675963
327388	4676011
327389	4676029
327390	4676041
327391	4676051
327392	4676057
327393	4676059
327394	4676081
327395	4676093
327396	4676101
327397	4676117
327398	4676141
327399	4676159
327400	4676179
327401	4676201
327402	4676213
327403	4676219
327404	4676227
327405	4676233
327406	4676237
327407	4676239
327408	4676249
327409	4676297
327410	4676311
327411	4676317
327412	4676323
327413	4676333
327414	4676339
327415	4676351
327416	4676369
327417	4676387
327418	4676407
327419	4676417
327420	4676437
327421	4676447
327422	4676449
327423	4676461
327424	4676473
327425	4676491
327426	4676537
327427	4676587
327428	4676593
327429	4676657
327430	4676669
327431	4676671
327432	4676713
327433	4676729
327434	4676741
327435	4676759
327436	4676761
327437	4676767
327438	4676779
327439	4676783
327440	4676803
327441	4676807
327442	4676827
327443	4676839
327444	4676849
327445	4676851
327446	4676941
327447	4676951
327448	4676953
327449	4676963
327450	4677011
327451	4677019
327452	4677031
327453	4677083
327454	4677089
327455	4677121
327456	4677137
327457	4677139
327458	4677161
327459	4677191
327460	4677199
327461	4677241
327462	4677247
327463	4677263
327464	4677269
327465	4677289
327466	4677301
327467	4677313
327468	4677319
327469	4677331
327470	4677341
327471	4677359
327472	4677383
327473	4677389
327474	4677391
327475	4677427
327476	4677433
327477	4677443
327478	4677451
327479	4677457
327480	4677467
327481	4677473
327482	4677479
327483	4677481
327484	4677493
327485	4677509
327486	4677521
327487	4677523
327488	4677529
327489	4677587
327490	4677599
327491	4677619
327492	4677623
327493	4677653
327494	4677677
327495	4677679
327496	4677691
327497	4677709
327498	4677713
327499	4677779
327500	4677817
327501	4677821
327502	4677847
327503	4677853
327504	4677859
327505	4677877
327506	4677889
327507	4677899
327508	4677917
327509	4677919
327510	4677923
327511	4677943
327512	4677973
327513	4677989
327514	4677991
327515	4678031
327516	4678033
327517	4678049
327518	4678057
327519	4678061
327520	4678073
327521	4678103
327522	4678109
327523	4678133
327524	4678181
327525	4678183
327526	4678187
327527	4678211
327528	4678217
327529	4678231
327530	4678249
327531	4678259
327532	4678283
327533	4678319
327534	4678321
327535	4678327
327536	4678337
327537	4678343
327538	4678381
327539	4678397
327540	4678477
327541	4678481
327542	4678501
327543	4678537
327544	4678547
327545	4678549
327546	4678561
327547	4678567
327548	4678631
327549	4678649
327550	4678651
327551	4678673
327552	4678679
327553	4678703
327554	4678721
327555	4678727
327556	4678741
327557	4678753
327558	4678771
327559	4678777
327560	4678781
327561	4678783
327562	4678801
327563	4678823
327564	4678837
327565	4678901
327566	4678907
327567	4678937
327568	4678939
327569	4678943
327570	4678951
327571	4678957
327572	4678963
327573	4678967
327574	4678979
327575	4679009
327576	4679011
327577	4679023
327578	4679039
327579	4679041
327580	4679069
327581	4679083
327582	4679089
327583	4679099
327584	4679107
327585	4679117
327586	4679119
327587	4679137
327588	4679141
327589	4679153
327590	4679159
327591	4679161
327592	4679167
327593	4679177
327594	4679197
327595	4679201
327596	4679203
327597	4679221
327598	4679287
327599	4679293
327600	4679321
327601	4679329
327602	4679333
327603	4679359
327604	4679383
327605	4679387
327606	4679401
327607	4679413
327608	4679417
327609	4679429
327610	4679447
327611	4679449
327612	4679459
327613	4679473
327614	4679483
327615	4679489
327616	4679533
327617	4679537
327618	4679551
327619	4679579
327620	4679581
327621	4679621
327622	4679627
327623	4679629
327624	4679639
327625	4679651
327626	4679657
327627	4679677
327628	4679683
327629	4679687
327630	4679693
327631	4679707
327632	4679711
327633	4679747
327634	4679761
327635	4679767
327636	4679771
327637	4679803
327638	4679809
327639	4679813
327640	4679839
327641	4679849
327642	4679867
327643	4679869
327644	4679891
327645	4679897
327646	4679903
327647	4679911
327648	4679921
327649	4679923
327650	4679929
327651	4679951
327652	4679963
327653	4679999
327654	4680001
327655	4680007
327656	4680041
327657	4680043
327658	4680079
327659	4680097
327660	4680131
327661	4680149
327662	4680161
327663	4680173
327664	4680199
327665	4680211
327666	4680301
327667	4680311
327668	4680317
327669	4680323
327670	4680353
327671	4680371
327672	4680373
327673	4680383
327674	4680407
327675	4680409
327676	4680413
327677	4680433
327678	4680451
327679	4680497
327680	4680503
327681	4680527
327682	4680539
327683	4680551
327684	4680563
327685	4680583
327686	4680587
327687	4680607
327688	4680623
327689	4680653
327690	4680667
327691	4680673
327692	4680677
327693	4680701
327694	4680719
327695	4680727
327696	4680733
327697	4680743
327698	4680749
327699	4680757
327700	4680769
327701	4680773
327702	4680779
327703	4680791
327704	4680811
327705	4680827
327706	4680853
327707	4680857
327708	4680881
327709	4680887
327710	4680889
327711	4680901
327712	4680913
327713	4680941
327714	4680953
327715	4680961
327716	4680971
327717	4680997
327718	4681003
327719	4681007
327720	4681009
327721	4681037
327722	4681043
327723	4681063
327724	4681081
327725	4681097
327726	4681147
327727	4681169
327728	4681199
327729	4681211
327730	4681241
327731	4681253
327732	4681289
327733	4681291
327734	4681297
327735	4681301
327736	4681309
327737	4681321
327738	4681337
327739	4681343
327740	4681349
327741	4681361
327742	4681379
327743	4681399
327744	4681423
327745	4681433
327746	4681459
327747	4681463
327748	4681471
327749	4681507
327750	4681513
327751	4681517
327752	4681519
327753	4681559
327754	4681561
327755	4681597
327756	4681603
327757	4681609
327758	4681631
327759	4681637
327760	4681639
327761	4681661
327762	4681693
327763	4681697
327764	4681727
327765	4681739
327766	4681751
327767	4681753
327768	4681757
327769	4681763
327770	4681793
327771	4681801
327772	4681829
327773	4681841
327774	4681843
327775	4681871
327776	4681889
327777	4681891
327778	4681909
327779	4681921
327780	4681939
327781	4681951
327782	4681973
327783	4681981
327784	4681991
327785	4681993
327786	4681997
327787	4682003
327788	4682009
327789	4682011
327790	4682033
327791	4682039
327792	4682053
327793	4682059
327794	4682081
327795	4682101
327796	4682129
327797	4682143
327798	4682149
327799	4682173
327800	4682203
327801	4682207
327802	4682219
327803	4682231
327804	4682233
327805	4682243
327806	4682257
327807	4682261
327808	4682267
327809	4682273
327810	4682297
327811	4682309
327812	4682347
327813	4682351
327814	4682357
327815	4682371
327816	4682401
327817	4682411
327818	4682423
327819	4682443
327820	4682449
327821	4682467
327822	4682479
327823	4682507
327824	4682527
327825	4682537
327826	4682551
327827	4682597
327828	4682647
327829	4682677
327830	4682681
327831	4682687
327832	4682693
327833	4682719
327834	4682729
327835	4682737
327836	4682753
327837	4682779
327838	4682789
327839	4682791
327840	4682807
327841	4682849
327842	4682851
327843	4682861
327844	4682863
327845	4682903
327846	4682917
327847	4682927
327848	4682929
327849	4682933
327850	4682957
327851	4682959
327852	4682989
327853	4682999
327854	4683011
327855	4683017
327856	4683037
327857	4683047
327858	4683073
327859	4683079
327860	4683083
327861	4683097
327862	4683103
327863	4683121
327864	4683131
327865	4683149
327866	4683157
327867	4683167
327868	4683179
327869	4683187
327870	4683193
327871	4683197
327872	4683209
327873	4683227
327874	4683229
327875	4683247
327876	4683271
327877	4683277
327878	4683293
327879	4683317
327880	4683323
327881	4683337
327882	4683377
327883	4683383
327884	4683391
327885	4683463
327886	4683473
327887	4683487
327888	4683491
327889	4683493
327890	4683499
327891	4683521
327892	4683527
327893	4683563
327894	4683577
327895	4683589
327896	4683599
327897	4683611
327898	4683617
327899	4683631
327900	4683661
327901	4683667
327902	4683713
327903	4683733
327904	4683739
327905	4683751
327906	4683779
327907	4683797
327908	4683817
327909	4683827
327910	4683829
327911	4683841
327912	4683851
327913	4683853
327914	4683859
327915	4683871
327916	4683901
327917	4683907
327918	4683919
327919	4683923
327920	4683953
327921	4683967
327922	4683977
327923	4683983
327924	4683997
327925	4684003
327926	4684039
327927	4684049
327928	4684073
327929	4684079
327930	4684091
327931	4684093
327932	4684103
327933	4684117
327934	4684123
327935	4684151
327936	4684177
327937	4684181
327938	4684201
327939	4684213
327940	4684223
327941	4684243
327942	4684259
327943	4684297
327944	4684301
327945	4684313
327946	4684319
327947	4684357
327948	4684391
327949	4684447
327950	4684451
327951	4684487
327952	4684489
327953	4684501
327954	4684523
327955	4684529
327956	4684553
327957	4684579
327958	4684597
327959	4684601
327960	4684613
327961	4684633
327962	4684661
327963	4684699
327964	4684703
327965	4684733
327966	4684759
327967	4684763
327968	4684789
327969	4684817
327970	4684859
327971	4684873
327972	4684879
327973	4684891
327974	4684907
327975	4684909
327976	4684949
327977	4684951
327978	4684957
327979	4684969
327980	4684973
327981	4684987
327982	4684991
327983	4684993
327984	4685033
327985	4685059
327986	4685063
327987	4685071
327988	4685119
327989	4685129
327990	4685137
327991	4685141
327992	4685167
327993	4685179
327994	4685189
327995	4685201
327996	4685203
327997	4685207
327998	4685221
327999	4685231
328000	4685257
