329001	4700491
329002	4700497
329003	4700537
329004	4700557
329005	4700567
329006	4700573
329007	4700593
329008	4700603
329009	4700621
329010	4700627
329011	4700629
329012	4700659
329013	4700669
329014	4700677
329015	4700693
329016	4700699
329017	4700723
329018	4700741
329019	4700743
329020	4700753
329021	4700767
329022	4700777
329023	4700783
329024	4700791
329025	4700797
329026	4700807
329027	4700821
329028	4700827
329029	4700833
329030	4700837
329031	4700851
329032	4700863
329033	4700867
329034	4700879
329035	4700939
329036	4700951
329037	4700953
329038	4700957
329039	4700963
329040	4700989
329041	4701001
329042	4701007
329043	4701013
329044	4701017
329045	4701029
329046	4701031
329047	4701049
329048	4701071
329049	4701107
329050	4701121
329051	4701143
329052	4701157
329053	4701167
329054	4701199
329055	4701239
329056	4701253
329057	4701293
329058	4701311
329059	4701317
329060	4701329
329061	4701337
329062	4701343
329063	4701349
329064	4701353
329065	4701371
329066	4701373
329067	4701377
329068	4701383
329069	4701391
329070	4701421
329071	4701443
329072	4701467
329073	4701523
329074	4701539
329075	4701547
329076	4701563
329077	4701583
329078	4701589
329079	4701601
329080	4701611
329081	4701617
329082	4701643
329083	4701661
329084	4701709
329085	4701731
329086	4701733
329087	4701737
329088	4701743
329089	4701751
329090	4701761
329091	4701787
329092	4701791
329093	4701803
329094	4701811
329095	4701841
329096	4701869
329097	4701871
329098	4701883
329099	4701889
329100	4701899
329101	4701919
329102	4701929
329103	4701937
329104	4701943
329105	4701971
329106	4702037
329107	4702069
329108	4702079
329109	4702099
329110	4702109
329111	4702133
329112	4702141
329113	4702153
329114	4702163
329115	4702169
329116	4702207
329117	4702211
329118	4702237
329119	4702267
329120	4702277
329121	4702279
329122	4702283
329123	4702289
329124	4702309
329125	4702333
329126	4702337
329127	4702349
329128	4702361
329129	4702381
329130	4702393
329131	4702403
329132	4702409
329133	4702417
329134	4702427
329135	4702433
329136	4702469
329137	4702471
329138	4702499
329139	4702501
329140	4702513
329141	4702549
329142	4702571
329143	4702573
329144	4702583
329145	4702597
329146	4702601
329147	4702613
329148	4702619
329149	4702627
329150	4702681
329151	4702699
329152	4702723
329153	4702729
329154	4702771
329155	4702777
329156	4702783
329157	4702807
329158	4702853
329159	4702871
329160	4702889
329161	4702903
329162	4702909
329163	4702921
329164	4702939
329165	4703003
329166	4703021
329167	4703047
329168	4703053
329169	4703057
329170	4703059
329171	4703071
329172	4703077
329173	4703081
329174	4703099
329175	4703123
329176	4703129
329177	4703131
329178	4703141
329179	4703143
329180	4703147
329181	4703159
329182	4703189
329183	4703207
329184	4703219
329185	4703261
329186	4703263
329187	4703287
329188	4703291
329189	4703311
329190	4703323
329191	4703341
329192	4703353
329193	4703371
329194	4703389
329195	4703411
329196	4703417
329197	4703429
329198	4703437
329199	4703443
329200	4703453
329201	4703471
329202	4703497
329203	4703519
329204	4703521
329205	4703533
329206	4703557
329207	4703579
329208	4703593
329209	4703639
329210	4703663
329211	4703681
329212	4703683
329213	4703711
329214	4703717
329215	4703731
329216	4703767
329217	4703779
329218	4703789
329219	4703791
329220	4703819
329221	4703837
329222	4703843
329223	4703857
329224	4703863
329225	4703879
329226	4703911
329227	4703927
329228	4703929
329229	4703939
329230	4703957
329231	4703969
329232	4703981
329233	4703987
329234	4704013
329235	4704023
329236	4704031
329237	4704097
329238	4704101
329239	4704107
329240	4704127
329241	4704149
329242	4704151
329243	4704179
329244	4704181
329245	4704187
329246	4704199
329247	4704211
329248	4704233
329249	4704239
329250	4704241
329251	4704251
329252	4704253
329253	4704263
329254	4704283
329255	4704307
329256	4704353
329257	4704367
329258	4704373
329259	4704379
329260	4704383
329261	4704391
329262	4704407
329263	4704421
329264	4704433
329265	4704437
329266	4704449
329267	4704481
329268	4704487
329269	4704499
329270	4704509
329271	4704517
329272	4704551
329273	4704577
329274	4704589
329275	4704593
329276	4704599
329277	4704613
329278	4704617
329279	4704619
329280	4704643
329281	4704659
329282	4704697
329283	4704737
329284	4704751
329285	4704769
329286	4704773
329287	4704779
329288	4704781
329289	4704787
329290	4704793
329291	4704797
329292	4704823
329293	4704827
329294	4704829
329295	4704851
329296	4704853
329297	4704859
329298	4704871
329299	4704893
329300	4704919
329301	4704929
329302	4705007
329303	4705013
329304	4705049
329305	4705093
329306	4705097
329307	4705109
329308	4705117
329309	4705139
329310	4705153
329311	4705157
329312	4705159
329313	4705177
329314	4705199
329315	4705219
329316	4705237
329317	4705247
329318	4705249
329319	4705291
329320	4705297
329321	4705301
329322	4705303
329323	4705313
329324	4705381
329325	4705387
329326	4705391
329327	4705403
329328	4705417
329329	4705423
329330	4705429
329331	4705439
329332	4705451
329333	4705471
329334	4705537
329335	4705541
329336	4705543
329337	4705553
329338	4705573
329339	4705577
329340	4705579
329341	4705607
329342	4705609
329343	4705637
329344	4705669
329345	4705681
329346	4705699
329347	4705709
329348	4705747
329349	4705751
329350	4705759
329351	4705783
329352	4705807
329353	4705829
329354	4705837
329355	4705849
329356	4705853
329357	4705891
329358	4705903
329359	4705931
329360	4705949
329361	4705997
329362	4706011
329363	4706027
329364	4706047
329365	4706057
329366	4706077
329367	4706081
329368	4706083
329369	4706101
329370	4706137
329371	4706153
329372	4706189
329373	4706197
329374	4706201
329375	4706213
329376	4706279
329377	4706287
329378	4706291
329379	4706309
329380	4706311
329381	4706321
329382	4706341
329383	4706353
329384	4706369
329385	4706407
329386	4706411
329387	4706413
329388	4706417
329389	4706419
329390	4706473
329391	4706483
329392	4706491
329393	4706503
329394	4706521
329395	4706531
329396	4706539
329397	4706557
329398	4706567
329399	4706579
329400	4706591
329401	4706599
329402	4706633
329403	4706657
329404	4706711
329405	4706717
329406	4706749
329407	4706783
329408	4706809
329409	4706827
329410	4706831
329411	4706839
329412	4706857
329413	4706873
329414	4706917
329415	4706939
329416	4706941
329417	4706953
329418	4706959
329419	4706987
329420	4706993
329421	4707007
329422	4707023
329423	4707083
329424	4707107
329425	4707127
329426	4707149
329427	4707161
329428	4707173
329429	4707211
329430	4707221
329431	4707233
329432	4707239
329433	4707247
329434	4707281
329435	4707323
329436	4707343
329437	4707347
329438	4707349
329439	4707359
329440	4707361
329441	4707377
329442	4707389
329443	4707413
329444	4707427
329445	4707449
329446	4707491
329447	4707499
329448	4707517
329449	4707533
329450	4707539
329451	4707569
329452	4707581
329453	4707613
329454	4707641
329455	4707643
329456	4707667
329457	4707671
329458	4707713
329459	4707719
329460	4707721
329461	4707733
329462	4707737
329463	4707757
329464	4707779
329465	4707799
329466	4707803
329467	4707809
329468	4707817
329469	4707841
329470	4707851
329471	4707853
329472	4707863
329473	4707869
329474	4707881
329475	4707883
329476	4707887
329477	4707931
329478	4707949
329479	4707971
329480	4707973
329481	4707977
329482	4707979
329483	4708013
329484	4708021
329485	4708049
329486	4708073
329487	4708079
329488	4708087
329489	4708097
329490	4708117
329491	4708127
329492	4708129
329493	4708147
329494	4708159
329495	4708177
329496	4708183
329497	4708211
329498	4708267
329499	4708289
329500	4708309
329501	4708313
329502	4708339
329503	4708349
329504	4708351
329505	4708357
329506	4708381
329507	4708387
329508	4708393
329509	4708397
329510	4708421
329511	4708423
329512	4708433
329513	4708441
329514	4708463
329515	4708493
329516	4708511
329517	4708513
329518	4708531
329519	4708547
329520	4708567
329521	4708579
329522	4708589
329523	4708603
329524	4708607
329525	4708619
329526	4708631
329527	4708681
329528	4708687
329529	4708699
329530	4708703
329531	4708709
329532	4708729
329533	4708747
329534	4708757
329535	4708763
329536	4708787
329537	4708793
329538	4708811
329539	4708841
329540	4708853
329541	4708861
329542	4708867
329543	4708871
329544	4708877
329545	4708889
329546	4708919
329547	4708939
329548	4708969
329549	4708999
329550	4709009
329551	4709021
329552	4709041
329553	4709069
329554	4709087
329555	4709099
329556	4709113
329557	4709129
329558	4709143
329559	4709147
329560	4709149
329561	4709161
329562	4709183
329563	4709191
329564	4709197
329565	4709213
329566	4709239
329567	4709251
329568	4709267
329569	4709291
329570	4709293
329571	4709333
329572	4709347
329573	4709351
329574	4709371
329575	4709377
329576	4709387
329577	4709399
329578	4709401
329579	4709417
329580	4709423
329581	4709429
329582	4709461
329583	4709479
329584	4709483
329585	4709491
329586	4709519
329587	4709591
329588	4709597
329589	4709599
329590	4709603
329591	4709609
329592	4709651
329593	4709657
329594	4709659
329595	4709681
329596	4709689
329597	4709699
329598	4709717
329599	4709723
329600	4709753
329601	4709759
329602	4709797
329603	4709807
329604	4709813
329605	4709821
329606	4709827
329607	4709839
329608	4709849
329609	4709851
329610	4709857
329611	4709879
329612	4709909
329613	4709941
329614	4709959
329615	4709981
329616	4709987
329617	4710053
329618	4710103
329619	4710107
329620	4710113
329621	4710127
329622	4710133
329623	4710161
329624	4710187
329625	4710221
329626	4710227
329627	4710229
329628	4710253
329629	4710259
329630	4710281
329631	4710283
329632	4710289
329633	4710313
329634	4710317
329635	4710319
329636	4710323
329637	4710341
329638	4710371
329639	4710373
329640	4710379
329641	4710397
329642	4710413
329643	4710427
329644	4710443
329645	4710457
329646	4710463
329647	4710473
329648	4710491
329649	4710493
329650	4710523
329651	4710577
329652	4710583
329653	4710599
329654	4710623
329655	4710647
329656	4710659
329657	4710677
329658	4710697
329659	4710701
329660	4710749
329661	4710767
329662	4710773
329663	4710787
329664	4710809
329665	4710821
329666	4710829
329667	4710833
329668	4710869
329669	4710899
329670	4710907
329671	4710919
329672	4710949
329673	4710961
329674	4710967
329675	4710983
329676	4711001
329677	4711013
329678	4711033
329679	4711051
329680	4711073
329681	4711081
329682	4711087
329683	4711093
329684	4711097
329685	4711121
329686	4711129
329687	4711141
329688	4711169
329689	4711171
329690	4711181
329691	4711211
329692	4711229
329693	4711241
329694	4711277
329695	4711303
329696	4711331
329697	4711337
329698	4711361
329699	4711367
329700	4711379
329701	4711391
329702	4711409
329703	4711417
329704	4711423
329705	4711439
329706	4711451
329707	4711453
329708	4711471
329709	4711501
329710	4711517
329711	4711537
329712	4711547
329713	4711559
329714	4711561
329715	4711583
329716	4711591
329717	4711621
329718	4711627
329719	4711657
329720	4711699
329721	4711739
329722	4711741
329723	4711781
329724	4711789
329725	4711793
329726	4711801
329727	4711807
329728	4711831
329729	4711853
329730	4711871
329731	4711879
329732	4711919
329733	4711921
329734	4711933
329735	4711937
329736	4711963
329737	4711979
329738	4711997
329739	4712003
329740	4712011
329741	4712021
329742	4712039
329743	4712051
329744	4712053
329745	4712063
329746	4712083
329747	4712087
329748	4712117
329749	4712119
329750	4712137
329751	4712203
329752	4712207
329753	4712221
329754	4712231
329755	4712237
329756	4712243
329757	4712249
329758	4712251
329759	4712261
329760	4712287
329761	4712291
329762	4712299
329763	4712317
329764	4712321
329765	4712329
329766	4712371
329767	4712377
329768	4712381
329769	4712443
329770	4712453
329771	4712467
329772	4712473
329773	4712479
329774	4712489
329775	4712501
329776	4712503
329777	4712531
329778	4712537
329779	4712557
329780	4712563
329781	4712567
329782	4712599
329783	4712629
329784	4712633
329785	4712641
329786	4712681
329787	4712683
329788	4712711
329789	4712717
329790	4712731
329791	4712749
329792	4712759
329793	4712783
329794	4712789
329795	4712797
329796	4712821
329797	4712863
329798	4712933
329799	4712941
329800	4712947
329801	4712957
329802	4712959
329803	4712977
329804	4713001
329805	4713011
329806	4713013
329807	4713017
329808	4713031
329809	4713047
329810	4713053
329811	4713067
329812	4713089
329813	4713103
329814	4713127
329815	4713139
329816	4713151
329817	4713161
329818	4713169
329819	4713179
329820	4713227
329821	4713239
329822	4713251
329823	4713257
329824	4713259
329825	4713277
329826	4713281
329827	4713299
329828	4713323
329829	4713329
329830	4713337
329831	4713347
329832	4713389
329833	4713427
329834	4713433
329835	4713439
329836	4713461
329837	4713479
329838	4713481
329839	4713493
329840	4713547
329841	4713557
329842	4713559
329843	4713563
329844	4713587
329845	4713593
329846	4713649
329847	4713659
329848	4713697
329849	4713701
329850	4713721
329851	4713727
329852	4713739
329853	4713769
329854	4713791
329855	4713853
329856	4713857
329857	4713869
329858	4713871
329859	4713883
329860	4713887
329861	4713889
329862	4713899
329863	4713901
329864	4713941
329865	4713967
329866	4713971
329867	4713977
329868	4713983
329869	4713991
329870	4714067
329871	4714079
329872	4714097
329873	4714163
329874	4714181
329875	4714183
329876	4714189
329877	4714217
329878	4714249
329879	4714273
329880	4714279
329881	4714301
329882	4714309
329883	4714331
329884	4714351
329885	4714361
329886	4714363
329887	4714393
329888	4714397
329889	4714417
329890	4714427
329891	4714439
329892	4714441
329893	4714447
329894	4714459
329895	4714469
329896	4714481
329897	4714487
329898	4714499
329899	4714519
329900	4714537
329901	4714547
329902	4714561
329903	4714601
329904	4714607
329905	4714637
329906	4714639
329907	4714643
329908	4714657
329909	4714669
329910	4714687
329911	4714691
329912	4714757
329913	4714771
329914	4714777
329915	4714789
329916	4714811
329917	4714819
329918	4714823
329919	4714837
329920	4714841
329921	4714847
329922	4714859
329923	4714861
329924	4714891
329925	4714901
329926	4714903
329927	4714909
329928	4714921
329929	4714939
329930	4714951
329931	4714961
329932	4714973
329933	4714979
329934	4714987
329935	4714999
329936	4715027
329937	4715033
329938	4715047
329939	4715077
329940	4715089
329941	4715099
329942	4715107
329943	4715111
329944	4715141
329945	4715149
329946	4715159
329947	4715167
329948	4715177
329949	4715189
329950	4715201
329951	4715203
329952	4715209
329953	4715219
329954	4715233
329955	4715257
329956	4715261
329957	4715279
329958	4715281
329959	4715311
329960	4715329
329961	4715407
329962	4715411
329963	4715413
329964	4715419
329965	4715453
329966	4715467
329967	4715497
329968	4715507
329969	4715519
329970	4715521
329971	4715531
329972	4715549
329973	4715551
329974	4715561
329975	4715563
329976	4715573
329977	4715587
329978	4715609
329979	4715611
329980	4715653
329981	4715657
329982	4715699
329983	4715707
329984	4715717
329985	4715723
329986	4715729
329987	4715771
329988	4715801
329989	4715863
329990	4715899
329991	4715911
329992	4715947
329993	4715959
329994	4715969
329995	4716001
329996	4716007
329997	4716013
329998	4716017
329999	4716031
330000	4716053
