331001	4731281
331002	4731289
331003	4731299
331004	4731319
331005	4731341
331006	4731367
331007	4731371
331008	4731373
331009	4731383
331010	4731403
331011	4731409
331012	4731431
331013	4731439
331014	4731451
331015	4731479
331016	4731481
331017	4731487
331018	4731527
331019	4731539
331020	4731541
331021	4731557
331022	4731577
331023	4731599
331024	4731613
331025	4731637
331026	4731659
331027	4731679
331028	4731689
331029	4731691
331030	4731697
331031	4731707
331032	4731719
331033	4731733
331034	4731751
331035	4731821
331036	4731833
331037	4731847
331038	4731889
331039	4731907
331040	4731929
331041	4731941
331042	4731943
331043	4731971
331044	4731973
331045	4731983
331046	4731989
331047	4732003
331048	4732019
331049	4732027
331050	4732031
331051	4732033
331052	4732037
331053	4732061
331054	4732067
331055	4732073
331056	4732081
331057	4732087
331058	4732093
331059	4732109
331060	4732139
331061	4732157
331062	4732163
331063	4732177
331064	4732183
331065	4732187
331066	4732199
331067	4732229
331068	4732237
331069	4732241
331070	4732271
331071	4732297
331072	4732303
331073	4732309
331074	4732313
331075	4732333
331076	4732361
331077	4732369
331078	4732393
331079	4732417
331080	4732433
331081	4732447
331082	4732459
331083	4732471
331084	4732489
331085	4732499
331086	4732513
331087	4732543
331088	4732547
331089	4732561
331090	4732583
331091	4732591
331092	4732601
331093	4732603
331094	4732619
331095	4732621
331096	4732639
331097	4732643
331098	4732649
331099	4732657
331100	4732661
331101	4732667
331102	4732669
331103	4732703
331104	4732711
331105	4732751
331106	4732757
331107	4732769
331108	4732837
331109	4732841
331110	4732867
331111	4732877
331112	4732891
331113	4732901
331114	4732927
331115	4732979
331116	4732991
331117	4732993
331118	4733011
331119	4733017
331120	4733023
331121	4733063
331122	4733083
331123	4733093
331124	4733117
331125	4733129
331126	4733167
331127	4733189
331128	4733203
331129	4733207
331130	4733221
331131	4733233
331132	4733237
331133	4733243
331134	4733251
331135	4733257
331136	4733263
331137	4733269
331138	4733273
331139	4733279
331140	4733291
331141	4733317
331142	4733329
331143	4733341
331144	4733347
331145	4733353
331146	4733369
331147	4733371
331148	4733381
331149	4733387
331150	4733389
331151	4733401
331152	4733411
331153	4733419
331154	4733437
331155	4733441
331156	4733461
331157	4733471
331158	4733473
331159	4733479
331160	4733501
331161	4733507
331162	4733513
331163	4733537
331164	4733549
331165	4733563
331166	4733587
331167	4733591
331168	4733611
331169	4733623
331170	4733627
331171	4733639
331172	4733647
331173	4733681
331174	4733689
331175	4733719
331176	4733723
331177	4733753
331178	4733767
331179	4733789
331180	4733797
331181	4733809
331182	4733843
331183	4733851
331184	4733857
331185	4733863
331186	4733867
331187	4733881
331188	4733893
331189	4733903
331190	4733941
331191	4733951
331192	4733959
331193	4733969
331194	4733987
331195	4734017
331196	4734029
331197	4734031
331198	4734043
331199	4734061
331200	4734073
331201	4734091
331202	4734139
331203	4734151
331204	4734167
331205	4734193
331206	4734203
331207	4734217
331208	4734253
331209	4734259
331210	4734299
331211	4734319
331212	4734329
331213	4734349
331214	4734383
331215	4734397
331216	4734407
331217	4734427
331218	4734461
331219	4734463
331220	4734469
331221	4734487
331222	4734503
331223	4734523
331224	4734529
331225	4734547
331226	4734559
331227	4734563
331228	4734571
331229	4734581
331230	4734589
331231	4734593
331232	4734623
331233	4734647
331234	4734671
331235	4734673
331236	4734677
331237	4734679
331238	4734701
331239	4734703
331240	4734727
331241	4734749
331242	4734767
331243	4734787
331244	4734791
331245	4734797
331246	4734799
331247	4734811
331248	4734817
331249	4734833
331250	4734839
331251	4734841
331252	4734871
331253	4734893
331254	4734911
331255	4734929
331256	4734937
331257	4734949
331258	4734979
331259	4734991
331260	4734997
331261	4735037
331262	4735043
331263	4735063
331264	4735103
331265	4735121
331266	4735127
331267	4735147
331268	4735151
331269	4735153
331270	4735169
331271	4735177
331272	4735189
331273	4735193
331274	4735201
331275	4735229
331276	4735253
331277	4735267
331278	4735271
331279	4735273
331280	4735301
331281	4735319
331282	4735331
331283	4735349
331284	4735361
331285	4735363
331286	4735387
331287	4735417
331288	4735433
331289	4735441
331290	4735453
331291	4735481
331292	4735513
331293	4735531
331294	4735559
331295	4735561
331296	4735573
331297	4735589
331298	4735609
331299	4735651
331300	4735669
331301	4735681
331302	4735697
331303	4735699
331304	4735711
331305	4735727
331306	4735733
331307	4735751
331308	4735793
331309	4735799
331310	4735817
331311	4735823
331312	4735849
331313	4735859
331314	4735867
331315	4735879
331316	4735909
331317	4735919
331318	4735931
331319	4735933
331320	4735937
331321	4735967
331322	4735987
331323	4735993
331324	4736023
331325	4736041
331326	4736051
331327	4736057
331328	4736071
331329	4736093
331330	4736099
331331	4736131
331332	4736153
331333	4736177
331334	4736189
331335	4736231
331336	4736243
331337	4736257
331338	4736261
331339	4736269
331340	4736299
331341	4736311
331342	4736323
331343	4736341
331344	4736351
331345	4736357
331346	4736359
331347	4736383
331348	4736401
331349	4736429
331350	4736437
331351	4736441
331352	4736447
331353	4736449
331354	4736477
331355	4736497
331356	4736507
331357	4736513
331358	4736531
331359	4736573
331360	4736581
331361	4736647
331362	4736653
331363	4736701
331364	4736713
331365	4736717
331366	4736723
331367	4736729
331368	4736731
331369	4736737
331370	4736749
331371	4736759
331372	4736779
331373	4736789
331374	4736791
331375	4736803
331376	4736807
331377	4736819
331378	4736839
331379	4736843
331380	4736861
331381	4736881
331382	4736887
331383	4736891
331384	4736903
331385	4736911
331386	4736929
331387	4736939
331388	4736957
331389	4736983
331390	4736993
331391	4737037
331392	4737053
331393	4737071
331394	4737097
331395	4737107
331396	4737113
331397	4737119
331398	4737127
331399	4737133
331400	4737143
331401	4737151
331402	4737163
331403	4737217
331404	4737223
331405	4737233
331406	4737253
331407	4737277
331408	4737283
331409	4737301
331410	4737307
331411	4737311
331412	4737319
331413	4737329
331414	4737347
331415	4737349
331416	4737367
331417	4737371
331418	4737377
331419	4737409
331420	4737413
331421	4737433
331422	4737437
331423	4737449
331424	4737461
331425	4737487
331426	4737493
331427	4737497
331428	4737521
331429	4737529
331430	4737533
331431	4737539
331432	4737541
331433	4737547
331434	4737569
331435	4737581
331436	4737599
331437	4737619
331438	4737661
331439	4737671
331440	4737721
331441	4737727
331442	4737731
331443	4737743
331444	4737749
331445	4737763
331446	4737767
331447	4737769
331448	4737779
331449	4737787
331450	4737797
331451	4737827
331452	4737847
331453	4737851
331454	4737899
331455	4737907
331456	4737911
331457	4737923
331458	4737949
331459	4737959
331460	4737979
331461	4738003
331462	4738007
331463	4738021
331464	4738031
331465	4738057
331466	4738061
331467	4738073
331468	4738079
331469	4738099
331470	4738141
331471	4738157
331472	4738169
331473	4738177
331474	4738193
331475	4738241
331476	4738249
331477	4738259
331478	4738273
331479	4738289
331480	4738303
331481	4738351
331482	4738361
331483	4738367
331484	4738369
331485	4738379
331486	4738403
331487	4738421
331488	4738423
331489	4738439
331490	4738451
331491	4738453
331492	4738457
331493	4738463
331494	4738477
331495	4738523
331496	4738537
331497	4738549
331498	4738561
331499	4738577
331500	4738583
331501	4738589
331502	4738603
331503	4738607
331504	4738609
331505	4738651
331506	4738777
331507	4738781
331508	4738793
331509	4738807
331510	4738817
331511	4738831
331512	4738837
331513	4738841
331514	4738871
331515	4738873
331516	4738883
331517	4738891
331518	4738933
331519	4738949
331520	4738957
331521	4738969
331522	4738991
331523	4739017
331524	4739023
331525	4739027
331526	4739041
331527	4739047
331528	4739089
331529	4739099
331530	4739117
331531	4739143
331532	4739153
331533	4739171
331534	4739183
331535	4739213
331536	4739221
331537	4739237
331538	4739239
331539	4739257
331540	4739279
331541	4739291
331542	4739297
331543	4739327
331544	4739363
331545	4739377
331546	4739381
331547	4739407
331548	4739443
331549	4739473
331550	4739479
331551	4739489
331552	4739491
331553	4739509
331554	4739521
331555	4739563
331556	4739573
331557	4739593
331558	4739599
331559	4739659
331560	4739687
331561	4739689
331562	4739699
331563	4739717
331564	4739729
331565	4739743
331566	4739803
331567	4739831
331568	4739837
331569	4739857
331570	4739879
331571	4739893
331572	4739899
331573	4739929
331574	4739947
331575	4739989
331576	4740023
331577	4740037
331578	4740053
331579	4740077
331580	4740089
331581	4740097
331582	4740103
331583	4740143
331584	4740149
331585	4740157
331586	4740167
331587	4740193
331588	4740199
331589	4740217
331590	4740223
331591	4740227
331592	4740247
331593	4740257
331594	4740259
331595	4740271
331596	4740287
331597	4740289
331598	4740299
331599	4740319
331600	4740349
331601	4740353
331602	4740361
331603	4740383
331604	4740389
331605	4740397
331606	4740409
331607	4740413
331608	4740419
331609	4740469
331610	4740499
331611	4740509
331612	4740511
331613	4740521
331614	4740523
331615	4740559
331616	4740583
331617	4740623
331618	4740641
331619	4740643
331620	4740647
331621	4740649
331622	4740653
331623	4740667
331624	4740679
331625	4740683
331626	4740713
331627	4740721
331628	4740727
331629	4740731
331630	4740779
331631	4740787
331632	4740803
331633	4740817
331634	4740887
331635	4740893
331636	4740907
331637	4740961
331638	4740971
331639	4740979
331640	4741003
331641	4741019
331642	4741039
331643	4741049
331644	4741057
331645	4741067
331646	4741073
331647	4741081
331648	4741097
331649	4741111
331650	4741129
331651	4741133
331652	4741169
331653	4741183
331654	4741207
331655	4741229
331656	4741237
331657	4741259
331658	4741267
331659	4741271
331660	4741301
331661	4741307
331662	4741333
331663	4741339
331664	4741361
331665	4741397
331666	4741403
331667	4741441
331668	4741447
331669	4741459
331670	4741463
331671	4741483
331672	4741511
331673	4741547
331674	4741553
331675	4741559
331676	4741577
331677	4741579
331678	4741601
331679	4741603
331680	4741613
331681	4741643
331682	4741673
331683	4741679
331684	4741717
331685	4741721
331686	4741727
331687	4741733
331688	4741747
331689	4741753
331690	4741769
331691	4741787
331692	4741801
331693	4741813
331694	4741829
331695	4741837
331696	4741859
331697	4741879
331698	4741897
331699	4741901
331700	4741931
331701	4741951
331702	4741969
331703	4741973
331704	4741991
331705	4742011
331706	4742021
331707	4742027
331708	4742029
331709	4742047
331710	4742057
331711	4742063
331712	4742081
331713	4742107
331714	4742113
331715	4742119
331716	4742131
331717	4742137
331718	4742141
331719	4742147
331720	4742173
331721	4742189
331722	4742197
331723	4742207
331724	4742219
331725	4742239
331726	4742251
331727	4742261
331728	4742273
331729	4742279
331730	4742317
331731	4742321
331732	4742329
331733	4742351
331734	4742357
331735	4742359
331736	4742377
331737	4742383
331738	4742407
331739	4742417
331740	4742431
331741	4742443
331742	4742447
331743	4742467
331744	4742471
331745	4742483
331746	4742489
331747	4742519
331748	4742557
331749	4742603
331750	4742611
331751	4742641
331752	4742651
331753	4742671
331754	4742681
331755	4742687
331756	4742693
331757	4742701
331758	4742707
331759	4742713
331760	4742719
331761	4742753
331762	4742809
331763	4742821
331764	4742827
331765	4742831
331766	4742861
331767	4742873
331768	4742887
331769	4742891
331770	4742897
331771	4742909
331772	4742939
331773	4742953
331774	4742957
331775	4742971
331776	4742977
331777	4742981
331778	4743001
331779	4743007
331780	4743019
331781	4743041
331782	4743049
331783	4743073
331784	4743091
331785	4743107
331786	4743113
331787	4743133
331788	4743139
331789	4743149
331790	4743161
331791	4743191
331792	4743197
331793	4743199
331794	4743223
331795	4743241
331796	4743247
331797	4743257
331798	4743281
331799	4743283
331800	4743307
331801	4743311
331802	4743317
331803	4743329
331804	4743337
331805	4743383
331806	4743461
331807	4743469
331808	4743503
331809	4743509
331810	4743587
331811	4743593
331812	4743601
331813	4743623
331814	4743637
331815	4743671
331816	4743677
331817	4743691
331818	4743701
331819	4743703
331820	4743707
331821	4743709
331822	4743719
331823	4743737
331824	4743743
331825	4743769
331826	4743779
331827	4743797
331828	4743821
331829	4743839
331830	4743841
331831	4743847
331832	4743857
331833	4743859
331834	4743883
331835	4743887
331836	4743923
331837	4743941
331838	4743953
331839	4743971
331840	4743983
331841	4743989
331842	4744001
331843	4744021
331844	4744027
331845	4744057
331846	4744063
331847	4744093
331848	4744097
331849	4744099
331850	4744109
331851	4744111
331852	4744127
331853	4744163
331854	4744171
331855	4744183
331856	4744199
331857	4744211
331858	4744213
331859	4744219
331860	4744237
331861	4744247
331862	4744261
331863	4744277
331864	4744297
331865	4744301
331866	4744307
331867	4744331
331868	4744349
331869	4744373
331870	4744379
331871	4744387
331872	4744391
331873	4744393
331874	4744409
331875	4744423
331876	4744459
331877	4744469
331878	4744511
331879	4744543
331880	4744573
331881	4744589
331882	4744591
331883	4744609
331884	4744639
331885	4744657
331886	4744669
331887	4744703
331888	4744711
331889	4744741
331890	4744787
331891	4744793
331892	4744811
331893	4744837
331894	4744849
331895	4744897
331896	4744907
331897	4744913
331898	4744937
331899	4744963
331900	4744997
331901	4745021
331902	4745029
331903	4745047
331904	4745051
331905	4745063
331906	4745071
331907	4745087
331908	4745089
331909	4745099
331910	4745123
331911	4745131
331912	4745137
331913	4745149
331914	4745177
331915	4745189
331916	4745197
331917	4745243
331918	4745267
331919	4745281
331920	4745303
331921	4745317
331922	4745339
331923	4745369
331924	4745401
331925	4745413
331926	4745423
331927	4745441
331928	4745467
331929	4745491
331930	4745513
331931	4745537
331932	4745539
331933	4745551
331934	4745561
331935	4745579
331936	4745591
331937	4745593
331938	4745597
331939	4745603
331940	4745623
331941	4745641
331942	4745651
331943	4745681
331944	4745683
331945	4745701
331946	4745707
331947	4745729
331948	4745743
331949	4745749
331950	4745761
331951	4745773
331952	4745813
331953	4745833
331954	4745837
331955	4745849
331956	4745869
331957	4745891
331958	4745903
331959	4745911
331960	4745921
331961	4745929
331962	4745957
331963	4745963
331964	4745987
331965	4746011
331966	4746017
331967	4746031
331968	4746041
331969	4746047
331970	4746059
331971	4746061
331972	4746089
331973	4746139
331974	4746149
331975	4746151
331976	4746163
331977	4746173
331978	4746191
331979	4746229
331980	4746233
331981	4746239
331982	4746251
331983	4746253
331984	4746263
331985	4746271
331986	4746289
331987	4746299
331988	4746311
331989	4746341
331990	4746359
331991	4746377
331992	4746407
331993	4746419
331994	4746431
331995	4746437
331996	4746457
331997	4746473
331998	4746493
331999	4746499
332000	4746551
