333001	4762111
333002	4762117
333003	4762133
333004	4762151
333005	4762187
333006	4762211
333007	4762213
333008	4762231
333009	4762237
333010	4762253
333011	4762259
333012	4762267
333013	4762271
333014	4762309
333015	4762321
333016	4762327
333017	4762333
333018	4762337
333019	4762361
333020	4762367
333021	4762399
333022	4762441
333023	4762451
333024	4762469
333025	4762477
333026	4762489
333027	4762493
333028	4762501
333029	4762507
333030	4762523
333031	4762547
333032	4762579
333033	4762613
333034	4762663
333035	4762721
333036	4762727
333037	4762733
333038	4762741
333039	4762763
333040	4762777
333041	4762783
333042	4762799
333043	4762801
333044	4762811
333045	4762841
333046	4762843
333047	4762859
333048	4762867
333049	4762889
333050	4762913
333051	4762943
333052	4762949
333053	4762957
333054	4762969
333055	4762997
333056	4762999
333057	4763021
333058	4763041
333059	4763071
333060	4763081
333061	4763089
333062	4763107
333063	4763117
333064	4763123
333065	4763131
333066	4763137
333067	4763149
333068	4763159
333069	4763197
333070	4763201
333071	4763203
333072	4763207
333073	4763233
333074	4763237
333075	4763249
333076	4763267
333077	4763273
333078	4763299
333079	4763321
333080	4763327
333081	4763329
333082	4763333
333083	4763351
333084	4763359
333085	4763387
333086	4763393
333087	4763399
333088	4763401
333089	4763443
333090	4763449
333091	4763459
333092	4763477
333093	4763527
333094	4763531
333095	4763557
333096	4763581
333097	4763609
333098	4763641
333099	4763653
333100	4763659
333101	4763663
333102	4763683
333103	4763701
333104	4763753
333105	4763789
333106	4763797
333107	4763809
333108	4763833
333109	4763839
333110	4763849
333111	4763879
333112	4763923
333113	4763929
333114	4763933
333115	4763939
333116	4763959
333117	4763971
333118	4763981
333119	4764037
333120	4764043
333121	4764103
333122	4764121
333123	4764143
333124	4764181
333125	4764187
333126	4764203
333127	4764211
333128	4764217
333129	4764229
333130	4764239
333131	4764257
333132	4764293
333133	4764311
333134	4764317
333135	4764337
333136	4764341
333137	4764371
333138	4764373
333139	4764391
333140	4764401
333141	4764407
333142	4764413
333143	4764433
333144	4764469
333145	4764481
333146	4764493
333147	4764509
333148	4764511
333149	4764517
333150	4764521
333151	4764547
333152	4764559
333153	4764563
333154	4764577
333155	4764581
333156	4764583
333157	4764619
333158	4764629
333159	4764631
333160	4764667
333161	4764673
333162	4764689
333163	4764691
333164	4764707
333165	4764713
333166	4764751
333167	4764757
333168	4764769
333169	4764779
333170	4764791
333171	4764821
333172	4764853
333173	4764857
333174	4764869
333175	4764901
333176	4764911
333177	4764923
333178	4764937
333179	4764967
333180	4764983
333181	4764989
333182	4765003
333183	4765021
333184	4765027
333185	4765039
333186	4765051
333187	4765063
333188	4765069
333189	4765073
333190	4765087
333191	4765093
333192	4765099
333193	4765109
333194	4765121
333195	4765127
333196	4765129
333197	4765133
333198	4765141
333199	4765157
333200	4765171
333201	4765183
333202	4765199
333203	4765207
333204	4765213
333205	4765223
333206	4765249
333207	4765331
333208	4765339
333209	4765361
333210	4765379
333211	4765391
333212	4765399
333213	4765417
333214	4765427
333215	4765451
333216	4765463
333217	4765469
333218	4765487
333219	4765499
333220	4765511
333221	4765529
333222	4765543
333223	4765573
333224	4765583
333225	4765597
333226	4765603
333227	4765609
333228	4765613
333229	4765619
333230	4765633
333231	4765667
333232	4765687
333233	4765693
333234	4765697
333235	4765699
333236	4765721
333237	4765727
333238	4765741
333239	4765757
333240	4765759
333241	4765769
333242	4765771
333243	4765781
333244	4765793
333245	4765801
333246	4765829
333247	4765837
333248	4765841
333249	4765867
333250	4765879
333251	4765883
333252	4765897
333253	4765907
333254	4765927
333255	4765931
333256	4765939
333257	4765973
333258	4765987
333259	4765997
333260	4766009
333261	4766029
333262	4766057
333263	4766059
333264	4766071
333265	4766087
333266	4766107
333267	4766117
333268	4766123
333269	4766147
333270	4766189
333271	4766213
333272	4766261
333273	4766263
333274	4766287
333275	4766297
333276	4766299
333277	4766309
333278	4766329
333279	4766351
333280	4766369
333281	4766371
333282	4766381
333283	4766383
333284	4766387
333285	4766423
333286	4766431
333287	4766459
333288	4766491
333289	4766501
333290	4766533
333291	4766539
333292	4766557
333293	4766561
333294	4766563
333295	4766611
333296	4766621
333297	4766627
333298	4766633
333299	4766651
333300	4766689
333301	4766711
333302	4766717
333303	4766719
333304	4766753
333305	4766761
333306	4766791
333307	4766803
333308	4766807
333309	4766837
333310	4766843
333311	4766863
333312	4766887
333313	4766899
333314	4766903
333315	4766917
333316	4766941
333317	4766977
333318	4766981
333319	4766999
333320	4767013
333321	4767017
333322	4767019
333323	4767053
333324	4767067
333325	4767079
333326	4767083
333327	4767121
333328	4767143
333329	4767151
333330	4767167
333331	4767173
333332	4767179
333333	4767181
333334	4767197
333335	4767229
333336	4767239
333337	4767241
333338	4767253
333339	4767277
333340	4767299
333341	4767311
333342	4767331
333343	4767337
333344	4767341
333345	4767353
333346	4767379
333347	4767383
333348	4767391
333349	4767409
333350	4767419
333351	4767421
333352	4767431
333353	4767449
333354	4767457
333355	4767473
333356	4767479
333357	4767481
333358	4767493
333359	4767527
333360	4767533
333361	4767569
333362	4767589
333363	4767611
333364	4767617
333365	4767643
333366	4767649
333367	4767661
333368	4767673
333369	4767757
333370	4767761
333371	4767773
333372	4767779
333373	4767781
333374	4767799
333375	4767817
333376	4767823
333377	4767853
333378	4767899
333379	4767947
333380	4767949
333381	4767953
333382	4768003
333383	4768019
333384	4768021
333385	4768033
333386	4768051
333387	4768063
333388	4768067
333389	4768073
333390	4768087
333391	4768091
333392	4768097
333393	4768129
333394	4768133
333395	4768139
333396	4768163
333397	4768171
333398	4768193
333399	4768207
333400	4768219
333401	4768223
333402	4768237
333403	4768243
333404	4768271
333405	4768273
333406	4768307
333407	4768331
333408	4768339
333409	4768349
333410	4768369
333411	4768391
333412	4768397
333413	4768403
333414	4768417
333415	4768427
333416	4768459
333417	4768471
333418	4768481
333419	4768493
333420	4768501
333421	4768507
333422	4768529
333423	4768541
333424	4768549
333425	4768583
333426	4768607
333427	4768609
333428	4768627
333429	4768633
333430	4768661
333431	4768663
333432	4768679
333433	4768681
333434	4768693
333435	4768703
333436	4768727
333437	4768747
333438	4768763
333439	4768769
333440	4768783
333441	4768801
333442	4768817
333443	4768831
333444	4768849
333445	4768861
333446	4768873
333447	4768877
333448	4768879
333449	4768901
333450	4768909
333451	4768913
333452	4768921
333453	4768927
333454	4768937
333455	4768961
333456	4768969
333457	4768987
333458	4768991
333459	4769047
333460	4769053
333461	4769059
333462	4769081
333463	4769111
333464	4769113
333465	4769117
333466	4769153
333467	4769159
333468	4769201
333469	4769207
333470	4769213
333471	4769227
333472	4769239
333473	4769269
333474	4769273
333475	4769279
333476	4769291
333477	4769339
333478	4769351
333479	4769357
333480	4769377
333481	4769447
333482	4769449
333483	4769459
333484	4769473
333485	4769519
333486	4769521
333487	4769539
333488	4769549
333489	4769573
333490	4769581
333491	4769593
333492	4769623
333493	4769647
333494	4769657
333495	4769669
333496	4769693
333497	4769711
333498	4769719
333499	4769759
333500	4769767
333501	4769771
333502	4769789
333503	4769867
333504	4769873
333505	4769879
333506	4769881
333507	4769887
333508	4769903
333509	4769909
333510	4769917
333511	4769923
333512	4769957
333513	4769959
333514	4769971
333515	4769977
333516	4769987
333517	4770011
333518	4770019
333519	4770023
333520	4770037
333521	4770043
333522	4770061
333523	4770067
333524	4770071
333525	4770079
333526	4770097
333527	4770109
333528	4770127
333529	4770163
333530	4770173
333531	4770191
333532	4770221
333533	4770253
333534	4770263
333535	4770281
333536	4770287
333537	4770313
333538	4770317
333539	4770323
333540	4770329
333541	4770343
333542	4770347
333543	4770379
333544	4770397
333545	4770401
333546	4770427
333547	4770431
333548	4770439
333549	4770443
333550	4770449
333551	4770487
333552	4770509
333553	4770511
333554	4770517
333555	4770527
333556	4770541
333557	4770551
333558	4770569
333559	4770581
333560	4770593
333561	4770599
333562	4770611
333563	4770629
333564	4770631
333565	4770643
333566	4770671
333567	4770677
333568	4770713
333569	4770737
333570	4770763
333571	4770793
333572	4770827
333573	4770839
333574	4770841
333575	4770851
333576	4770911
333577	4770929
333578	4770967
333579	4770971
333580	4770977
333581	4771001
333582	4771021
333583	4771037
333584	4771049
333585	4771069
333586	4771093
333587	4771121
333588	4771159
333589	4771163
333590	4771171
333591	4771177
333592	4771181
333593	4771229
333594	4771243
333595	4771267
333596	4771279
333597	4771289
333598	4771297
333599	4771307
333600	4771321
333601	4771331
333602	4771381
333603	4771391
333604	4771397
333605	4771411
333606	4771433
333607	4771439
333608	4771447
333609	4771463
333610	4771493
333611	4771519
333612	4771541
333613	4771549
333614	4771567
333615	4771579
333616	4771589
333617	4771619
333618	4771633
333619	4771687
333620	4771699
333621	4771709
333622	4771763
333623	4771777
333624	4771813
333625	4771817
333626	4771829
333627	4771841
333628	4771843
333629	4771873
333630	4771889
333631	4771891
333632	4771903
333633	4771909
333634	4771939
333635	4771967
333636	4771973
333637	4771993
333638	4771997
333639	4771999
333640	4772057
333641	4772069
333642	4772071
333643	4772077
333644	4772107
333645	4772111
333646	4772137
333647	4772143
333648	4772147
333649	4772177
333650	4772179
333651	4772191
333652	4772227
333653	4772237
333654	4772281
333655	4772309
333656	4772323
333657	4772353
333658	4772381
333659	4772387
333660	4772399
333661	4772413
333662	4772437
333663	4772459
333664	4772479
333665	4772483
333666	4772489
333667	4772503
333668	4772507
333669	4772513
333670	4772531
333671	4772557
333672	4772561
333673	4772623
333674	4772653
333675	4772659
333676	4772671
333677	4772683
333678	4772717
333679	4772731
333680	4772759
333681	4772771
333682	4772797
333683	4772821
333684	4772837
333685	4772839
333686	4772861
333687	4772863
333688	4772909
333689	4772939
333690	4772951
333691	4772953
333692	4772993
333693	4773019
333694	4773049
333695	4773053
333696	4773059
333697	4773061
333698	4773089
333699	4773133
333700	4773143
333701	4773157
333702	4773169
333703	4773173
333704	4773191
333705	4773203
333706	4773227
333707	4773229
333708	4773239
333709	4773257
333710	4773269
333711	4773283
333712	4773289
333713	4773331
333714	4773359
333715	4773383
333716	4773403
333717	4773409
333718	4773449
333719	4773451
333720	4773479
333721	4773497
333722	4773499
333723	4773523
333724	4773529
333725	4773533
333726	4773553
333727	4773557
333728	4773599
333729	4773607
333730	4773611
333731	4773641
333732	4773701
333733	4773707
333734	4773709
333735	4773737
333736	4773739
333737	4773757
333738	4773767
333739	4773773
333740	4773779
333741	4773793
333742	4773809
333743	4773823
333744	4773829
333745	4773833
333746	4773841
333747	4773859
333748	4773863
333749	4773877
333750	4773887
333751	4773913
333752	4773929
333753	4773941
333754	4773953
333755	4773961
333756	4773983
333757	4774001
333758	4774051
333759	4774069
333760	4774123
333761	4774129
333762	4774151
333763	4774171
333764	4774177
333765	4774181
333766	4774199
333767	4774201
333768	4774249
333769	4774261
333770	4774267
333771	4774283
333772	4774321
333773	4774349
333774	4774351
333775	4774361
333776	4774379
333777	4774387
333778	4774391
333779	4774411
333780	4774417
333781	4774423
333782	4774439
333783	4774459
333784	4774463
333785	4774477
333786	4774489
333787	4774499
333788	4774513
333789	4774519
333790	4774543
333791	4774559
333792	4774571
333793	4774579
333794	4774597
333795	4774613
333796	4774619
333797	4774663
333798	4774667
333799	4774673
333800	4774687
333801	4774699
333802	4774709
333803	4774723
333804	4774727
333805	4774733
333806	4774747
333807	4774751
333808	4774753
333809	4774769
333810	4774793
333811	4774801
333812	4774817
333813	4774829
333814	4774831
333815	4774843
333816	4774859
333817	4774867
333818	4774873
333819	4774877
333820	4774883
333821	4774921
333822	4774949
333823	4774951
333824	4774967
333825	4774969
333826	4774993
333827	4774999
333828	4775027
333829	4775039
333830	4775051
333831	4775063
333832	4775077
333833	4775087
333834	4775093
333835	4775119
333836	4775123
333837	4775131
333838	4775143
333839	4775159
333840	4775167
333841	4775171
333842	4775201
333843	4775207
333844	4775219
333845	4775231
333846	4775233
333847	4775293
333848	4775297
333849	4775299
333850	4775321
333851	4775339
333852	4775357
333853	4775359
333854	4775369
333855	4775371
333856	4775377
333857	4775383
333858	4775413
333859	4775417
333860	4775423
333861	4775431
333862	4775437
333863	4775443
333864	4775447
333865	4775461
333866	4775489
333867	4775497
333868	4775503
333869	4775539
333870	4775543
333871	4775549
333872	4775569
333873	4775591
333874	4775621
333875	4775647
333876	4775653
333877	4775681
333878	4775689
333879	4775711
333880	4775713
333881	4775723
333882	4775741
333883	4775747
333884	4775791
333885	4775809
333886	4775819
333887	4775839
333888	4775843
333889	4775851
333890	4775863
333891	4775887
333892	4775909
333893	4775917
333894	4775921
333895	4775933
333896	4775941
333897	4775951
333898	4775959
333899	4775977
333900	4775993
333901	4776001
333902	4776017
333903	4776029
333904	4776073
333905	4776113
333906	4776127
333907	4776137
333908	4776143
333909	4776151
333910	4776173
333911	4776209
333912	4776217
333913	4776221
333914	4776223
333915	4776251
333916	4776287
333917	4776313
333918	4776323
333919	4776347
333920	4776403
333921	4776451
333922	4776461
333923	4776481
333924	4776487
333925	4776491
333926	4776517
333927	4776521
333928	4776523
333929	4776529
333930	4776539
333931	4776599
333932	4776601
333933	4776637
333934	4776641
333935	4776647
333936	4776671
333937	4776679
333938	4776683
333939	4776689
333940	4776691
333941	4776713
333942	4776721
333943	4776749
333944	4776767
333945	4776769
333946	4776803
333947	4776833
333948	4776839
333949	4776841
333950	4776853
333951	4776857
333952	4776887
333953	4776907
333954	4776929
333955	4776931
333956	4776953
333957	4776977
333958	4776979
333959	4777001
333960	4777009
333961	4777027
333962	4777043
333963	4777057
333964	4777061
333965	4777063
333966	4777081
333967	4777099
333968	4777103
333969	4777139
333970	4777163
333971	4777183
333972	4777207
333973	4777211
333974	4777217
333975	4777219
333976	4777237
333977	4777247
333978	4777249
333979	4777273
333980	4777277
333981	4777351
333982	4777363
333983	4777433
333984	4777453
333985	4777463
333986	4777469
333987	4777471
333988	4777481
333989	4777499
333990	4777501
333991	4777517
333992	4777523
333993	4777559
333994	4777567
333995	4777573
333996	4777621
333997	4777679
333998	4777681
333999	4777711
334000	4777723
