334001	4777727
334002	4777733
334003	4777739
334004	4777769
334005	4777781
334006	4777789
334007	4777793
334008	4777807
334009	4777811
334010	4777819
334011	4777823
334012	4777831
334013	4777891
334014	4777907
334015	4777909
334016	4777933
334017	4777939
334018	4777943
334019	4777961
334020	4777967
334021	4778009
334022	4778021
334023	4778027
334024	4778029
334025	4778041
334026	4778051
334027	4778077
334028	4778107
334029	4778113
334030	4778119
334031	4778129
334032	4778153
334033	4778167
334034	4778171
334035	4778183
334036	4778197
334037	4778231
334038	4778237
334039	4778303
334040	4778311
334041	4778339
334042	4778341
334043	4778357
334044	4778381
334045	4778383
334046	4778387
334047	4778399
334048	4778407
334049	4778413
334050	4778429
334051	4778437
334052	4778441
334053	4778453
334054	4778467
334055	4778483
334056	4778489
334057	4778491
334058	4778539
334059	4778567
334060	4778569
334061	4778593
334062	4778603
334063	4778611
334064	4778659
334065	4778663
334066	4778693
334067	4778701
334068	4778713
334069	4778723
334070	4778729
334071	4778731
334072	4778759
334073	4778777
334074	4778783
334075	4778791
334076	4778803
334077	4778827
334078	4778831
334079	4778833
334080	4778843
334081	4778863
334082	4778869
334083	4778927
334084	4778933
334085	4778953
334086	4778981
334087	4778993
334088	4779029
334089	4779037
334090	4779067
334091	4779079
334092	4779107
334093	4779119
334094	4779143
334095	4779157
334096	4779163
334097	4779191
334098	4779199
334099	4779209
334100	4779221
334101	4779251
334102	4779277
334103	4779337
334104	4779343
334105	4779347
334106	4779349
334107	4779353
334108	4779371
334109	4779427
334110	4779433
334111	4779443
334112	4779449
334113	4779491
334114	4779497
334115	4779503
334116	4779517
334117	4779521
334118	4779547
334119	4779553
334120	4779557
334121	4779563
334122	4779589
334123	4779631
334124	4779661
334125	4779701
334126	4779743
334127	4779757
334128	4779769
334129	4779779
334130	4779799
334131	4779829
334132	4779851
334133	4779871
334134	4779877
334135	4779889
334136	4779913
334137	4779949
334138	4779953
334139	4779959
334140	4779961
334141	4779979
334142	4779989
334143	4779991
334144	4779997
334145	4780007
334146	4780033
334147	4780037
334148	4780051
334149	4780079
334150	4780081
334151	4780093
334152	4780117
334153	4780133
334154	4780151
334155	4780177
334156	4780183
334157	4780187
334158	4780199
334159	4780201
334160	4780241
334161	4780261
334162	4780283
334163	4780291
334164	4780337
334165	4780361
334166	4780379
334167	4780397
334168	4780403
334169	4780409
334170	4780411
334171	4780427
334172	4780429
334173	4780453
334174	4780459
334175	4780463
334176	4780471
334177	4780483
334178	4780487
334179	4780499
334180	4780507
334181	4780513
334182	4780543
334183	4780549
334184	4780561
334185	4780597
334186	4780637
334187	4780639
334188	4780649
334189	4780663
334190	4780667
334191	4780669
334192	4780673
334193	4780681
334194	4780687
334195	4780693
334196	4780703
334197	4780729
334198	4780739
334199	4780751
334200	4780771
334201	4780777
334202	4780781
334203	4780819
334204	4780823
334205	4780861
334206	4780871
334207	4780877
334208	4780891
334209	4780903
334210	4780931
334211	4780933
334212	4780939
334213	4780943
334214	4780949
334215	4780957
334216	4780967
334217	4780973
334218	4781009
334219	4781011
334220	4781017
334221	4781039
334222	4781047
334223	4781057
334224	4781089
334225	4781111
334226	4781129
334227	4781137
334228	4781167
334229	4781173
334230	4781191
334231	4781197
334232	4781237
334233	4781243
334234	4781323
334235	4781333
334236	4781341
334237	4781351
334238	4781383
334239	4781389
334240	4781411
334241	4781417
334242	4781429
334243	4781431
334244	4781443
334245	4781449
334246	4781489
334247	4781507
334248	4781519
334249	4781527
334250	4781531
334251	4781551
334252	4781561
334253	4781587
334254	4781611
334255	4781629
334256	4781653
334257	4781659
334258	4781663
334259	4781669
334260	4781671
334261	4781731
334262	4781737
334263	4781747
334264	4781759
334265	4781761
334266	4781767
334267	4781783
334268	4781807
334269	4781831
334270	4781837
334271	4781867
334272	4781873
334273	4781911
334274	4781923
334275	4781929
334276	4781941
334277	4781951
334278	4781963
334279	4781971
334280	4781983
334281	4781989
334282	4781993
334283	4782023
334284	4782061
334285	4782077
334286	4782097
334287	4782101
334288	4782103
334289	4782119
334290	4782121
334291	4782131
334292	4782133
334293	4782143
334294	4782161
334295	4782179
334296	4782191
334297	4782223
334298	4782227
334299	4782241
334300	4782251
334301	4782263
334302	4782269
334303	4782301
334304	4782311
334305	4782317
334306	4782329
334307	4782341
334308	4782359
334309	4782383
334310	4782397
334311	4782409
334312	4782431
334313	4782443
334314	4782469
334315	4782473
334316	4782487
334317	4782493
334318	4782497
334319	4782511
334320	4782523
334321	4782529
334322	4782539
334323	4782571
334324	4782577
334325	4782607
334326	4782637
334327	4782641
334328	4782647
334329	4782671
334330	4782677
334331	4782683
334332	4782697
334333	4782707
334334	4782719
334335	4782749
334336	4782769
334337	4782787
334338	4782803
334339	4782821
334340	4782823
334341	4782829
334342	4782839
334343	4782853
334344	4782871
334345	4782881
334346	4782893
334347	4782907
334348	4782913
334349	4782961
334350	4782971
334351	4782977
334352	4782989
334353	4782991
334354	4782997
334355	4783039
334356	4783043
334357	4783061
334358	4783067
334359	4783099
334360	4783109
334361	4783147
334362	4783151
334363	4783157
334364	4783169
334365	4783187
334366	4783223
334367	4783279
334368	4783283
334369	4783291
334370	4783321
334371	4783327
334372	4783343
334373	4783349
334374	4783369
334375	4783391
334376	4783399
334377	4783411
334378	4783433
334379	4783439
334380	4783447
334381	4783451
334382	4783469
334383	4783487
334384	4783489
334385	4783501
334386	4783523
334387	4783531
334388	4783553
334389	4783567
334390	4783577
334391	4783589
334392	4783631
334393	4783643
334394	4783651
334395	4783673
334396	4783697
334397	4783699
334398	4783717
334399	4783721
334400	4783729
334401	4783739
334402	4783741
334403	4783769
334404	4783781
334405	4783787
334406	4783819
334407	4783829
334408	4783837
334409	4783853
334410	4783859
334411	4783861
334412	4783873
334413	4783973
334414	4783979
334415	4783993
334416	4783997
334417	4784009
334418	4784057
334419	4784071
334420	4784093
334421	4784107
334422	4784141
334423	4784149
334424	4784183
334425	4784237
334426	4784239
334427	4784243
334428	4784267
334429	4784279
334430	4784281
334431	4784287
334432	4784303
334433	4784317
334434	4784321
334435	4784341
334436	4784401
334437	4784411
334438	4784419
334439	4784431
334440	4784443
334441	4784467
334442	4784501
334443	4784503
334444	4784543
334445	4784597
334446	4784617
334447	4784627
334448	4784629
334449	4784641
334450	4784669
334451	4784677
334452	4784683
334453	4784687
334454	4784693
334455	4784699
334456	4784749
334457	4784753
334458	4784777
334459	4784807
334460	4784809
334461	4784821
334462	4784833
334463	4784839
334464	4784863
334465	4784869
334466	4784887
334467	4784909
334468	4784921
334469	4784947
334470	4784953
334471	4784957
334472	4784963
334473	4785031
334474	4785043
334475	4785059
334476	4785091
334477	4785101
334478	4785113
334479	4785119
334480	4785161
334481	4785181
334482	4785197
334483	4785227
334484	4785239
334485	4785251
334486	4785271
334487	4785281
334488	4785289
334489	4785293
334490	4785307
334491	4785323
334492	4785331
334493	4785343
334494	4785367
334495	4785371
334496	4785373
334497	4785379
334498	4785383
334499	4785401
334500	4785419
334501	4785421
334502	4785463
334503	4785467
334504	4785499
334505	4785503
334506	4785509
334507	4785523
334508	4785527
334509	4785553
334510	4785559
334511	4785581
334512	4785593
334513	4785601
334514	4785607
334515	4785611
334516	4785623
334517	4785629
334518	4785647
334519	4785659
334520	4785673
334521	4785707
334522	4785733
334523	4785761
334524	4785769
334525	4785773
334526	4785787
334527	4785791
334528	4785793
334529	4785799
334530	4785827
334531	4785881
334532	4785901
334533	4785931
334534	4785941
334535	4785947
334536	4785961
334537	4786007
334538	4786013
334539	4786037
334540	4786049
334541	4786051
334542	4786079
334543	4786091
334544	4786097
334545	4786109
334546	4786141
334547	4786147
334548	4786193
334549	4786213
334550	4786219
334551	4786241
334552	4786253
334553	4786259
334554	4786261
334555	4786267
334556	4786291
334557	4786297
334558	4786303
334559	4786321
334560	4786343
334561	4786393
334562	4786399
334563	4786403
334564	4786409
334565	4786429
334566	4786447
334567	4786451
334568	4786471
334569	4786477
334570	4786541
334571	4786543
334572	4786559
334573	4786577
334574	4786583
334575	4786603
334576	4786619
334577	4786633
334578	4786657
334579	4786667
334580	4786669
334581	4786697
334582	4786699
334583	4786703
334584	4786739
334585	4786751
334586	4786753
334587	4786763
334588	4786777
334589	4786799
334590	4786807
334591	4786811
334592	4786819
334593	4786823
334594	4786861
334595	4786883
334596	4786897
334597	4786913
334598	4786937
334599	4786939
334600	4786961
334601	4786963
334602	4786973
334603	4786981
334604	4786987
334605	4787039
334606	4787053
334607	4787063
334608	4787077
334609	4787089
334610	4787093
334611	4787099
334612	4787161
334613	4787173
334614	4787177
334615	4787179
334616	4787213
334617	4787231
334618	4787239
334619	4787249
334620	4787257
334621	4787261
334622	4787273
334623	4787281
334624	4787311
334625	4787329
334626	4787339
334627	4787347
334628	4787371
334629	4787441
334630	4787477
334631	4787483
334632	4787507
334633	4787513
334634	4787527
334635	4787533
334636	4787537
334637	4787551
334638	4787567
334639	4787569
334640	4787593
334641	4787597
334642	4787599
334643	4787603
334644	4787621
334645	4787633
334646	4787641
334647	4787647
334648	4787669
334649	4787683
334650	4787701
334651	4787719
334652	4787729
334653	4787737
334654	4787747
334655	4787767
334656	4787771
334657	4787779
334658	4787789
334659	4787803
334660	4787831
334661	4787833
334662	4787869
334663	4787873
334664	4787879
334665	4787903
334666	4787941
334667	4787957
334668	4787963
334669	4787969
334670	4787971
334671	4788011
334672	4788023
334673	4788037
334674	4788061
334675	4788079
334676	4788083
334677	4788097
334678	4788109
334679	4788127
334680	4788131
334681	4788197
334682	4788221
334683	4788233
334684	4788241
334685	4788257
334686	4788283
334687	4788307
334688	4788331
334689	4788337
334690	4788379
334691	4788389
334692	4788397
334693	4788401
334694	4788403
334695	4788419
334696	4788457
334697	4788461
334698	4788463
334699	4788473
334700	4788481
334701	4788491
334702	4788493
334703	4788517
334704	4788533
334705	4788541
334706	4788559
334707	4788569
334708	4788583
334709	4788593
334710	4788613
334711	4788631
334712	4788647
334713	4788653
334714	4788661
334715	4788673
334716	4788731
334717	4788733
334718	4788739
334719	4788757
334720	4788767
334721	4788769
334722	4788803
334723	4788811
334724	4788821
334725	4788863
334726	4788869
334727	4788871
334728	4788881
334729	4788887
334730	4788907
334731	4788929
334732	4788937
334733	4788941
334734	4788961
334735	4788989
334736	4789003
334737	4789013
334738	4789033
334739	4789061
334740	4789069
334741	4789073
334742	4789091
334743	4789123
334744	4789139
334745	4789177
334746	4789193
334747	4789199
334748	4789201
334749	4789219
334750	4789231
334751	4789237
334752	4789241
334753	4789247
334754	4789249
334755	4789277
334756	4789303
334757	4789339
334758	4789363
334759	4789373
334760	4789381
334761	4789399
334762	4789409
334763	4789453
334764	4789471
334765	4789487
334766	4789513
334767	4789517
334768	4789541
334769	4789549
334770	4789559
334771	4789567
334772	4789573
334773	4789583
334774	4789591
334775	4789601
334776	4789619
334777	4789621
334778	4789633
334779	4789637
334780	4789639
334781	4789651
334782	4789667
334783	4789721
334784	4789739
334785	4789747
334786	4789777
334787	4789783
334788	4789789
334789	4789793
334790	4789823
334791	4789831
334792	4789853
334793	4789877
334794	4789949
334795	4789951
334796	4789963
334797	4789969
334798	4789973
334799	4789987
334800	4789991
334801	4789999
334802	4790011
334803	4790029
334804	4790047
334805	4790053
334806	4790063
334807	4790111
334808	4790117
334809	4790143
334810	4790167
334811	4790237
334812	4790239
334813	4790273
334814	4790293
334815	4790297
334816	4790309
334817	4790321
334818	4790339
334819	4790351
334820	4790363
334821	4790369
334822	4790377
334823	4790389
334824	4790393
334825	4790419
334826	4790437
334827	4790459
334828	4790473
334829	4790483
334830	4790503
334831	4790521
334832	4790537
334833	4790551
334834	4790557
334835	4790573
334836	4790579
334837	4790593
334838	4790609
334839	4790627
334840	4790671
334841	4790699
334842	4790707
334843	4790743
334844	4790749
334845	4790761
334846	4790827
334847	4790857
334848	4790893
334849	4790897
334850	4790911
334851	4790963
334852	4790971
334853	4790987
334854	4790999
334855	4791011
334856	4791013
334857	4791023
334858	4791043
334859	4791049
334860	4791067
334861	4791077
334862	4791089
334863	4791109
334864	4791181
334865	4791187
334866	4791197
334867	4791221
334868	4791223
334869	4791239
334870	4791247
334871	4791257
334872	4791277
334873	4791299
334874	4791307
334875	4791343
334876	4791373
334877	4791377
334878	4791379
334879	4791403
334880	4791407
334881	4791419
334882	4791431
334883	4791443
334884	4791461
334885	4791481
334886	4791491
334887	4791497
334888	4791503
334889	4791511
334890	4791517
334891	4791557
334892	4791559
334893	4791623
334894	4791643
334895	4791649
334896	4791653
334897	4791737
334898	4791767
334899	4791769
334900	4791779
334901	4791799
334902	4791811
334903	4791817
334904	4791847
334905	4791851
334906	4791859
334907	4791863
334908	4791881
334909	4791883
334910	4791901
334911	4791911
334912	4791923
334913	4791929
334914	4791937
334915	4791947
334916	4791953
334917	4791959
334918	4791961
334919	4791973
334920	4792001
334921	4792013
334922	4792019
334923	4792031
334924	4792057
334925	4792063
334926	4792069
334927	4792097
334928	4792127
334929	4792133
334930	4792141
334931	4792153
334932	4792159
334933	4792169
334934	4792201
334935	4792241
334936	4792247
334937	4792297
334938	4792301
334939	4792331
334940	4792339
334941	4792369
334942	4792387
334943	4792391
334944	4792409
334945	4792439
334946	4792451
334947	4792457
334948	4792471
334949	4792481
334950	4792519
334951	4792547
334952	4792553
334953	4792603
334954	4792607
334955	4792609
334956	4792633
334957	4792639
334958	4792643
334959	4792661
334960	4792663
334961	4792703
334962	4792727
334963	4792729
334964	4792751
334965	4792783
334966	4792787
334967	4792789
334968	4792811
334969	4792829
334970	4792841
334971	4792847
334972	4792849
334973	4792871
334974	4792873
334975	4792889
334976	4792913
334977	4792927
334978	4792933
334979	4792951
334980	4792967
334981	4792987
334982	4792999
334983	4793011
334984	4793027
334985	4793029
334986	4793051
334987	4793059
334988	4793069
334989	4793077
334990	4793123
334991	4793141
334992	4793147
334993	4793183
334994	4793203
334995	4793209
334996	4793221
334997	4793227
334998	4793231
334999	4793233
335000	4793237
