335001	4793317
335002	4793363
335003	4793413
335004	4793417
335005	4793429
335006	4793431
335007	4793471
335008	4793489
335009	4793501
335010	4793513
335011	4793519
335012	4793531
335013	4793533
335014	4793543
335015	4793557
335016	4793587
335017	4793599
335018	4793603
335019	4793627
335020	4793639
335021	4793651
335022	4793653
335023	4793669
335024	4793687
335025	4793713
335026	4793741
335027	4793749
335028	4793753
335029	4793771
335030	4793851
335031	4793857
335032	4793861
335033	4793863
335034	4793879
335035	4793897
335036	4793923
335037	4793951
335038	4793963
335039	4793969
335040	4793981
335041	4794001
335042	4794037
335043	4794043
335044	4794059
335045	4794067
335046	4794071
335047	4794073
335048	4794103
335049	4794149
335050	4794151
335051	4794161
335052	4794191
335053	4794197
335054	4794203
335055	4794211
335056	4794217
335057	4794239
335058	4794241
335059	4794247
335060	4794259
335061	4794263
335062	4794269
335063	4794287
335064	4794299
335065	4794301
335066	4794331
335067	4794337
335068	4794343
335069	4794347
335070	4794353
335071	4794379
335072	4794407
335073	4794437
335074	4794443
335075	4794463
335076	4794473
335077	4794481
335078	4794523
335079	4794533
335080	4794551
335081	4794577
335082	4794607
335083	4794619
335084	4794637
335085	4794641
335086	4794653
335087	4794679
335088	4794683
335089	4794709
335090	4794733
335091	4794743
335092	4794749
335093	4794761
335094	4794767
335095	4794781
335096	4794791
335097	4794809
335098	4794817
335099	4794841
335100	4794877
335101	4794899
335102	4794913
335103	4794931
335104	4794949
335105	4794953
335106	4794961
335107	4794983
335108	4794997
335109	4795013
335110	4795039
335111	4795051
335112	4795067
335113	4795079
335114	4795093
335115	4795097
335116	4795103
335117	4795129
335118	4795157
335119	4795171
335120	4795183
335121	4795187
335122	4795199
335123	4795223
335124	4795229
335125	4795243
335126	4795249
335127	4795253
335128	4795261
335129	4795313
335130	4795331
335131	4795333
335132	4795337
335133	4795367
335134	4795369
335135	4795433
335136	4795451
335137	4795481
335138	4795501
335139	4795507
335140	4795519
335141	4795529
335142	4795561
335143	4795603
335144	4795613
335145	4795627
335146	4795631
335147	4795663
335148	4795667
335149	4795699
335150	4795709
335151	4795711
335152	4795723
335153	4795727
335154	4795741
335155	4795757
335156	4795781
335157	4795787
335158	4795789
335159	4795801
335160	4795807
335161	4795831
335162	4795841
335163	4795867
335164	4795871
335165	4795873
335166	4795883
335167	4795897
335168	4795909
335169	4795913
335170	4795939
335171	4795951
335172	4795963
335173	4795969
335174	4795993
335175	4795997
335176	4796017
335177	4796039
335178	4796047
335179	4796053
335180	4796081
335181	4796083
335182	4796087
335183	4796089
335184	4796111
335185	4796119
335186	4796131
335187	4796149
335188	4796153
335189	4796179
335190	4796191
335191	4796203
335192	4796237
335193	4796249
335194	4796257
335195	4796279
335196	4796291
335197	4796317
335198	4796357
335199	4796371
335200	4796381
335201	4796383
335202	4796387
335203	4796399
335204	4796411
335205	4796423
335206	4796437
335207	4796461
335208	4796479
335209	4796483
335210	4796501
335211	4796509
335212	4796543
335213	4796573
335214	4796593
335215	4796609
335216	4796621
335217	4796633
335218	4796639
335219	4796647
335220	4796651
335221	4796657
335222	4796677
335223	4796699
335224	4796707
335225	4796711
335226	4796749
335227	4796761
335228	4796767
335229	4796783
335230	4796789
335231	4796807
335232	4796837
335233	4796843
335234	4796851
335235	4796879
335236	4796893
335237	4796899
335238	4796921
335239	4796923
335240	4796929
335241	4796983
335242	4796989
335243	4796993
335244	4797007
335245	4797017
335246	4797031
335247	4797059
335248	4797061
335249	4797071
335250	4797073
335251	4797167
335252	4797173
335253	4797193
335254	4797211
335255	4797227
335256	4797229
335257	4797241
335258	4797251
335259	4797259
335260	4797263
335261	4797269
335262	4797277
335263	4797283
335264	4797301
335265	4797311
335266	4797313
335267	4797361
335268	4797371
335269	4797389
335270	4797407
335271	4797413
335272	4797439
335273	4797469
335274	4797497
335275	4797503
335276	4797511
335277	4797517
335278	4797521
335279	4797539
335280	4797563
335281	4797571
335282	4797577
335283	4797581
335284	4797599
335285	4797607
335286	4797629
335287	4797631
335288	4797643
335289	4797647
335290	4797659
335291	4797677
335292	4797701
335293	4797707
335294	4797721
335295	4797733
335296	4797739
335297	4797769
335298	4797781
335299	4797799
335300	4797851
335301	4797857
335302	4797883
335303	4797913
335304	4797941
335305	4797953
335306	4797959
335307	4797971
335308	4797973
335309	4798009
335310	4798019
335311	4798033
335312	4798039
335313	4798061
335314	4798081
335315	4798091
335316	4798121
335317	4798163
335318	4798181
335319	4798193
335320	4798219
335321	4798229
335322	4798243
335323	4798259
335324	4798307
335325	4798309
335326	4798331
335327	4798333
335328	4798337
335329	4798349
335330	4798357
335331	4798361
335332	4798373
335333	4798379
335334	4798439
335335	4798477
335336	4798481
335337	4798483
335338	4798489
335339	4798511
335340	4798523
335341	4798531
335342	4798537
335343	4798571
335344	4798609
335345	4798627
335346	4798639
335347	4798649
335348	4798657
335349	4798669
335350	4798679
335351	4798693
335352	4798711
335353	4798721
335354	4798727
335355	4798733
335356	4798751
335357	4798793
335358	4798817
335359	4798823
335360	4798837
335361	4798861
335362	4798867
335363	4798877
335364	4798889
335365	4798901
335366	4798907
335367	4798919
335368	4798921
335369	4798933
335370	4798967
335371	4798987
335372	4798993
335373	4798999
335374	4799021
335375	4799023
335376	4799027
335377	4799059
335378	4799071
335379	4799087
335380	4799089
335381	4799129
335382	4799131
335383	4799189
335384	4799213
335385	4799227
335386	4799231
335387	4799243
335388	4799251
335389	4799261
335390	4799279
335391	4799281
335392	4799299
335393	4799303
335394	4799317
335395	4799323
335396	4799339
335397	4799351
335398	4799369
335399	4799383
335400	4799393
335401	4799401
335402	4799407
335403	4799429
335404	4799437
335405	4799453
335406	4799467
335407	4799477
335408	4799507
335409	4799551
335410	4799563
335411	4799573
335412	4799623
335413	4799651
335414	4799659
335415	4799689
335416	4799693
335417	4799713
335418	4799719
335419	4799731
335420	4799771
335421	4799777
335422	4799783
335423	4799791
335424	4799833
335425	4799843
335426	4799849
335427	4799857
335428	4799863
335429	4799867
335430	4799897
335431	4799909
335432	4799923
335433	4799941
335434	4799953
335435	4799957
335436	4799981
335437	4799983
335438	4799987
335439	4799999
335440	4800007
335441	4800023
335442	4800043
335443	4800049
335444	4800053
335445	4800067
335446	4800073
335447	4800083
335448	4800091
335449	4800101
335450	4800113
335451	4800149
335452	4800163
335453	4800193
335454	4800199
335455	4800209
335456	4800221
335457	4800241
335458	4800253
335459	4800281
335460	4800287
335461	4800317
335462	4800347
335463	4800361
335464	4800373
335465	4800401
335466	4800421
335467	4800427
335468	4800431
335469	4800437
335470	4800451
335471	4800487
335472	4800541
335473	4800547
335474	4800557
335475	4800599
335476	4800619
335477	4800623
335478	4800641
335479	4800659
335480	4800661
335481	4800667
335482	4800683
335483	4800703
335484	4800707
335485	4800709
335486	4800737
335487	4800773
335488	4800779
335489	4800781
335490	4800799
335491	4800811
335492	4800827
335493	4800841
335494	4800853
335495	4800857
335496	4800881
335497	4800893
335498	4800911
335499	4800931
335500	4800937
335501	4800941
335502	4800947
335503	4800973
335504	4800989
335505	4801033
335506	4801039
335507	4801051
335508	4801057
335509	4801061
335510	4801099
335511	4801109
335512	4801117
335513	4801133
335514	4801151
335515	4801163
335516	4801169
335517	4801171
335518	4801177
335519	4801183
335520	4801189
335521	4801201
335522	4801207
335523	4801213
335524	4801253
335525	4801267
335526	4801289
335527	4801309
335528	4801339
335529	4801351
335530	4801369
335531	4801393
335532	4801409
335533	4801441
335534	4801451
335535	4801499
335536	4801507
335537	4801513
335538	4801519
335539	4801553
335540	4801561
335541	4801579
335542	4801603
335543	4801607
335544	4801609
335545	4801613
335546	4801627
335547	4801631
335548	4801673
335549	4801679
335550	4801691
335551	4801697
335552	4801711
335553	4801717
335554	4801723
335555	4801729
335556	4801781
335557	4801789
335558	4801793
335559	4801829
335560	4801847
335561	4801861
335562	4801873
335563	4801903
335564	4801921
335565	4801933
335566	4801949
335567	4801969
335568	4801999
335569	4802011
335570	4802047
335571	4802051
335572	4802059
335573	4802071
335574	4802087
335575	4802089
335576	4802093
335577	4802099
335578	4802107
335579	4802123
335580	4802129
335581	4802137
335582	4802153
335583	4802191
335584	4802209
335585	4802219
335586	4802243
335587	4802249
335588	4802257
335589	4802293
335590	4802299
335591	4802321
335592	4802323
335593	4802327
335594	4802333
335595	4802339
335596	4802353
335597	4802393
335598	4802411
335599	4802443
335600	4802461
335601	4802491
335602	4802513
335603	4802519
335604	4802521
335605	4802527
335606	4802531
335607	4802533
335608	4802537
335609	4802543
335610	4802557
335611	4802569
335612	4802599
335613	4802621
335614	4802641
335615	4802657
335616	4802683
335617	4802689
335618	4802723
335619	4802729
335620	4802731
335621	4802741
335622	4802771
335623	4802779
335624	4802783
335625	4802803
335626	4802813
335627	4802843
335628	4802851
335629	4802873
335630	4802879
335631	4802881
335632	4802899
335633	4802911
335634	4802921
335635	4802927
335636	4802939
335637	4802947
335638	4802989
335639	4803031
335640	4803037
335641	4803049
335642	4803053
335643	4803059
335644	4803091
335645	4803103
335646	4803119
335647	4803137
335648	4803151
335649	4803157
335650	4803167
335651	4803173
335652	4803179
335653	4803187
335654	4803193
335655	4803209
335656	4803217
335657	4803223
335658	4803247
335659	4803277
335660	4803283
335661	4803301
335662	4803307
335663	4803317
335664	4803319
335665	4803341
335666	4803347
335667	4803361
335668	4803373
335669	4803391
335670	4803397
335671	4803413
335672	4803427
335673	4803439
335674	4803467
335675	4803479
335676	4803493
335677	4803497
335678	4803509
335679	4803511
335680	4803529
335681	4803563
335682	4803569
335683	4803581
335684	4803583
335685	4803593
335686	4803607
335687	4803641
335688	4803649
335689	4803653
335690	4803677
335691	4803679
335692	4803709
335693	4803719
335694	4803737
335695	4803749
335696	4803767
335697	4803769
335698	4803781
335699	4803787
335700	4803797
335701	4803857
335702	4803871
335703	4803881
335704	4803899
335705	4803907
335706	4803913
335707	4803919
335708	4803923
335709	4803947
335710	4803949
335711	4803959
335712	4803961
335713	4803971
335714	4803983
335715	4803989
335716	4803991
335717	4804021
335718	4804027
335719	4804049
335720	4804061
335721	4804087
335722	4804091
335723	4804109
335724	4804133
335725	4804157
335726	4804159
335727	4804187
335728	4804201
335729	4804213
335730	4804231
335731	4804249
335732	4804253
335733	4804271
335734	4804273
335735	4804277
335736	4804297
335737	4804307
335738	4804333
335739	4804337
335740	4804351
335741	4804361
335742	4804363
335743	4804399
335744	4804409
335745	4804417
335746	4804427
335747	4804439
335748	4804463
335749	4804529
335750	4804567
335751	4804571
335752	4804573
335753	4804577
335754	4804589
335755	4804607
335756	4804619
335757	4804627
335758	4804643
335759	4804661
335760	4804697
335761	4804699
335762	4804703
335763	4804711
335764	4804717
335765	4804733
335766	4804741
335767	4804753
335768	4804759
335769	4804781
335770	4804799
335771	4804823
335772	4804837
335773	4804841
335774	4804867
335775	4804883
335776	4804889
335777	4804937
335778	4804939
335779	4804957
335780	4804979
335781	4804991
335782	4804993
335783	4804997
335784	4805011
335785	4805041
335786	4805063
335787	4805069
335788	4805111
335789	4805149
335790	4805161
335791	4805179
335792	4805189
335793	4805191
335794	4805231
335795	4805249
335796	4805257
335797	4805267
335798	4805287
335799	4805291
335800	4805303
335801	4805357
335802	4805393
335803	4805401
335804	4805419
335805	4805429
335806	4805431
335807	4805443
335808	4805453
335809	4805467
335810	4805513
335811	4805531
335812	4805533
335813	4805539
335814	4805557
335815	4805579
335816	4805587
335817	4805599
335818	4805621
335819	4805629
335820	4805639
335821	4805653
335822	4805657
335823	4805659
335824	4805683
335825	4805693
335826	4805699
335827	4805707
335828	4805711
335829	4805719
335830	4805737
335831	4805743
335832	4805753
335833	4805761
335834	4805791
335835	4805821
335836	4805831
335837	4805861
335838	4805903
335839	4805929
335840	4805939
335841	4805953
335842	4805959
335843	4806001
335844	4806013
335845	4806029
335846	4806071
335847	4806077
335848	4806127
335849	4806161
335850	4806167
335851	4806181
335852	4806187
335853	4806211
335854	4806233
335855	4806283
335856	4806299
335857	4806301
335858	4806313
335859	4806323
335860	4806341
335861	4806367
335862	4806377
335863	4806383
335864	4806391
335865	4806401
335866	4806407
335867	4806409
335868	4806413
335869	4806419
335870	4806421
335871	4806433
335872	4806437
335873	4806443
335874	4806463
335875	4806469
335876	4806493
335877	4806499
335878	4806509
335879	4806523
335880	4806541
335881	4806551
335882	4806577
335883	4806587
335884	4806589
335885	4806649
335886	4806661
335887	4806667
335888	4806673
335889	4806689
335890	4806709
335891	4806713
335892	4806719
335893	4806731
335894	4806743
335895	4806751
335896	4806773
335897	4806803
335898	4806821
335899	4806827
335900	4806853
335901	4806863
335902	4806871
335903	4806877
335904	4806883
335905	4806887
335906	4806899
335907	4806911
335908	4806917
335909	4806947
335910	4806959
335911	4806961
335912	4806973
335913	4807001
335914	4807021
335915	4807027
335916	4807031
335917	4807063
335918	4807079
335919	4807081
335920	4807087
335921	4807091
335922	4807093
335923	4807097
335924	4807109
335925	4807129
335926	4807147
335927	4807169
335928	4807181
335929	4807199
335930	4807217
335931	4807219
335932	4807241
335933	4807303
335934	4807337
335935	4807343
335936	4807393
335937	4807409
335938	4807423
335939	4807427
335940	4807433
335941	4807441
335942	4807459
335943	4807463
335944	4807469
335945	4807477
335946	4807487
335947	4807493
335948	4807501
335949	4807519
335950	4807531
335951	4807559
335952	4807631
335953	4807639
335954	4807643
335955	4807679
335956	4807681
335957	4807687
335958	4807717
335959	4807757
335960	4807793
335961	4807807
335962	4807813
335963	4807819
335964	4807841
335965	4807849
335966	4807877
335967	4807909
335968	4807921
335969	4807951
335970	4807961
335971	4807967
335972	4807973
335973	4808003
335974	4808009
335975	4808017
335976	4808021
335977	4808033
335978	4808051
335979	4808071
335980	4808077
335981	4808101
335982	4808123
335983	4808129
335984	4808137
335985	4808207
335986	4808227
335987	4808231
335988	4808233
335989	4808239
335990	4808249
335991	4808257
335992	4808267
335993	4808269
335994	4808299
335995	4808327
335996	4808329
335997	4808339
335998	4808351
335999	4808359
336000	4808369
