336001	4808383
336002	4808393
336003	4808417
336004	4808459
336005	4808471
336006	4808491
336007	4808497
336008	4808513
336009	4808527
336010	4808533
336011	4808543
336012	4808579
336013	4808593
336014	4808599
336015	4808611
336016	4808621
336017	4808623
336018	4808641
336019	4808659
336020	4808701
336021	4808707
336022	4808717
336023	4808719
336024	4808737
336025	4808747
336026	4808777
336027	4808803
336028	4808821
336029	4808827
336030	4808857
336031	4808873
336032	4808911
336033	4808929
336034	4808933
336035	4808939
336036	4808959
336037	4808963
336038	4808987
336039	4809017
336040	4809023
336041	4809037
336042	4809097
336043	4809107
336044	4809121
336045	4809137
336046	4809143
336047	4809187
336048	4809197
336049	4809209
336050	4809251
336051	4809253
336052	4809257
336053	4809263
336054	4809271
336055	4809281
336056	4809289
336057	4809307
336058	4809319
336059	4809347
336060	4809349
336061	4809359
336062	4809377
336063	4809383
336064	4809401
336065	4809443
336066	4809457
336067	4809473
336068	4809479
336069	4809509
336070	4809547
336071	4809559
336072	4809577
336073	4809583
336074	4809643
336075	4809653
336076	4809661
336077	4809671
336078	4809677
336079	4809683
336080	4809689
336081	4809703
336082	4809719
336083	4809731
336084	4809773
336085	4809781
336086	4809787
336087	4809799
336088	4809811
336089	4809859
336090	4809881
336091	4809901
336092	4809941
336093	4809943
336094	4809947
336095	4809949
336096	4809977
336097	4810019
336098	4810063
336099	4810081
336100	4810087
336101	4810103
336102	4810129
336103	4810147
336104	4810153
336105	4810159
336106	4810163
336107	4810171
336108	4810187
336109	4810193
336110	4810199
336111	4810217
336112	4810229
336113	4810261
336114	4810307
336115	4810313
336116	4810343
336117	4810349
336118	4810397
336119	4810411
336120	4810441
336121	4810457
336122	4810469
336123	4810483
336124	4810493
336125	4810499
336126	4810501
336127	4810511
336128	4810513
336129	4810517
336130	4810579
336131	4810583
336132	4810649
336133	4810661
336134	4810691
336135	4810697
336136	4810721
336137	4810727
336138	4810733
336139	4810739
336140	4810753
336141	4810787
336142	4810789
336143	4810807
336144	4810823
336145	4810837
336146	4810843
336147	4810849
336148	4810853
336149	4810867
336150	4810877
336151	4810879
336152	4810891
336153	4810901
336154	4810903
336155	4810907
336156	4810913
336157	4810943
336158	4810961
336159	4810973
336160	4810987
336161	4811057
336162	4811087
336163	4811089
336164	4811101
336165	4811111
336166	4811137
336167	4811159
336168	4811167
336169	4811171
336170	4811189
336171	4811197
336172	4811239
336173	4811263
336174	4811267
336175	4811269
336176	4811281
336177	4811299
336178	4811311
336179	4811321
336180	4811329
336181	4811363
336182	4811371
336183	4811381
336184	4811383
336185	4811407
336186	4811413
336187	4811441
336188	4811447
336189	4811449
336190	4811453
336191	4811461
336192	4811483
336193	4811507
336194	4811533
336195	4811537
336196	4811549
336197	4811551
336198	4811567
336199	4811581
336200	4811647
336201	4811659
336202	4811687
336203	4811701
336204	4811713
336205	4811717
336206	4811777
336207	4811783
336208	4811791
336209	4811797
336210	4811809
336211	4811819
336212	4811831
336213	4811839
336214	4811843
336215	4811861
336216	4811869
336217	4811909
336218	4811927
336219	4811953
336220	4811993
336221	4812011
336222	4812043
336223	4812053
336224	4812061
336225	4812077
336226	4812079
336227	4812089
336228	4812097
336229	4812113
336230	4812121
336231	4812131
336232	4812133
336233	4812151
336234	4812169
336235	4812179
336236	4812191
336237	4812193
336238	4812209
336239	4812239
336240	4812251
336241	4812271
336242	4812281
336243	4812287
336244	4812299
336245	4812307
336246	4812329
336247	4812337
336248	4812349
336249	4812371
336250	4812373
336251	4812383
336252	4812413
336253	4812419
336254	4812421
336255	4812427
336256	4812433
336257	4812481
336258	4812487
336259	4812499
336260	4812503
336261	4812523
336262	4812527
336263	4812569
336264	4812583
336265	4812607
336266	4812611
336267	4812631
336268	4812641
336269	4812653
336270	4812707
336271	4812713
336272	4812721
336273	4812733
336274	4812739
336275	4812761
336276	4812767
336277	4812779
336278	4812791
336279	4812799
336280	4812827
336281	4812851
336282	4812859
336283	4812883
336284	4812889
336285	4812931
336286	4812937
336287	4812943
336288	4812991
336289	4813027
336290	4813051
336291	4813063
336292	4813069
336293	4813073
336294	4813093
336295	4813103
336296	4813139
336297	4813177
336298	4813183
336299	4813189
336300	4813201
336301	4813229
336302	4813243
336303	4813283
336304	4813297
336305	4813307
336306	4813309
336307	4813313
336308	4813321
336309	4813337
336310	4813349
336311	4813373
336312	4813399
336313	4813421
336314	4813423
336315	4813433
336316	4813439
336317	4813451
336318	4813469
336319	4813477
336320	4813483
336321	4813511
336322	4813531
336323	4813537
336324	4813541
336325	4813561
336326	4813573
336327	4813577
336328	4813579
336329	4813583
336330	4813591
336331	4813597
336332	4813607
336333	4813621
336334	4813639
336335	4813643
336336	4813651
336337	4813667
336338	4813673
336339	4813691
336340	4813717
336341	4813723
336342	4813741
336343	4813747
336344	4813759
336345	4813793
336346	4813799
336347	4813801
336348	4813817
336349	4813829
336350	4813841
336351	4813843
336352	4813849
336353	4813909
336354	4813943
336355	4813951
336356	4813957
336357	4813961
336358	4813997
336359	4814027
336360	4814039
336361	4814053
336362	4814093
336363	4814123
336364	4814129
336365	4814137
336366	4814143
336367	4814167
336368	4814171
336369	4814191
336370	4814209
336371	4814219
336372	4814221
336373	4814231
336374	4814233
336375	4814263
336376	4814273
336377	4814287
336378	4814321
336379	4814357
336380	4814363
336381	4814399
336382	4814413
336383	4814449
336384	4814461
336385	4814471
336386	4814473
336387	4814489
336388	4814503
336389	4814533
336390	4814597
336391	4814599
336392	4814603
336393	4814617
336394	4814629
336395	4814647
336396	4814651
336397	4814683
336398	4814707
336399	4814713
336400	4814717
336401	4814743
336402	4814749
336403	4814759
336404	4814779
336405	4814801
336406	4814833
336407	4814837
336408	4814863
336409	4814867
336410	4814881
336411	4814903
336412	4814911
336413	4814947
336414	4814959
336415	4814963
336416	4814987
336417	4815023
336418	4815047
336419	4815053
336420	4815059
336421	4815067
336422	4815071
336423	4815101
336424	4815121
336425	4815127
336426	4815179
336427	4815193
336428	4815221
336429	4815229
336430	4815253
336431	4815259
336432	4815281
336433	4815289
336434	4815311
336435	4815329
336436	4815337
336437	4815359
336438	4815367
336439	4815389
336440	4815397
336441	4815443
336442	4815451
336443	4815457
336444	4815463
336445	4815467
336446	4815469
336447	4815529
336448	4815553
336449	4815581
336450	4815583
336451	4815589
336452	4815593
336453	4815599
336454	4815617
336455	4815619
336456	4815623
336457	4815631
336458	4815647
336459	4815673
336460	4815677
336461	4815689
336462	4815697
336463	4815731
336464	4815773
336465	4815787
336466	4815791
336467	4815799
336468	4815817
336469	4815821
336470	4815823
336471	4815847
336472	4815857
336473	4815887
336474	4815917
336475	4815931
336476	4815973
336477	4815989
336478	4815997
336479	4816003
336480	4816033
336481	4816037
336482	4816051
336483	4816061
336484	4816069
336485	4816073
336486	4816079
336487	4816087
336488	4816103
336489	4816109
336490	4816121
336491	4816153
336492	4816157
336493	4816169
336494	4816183
336495	4816187
336496	4816193
336497	4816213
336498	4816243
336499	4816249
336500	4816267
336501	4816277
336502	4816283
336503	4816297
336504	4816303
336505	4816309
336506	4816337
336507	4816351
336508	4816363
336509	4816373
336510	4816417
336511	4816421
336512	4816433
336513	4816459
336514	4816463
336515	4816517
336516	4816531
336517	4816541
336518	4816561
336519	4816597
336520	4816619
336521	4816649
336522	4816657
336523	4816663
336524	4816673
336525	4816681
336526	4816717
336527	4816727
336528	4816751
336529	4816787
336530	4816789
336531	4816837
336532	4816841
336533	4816843
336534	4816849
336535	4816859
336536	4816883
336537	4816897
336538	4816901
336539	4816907
336540	4816909
336541	4816921
336542	4816949
336543	4816957
336544	4816963
336545	4816969
336546	4817003
336547	4817009
336548	4817017
336549	4817027
336550	4817039
336551	4817041
336552	4817047
336553	4817053
336554	4817083
336555	4817093
336556	4817101
336557	4817107
336558	4817119
336559	4817123
336560	4817129
336561	4817149
336562	4817177
336563	4817179
336564	4817209
336565	4817221
336566	4817257
336567	4817261
336568	4817269
336569	4817339
336570	4817357
336571	4817381
336572	4817387
336573	4817399
336574	4817411
336575	4817441
336576	4817467
336577	4817471
336578	4817479
336579	4817497
336580	4817513
336581	4817537
336582	4817539
336583	4817543
336584	4817551
336585	4817573
336586	4817581
336587	4817627
336588	4817629
336589	4817633
336590	4817639
336591	4817651
336592	4817653
336593	4817663
336594	4817669
336595	4817689
336596	4817707
336597	4817713
336598	4817717
336599	4817731
336600	4817737
336601	4817767
336602	4817779
336603	4817789
336604	4817797
336605	4817809
336606	4817819
336607	4817821
336608	4817867
336609	4817873
336610	4817899
336611	4817921
336612	4817929
336613	4817933
336614	4817941
336615	4817947
336616	4817959
336617	4817977
336618	4818013
336619	4818043
336620	4818053
336621	4818061
336622	4818091
336623	4818101
336624	4818119
336625	4818133
336626	4818137
336627	4818161
336628	4818167
336629	4818169
336630	4818181
336631	4818199
336632	4818211
336633	4818221
336634	4818239
336635	4818241
336636	4818269
336637	4818271
336638	4818277
336639	4818287
336640	4818301
336641	4818347
336642	4818349
336643	4818383
336644	4818409
336645	4818413
336646	4818421
336647	4818461
336648	4818467
336649	4818469
336650	4818481
336651	4818491
336652	4818503
336653	4818509
336654	4818521
336655	4818551
336656	4818559
336657	4818577
336658	4818587
336659	4818617
336660	4818629
336661	4818637
336662	4818677
336663	4818679
336664	4818691
336665	4818719
336666	4818721
336667	4818743
336668	4818757
336669	4818767
336670	4818773
336671	4818791
336672	4818797
336673	4818829
336674	4818887
336675	4818889
336676	4818893
336677	4818899
336678	4818907
336679	4818923
336680	4818941
336681	4818953
336682	4819021
336683	4819033
336684	4819039
336685	4819049
336686	4819069
336687	4819081
336688	4819091
336689	4819093
336690	4819123
336691	4819127
336692	4819147
336693	4819151
336694	4819153
336695	4819159
336696	4819163
336697	4819169
336698	4819189
336699	4819201
336700	4819223
336701	4819271
336702	4819273
336703	4819319
336704	4819327
336705	4819349
336706	4819357
336707	4819363
336708	4819379
336709	4819411
336710	4819433
336711	4819447
336712	4819469
336713	4819471
336714	4819499
336715	4819501
336716	4819513
336717	4819519
336718	4819531
336719	4819537
336720	4819543
336721	4819579
336722	4819603
336723	4819609
336724	4819631
336725	4819637
336726	4819643
336727	4819667
336728	4819669
336729	4819697
336730	4819729
336731	4819733
336732	4819739
336733	4819751
336734	4819783
336735	4819799
336736	4819807
336737	4819813
336738	4819817
336739	4819831
336740	4819847
336741	4819853
336742	4819861
336743	4819889
336744	4819909
336745	4819937
336746	4819943
336747	4819961
336748	4819963
336749	4819967
336750	4819981
336751	4819987
336752	4820009
336753	4820021
336754	4820033
336755	4820051
336756	4820069
336757	4820093
336758	4820107
336759	4820113
336760	4820131
336761	4820149
336762	4820161
336763	4820173
336764	4820183
336765	4820201
336766	4820203
336767	4820219
336768	4820227
336769	4820237
336770	4820239
336771	4820251
336772	4820269
336773	4820287
336774	4820327
336775	4820341
336776	4820369
336777	4820383
336778	4820419
336779	4820423
336780	4820437
336781	4820441
336782	4820443
336783	4820447
336784	4820479
336785	4820483
336786	4820489
336787	4820533
336788	4820579
336789	4820587
336790	4820617
336791	4820633
336792	4820653
336793	4820663
336794	4820681
336795	4820689
336796	4820719
336797	4820747
336798	4820759
336799	4820791
336800	4820807
336801	4820833
336802	4820857
336803	4820887
336804	4820899
336805	4820909
336806	4820923
336807	4820929
336808	4820939
336809	4820951
336810	4820983
336811	4820987
336812	4821017
336813	4821029
336814	4821043
336815	4821049
336816	4821059
336817	4821073
336818	4821077
336819	4821083
336820	4821097
336821	4821101
336822	4821109
336823	4821127
336824	4821143
336825	4821161
336826	4821197
336827	4821199
336828	4821209
336829	4821239
336830	4821241
336831	4821247
336832	4821263
336833	4821281
336834	4821293
336835	4821317
336836	4821331
336837	4821373
336838	4821389
336839	4821407
336840	4821451
336841	4821473
336842	4821499
336843	4821503
336844	4821517
336845	4821529
336846	4821541
336847	4821563
336848	4821613
336849	4821617
336850	4821629
336851	4821631
336852	4821637
336853	4821643
336854	4821653
336855	4821667
336856	4821671
336857	4821689
336858	4821721
336859	4821731
336860	4821737
336861	4821749
336862	4821767
336863	4821769
336864	4821779
336865	4821793
336866	4821797
336867	4821799
336868	4821821
336869	4821847
336870	4821853
336871	4821889
336872	4821899
336873	4821907
336874	4821911
336875	4821913
336876	4821919
336877	4821937
336878	4821997
336879	4822001
336880	4822003
336881	4822007
336882	4822031
336883	4822039
336884	4822061
336885	4822073
336886	4822079
336887	4822117
336888	4822121
336889	4822123
336890	4822141
336891	4822159
336892	4822163
336893	4822187
336894	4822189
336895	4822193
336896	4822199
336897	4822201
336898	4822211
336899	4822229
336900	4822231
336901	4822273
336902	4822277
336903	4822291
336904	4822309
336905	4822313
336906	4822319
336907	4822331
336908	4822343
336909	4822351
336910	4822361
336911	4822369
336912	4822393
336913	4822421
336914	4822423
336915	4822427
336916	4822451
336917	4822481
336918	4822513
336919	4822541
336920	4822553
336921	4822567
336922	4822589
336923	4822591
336924	4822621
336925	4822627
336926	4822633
336927	4822661
336928	4822667
336929	4822669
336930	4822687
336931	4822703
336932	4822711
336933	4822723
336934	4822759
336935	4822771
336936	4822777
336937	4822799
336938	4822819
336939	4822859
336940	4822879
336941	4822889
336942	4822907
336943	4822919
336944	4822921
336945	4822931
336946	4822943
336947	4822963
336948	4822967
336949	4822973
336950	4822991
336951	4822997
336952	4823003
336953	4823023
336954	4823033
336955	4823059
336956	4823081
336957	4823083
336958	4823099
336959	4823111
336960	4823149
336961	4823167
336962	4823171
336963	4823173
336964	4823201
336965	4823219
336966	4823227
336967	4823233
336968	4823297
336969	4823303
336970	4823339
336971	4823347
336972	4823369
336973	4823381
336974	4823389
336975	4823407
336976	4823417
336977	4823437
336978	4823447
336979	4823459
336980	4823471
336981	4823479
336982	4823521
336983	4823557
336984	4823573
336985	4823591
336986	4823627
336987	4823639
336988	4823641
336989	4823677
336990	4823681
336991	4823719
336992	4823723
336993	4823729
336994	4823743
336995	4823761
336996	4823779
336997	4823803
336998	4823807
336999	4823809
337000	4823821
