337001	4823837
337002	4823839
337003	4823843
337004	4823849
337005	4823851
337006	4823887
337007	4823909
337008	4823911
337009	4823957
337010	4823981
337011	4823983
337012	4823999
337013	4824011
337014	4824031
337015	4824037
337016	4824047
337017	4824091
337018	4824103
337019	4824109
337020	4824133
337021	4824151
337022	4824161
337023	4824163
337024	4824167
337025	4824187
337026	4824191
337027	4824203
337028	4824223
337029	4824247
337030	4824257
337031	4824263
337032	4824283
337033	4824317
337034	4824329
337035	4824331
337036	4824359
337037	4824373
337038	4824383
337039	4824401
337040	4824403
337041	4824419
337042	4824427
337043	4824433
337044	4824439
337045	4824473
337046	4824487
337047	4824493
337048	4824517
337049	4824529
337050	4824559
337051	4824563
337052	4824569
337053	4824581
337054	4824619
337055	4824629
337056	4824647
337057	4824649
337058	4824653
337059	4824671
337060	4824697
337061	4824739
337062	4824751
337063	4824773
337064	4824791
337065	4824847
337066	4824863
337067	4824881
337068	4824893
337069	4824907
337070	4824929
337071	4824943
337072	4824959
337073	4824971
337074	4824977
337075	4824997
337076	4825001
337077	4825013
337078	4825019
337079	4825021
337080	4825027
337081	4825091
337082	4825109
337083	4825129
337084	4825169
337085	4825187
337086	4825189
337087	4825199
337088	4825201
337089	4825211
337090	4825217
337091	4825267
337092	4825307
337093	4825333
337094	4825343
337095	4825351
337096	4825361
337097	4825369
337098	4825427
337099	4825441
337100	4825453
337101	4825517
337102	4825523
337103	4825529
337104	4825549
337105	4825559
337106	4825621
337107	4825627
337108	4825633
337109	4825643
337110	4825673
337111	4825693
337112	4825759
337113	4825763
337114	4825789
337115	4825813
337116	4825817
337117	4825831
337118	4825853
337119	4825871
337120	4825879
337121	4825889
337122	4825897
337123	4825901
337124	4825903
337125	4825921
337126	4825937
337127	4825939
337128	4825963
337129	4825967
337130	4825969
337131	4825979
337132	4825991
337133	4825993
337134	4826027
337135	4826033
337136	4826051
337137	4826053
337138	4826071
337139	4826119
337140	4826153
337141	4826161
337142	4826179
337143	4826197
337144	4826207
337145	4826231
337146	4826273
337147	4826279
337148	4826281
337149	4826291
337150	4826293
337151	4826309
337152	4826357
337153	4826369
337154	4826401
337155	4826407
337156	4826431
337157	4826447
337158	4826473
337159	4826491
337160	4826501
337161	4826531
337162	4826537
337163	4826543
337164	4826587
337165	4826597
337166	4826611
337167	4826641
337168	4826693
337169	4826713
337170	4826719
337171	4826729
337172	4826753
337173	4826771
337174	4826777
337175	4826797
337176	4826813
337177	4826831
337178	4826863
337179	4826867
337180	4826897
337181	4826903
337182	4826911
337183	4826923
337184	4826933
337185	4826951
337186	4826953
337187	4827029
337188	4827037
337189	4827059
337190	4827071
337191	4827073
337192	4827107
337193	4827139
337194	4827157
337195	4827169
337196	4827191
337197	4827211
337198	4827233
337199	4827239
337200	4827241
337201	4827257
337202	4827259
337203	4827287
337204	4827307
337205	4827313
337206	4827359
337207	4827373
337208	4827377
337209	4827391
337210	4827409
337211	4827419
337212	4827421
337213	4827437
337214	4827443
337215	4827457
337216	4827461
337217	4827491
337218	4827499
337219	4827521
337220	4827523
337221	4827533
337222	4827547
337223	4827553
337224	4827569
337225	4827583
337226	4827587
337227	4827617
337228	4827619
337229	4827623
337230	4827637
337231	4827671
337232	4827703
337233	4827707
337234	4827721
337235	4827737
337236	4827751
337237	4827763
337238	4827773
337239	4827799
337240	4827817
337241	4827821
337242	4827827
337243	4827829
337244	4827853
337245	4827859
337246	4827863
337247	4827869
337248	4827877
337249	4827899
337250	4827913
337251	4827943
337252	4827959
337253	4827973
337254	4827989
337255	4828009
337256	4828049
337257	4828067
337258	4828069
337259	4828073
337260	4828079
337261	4828099
337262	4828111
337263	4828121
337264	4828129
337265	4828133
337266	4828139
337267	4828163
337268	4828171
337269	4828177
337270	4828207
337271	4828217
337272	4828237
337273	4828249
337274	4828253
337275	4828303
337276	4828349
337277	4828363
337278	4828379
337279	4828381
337280	4828393
337281	4828399
337282	4828403
337283	4828409
337284	4828429
337285	4828433
337286	4828457
337287	4828469
337288	4828477
337289	4828519
337290	4828531
337291	4828543
337292	4828553
337293	4828567
337294	4828573
337295	4828583
337296	4828613
337297	4828631
337298	4828661
337299	4828669
337300	4828723
337301	4828727
337302	4828729
337303	4828739
337304	4828751
337305	4828763
337306	4828787
337307	4828801
337308	4828807
337309	4828843
337310	4828847
337311	4828871
337312	4828927
337313	4828937
337314	4828961
337315	4828979
337316	4828987
337317	4828991
337318	4828997
337319	4829009
337320	4829047
337321	4829081
337322	4829089
337323	4829093
337324	4829101
337325	4829107
337326	4829117
337327	4829137
337328	4829141
337329	4829147
337330	4829161
337331	4829171
337332	4829177
337333	4829183
337334	4829197
337335	4829219
337336	4829257
337337	4829263
337338	4829269
337339	4829317
337340	4829323
337341	4829329
337342	4829347
337343	4829359
337344	4829369
337345	4829371
337346	4829389
337347	4829423
337348	4829437
337349	4829441
337350	4829443
337351	4829449
337352	4829453
337353	4829467
337354	4829497
337355	4829501
337356	4829509
337357	4829543
337358	4829549
337359	4829551
337360	4829557
337361	4829593
337362	4829603
337363	4829651
337364	4829653
337365	4829663
337366	4829711
337367	4829723
337368	4829729
337369	4829749
337370	4829761
337371	4829771
337372	4829777
337373	4829779
337374	4829789
337375	4829809
337376	4829843
337377	4829911
337378	4829947
337379	4829953
337380	4829969
337381	4829983
337382	4829999
337383	4830011
337384	4830043
337385	4830053
337386	4830071
337387	4830073
337388	4830103
337389	4830107
337390	4830113
337391	4830127
337392	4830149
337393	4830151
337394	4830167
337395	4830197
337396	4830223
337397	4830229
337398	4830247
337399	4830263
337400	4830277
337401	4830281
337402	4830289
337403	4830307
337404	4830349
337405	4830359
337406	4830361
337407	4830373
337408	4830377
337409	4830383
337410	4830401
337411	4830409
337412	4830421
337413	4830439
337414	4830481
337415	4830487
337416	4830547
337417	4830569
337418	4830571
337419	4830593
337420	4830599
337421	4830607
337422	4830611
337423	4830619
337424	4830649
337425	4830659
337426	4830677
337427	4830689
337428	4830719
337429	4830751
337430	4830797
337431	4830799
337432	4830817
337433	4830827
337434	4830841
337435	4830853
337436	4830857
337437	4830869
337438	4830871
337439	4830877
337440	4830899
337441	4830913
337442	4830923
337443	4830937
337444	4830967
337445	4831019
337446	4831037
337447	4831039
337448	4831051
337449	4831069
337450	4831091
337451	4831121
337452	4831147
337453	4831159
337454	4831163
337455	4831193
337456	4831237
337457	4831243
337458	4831273
337459	4831283
337460	4831289
337461	4831291
337462	4831297
337463	4831363
337464	4831367
337465	4831373
337466	4831391
337467	4831441
337468	4831457
337469	4831493
337470	4831507
337471	4831531
337472	4831549
337473	4831559
337474	4831577
337475	4831591
337476	4831601
337477	4831613
337478	4831637
337479	4831657
337480	4831669
337481	4831693
337482	4831699
337483	4831703
337484	4831709
337485	4831733
337486	4831751
337487	4831759
337488	4831787
337489	4831789
337490	4831807
337491	4831823
337492	4831829
337493	4831831
337494	4831837
337495	4831843
337496	4831889
337497	4831901
337498	4831903
337499	4831907
337500	4831933
337501	4831949
337502	4831963
337503	4831987
337504	4831991
337505	4831999
337506	4832017
337507	4832021
337508	4832027
337509	4832033
337510	4832053
337511	4832059
337512	4832071
337513	4832081
337514	4832123
337515	4832147
337516	4832167
337517	4832171
337518	4832173
337519	4832203
337520	4832207
337521	4832209
337522	4832221
337523	4832239
337524	4832257
337525	4832263
337526	4832273
337527	4832281
337528	4832287
337529	4832293
337530	4832309
337531	4832329
337532	4832339
337533	4832353
337534	4832363
337535	4832411
337536	4832413
337537	4832417
337538	4832419
337539	4832423
337540	4832467
337541	4832483
337542	4832489
337543	4832521
337544	4832537
337545	4832543
337546	4832549
337547	4832551
337548	4832557
337549	4832561
337550	4832563
337551	4832567
337552	4832579
337553	4832591
337554	4832609
337555	4832651
337556	4832677
337557	4832689
337558	4832693
337559	4832701
337560	4832719
337561	4832741
337562	4832747
337563	4832759
337564	4832761
337565	4832767
337566	4832797
337567	4832801
337568	4832809
337569	4832833
337570	4832837
337571	4832851
337572	4832857
337573	4832887
337574	4832909
337575	4832929
337576	4832939
337577	4832941
337578	4832953
337579	4832987
337580	4832999
337581	4833019
337582	4833029
337583	4833047
337584	4833067
337585	4833109
337586	4833131
337587	4833133
337588	4833137
337589	4833139
337590	4833149
337591	4833161
337592	4833167
337593	4833181
337594	4833187
337595	4833193
337596	4833209
337597	4833211
337598	4833233
337599	4833247
337600	4833271
337601	4833307
337602	4833371
337603	4833379
337604	4833383
337605	4833397
337606	4833443
337607	4833463
337608	4833487
337609	4833523
337610	4833533
337611	4833553
337612	4833571
337613	4833583
337614	4833617
337615	4833623
337616	4833641
337617	4833649
337618	4833683
337619	4833721
337620	4833727
337621	4833739
337622	4833743
337623	4833761
337624	4833767
337625	4833779
337626	4833821
337627	4833853
337628	4833863
337629	4833869
337630	4833877
337631	4833883
337632	4833901
337633	4833911
337634	4833937
337635	4833943
337636	4833947
337637	4833953
337638	4833977
337639	4833989
337640	4833991
337641	4834021
337642	4834073
337643	4834079
337644	4834111
337645	4834121
337646	4834127
337647	4834129
337648	4834147
337649	4834201
337650	4834211
337651	4834217
337652	4834223
337653	4834229
337654	4834231
337655	4834241
337656	4834267
337657	4834321
337658	4834327
337659	4834331
337660	4834363
337661	4834381
337662	4834397
337663	4834399
337664	4834411
337665	4834421
337666	4834441
337667	4834451
337668	4834463
337669	4834471
337670	4834499
337671	4834513
337672	4834523
337673	4834537
337674	4834549
337675	4834553
337676	4834573
337677	4834589
337678	4834601
337679	4834631
337680	4834639
337681	4834649
337682	4834663
337683	4834673
337684	4834693
337685	4834699
337686	4834723
337687	4834727
337688	4834733
337689	4834741
337690	4834777
337691	4834801
337692	4834813
337693	4834829
337694	4834847
337695	4834849
337696	4834861
337697	4834871
337698	4834883
337699	4834889
337700	4834891
337701	4834897
337702	4834961
337703	4834979
337704	4834981
337705	4834993
337706	4834997
337707	4835003
337708	4835011
337709	4835023
337710	4835027
337711	4835057
337712	4835071
337713	4835081
337714	4835099
337715	4835111
337716	4835113
337717	4835143
337718	4835147
337719	4835153
337720	4835161
337721	4835179
337722	4835203
337723	4835213
337724	4835231
337725	4835249
337726	4835251
337727	4835261
337728	4835263
337729	4835269
337730	4835273
337731	4835279
337732	4835297
337733	4835321
337734	4835333
337735	4835357
337736	4835381
337737	4835387
337738	4835461
337739	4835471
337740	4835477
337741	4835483
337742	4835503
337743	4835513
337744	4835521
337745	4835527
337746	4835533
337747	4835539
337748	4835549
337749	4835563
337750	4835569
337751	4835573
337752	4835617
337753	4835629
337754	4835639
337755	4835647
337756	4835683
337757	4835693
337758	4835707
337759	4835711
337760	4835713
337761	4835717
337762	4835723
337763	4835731
337764	4835749
337765	4835767
337766	4835771
337767	4835791
337768	4835797
337769	4835801
337770	4835807
337771	4835821
337772	4835833
337773	4835839
337774	4835843
337775	4835849
337776	4835851
337777	4835867
337778	4835891
337779	4835893
337780	4835903
337781	4835917
337782	4835921
337783	4835923
337784	4835927
337785	4835933
337786	4835947
337787	4835951
337788	4835977
337789	4835983
337790	4835989
337791	4836037
337792	4836059
337793	4836067
337794	4836101
337795	4836107
337796	4836113
337797	4836119
337798	4836121
337799	4836131
337800	4836133
337801	4836149
337802	4836151
337803	4836157
337804	4836173
337805	4836193
337806	4836229
337807	4836239
337808	4836257
337809	4836259
337810	4836269
337811	4836277
337812	4836281
337813	4836283
337814	4836353
337815	4836367
337816	4836383
337817	4836413
337818	4836451
337819	4836457
337820	4836467
337821	4836497
337822	4836521
337823	4836523
337824	4836539
337825	4836553
337826	4836563
337827	4836569
337828	4836577
337829	4836581
337830	4836593
337831	4836607
337832	4836613
337833	4836631
337834	4836641
337835	4836679
337836	4836701
337837	4836703
337838	4836737
337839	4836743
337840	4836749
337841	4836757
337842	4836763
337843	4836779
337844	4836781
337845	4836787
337846	4836809
337847	4836827
337848	4836829
337849	4836859
337850	4836919
337851	4836929
337852	4836943
337853	4836947
337854	4836967
337855	4836971
337856	4836977
337857	4836989
337858	4837003
337859	4837009
337860	4837033
337861	4837051
337862	4837073
337863	4837087
337864	4837141
337865	4837169
337866	4837187
337867	4837201
337868	4837213
337869	4837219
337870	4837223
337871	4837237
337872	4837241
337873	4837247
337874	4837277
337875	4837297
337876	4837307
337877	4837309
337878	4837331
337879	4837369
337880	4837373
337881	4837379
337882	4837411
337883	4837423
337884	4837433
337885	4837439
337886	4837447
337887	4837451
337888	4837453
337889	4837463
337890	4837471
337891	4837477
337892	4837493
337893	4837499
337894	4837501
337895	4837513
337896	4837517
337897	4837531
337898	4837541
337899	4837559
337900	4837561
337901	4837579
337902	4837589
337903	4837603
337904	4837633
337905	4837649
337906	4837661
337907	4837669
337908	4837687
337909	4837697
337910	4837709
337911	4837717
337912	4837733
337913	4837739
337914	4837759
337915	4837769
337916	4837771
337917	4837793
337918	4837817
337919	4837831
337920	4837841
337921	4837853
337922	4837871
337923	4837873
337924	4837879
337925	4837883
337926	4837919
337927	4837927
337928	4837933
337929	4837939
337930	4837967
337931	4837969
337932	4837991
337933	4837997
337934	4838017
337935	4838021
337936	4838023
337937	4838033
337938	4838063
337939	4838087
337940	4838089
337941	4838101
337942	4838107
337943	4838111
337944	4838117
337945	4838131
337946	4838143
337947	4838159
337948	4838167
337949	4838189
337950	4838209
337951	4838213
337952	4838261
337953	4838279
337954	4838297
337955	4838333
337956	4838341
337957	4838347
337958	4838363
337959	4838377
337960	4838399
337961	4838443
337962	4838461
337963	4838467
337964	4838473
337965	4838497
337966	4838501
337967	4838507
337968	4838543
337969	4838551
337970	4838569
337971	4838593
337972	4838599
337973	4838609
337974	4838611
337975	4838633
337976	4838653
337977	4838681
337978	4838683
337979	4838689
337980	4838699
337981	4838707
337982	4838719
337983	4838753
337984	4838789
337985	4838797
337986	4838819
337987	4838831
337988	4838839
337989	4838843
337990	4838851
337991	4838857
337992	4838881
337993	4838887
337994	4838891
337995	4838893
337996	4838903
337997	4838917
337998	4838923
337999	4838927
338000	4838963
