339001	4854637
339002	4854653
339003	4854667
339004	4854691
339005	4854701
339006	4854727
339007	4854737
339008	4854739
339009	4854761
339010	4854763
339011	4854779
339012	4854781
339013	4854793
339014	4854797
339015	4854799
339016	4854821
339017	4854827
339018	4854833
339019	4854841
339020	4854847
339021	4854893
339022	4854917
339023	4854923
339024	4854931
339025	4854961
339026	4854989
339027	4855007
339028	4855027
339029	4855031
339030	4855033
339031	4855049
339032	4855057
339033	4855063
339034	4855069
339035	4855073
339036	4855079
339037	4855099
339038	4855129
339039	4855133
339040	4855153
339041	4855163
339042	4855211
339043	4855219
339044	4855223
339045	4855237
339046	4855273
339047	4855297
339048	4855327
339049	4855363
339050	4855391
339051	4855471
339052	4855483
339053	4855511
339054	4855519
339055	4855531
339056	4855537
339057	4855541
339058	4855549
339059	4855559
339060	4855567
339061	4855579
339062	4855597
339063	4855601
339064	4855651
339065	4855667
339066	4855679
339067	4855681
339068	4855699
339069	4855703
339070	4855717
339071	4855787
339072	4855801
339073	4855813
339074	4855817
339075	4855831
339076	4855867
339077	4855891
339078	4855901
339079	4855919
339080	4855951
339081	4855957
339082	4855973
339083	4855987
339084	4856003
339085	4856011
339086	4856023
339087	4856029
339088	4856053
339089	4856063
339090	4856083
339091	4856143
339092	4856147
339093	4856161
339094	4856177
339095	4856183
339096	4856207
339097	4856219
339098	4856233
339099	4856261
339100	4856263
339101	4856273
339102	4856279
339103	4856297
339104	4856303
339105	4856309
339106	4856321
339107	4856323
339108	4856351
339109	4856359
339110	4856389
339111	4856399
339112	4856417
339113	4856447
339114	4856461
339115	4856479
339116	4856503
339117	4856531
339118	4856561
339119	4856567
339120	4856569
339121	4856597
339122	4856603
339123	4856639
339124	4856653
339125	4856669
339126	4856701
339127	4856707
339128	4856711
339129	4856741
339130	4856771
339131	4856777
339132	4856779
339133	4856783
339134	4856791
339135	4856809
339136	4856827
339137	4856843
339138	4856869
339139	4856899
339140	4856903
339141	4856921
339142	4856923
339143	4856947
339144	4856963
339145	4856981
339146	4857023
339147	4857037
339148	4857059
339149	4857067
339150	4857089
339151	4857091
339152	4857113
339153	4857131
339154	4857143
339155	4857161
339156	4857169
339157	4857187
339158	4857199
339159	4857211
339160	4857221
339161	4857227
339162	4857233
339163	4857253
339164	4857269
339165	4857271
339166	4857277
339167	4857287
339168	4857289
339169	4857329
339170	4857337
339171	4857341
339172	4857343
339173	4857371
339174	4857373
339175	4857389
339176	4857449
339177	4857451
339178	4857481
339179	4857487
339180	4857499
339181	4857511
339182	4857527
339183	4857533
339184	4857547
339185	4857551
339186	4857569
339187	4857637
339188	4857649
339189	4857659
339190	4857679
339191	4857683
339192	4857691
339193	4857707
339194	4857719
339195	4857739
339196	4857751
339197	4857781
339198	4857791
339199	4857799
339200	4857829
339201	4857893
339202	4857943
339203	4857949
339204	4857953
339205	4857959
339206	4857973
339207	4857997
339208	4858019
339209	4858031
339210	4858043
339211	4858057
339212	4858067
339213	4858079
339214	4858081
339215	4858093
339216	4858111
339217	4858159
339218	4858163
339219	4858171
339220	4858177
339221	4858193
339222	4858207
339223	4858229
339224	4858247
339225	4858253
339226	4858279
339227	4858291
339228	4858297
339229	4858307
339230	4858309
339231	4858327
339232	4858331
339233	4858349
339234	4858361
339235	4858393
339236	4858411
339237	4858417
339238	4858423
339239	4858453
339240	4858463
339241	4858487
339242	4858493
339243	4858499
339244	4858517
339245	4858519
339246	4858523
339247	4858559
339248	4858561
339249	4858577
339250	4858603
339251	4858627
339252	4858643
339253	4858657
339254	4858673
339255	4858703
339256	4858717
339257	4858739
339258	4858751
339259	4858781
339260	4858783
339261	4858793
339262	4858811
339263	4858817
339264	4858823
339265	4858831
339266	4858837
339267	4858859
339268	4858879
339269	4858891
339270	4858897
339271	4858901
339272	4858933
339273	4858943
339274	4858949
339275	4858961
339276	4858963
339277	4858967
339278	4858981
339279	4859017
339280	4859081
339281	4859083
339282	4859087
339283	4859123
339284	4859137
339285	4859167
339286	4859171
339287	4859177
339288	4859201
339289	4859207
339290	4859209
339291	4859227
339292	4859237
339293	4859243
339294	4859249
339295	4859273
339296	4859287
339297	4859317
339298	4859341
339299	4859353
339300	4859357
339301	4859359
339302	4859419
339303	4859429
339304	4859431
339305	4859441
339306	4859461
339307	4859479
339308	4859507
339309	4859513
339310	4859521
339311	4859531
339312	4859539
339313	4859549
339314	4859551
339315	4859557
339316	4859563
339317	4859581
339318	4859593
339319	4859597
339320	4859627
339321	4859629
339322	4859651
339323	4859713
339324	4859717
339325	4859741
339326	4859747
339327	4859749
339328	4859759
339329	4859819
339330	4859821
339331	4859837
339332	4859861
339333	4859863
339334	4859891
339335	4859947
339336	4859957
339337	4859971
339338	4859993
339339	4859999
339340	4860013
339341	4860041
339342	4860043
339343	4860049
339344	4860059
339345	4860077
339346	4860083
339347	4860091
339348	4860101
339349	4860103
339350	4860133
339351	4860137
339352	4860151
339353	4860157
339354	4860179
339355	4860203
339356	4860217
339357	4860227
339358	4860241
339359	4860269
339360	4860277
339361	4860281
339362	4860293
339363	4860299
339364	4860301
339365	4860307
339366	4860311
339367	4860329
339368	4860341
339369	4860343
339370	4860347
339371	4860367
339372	4860389
339373	4860391
339374	4860407
339375	4860421
339376	4860433
339377	4860439
339378	4860451
339379	4860461
339380	4860463
339381	4860481
339382	4860511
339383	4860517
339384	4860533
339385	4860547
339386	4860553
339387	4860601
339388	4860607
339389	4860617
339390	4860629
339391	4860631
339392	4860643
339393	4860679
339394	4860701
339395	4860721
339396	4860749
339397	4860761
339398	4860773
339399	4860799
339400	4860803
339401	4860809
339402	4860829
339403	4860847
339404	4860853
339405	4860859
339406	4860871
339407	4860883
339408	4860901
339409	4860931
339410	4860937
339411	4860953
339412	4860959
339413	4860971
339414	4860991
339415	4861013
339416	4861033
339417	4861049
339418	4861057
339419	4861063
339420	4861111
339421	4861121
339422	4861139
339423	4861217
339424	4861237
339425	4861243
339426	4861261
339427	4861267
339428	4861271
339429	4861277
339430	4861301
339431	4861313
339432	4861361
339433	4861399
339434	4861403
339435	4861421
339436	4861427
339437	4861429
339438	4861471
339439	4861501
339440	4861529
339441	4861547
339442	4861553
339443	4861561
339444	4861567
339445	4861573
339446	4861601
339447	4861603
339448	4861607
339449	4861621
339450	4861631
339451	4861667
339452	4861673
339453	4861679
339454	4861691
339455	4861697
339456	4861729
339457	4861733
339458	4861751
339459	4861771
339460	4861781
339461	4861799
339462	4861807
339463	4861811
339464	4861859
339465	4861861
339466	4861877
339467	4861889
339468	4861907
339469	4861921
339470	4861939
339471	4861943
339472	4861951
339473	4861957
339474	4861979
339475	4861991
339476	4861999
339477	4862003
339478	4862027
339479	4862041
339480	4862047
339481	4862063
339482	4862087
339483	4862089
339484	4862101
339485	4862107
339486	4862141
339487	4862161
339488	4862171
339489	4862173
339490	4862219
339491	4862243
339492	4862251
339493	4862261
339494	4862279
339495	4862303
339496	4862339
339497	4862353
339498	4862393
339499	4862399
339500	4862411
339501	4862413
339502	4862437
339503	4862441
339504	4862471
339505	4862489
339506	4862509
339507	4862519
339508	4862531
339509	4862549
339510	4862579
339511	4862581
339512	4862593
339513	4862609
339514	4862621
339515	4862699
339516	4862717
339517	4862743
339518	4862747
339519	4862771
339520	4862777
339521	4862791
339522	4862797
339523	4862813
339524	4862831
339525	4862843
339526	4862863
339527	4862911
339528	4862941
339529	4862983
339530	4862989
339531	4863007
339532	4863011
339533	4863013
339534	4863017
339535	4863029
339536	4863059
339537	4863073
339538	4863077
339539	4863083
339540	4863091
339541	4863101
339542	4863109
339543	4863149
339544	4863179
339545	4863217
339546	4863223
339547	4863233
339548	4863239
339549	4863263
339550	4863269
339551	4863277
339552	4863283
339553	4863293
339554	4863301
339555	4863323
339556	4863337
339557	4863349
339558	4863371
339559	4863401
339560	4863403
339561	4863427
339562	4863437
339563	4863451
339564	4863457
339565	4863473
339566	4863491
339567	4863493
339568	4863553
339569	4863569
339570	4863577
339571	4863589
339572	4863611
339573	4863623
339574	4863629
339575	4863631
339576	4863641
339577	4863653
339578	4863671
339579	4863673
339580	4863679
339581	4863709
339582	4863721
339583	4863737
339584	4863767
339585	4863769
339586	4863779
339587	4863797
339588	4863799
339589	4863809
339590	4863821
339591	4863823
339592	4863827
339593	4863839
339594	4863841
339595	4863847
339596	4863877
339597	4863913
339598	4863919
339599	4863923
339600	4863941
339601	4863959
339602	4863961
339603	4863979
339604	4864003
339605	4864009
339606	4864021
339607	4864033
339608	4864039
339609	4864043
339610	4864051
339611	4864061
339612	4864073
339613	4864081
339614	4864087
339615	4864121
339616	4864147
339617	4864151
339618	4864169
339619	4864177
339620	4864187
339621	4864207
339622	4864217
339623	4864229
339624	4864231
339625	4864243
339626	4864253
339627	4864271
339628	4864273
339629	4864283
339630	4864297
339631	4864309
339632	4864313
339633	4864319
339634	4864369
339635	4864417
339636	4864429
339637	4864451
339638	4864493
339639	4864511
339640	4864529
339641	4864553
339642	4864571
339643	4864591
339644	4864603
339645	4864619
339646	4864637
339647	4864667
339648	4864681
339649	4864709
339650	4864729
339651	4864747
339652	4864777
339653	4864781
339654	4864787
339655	4864789
339656	4864801
339657	4864813
339658	4864823
339659	4864831
339660	4864843
339661	4864859
339662	4864889
339663	4864897
339664	4864901
339665	4864903
339666	4864919
339667	4864927
339668	4864949
339669	4864957
339670	4864987
339671	4865023
339672	4865033
339673	4865051
339674	4865059
339675	4865087
339676	4865089
339677	4865123
339678	4865129
339679	4865131
339680	4865137
339681	4865141
339682	4865143
339683	4865207
339684	4865219
339685	4865221
339686	4865227
339687	4865257
339688	4865261
339689	4865293
339690	4865303
339691	4865327
339692	4865353
339693	4865431
339694	4865447
339695	4865459
339696	4865467
339697	4865477
339698	4865479
339699	4865507
339700	4865521
339701	4865551
339702	4865557
339703	4865561
339704	4865569
339705	4865573
339706	4865603
339707	4865629
339708	4865647
339709	4865657
339710	4865659
339711	4865683
339712	4865699
339713	4865711
339714	4865717
339715	4865737
339716	4865743
339717	4865747
339718	4865753
339719	4865761
339720	4865797
339721	4865803
339722	4865821
339723	4865827
339724	4865849
339725	4865891
339726	4865899
339727	4865929
339728	4865933
339729	4865947
339730	4865951
339731	4865953
339732	4865963
339733	4865969
339734	4865989
339735	4865999
339736	4866007
339737	4866011
339738	4866013
339739	4866019
339740	4866023
339741	4866047
339742	4866049
339743	4866061
339744	4866073
339745	4866091
339746	4866139
339747	4866149
339748	4866151
339749	4866187
339750	4866193
339751	4866209
339752	4866221
339753	4866227
339754	4866241
339755	4866263
339756	4866283
339757	4866307
339758	4866313
339759	4866341
339760	4866343
339761	4866359
339762	4866371
339763	4866383
339764	4866391
339765	4866401
339766	4866443
339767	4866469
339768	4866481
339769	4866503
339770	4866517
339771	4866541
339772	4866551
339773	4866557
339774	4866559
339775	4866569
339776	4866581
339777	4866583
339778	4866599
339779	4866601
339780	4866623
339781	4866629
339782	4866643
339783	4866649
339784	4866677
339785	4866683
339786	4866703
339787	4866707
339788	4866727
339789	4866737
339790	4866749
339791	4866761
339792	4866773
339793	4866791
339794	4866821
339795	4866847
339796	4866857
339797	4866859
339798	4866863
339799	4866877
339800	4866893
339801	4866899
339802	4866919
339803	4866923
339804	4866929
339805	4866941
339806	4866949
339807	4866973
339808	4866977
339809	4866989
339810	4866997
339811	4867003
339812	4867013
339813	4867019
339814	4867033
339815	4867063
339816	4867067
339817	4867073
339818	4867103
339819	4867123
339820	4867133
339821	4867139
339822	4867147
339823	4867171
339824	4867207
339825	4867223
339826	4867229
339827	4867243
339828	4867259
339829	4867297
339830	4867301
339831	4867307
339832	4867309
339833	4867319
339834	4867327
339835	4867333
339836	4867337
339837	4867339
339838	4867399
339839	4867409
339840	4867411
339841	4867417
339842	4867433
339843	4867451
339844	4867453
339845	4867469
339846	4867481
339847	4867487
339848	4867501
339849	4867543
339850	4867607
339851	4867619
339852	4867631
339853	4867637
339854	4867657
339855	4867691
339856	4867693
339857	4867711
339858	4867717
339859	4867727
339860	4867771
339861	4867777
339862	4867799
339863	4867801
339864	4867813
339865	4867817
339866	4867823
339867	4867843
339868	4867871
339869	4867873
339870	4867879
339871	4867903
339872	4867909
339873	4867921
339874	4867939
339875	4867949
339876	4867957
339877	4867963
339878	4867999
339879	4868011
339880	4868029
339881	4868041
339882	4868107
339883	4868113
339884	4868131
339885	4868141
339886	4868167
339887	4868173
339888	4868177
339889	4868189
339890	4868207
339891	4868221
339892	4868231
339893	4868233
339894	4868243
339895	4868251
339896	4868293
339897	4868309
339898	4868323
339899	4868329
339900	4868359
339901	4868363
339902	4868371
339903	4868377
339904	4868407
339905	4868419
339906	4868431
339907	4868447
339908	4868453
339909	4868467
339910	4868483
339911	4868509
339912	4868543
339913	4868557
339914	4868561
339915	4868573
339916	4868587
339917	4868597
339918	4868599
339919	4868609
339920	4868623
339921	4868651
339922	4868653
339923	4868657
339924	4868659
339925	4868671
339926	4868687
339927	4868711
339928	4868729
339929	4868741
339930	4868771
339931	4868779
339932	4868789
339933	4868797
339934	4868813
339935	4868819
339936	4868827
339937	4868833
339938	4868861
339939	4868869
339940	4868909
339941	4868911
339942	4868947
339943	4868977
339944	4868993
339945	4868999
339946	4869017
339947	4869043
339948	4869047
339949	4869049
339950	4869061
339951	4869083
339952	4869097
339953	4869103
339954	4869121
339955	4869131
339956	4869143
339957	4869167
339958	4869181
339959	4869209
339960	4869223
339961	4869229
339962	4869239
339963	4869257
339964	4869281
339965	4869289
339966	4869317
339967	4869349
339968	4869407
339969	4869433
339970	4869461
339971	4869479
339972	4869499
339973	4869503
339974	4869517
339975	4869521
339976	4869523
339977	4869539
339978	4869547
339979	4869551
339980	4869559
339981	4869563
339982	4869617
339983	4869637
339984	4869649
339985	4869659
339986	4869679
339987	4869703
339988	4869713
339989	4869727
339990	4869731
339991	4869743
339992	4869749
339993	4869751
339994	4869763
339995	4869773
339996	4869791
339997	4869817
339998	4869841
339999	4869853
340000	4869863
