340001	4869877
340002	4869889
340003	4869911
340004	4869913
340005	4869929
340006	4869959
340007	4869979
340008	4869989
340009	4870001
340010	4870009
340011	4870013
340012	4870027
340013	4870039
340014	4870067
340015	4870081
340016	4870087
340017	4870133
340018	4870139
340019	4870157
340020	4870171
340021	4870183
340022	4870207
340023	4870219
340024	4870241
340025	4870247
340026	4870253
340027	4870259
340028	4870291
340029	4870337
340030	4870361
340031	4870367
340032	4870373
340033	4870409
340034	4870417
340035	4870427
340036	4870433
340037	4870471
340038	4870477
340039	4870493
340040	4870499
340041	4870511
340042	4870531
340043	4870559
340044	4870583
340045	4870589
340046	4870597
340047	4870609
340048	4870651
340049	4870681
340050	4870693
340051	4870709
340052	4870729
340053	4870763
340054	4870771
340055	4870777
340056	4870799
340057	4870819
340058	4870837
340059	4870843
340060	4870861
340061	4870867
340062	4870907
340063	4870919
340064	4870933
340065	4870949
340066	4870969
340067	4870979
340068	4870991
340069	4871017
340070	4871029
340071	4871057
340072	4871063
340073	4871077
340074	4871081
340075	4871089
340076	4871093
340077	4871107
340078	4871137
340079	4871143
340080	4871149
340081	4871173
340082	4871183
340083	4871203
340084	4871213
340085	4871227
340086	4871233
340087	4871261
340088	4871267
340089	4871281
340090	4871291
340091	4871297
340092	4871303
340093	4871311
340094	4871323
340095	4871329
340096	4871351
340097	4871359
340098	4871393
340099	4871407
340100	4871413
340101	4871431
340102	4871441
340103	4871443
340104	4871459
340105	4871473
340106	4871479
340107	4871491
340108	4871527
340109	4871567
340110	4871569
340111	4871609
340112	4871617
340113	4871641
340114	4871663
340115	4871687
340116	4871701
340117	4871717
340118	4871723
340119	4871747
340120	4871773
340121	4871819
340122	4871821
340123	4871831
340124	4871833
340125	4871849
340126	4871861
340127	4871863
340128	4871869
340129	4871873
340130	4871897
340131	4871903
340132	4871921
340133	4871927
340134	4871939
340135	4871941
340136	4871953
340137	4871957
340138	4871959
340139	4871963
340140	4871969
340141	4871981
340142	4871983
340143	4872001
340144	4872041
340145	4872059
340146	4872083
340147	4872097
340148	4872103
340149	4872107
340150	4872121
340151	4872157
340152	4872163
340153	4872169
340154	4872187
340155	4872223
340156	4872229
340157	4872269
340158	4872277
340159	4872281
340160	4872289
340161	4872293
340162	4872311
340163	4872313
340164	4872323
340165	4872331
340166	4872337
340167	4872391
340168	4872403
340169	4872431
340170	4872451
340171	4872467
340172	4872473
340173	4872479
340174	4872503
340175	4872509
340176	4872521
340177	4872529
340178	4872533
340179	4872541
340180	4872547
340181	4872577
340182	4872583
340183	4872587
340184	4872589
340185	4872599
340186	4872613
340187	4872617
340188	4872629
340189	4872643
340190	4872649
340191	4872691
340192	4872719
340193	4872733
340194	4872739
340195	4872743
340196	4872781
340197	4872793
340198	4872817
340199	4872853
340200	4872871
340201	4872877
340202	4872919
340203	4872929
340204	4872961
340205	4873019
340206	4873027
340207	4873031
340208	4873039
340209	4873049
340210	4873051
340211	4873091
340212	4873103
340213	4873109
340214	4873129
340215	4873133
340216	4873151
340217	4873157
340218	4873163
340219	4873181
340220	4873199
340221	4873207
340222	4873243
340223	4873259
340224	4873279
340225	4873283
340226	4873303
340227	4873321
340228	4873327
340229	4873333
340230	4873391
340231	4873397
340232	4873399
340233	4873411
340234	4873433
340235	4873483
340236	4873507
340237	4873559
340238	4873573
340239	4873579
340240	4873591
340241	4873601
340242	4873607
340243	4873613
340244	4873619
340245	4873621
340246	4873639
340247	4873643
340248	4873657
340249	4873669
340250	4873697
340251	4873703
340252	4873753
340253	4873763
340254	4873777
340255	4873783
340256	4873801
340257	4873811
340258	4873819
340259	4873831
340260	4873859
340261	4873873
340262	4873901
340263	4873903
340264	4873993
340265	4873997
340266	4874003
340267	4874017
340268	4874021
340269	4874027
340270	4874033
340271	4874069
340272	4874081
340273	4874113
340274	4874119
340275	4874123
340276	4874131
340277	4874141
340278	4874173
340279	4874197
340280	4874201
340281	4874213
340282	4874231
340283	4874249
340284	4874267
340285	4874273
340286	4874293
340287	4874297
340288	4874339
340289	4874377
340290	4874381
340291	4874399
340292	4874411
340293	4874447
340294	4874453
340295	4874473
340296	4874489
340297	4874501
340298	4874503
340299	4874543
340300	4874561
340301	4874567
340302	4874579
340303	4874587
340304	4874603
340305	4874633
340306	4874651
340307	4874663
340308	4874669
340309	4874687
340310	4874717
340311	4874743
340312	4874747
340313	4874791
340314	4874803
340315	4874851
340316	4874879
340317	4874899
340318	4874911
340319	4874939
340320	4874959
340321	4874977
340322	4874983
340323	4874999
340324	4875037
340325	4875049
340326	4875061
340327	4875067
340328	4875071
340329	4875097
340330	4875109
340331	4875113
340332	4875119
340333	4875127
340334	4875133
340335	4875137
340336	4875151
340337	4875163
340338	4875179
340339	4875193
340340	4875197
340341	4875203
340342	4875217
340343	4875223
340344	4875251
340345	4875253
340346	4875257
340347	4875259
340348	4875271
340349	4875281
340350	4875289
340351	4875293
340352	4875319
340353	4875323
340354	4875329
340355	4875341
340356	4875359
340357	4875397
340358	4875407
340359	4875439
340360	4875487
340361	4875491
340362	4875529
340363	4875551
340364	4875581
340365	4875613
340366	4875623
340367	4875653
340368	4875667
340369	4875677
340370	4875707
340371	4875713
340372	4875721
340373	4875751
340374	4875763
340375	4875779
340376	4875797
340377	4875803
340378	4875809
340379	4875817
340380	4875833
340381	4875847
340382	4875851
340383	4875859
340384	4875881
340385	4875887
340386	4875901
340387	4875907
340388	4875943
340389	4875979
340390	4876009
340391	4876019
340392	4876049
340393	4876051
340394	4876057
340395	4876073
340396	4876111
340397	4876129
340398	4876133
340399	4876189
340400	4876211
340401	4876219
340402	4876231
340403	4876271
340404	4876301
340405	4876307
340406	4876337
340407	4876357
340408	4876367
340409	4876397
340410	4876423
340411	4876427
340412	4876429
340413	4876441
340414	4876447
340415	4876451
340416	4876453
340417	4876511
340418	4876513
340419	4876607
340420	4876609
340421	4876631
340422	4876639
340423	4876643
340424	4876657
340425	4876681
340426	4876687
340427	4876691
340428	4876693
340429	4876709
340430	4876717
340431	4876721
340432	4876733
340433	4876747
340434	4876757
340435	4876783
340436	4876799
340437	4876829
340438	4876849
340439	4876867
340440	4876873
340441	4876877
340442	4876903
340443	4876913
340444	4876957
340445	4876961
340446	4876969
340447	4876973
340448	4876979
340449	4876981
340450	4877003
340451	4877009
340452	4877021
340453	4877027
340454	4877029
340455	4877051
340456	4877069
340457	4877071
340458	4877077
340459	4877083
340460	4877087
340461	4877099
340462	4877141
340463	4877161
340464	4877179
340465	4877183
340466	4877207
340467	4877209
340468	4877221
340469	4877227
340470	4877251
340471	4877263
340472	4877267
340473	4877287
340474	4877293
340475	4877297
340476	4877321
340477	4877339
340478	4877347
340479	4877387
340480	4877393
340481	4877429
340482	4877441
340483	4877459
340484	4877489
340485	4877497
340486	4877501
340487	4877503
340488	4877507
340489	4877513
340490	4877527
340491	4877557
340492	4877563
340493	4877573
340494	4877581
340495	4877617
340496	4877651
340497	4877659
340498	4877669
340499	4877701
340500	4877711
340501	4877723
340502	4877731
340503	4877773
340504	4877783
340505	4877843
340506	4877849
340507	4877857
340508	4877867
340509	4877869
340510	4877891
340511	4877897
340512	4877911
340513	4877941
340514	4877959
340515	4877981
340516	4878007
340517	4878011
340518	4878019
340519	4878073
340520	4878089
340521	4878091
340522	4878103
340523	4878113
340524	4878121
340525	4878149
340526	4878151
340527	4878163
340528	4878187
340529	4878217
340530	4878233
340531	4878239
340532	4878241
340533	4878257
340534	4878281
340535	4878283
340536	4878299
340537	4878301
340538	4878319
340539	4878361
340540	4878373
340541	4878397
340542	4878431
340543	4878443
340544	4878463
340545	4878469
340546	4878499
340547	4878509
340548	4878527
340549	4878529
340550	4878551
340551	4878581
340552	4878589
340553	4878593
340554	4878617
340555	4878661
340556	4878667
340557	4878673
340558	4878683
340559	4878697
340560	4878701
340561	4878721
340562	4878767
340563	4878791
340564	4878793
340565	4878799
340566	4878817
340567	4878821
340568	4878827
340569	4878851
340570	4878869
340571	4878871
340572	4878889
340573	4878893
340574	4878919
340575	4878941
340576	4878943
340577	4878977
340578	4879009
340579	4879033
340580	4879057
340581	4879087
340582	4879097
340583	4879103
340584	4879109
340585	4879111
340586	4879129
340587	4879157
340588	4879159
340589	4879177
340590	4879201
340591	4879223
340592	4879261
340593	4879267
340594	4879291
340595	4879313
340596	4879319
340597	4879331
340598	4879349
340599	4879363
340600	4879397
340601	4879421
340602	4879429
340603	4879471
340604	4879481
340605	4879489
340606	4879499
340607	4879507
340608	4879513
340609	4879517
340610	4879531
340611	4879541
340612	4879547
340613	4879549
340614	4879571
340615	4879583
340616	4879591
340617	4879607
340618	4879631
340619	4879639
340620	4879643
340621	4879669
340622	4879687
340623	4879709
340624	4879711
340625	4879729
340626	4879733
340627	4879739
340628	4879747
340629	4879753
340630	4879807
340631	4879813
340632	4879829
340633	4879837
340634	4879871
340635	4879879
340636	4879883
340637	4879913
340638	4879921
340639	4879937
340640	4879951
340641	4879957
340642	4879961
340643	4879993
340644	4879997
340645	4880011
340646	4880021
340647	4880059
340648	4880069
340649	4880087
340650	4880089
340651	4880101
340652	4880111
340653	4880119
340654	4880129
340655	4880147
340656	4880153
340657	4880159
340658	4880177
340659	4880179
340660	4880191
340661	4880201
340662	4880203
340663	4880221
340664	4880231
340665	4880251
340666	4880261
340667	4880279
340668	4880287
340669	4880311
340670	4880329
340671	4880333
340672	4880387
340673	4880401
340674	4880413
340675	4880417
340676	4880419
340677	4880431
340678	4880437
340679	4880441
340680	4880443
340681	4880453
340682	4880461
340683	4880489
340684	4880507
340685	4880521
340686	4880537
340687	4880573
340688	4880593
340689	4880639
340690	4880713
340691	4880723
340692	4880741
340693	4880747
340694	4880779
340695	4880789
340696	4880791
340697	4880797
340698	4880803
340699	4880839
340700	4880867
340701	4880879
340702	4880917
340703	4880923
340704	4880933
340705	4880947
340706	4880951
340707	4880957
340708	4880959
340709	4880963
340710	4880969
340711	4880971
340712	4880977
340713	4880987
340714	4881001
340715	4881007
340716	4881029
340717	4881049
340718	4881053
340719	4881061
340720	4881089
340721	4881101
340722	4881103
340723	4881109
340724	4881113
340725	4881127
340726	4881131
340727	4881133
340728	4881139
340729	4881169
340730	4881187
340731	4881199
340732	4881203
340733	4881211
340734	4881223
340735	4881277
340736	4881293
340737	4881301
340738	4881307
340739	4881341
340740	4881343
340741	4881379
340742	4881407
340743	4881413
340744	4881421
340745	4881427
340746	4881433
340747	4881469
340748	4881473
340749	4881491
340750	4881511
340751	4881517
340752	4881559
340753	4881563
340754	4881581
340755	4881587
340756	4881623
340757	4881629
340758	4881631
340759	4881641
340760	4881649
340761	4881659
340762	4881677
340763	4881683
340764	4881691
340765	4881707
340766	4881731
340767	4881733
340768	4881757
340769	4881763
340770	4881791
340771	4881809
340772	4881823
340773	4881827
340774	4881853
340775	4881859
340776	4881869
340777	4881871
340778	4881881
340779	4881901
340780	4881931
340781	4881949
340782	4881953
340783	4881959
340784	4881967
340785	4881979
340786	4881983
340787	4882019
340788	4882027
340789	4882057
340790	4882061
340791	4882093
340792	4882099
340793	4882103
340794	4882109
340795	4882127
340796	4882133
340797	4882147
340798	4882153
340799	4882211
340800	4882217
340801	4882271
340802	4882277
340803	4882289
340804	4882327
340805	4882331
340806	4882333
340807	4882351
340808	4882363
340809	4882369
340810	4882387
340811	4882393
340812	4882399
340813	4882421
340814	4882429
340815	4882433
340816	4882453
340817	4882489
340818	4882499
340819	4882523
340820	4882529
340821	4882541
340822	4882547
340823	4882571
340824	4882597
340825	4882609
340826	4882651
340827	4882667
340828	4882673
340829	4882681
340830	4882687
340831	4882697
340832	4882699
340833	4882711
340834	4882721
340835	4882727
340836	4882733
340837	4882771
340838	4882777
340839	4882789
340840	4882811
340841	4882819
340842	4882847
340843	4882861
340844	4882907
340845	4882919
340846	4882939
340847	4882957
340848	4882963
340849	4882979
340850	4882987
340851	4882993
340852	4883003
340853	4883033
340854	4883071
340855	4883083
340856	4883101
340857	4883119
340858	4883129
340859	4883147
340860	4883183
340861	4883191
340862	4883231
340863	4883237
340864	4883239
340865	4883269
340866	4883279
340867	4883293
340868	4883303
340869	4883311
340870	4883321
340871	4883327
340872	4883357
340873	4883363
340874	4883393
340875	4883401
340876	4883413
340877	4883423
340878	4883453
340879	4883503
340880	4883507
340881	4883509
340882	4883537
340883	4883569
340884	4883591
340885	4883597
340886	4883609
340887	4883611
340888	4883623
340889	4883651
340890	4883663
340891	4883677
340892	4883699
340893	4883719
340894	4883729
340895	4883759
340896	4883789
340897	4883839
340898	4883863
340899	4883881
340900	4883887
340901	4883899
340902	4883903
340903	4883917
340904	4883929
340905	4883939
340906	4883941
340907	4883953
340908	4883971
340909	4883987
340910	4883993
340911	4883999
340912	4884001
340913	4884029
340914	4884031
340915	4884041
340916	4884059
340917	4884097
340918	4884101
340919	4884127
340920	4884137
340921	4884149
340922	4884169
340923	4884179
340924	4884223
340925	4884227
340926	4884247
340927	4884263
340928	4884277
340929	4884281
340930	4884307
340931	4884323
340932	4884337
340933	4884343
340934	4884361
340935	4884377
340936	4884401
340937	4884419
340938	4884421
340939	4884431
340940	4884437
340941	4884449
340942	4884469
340943	4884479
340944	4884493
340945	4884497
340946	4884511
340947	4884521
340948	4884553
340949	4884563
340950	4884589
340951	4884601
340952	4884611
340953	4884613
340954	4884619
340955	4884631
340956	4884643
340957	4884683
340958	4884707
340959	4884721
340960	4884727
340961	4884739
340962	4884749
340963	4884773
340964	4884779
340965	4884791
340966	4884793
340967	4884811
340968	4884821
340969	4884827
340970	4884833
340971	4884857
340972	4884883
340973	4884889
340974	4884907
340975	4884911
340976	4884923
340977	4884937
340978	4884977
340979	4884983
340980	4884989
340981	4885007
340982	4885019
340983	4885031
340984	4885043
340985	4885051
340986	4885081
340987	4885091
340988	4885099
340989	4885117
340990	4885129
340991	4885201
340992	4885219
340993	4885247
340994	4885249
340995	4885277
340996	4885289
340997	4885301
340998	4885319
340999	4885333
341000	4885339
