341001	4885351
341002	4885357
341003	4885367
341004	4885373
341005	4885411
341006	4885423
341007	4885469
341008	4885481
341009	4885483
341010	4885493
341011	4885501
341012	4885523
341013	4885537
341014	4885541
341015	4885547
341016	4885549
341017	4885553
341018	4885567
341019	4885571
341020	4885577
341021	4885583
341022	4885607
341023	4885609
341024	4885619
341025	4885627
341026	4885633
341027	4885669
341028	4885687
341029	4885691
341030	4885753
341031	4885801
341032	4885807
341033	4885823
341034	4885843
341035	4885861
341036	4885883
341037	4885889
341038	4885897
341039	4885901
341040	4885943
341041	4885957
341042	4885973
341043	4885981
341044	4885999
341045	4886027
341046	4886029
341047	4886041
341048	4886053
341049	4886069
341050	4886081
341051	4886083
341052	4886087
341053	4886111
341054	4886117
341055	4886129
341056	4886131
341057	4886137
341058	4886159
341059	4886177
341060	4886197
341061	4886201
341062	4886207
341063	4886213
341064	4886227
341065	4886237
341066	4886263
341067	4886269
341068	4886303
341069	4886317
341070	4886333
341071	4886347
341072	4886393
341073	4886411
341074	4886443
341075	4886461
341076	4886473
341077	4886489
341078	4886491
341079	4886501
341080	4886513
341081	4886537
341082	4886551
341083	4886573
341084	4886593
341085	4886597
341086	4886617
341087	4886639
341088	4886641
341089	4886647
341090	4886663
341091	4886669
341092	4886677
341093	4886689
341094	4886699
341095	4886729
341096	4886737
341097	4886767
341098	4886789
341099	4886807
341100	4886863
341101	4886867
341102	4886881
341103	4886891
341104	4886897
341105	4886899
341106	4886929
341107	4886941
341108	4886951
341109	4886963
341110	4886969
341111	4886977
341112	4886983
341113	4886989
341114	4887023
341115	4887031
341116	4887037
341117	4887049
341118	4887053
341119	4887073
341120	4887139
341121	4887149
341122	4887163
341123	4887173
341124	4887187
341125	4887193
341126	4887209
341127	4887227
341128	4887269
341129	4887287
341130	4887299
341131	4887301
341132	4887317
341133	4887331
341134	4887343
341135	4887353
341136	4887371
341137	4887391
341138	4887397
341139	4887401
341140	4887409
341141	4887437
341142	4887481
341143	4887529
341144	4887559
341145	4887563
341146	4887581
341147	4887587
341148	4887593
341149	4887599
341150	4887601
341151	4887611
341152	4887629
341153	4887637
341154	4887643
341155	4887667
341156	4887683
341157	4887697
341158	4887703
341159	4887709
341160	4887763
341161	4887781
341162	4887793
341163	4887829
341164	4887833
341165	4887847
341166	4887871
341167	4887893
341168	4887899
341169	4887901
341170	4887907
341171	4887913
341172	4887917
341173	4887919
341174	4887929
341175	4887941
341176	4887943
341177	4887947
341178	4887977
341179	4887989
341180	4888043
341181	4888063
341182	4888067
341183	4888069
341184	4888087
341185	4888109
341186	4888123
341187	4888127
341188	4888139
341189	4888157
341190	4888199
341191	4888217
341192	4888223
341193	4888241
341194	4888249
341195	4888271
341196	4888309
341197	4888313
341198	4888319
341199	4888321
341200	4888337
341201	4888343
341202	4888363
341203	4888379
341204	4888391
341205	4888399
341206	4888409
341207	4888427
341208	4888447
341209	4888487
341210	4888511
341211	4888519
341212	4888523
341213	4888531
341214	4888547
341215	4888549
341216	4888577
341217	4888579
341218	4888589
341219	4888619
341220	4888621
341221	4888633
341222	4888649
341223	4888651
341224	4888661
341225	4888679
341226	4888687
341227	4888691
341228	4888693
341229	4888711
341230	4888739
341231	4888753
341232	4888813
341233	4888831
341234	4888837
341235	4888841
341236	4888861
341237	4888867
341238	4888889
341239	4888901
341240	4888913
341241	4888931
341242	4888943
341243	4888951
341244	4888957
341245	4888969
341246	4888973
341247	4888981
341248	4888997
341249	4888999
341250	4889033
341251	4889063
341252	4889077
341253	4889083
341254	4889113
341255	4889147
341256	4889173
341257	4889207
341258	4889219
341259	4889233
341260	4889237
341261	4889239
341262	4889243
341263	4889249
341264	4889257
341265	4889263
341266	4889267
341267	4889279
341268	4889293
341269	4889299
341270	4889347
341271	4889359
341272	4889369
341273	4889377
341274	4889383
341275	4889399
341276	4889407
341277	4889411
341278	4889419
341279	4889431
341280	4889453
341281	4889461
341282	4889471
341283	4889477
341284	4889483
341285	4889491
341286	4889497
341287	4889509
341288	4889539
341289	4889543
341290	4889561
341291	4889567
341292	4889609
341293	4889611
341294	4889641
341295	4889671
341296	4889711
341297	4889741
341298	4889747
341299	4889771
341300	4889789
341301	4889803
341302	4889813
341303	4889851
341304	4889879
341305	4889891
341306	4889921
341307	4889923
341308	4889933
341309	4889953
341310	4889977
341311	4889981
341312	4889987
341313	4889993
341314	4890001
341315	4890013
341316	4890019
341317	4890023
341318	4890037
341319	4890043
341320	4890047
341321	4890091
341322	4890103
341323	4890113
341324	4890133
341325	4890139
341326	4890143
341327	4890161
341328	4890199
341329	4890211
341330	4890217
341331	4890227
341332	4890229
341333	4890247
341334	4890251
341335	4890269
341336	4890289
341337	4890293
341338	4890307
341339	4890311
341340	4890323
341341	4890331
341342	4890341
341343	4890367
341344	4890371
341345	4890383
341346	4890419
341347	4890481
341348	4890493
341349	4890497
341350	4890499
341351	4890511
341352	4890517
341353	4890533
341354	4890539
341355	4890541
341356	4890547
341357	4890563
341358	4890593
341359	4890617
341360	4890629
341361	4890631
341362	4890637
341363	4890659
341364	4890661
341365	4890667
341366	4890671
341367	4890701
341368	4890703
341369	4890709
341370	4890731
341371	4890751
341372	4890761
341373	4890779
341374	4890791
341375	4890793
341376	4890803
341377	4890827
341378	4890833
341379	4890841
341380	4890857
341381	4890859
341382	4890869
341383	4890871
341384	4890887
341385	4890889
341386	4890911
341387	4890913
341388	4890943
341389	4890971
341390	4890983
341391	4891001
341392	4891027
341393	4891039
341394	4891043
341395	4891057
341396	4891063
341397	4891079
341398	4891091
341399	4891093
341400	4891099
341401	4891129
341402	4891153
341403	4891171
341404	4891193
341405	4891213
341406	4891217
341407	4891241
341408	4891247
341409	4891253
341410	4891283
341411	4891297
341412	4891307
341413	4891331
341414	4891333
341415	4891339
341416	4891349
341417	4891361
341418	4891399
341419	4891429
341420	4891457
341421	4891463
341422	4891477
341423	4891483
341424	4891489
341425	4891499
341426	4891501
341427	4891507
341428	4891519
341429	4891547
341430	4891559
341431	4891567
341432	4891591
341433	4891639
341434	4891643
341435	4891661
341436	4891681
341437	4891703
341438	4891717
341439	4891727
341440	4891729
341441	4891763
341442	4891781
341443	4891787
341444	4891823
341445	4891841
341446	4891853
341447	4891879
341448	4891889
341449	4891897
341450	4891927
341451	4891961
341452	4891969
341453	4891973
341454	4891979
341455	4891993
341456	4892003
341457	4892009
341458	4892011
341459	4892021
341460	4892047
341461	4892051
341462	4892057
341463	4892071
341464	4892087
341465	4892099
341466	4892149
341467	4892159
341468	4892189
341469	4892197
341470	4892201
341471	4892207
341472	4892257
341473	4892287
341474	4892297
341475	4892309
341476	4892323
341477	4892351
341478	4892359
341479	4892369
341480	4892401
341481	4892429
341482	4892449
341483	4892471
341484	4892479
341485	4892501
341486	4892507
341487	4892527
341488	4892543
341489	4892579
341490	4892581
341491	4892609
341492	4892639
341493	4892647
341494	4892687
341495	4892689
341496	4892717
341497	4892729
341498	4892731
341499	4892737
341500	4892773
341501	4892791
341502	4892819
341503	4892827
341504	4892837
341505	4892857
341506	4892873
341507	4892887
341508	4892891
341509	4892893
341510	4892897
341511	4892941
341512	4892977
341513	4892983
341514	4892999
341515	4893001
341516	4893019
341517	4893037
341518	4893041
341519	4893067
341520	4893073
341521	4893079
341522	4893101
341523	4893103
341524	4893113
341525	4893137
341526	4893151
341527	4893157
341528	4893167
341529	4893169
341530	4893179
341531	4893191
341532	4893193
341533	4893197
341534	4893209
341535	4893247
341536	4893253
341537	4893277
341538	4893281
341539	4893293
341540	4893299
341541	4893307
341542	4893313
341543	4893341
341544	4893367
341545	4893377
341546	4893389
341547	4893397
341548	4893419
341549	4893451
341550	4893461
341551	4893463
341552	4893491
341553	4893517
341554	4893521
341555	4893523
341556	4893527
341557	4893541
341558	4893563
341559	4893571
341560	4893589
341561	4893599
341562	4893617
341563	4893619
341564	4893631
341565	4893643
341566	4893667
341567	4893673
341568	4893683
341569	4893689
341570	4893703
341571	4893709
341572	4893727
341573	4893737
341574	4893743
341575	4893751
341576	4893761
341577	4893809
341578	4893827
341579	4893829
341580	4893851
341581	4893853
341582	4893857
341583	4893869
341584	4893899
341585	4893907
341586	4893913
341587	4893923
341588	4893937
341589	4893947
341590	4893949
341591	4893961
341592	4893983
341593	4894031
341594	4894037
341595	4894049
341596	4894081
341597	4894093
341598	4894103
341599	4894111
341600	4894117
341601	4894121
341602	4894151
341603	4894171
341604	4894189
341605	4894231
341606	4894259
341607	4894271
341608	4894277
341609	4894289
341610	4894297
341611	4894319
341612	4894321
341613	4894349
341614	4894361
341615	4894367
341616	4894387
341617	4894403
341618	4894441
341619	4894447
341620	4894451
341621	4894459
341622	4894489
341623	4894493
341624	4894499
341625	4894511
341626	4894517
341627	4894529
341628	4894541
341629	4894543
341630	4894573
341631	4894583
341632	4894597
341633	4894601
341634	4894633
341635	4894639
341636	4894651
341637	4894697
341638	4894711
341639	4894753
341640	4894777
341641	4894781
341642	4894843
341643	4894847
341644	4894849
341645	4894853
341646	4894871
341647	4894889
341648	4894933
341649	4894943
341650	4894957
341651	4894969
341652	4894973
341653	4894979
341654	4894987
341655	4894999
341656	4895017
341657	4895029
341658	4895039
341659	4895041
341660	4895057
341661	4895069
341662	4895071
341663	4895119
341664	4895131
341665	4895153
341666	4895173
341667	4895197
341668	4895207
341669	4895213
341670	4895243
341671	4895263
341672	4895279
341673	4895291
341674	4895309
341675	4895323
341676	4895327
341677	4895329
341678	4895347
341679	4895351
341680	4895377
341681	4895399
341682	4895419
341683	4895459
341684	4895467
341685	4895477
341686	4895479
341687	4895491
341688	4895497
341689	4895503
341690	4895533
341691	4895537
341692	4895549
341693	4895587
341694	4895591
341695	4895603
341696	4895621
341697	4895629
341698	4895641
341699	4895651
341700	4895659
341701	4895701
341702	4895713
341703	4895741
341704	4895743
341705	4895753
341706	4895767
341707	4895771
341708	4895777
341709	4895783
341710	4895789
341711	4895797
341712	4895819
341713	4895827
341714	4895843
341715	4895857
341716	4895887
341717	4895893
341718	4895897
341719	4895909
341720	4895959
341721	4895963
341722	4895993
341723	4896011
341724	4896013
341725	4896019
341726	4896049
341727	4896061
341728	4896077
341729	4896083
341730	4896103
341731	4896113
341732	4896127
341733	4896137
341734	4896149
341735	4896161
341736	4896169
341737	4896181
341738	4896191
341739	4896209
341740	4896211
341741	4896239
341742	4896277
341743	4896313
341744	4896317
341745	4896337
341746	4896349
341747	4896361
341748	4896377
341749	4896383
341750	4896421
341751	4896431
341752	4896439
341753	4896443
341754	4896449
341755	4896457
341756	4896461
341757	4896487
341758	4896491
341759	4896497
341760	4896503
341761	4896523
341762	4896533
341763	4896557
341764	4896559
341765	4896569
341766	4896571
341767	4896583
341768	4896613
341769	4896637
341770	4896643
341771	4896659
341772	4896701
341773	4896709
341774	4896713
341775	4896719
341776	4896721
341777	4896733
341778	4896757
341779	4896761
341780	4896781
341781	4896803
341782	4896809
341783	4896811
341784	4896821
341785	4896863
341786	4896887
341787	4896923
341788	4896943
341789	4896949
341790	4896971
341791	4896979
341792	4897001
341793	4897007
341794	4897021
341795	4897031
341796	4897051
341797	4897103
341798	4897153
341799	4897157
341800	4897171
341801	4897181
341802	4897199
341803	4897213
341804	4897219
341805	4897237
341806	4897267
341807	4897273
341808	4897279
341809	4897297
341810	4897331
341811	4897337
341812	4897363
341813	4897379
341814	4897381
341815	4897391
341816	4897397
341817	4897423
341818	4897439
341819	4897441
341820	4897463
341821	4897469
341822	4897471
341823	4897483
341824	4897489
341825	4897523
341826	4897553
341827	4897559
341828	4897561
341829	4897567
341830	4897577
341831	4897583
341832	4897601
341833	4897603
341834	4897631
341835	4897639
341836	4897681
341837	4897693
341838	4897703
341839	4897709
341840	4897741
341841	4897757
341842	4897769
341843	4897771
341844	4897777
341845	4897787
341846	4897811
341847	4897831
341848	4897847
341849	4897859
341850	4897861
341851	4897891
341852	4897903
341853	4897909
341854	4897927
341855	4897931
341856	4897933
341857	4897951
341858	4897973
341859	4897993
341860	4898017
341861	4898021
341862	4898027
341863	4898039
341864	4898051
341865	4898053
341866	4898059
341867	4898083
341868	4898099
341869	4898119
341870	4898123
341871	4898183
341872	4898203
341873	4898213
341874	4898233
341875	4898249
341876	4898269
341877	4898273
341878	4898291
341879	4898297
341880	4898317
341881	4898323
341882	4898339
341883	4898381
341884	4898389
341885	4898417
341886	4898429
341887	4898441
341888	4898449
341889	4898459
341890	4898461
341891	4898473
341892	4898479
341893	4898497
341894	4898507
341895	4898549
341896	4898573
341897	4898587
341898	4898623
341899	4898627
341900	4898629
341901	4898633
341902	4898653
341903	4898657
341904	4898659
341905	4898687
341906	4898723
341907	4898741
341908	4898753
341909	4898797
341910	4898809
341911	4898813
341912	4898819
341913	4898821
341914	4898833
341915	4898851
341916	4898863
341917	4898917
341918	4898923
341919	4898939
341920	4898981
341921	4899001
341922	4899019
341923	4899029
341924	4899031
341925	4899053
341926	4899061
341927	4899067
341928	4899073
341929	4899079
341930	4899091
341931	4899101
341932	4899113
341933	4899121
341934	4899143
341935	4899149
341936	4899151
341937	4899157
341938	4899197
341939	4899199
341940	4899203
341941	4899211
341942	4899217
341943	4899229
341944	4899263
341945	4899277
341946	4899311
341947	4899317
341948	4899329
341949	4899331
341950	4899353
341951	4899371
341952	4899379
341953	4899403
341954	4899431
341955	4899439
341956	4899443
341957	4899467
341958	4899481
341959	4899493
341960	4899523
341961	4899527
341962	4899547
341963	4899551
341964	4899563
341965	4899569
341966	4899571
341967	4899593
341968	4899599
341969	4899619
341970	4899641
341971	4899647
341972	4899673
341973	4899677
341974	4899683
341975	4899733
341976	4899737
341977	4899803
341978	4899809
341979	4899821
341980	4899823
341981	4899841
341982	4899847
341983	4899857
341984	4899863
341985	4899871
341986	4899883
341987	4899887
341988	4899907
341989	4899931
341990	4899941
341991	4899971
341992	4899997
341993	4900001
341994	4900003
341995	4900031
341996	4900037
341997	4900057
341998	4900067
341999	4900087
342000	4900099
