342001	4900109
342002	4900111
342003	4900117
342004	4900121
342005	4900123
342006	4900153
342007	4900177
342008	4900183
342009	4900187
342010	4900193
342011	4900211
342012	4900241
342013	4900277
342014	4900289
342015	4900297
342016	4900307
342017	4900319
342018	4900321
342019	4900331
342020	4900339
342021	4900351
342022	4900367
342023	4900381
342024	4900393
342025	4900397
342026	4900421
342027	4900439
342028	4900451
342029	4900453
342030	4900457
342031	4900459
342032	4900477
342033	4900501
342034	4900513
342035	4900517
342036	4900523
342037	4900529
342038	4900543
342039	4900547
342040	4900559
342041	4900589
342042	4900591
342043	4900601
342044	4900603
342045	4900619
342046	4900631
342047	4900639
342048	4900657
342049	4900663
342050	4900669
342051	4900673
342052	4900741
342053	4900747
342054	4900757
342055	4900783
342056	4900789
342057	4900793
342058	4900799
342059	4900877
342060	4900927
342061	4900933
342062	4900939
342063	4900943
342064	4900957
342065	4900979
342066	4900997
342067	4900999
342068	4901009
342069	4901021
342070	4901023
342071	4901051
342072	4901053
342073	4901063
342074	4901077
342075	4901089
342076	4901101
342077	4901111
342078	4901129
342079	4901153
342080	4901159
342081	4901177
342082	4901179
342083	4901191
342084	4901209
342085	4901213
342086	4901243
342087	4901249
342088	4901257
342089	4901291
342090	4901327
342091	4901329
342092	4901333
342093	4901339
342094	4901357
342095	4901359
342096	4901371
342097	4901381
342098	4901401
342099	4901417
342100	4901419
342101	4901431
342102	4901437
342103	4901443
342104	4901453
342105	4901471
342106	4901473
342107	4901513
342108	4901521
342109	4901537
342110	4901539
342111	4901549
342112	4901579
342113	4901581
342114	4901623
342115	4901647
342116	4901657
342117	4901681
342118	4901683
342119	4901693
342120	4901707
342121	4901711
342122	4901717
342123	4901719
342124	4901749
342125	4901773
342126	4901801
342127	4901803
342128	4901807
342129	4901849
342130	4901851
342131	4901857
342132	4901879
342133	4901887
342134	4901903
342135	4901909
342136	4901947
342137	4901969
342138	4901971
342139	4901989
342140	4902049
342141	4902077
342142	4902097
342143	4902101
342144	4902127
342145	4902173
342146	4902193
342147	4902199
342148	4902211
342149	4902217
342150	4902253
342151	4902257
342152	4902259
342153	4902263
342154	4902269
342155	4902299
342156	4902349
342157	4902353
342158	4902367
342159	4902379
342160	4902383
342161	4902431
342162	4902451
342163	4902467
342164	4902497
342165	4902529
342166	4902533
342167	4902539
342168	4902563
342169	4902571
342170	4902577
342171	4902587
342172	4902593
342173	4902643
342174	4902649
342175	4902691
342176	4902701
342177	4902713
342178	4902721
342179	4902757
342180	4902767
342181	4902773
342182	4902787
342183	4902791
342184	4902797
342185	4902803
342186	4902811
342187	4902823
342188	4902829
342189	4902839
342190	4902853
342191	4902857
342192	4902869
342193	4902901
342194	4902913
342195	4902917
342196	4902923
342197	4902941
342198	4902949
342199	4902967
342200	4902971
342201	4903043
342202	4903049
342203	4903051
342204	4903069
342205	4903079
342206	4903081
342207	4903111
342208	4903187
342209	4903193
342210	4903201
342211	4903207
342212	4903219
342213	4903237
342214	4903243
342215	4903289
342216	4903319
342217	4903357
342218	4903373
342219	4903397
342220	4903399
342221	4903403
342222	4903411
342223	4903417
342224	4903421
342225	4903433
342226	4903453
342227	4903513
342228	4903519
342229	4903553
342230	4903571
342231	4903579
342232	4903589
342233	4903631
342234	4903637
342235	4903643
342236	4903681
342237	4903693
342238	4903733
342239	4903741
342240	4903753
342241	4903777
342242	4903783
342243	4903819
342244	4903823
342245	4903841
342246	4903867
342247	4903879
342248	4903901
342249	4903907
342250	4903909
342251	4903949
342252	4903961
342253	4903963
342254	4903979
342255	4903981
342256	4903999
342257	4904023
342258	4904047
342259	4904057
342260	4904077
342261	4904089
342262	4904099
342263	4904101
342264	4904111
342265	4904113
342266	4904197
342267	4904201
342268	4904203
342269	4904227
342270	4904233
342271	4904269
342272	4904303
342273	4904311
342274	4904321
342275	4904327
342276	4904351
342277	4904353
342278	4904357
342279	4904363
342280	4904369
342281	4904401
342282	4904407
342283	4904437
342284	4904441
342285	4904443
342286	4904477
342287	4904491
342288	4904531
342289	4904561
342290	4904563
342291	4904569
342292	4904573
342293	4904587
342294	4904593
342295	4904597
342296	4904629
342297	4904657
342298	4904659
342299	4904663
342300	4904699
342301	4904759
342302	4904777
342303	4904803
342304	4904807
342305	4904813
342306	4904821
342307	4904843
342308	4904849
342309	4904899
342310	4904903
342311	4904923
342312	4904927
342313	4904969
342314	4904971
342315	4904989
342316	4905001
342317	4905007
342318	4905029
342319	4905067
342320	4905079
342321	4905101
342322	4905143
342323	4905149
342324	4905157
342325	4905179
342326	4905181
342327	4905209
342328	4905221
342329	4905227
342330	4905253
342331	4905259
342332	4905269
342333	4905283
342334	4905289
342335	4905301
342336	4905317
342337	4905337
342338	4905353
342339	4905377
342340	4905389
342341	4905391
342342	4905421
342343	4905427
342344	4905431
342345	4905473
342346	4905479
342347	4905487
342348	4905491
342349	4905493
342350	4905529
342351	4905541
342352	4905547
342353	4905577
342354	4905587
342355	4905617
342356	4905619
342357	4905623
342358	4905653
342359	4905661
342360	4905701
342361	4905713
342362	4905721
342363	4905731
342364	4905799
342365	4905829
342366	4905863
342367	4905869
342368	4905899
342369	4905917
342370	4905931
342371	4905949
342372	4905973
342373	4905977
342374	4905983
342375	4905991
342376	4906003
342377	4906007
342378	4906021
342379	4906039
342380	4906063
342381	4906067
342382	4906079
342383	4906087
342384	4906103
342385	4906127
342386	4906129
342387	4906147
342388	4906159
342389	4906177
342390	4906193
342391	4906207
342392	4906229
342393	4906241
342394	4906243
342395	4906247
342396	4906259
342397	4906261
342398	4906267
342399	4906273
342400	4906301
342401	4906309
342402	4906327
342403	4906331
342404	4906333
342405	4906361
342406	4906373
342407	4906393
342408	4906399
342409	4906439
342410	4906469
342411	4906483
342412	4906493
342413	4906507
342414	4906513
342415	4906543
342416	4906547
342417	4906589
342418	4906609
342419	4906619
342420	4906621
342421	4906631
342422	4906633
342423	4906637
342424	4906651
342425	4906661
342426	4906663
342427	4906673
342428	4906691
342429	4906709
342430	4906717
342431	4906723
342432	4906763
342433	4906787
342434	4906801
342435	4906819
342436	4906823
342437	4906849
342438	4906861
342439	4906873
342440	4906907
342441	4906919
342442	4906933
342443	4906943
342444	4906949
342445	4906963
342446	4906969
342447	4906973
342448	4906991
342449	4907009
342450	4907011
342451	4907029
342452	4907039
342453	4907041
342454	4907081
342455	4907087
342456	4907093
342457	4907099
342458	4907107
342459	4907113
342460	4907131
342461	4907143
342462	4907159
342463	4907173
342464	4907183
342465	4907191
342466	4907219
342467	4907233
342468	4907239
342469	4907261
342470	4907291
342471	4907297
342472	4907333
342473	4907359
342474	4907369
342475	4907381
342476	4907417
342477	4907423
342478	4907431
342479	4907437
342480	4907447
342481	4907459
342482	4907473
342483	4907501
342484	4907519
342485	4907531
342486	4907537
342487	4907563
342488	4907587
342489	4907593
342490	4907603
342491	4907627
342492	4907647
342493	4907657
342494	4907677
342495	4907687
342496	4907711
342497	4907729
342498	4907743
342499	4907753
342500	4907761
342501	4907789
342502	4907801
342503	4907807
342504	4907813
342505	4907821
342506	4907831
342507	4907857
342508	4907867
342509	4907869
342510	4907897
342511	4907921
342512	4907923
342513	4907933
342514	4907941
342515	4907957
342516	4907971
342517	4908011
342518	4908031
342519	4908037
342520	4908041
342521	4908049
342522	4908067
342523	4908073
342524	4908077
342525	4908089
342526	4908091
342527	4908097
342528	4908107
342529	4908109
342530	4908133
342531	4908139
342532	4908143
342533	4908179
342534	4908181
342535	4908187
342536	4908193
342537	4908217
342538	4908247
342539	4908311
342540	4908317
342541	4908329
342542	4908331
342543	4908347
342544	4908373
342545	4908377
342546	4908389
342547	4908391
342548	4908413
342549	4908433
342550	4908437
342551	4908451
342552	4908467
342553	4908469
342554	4908481
342555	4908503
342556	4908521
342557	4908551
342558	4908559
342559	4908577
342560	4908581
342561	4908583
342562	4908619
342563	4908647
342564	4908653
342565	4908661
342566	4908667
342567	4908691
342568	4908697
342569	4908713
342570	4908719
342571	4908737
342572	4908749
342573	4908769
342574	4908773
342575	4908793
342576	4908803
342577	4908811
342578	4908817
342579	4908829
342580	4908857
342581	4908863
342582	4908907
342583	4908941
342584	4908947
342585	4908949
342586	4908961
342587	4908979
342588	4908991
342589	4908997
342590	4909007
342591	4909013
342592	4909027
342593	4909057
342594	4909109
342595	4909117
342596	4909147
342597	4909159
342598	4909169
342599	4909183
342600	4909193
342601	4909199
342602	4909241
342603	4909249
342604	4909259
342605	4909279
342606	4909283
342607	4909301
342608	4909319
342609	4909321
342610	4909343
342611	4909349
342612	4909357
342613	4909361
342614	4909393
342615	4909403
342616	4909409
342617	4909427
342618	4909441
342619	4909451
342620	4909477
342621	4909483
342622	4909523
342623	4909537
342624	4909577
342625	4909601
342626	4909609
342627	4909637
342628	4909643
342629	4909679
342630	4909717
342631	4909739
342632	4909747
342633	4909763
342634	4909781
342635	4909823
342636	4909837
342637	4909841
342638	4909843
342639	4909859
342640	4909871
342641	4909939
342642	4909969
342643	4909981
342644	4910027
342645	4910033
342646	4910047
342647	4910069
342648	4910071
342649	4910089
342650	4910099
342651	4910107
342652	4910117
342653	4910131
342654	4910141
342655	4910173
342656	4910177
342657	4910179
342658	4910203
342659	4910207
342660	4910221
342661	4910239
342662	4910287
342663	4910327
342664	4910329
342665	4910351
342666	4910357
342667	4910359
342668	4910371
342669	4910377
342670	4910407
342671	4910413
342672	4910429
342673	4910441
342674	4910449
342675	4910461
342676	4910509
342677	4910537
342678	4910539
342679	4910567
342680	4910579
342681	4910597
342682	4910621
342683	4910639
342684	4910651
342685	4910663
342686	4910669
342687	4910681
342688	4910687
342689	4910699
342690	4910749
342691	4910767
342692	4910813
342693	4910833
342694	4910837
342695	4910887
342696	4910897
342697	4910921
342698	4910953
342699	4910957
342700	4910959
342701	4910981
342702	4911017
342703	4911019
342704	4911031
342705	4911043
342706	4911061
342707	4911083
342708	4911089
342709	4911097
342710	4911107
342711	4911119
342712	4911131
342713	4911149
342714	4911157
342715	4911161
342716	4911163
342717	4911169
342718	4911191
342719	4911197
342720	4911199
342721	4911229
342722	4911233
342723	4911241
342724	4911251
342725	4911311
342726	4911371
342727	4911373
342728	4911383
342729	4911391
342730	4911409
342731	4911427
342732	4911433
342733	4911451
342734	4911463
342735	4911497
342736	4911499
342737	4911523
342738	4911539
342739	4911551
342740	4911593
342741	4911601
342742	4911607
342743	4911617
342744	4911619
342745	4911629
342746	4911653
342747	4911661
342748	4911707
342749	4911721
342750	4911727
342751	4911737
342752	4911743
342753	4911749
342754	4911757
342755	4911763
342756	4911769
342757	4911773
342758	4911791
342759	4911799
342760	4911839
342761	4911853
342762	4911859
342763	4911871
342764	4911883
342765	4911887
342766	4911901
342767	4911931
342768	4911941
342769	4911943
342770	4911961
342771	4912007
342772	4912027
342773	4912057
342774	4912067
342775	4912069
342776	4912073
342777	4912079
342778	4912091
342779	4912151
342780	4912207
342781	4912213
342782	4912247
342783	4912249
342784	4912253
342785	4912267
342786	4912283
342787	4912301
342788	4912309
342789	4912343
342790	4912351
342791	4912357
342792	4912361
342793	4912367
342794	4912403
342795	4912421
342796	4912423
342797	4912433
342798	4912441
342799	4912447
342800	4912459
342801	4912471
342802	4912489
342803	4912493
342804	4912511
342805	4912529
342806	4912543
342807	4912553
342808	4912559
342809	4912591
342810	4912613
342811	4912627
342812	4912667
342813	4912669
342814	4912673
342815	4912693
342816	4912709
342817	4912717
342818	4912727
342819	4912751
342820	4912763
342821	4912771
342822	4912781
342823	4912807
342824	4912837
342825	4912841
342826	4912891
342827	4912903
342828	4912937
342829	4912939
342830	4912951
342831	4912967
342832	4912981
342833	4912991
342834	4913009
342835	4913011
342836	4913021
342837	4913063
342838	4913081
342839	4913101
342840	4913113
342841	4913131
342842	4913143
342843	4913189
342844	4913197
342845	4913257
342846	4913261
342847	4913263
342848	4913269
342849	4913273
342850	4913281
342851	4913287
342852	4913303
342853	4913339
342854	4913369
342855	4913387
342856	4913401
342857	4913443
342858	4913449
342859	4913473
342860	4913477
342861	4913479
342862	4913497
342863	4913537
342864	4913539
342865	4913543
342866	4913569
342867	4913581
342868	4913591
342869	4913599
342870	4913603
342871	4913617
342872	4913621
342873	4913627
342874	4913639
342875	4913677
342876	4913681
342877	4913693
342878	4913707
342879	4913747
342880	4913767
342881	4913773
342882	4913791
342883	4913801
342884	4913813
342885	4913861
342886	4913873
342887	4913917
342888	4913921
342889	4913929
342890	4913939
342891	4913947
342892	4913959
342893	4913971
342894	4913999
342895	4914029
342896	4914059
342897	4914101
342898	4914109
342899	4914127
342900	4914131
342901	4914167
342902	4914187
342903	4914197
342904	4914209
342905	4914211
342906	4914223
342907	4914227
342908	4914263
342909	4914271
342910	4914277
342911	4914281
342912	4914289
342913	4914307
342914	4914373
342915	4914379
342916	4914389
342917	4914391
342918	4914397
342919	4914431
342920	4914443
342921	4914457
342922	4914473
342923	4914487
342924	4914499
342925	4914509
342926	4914527
342927	4914529
342928	4914541
342929	4914551
342930	4914563
342931	4914577
342932	4914583
342933	4914589
342934	4914607
342935	4914619
342936	4914653
342937	4914661
342938	4914667
342939	4914671
342940	4914677
342941	4914719
342942	4914731
342943	4914737
342944	4914739
342945	4914769
342946	4914781
342947	4914797
342948	4914799
342949	4914809
342950	4914817
342951	4914829
342952	4914841
342953	4914869
342954	4914881
342955	4914883
342956	4914907
342957	4914911
342958	4914913
342959	4914937
342960	4914941
342961	4914947
342962	4914961
342963	4914991
342964	4914997
342965	4915013
342966	4915037
342967	4915049
342968	4915051
342969	4915067
342970	4915093
342971	4915109
342972	4915111
342973	4915133
342974	4915139
342975	4915147
342976	4915151
342977	4915153
342978	4915171
342979	4915217
342980	4915219
342981	4915223
342982	4915241
342983	4915249
342984	4915271
342985	4915277
342986	4915279
342987	4915303
342988	4915331
342989	4915369
342990	4915403
342991	4915409
342992	4915411
342993	4915447
342994	4915451
342995	4915489
342996	4915501
342997	4915511
342998	4915523
342999	4915549
343000	4915571
