344001	4930973
344002	4930997
344003	4931011
344004	4931023
344005	4931063
344006	4931119
344007	4931141
344008	4931149
344009	4931153
344010	4931159
344011	4931183
344012	4931191
344013	4931209
344014	4931219
344015	4931221
344016	4931231
344017	4931237
344018	4931261
344019	4931299
344020	4931327
344021	4931389
344022	4931441
344023	4931461
344024	4931467
344025	4931473
344026	4931477
344027	4931489
344028	4931497
344029	4931539
344030	4931543
344031	4931557
344032	4931561
344033	4931587
344034	4931593
344035	4931599
344036	4931623
344037	4931639
344038	4931651
344039	4931657
344040	4931671
344041	4931687
344042	4931699
344043	4931749
344044	4931753
344045	4931761
344046	4931779
344047	4931783
344048	4931813
344049	4931833
344050	4931837
344051	4931879
344052	4931881
344053	4931893
344054	4931897
344055	4931903
344056	4931909
344057	4931917
344058	4931939
344059	4931947
344060	4931957
344061	4931999
344062	4932017
344063	4932043
344064	4932047
344065	4932073
344066	4932079
344067	4932089
344068	4932101
344069	4932107
344070	4932119
344071	4932121
344072	4932139
344073	4932163
344074	4932167
344075	4932173
344076	4932181
344077	4932199
344078	4932209
344079	4932241
344080	4932247
344081	4932251
344082	4932269
344083	4932271
344084	4932287
344085	4932293
344086	4932311
344087	4932313
344088	4932331
344089	4932371
344090	4932383
344091	4932409
344092	4932427
344093	4932437
344094	4932439
344095	4932449
344096	4932461
344097	4932463
344098	4932467
344099	4932479
344100	4932493
344101	4932497
344102	4932541
344103	4932559
344104	4932611
344105	4932619
344106	4932623
344107	4932637
344108	4932671
344109	4932673
344110	4932677
344111	4932691
344112	4932713
344113	4932727
344114	4932731
344115	4932743
344116	4932757
344117	4932769
344118	4932779
344119	4932797
344120	4932817
344121	4932821
344122	4932827
344123	4932853
344124	4932859
344125	4932881
344126	4932883
344127	4932901
344128	4932947
344129	4932953
344130	4933007
344131	4933031
344132	4933039
344133	4933069
344134	4933087
344135	4933127
344136	4933147
344137	4933153
344138	4933157
344139	4933171
344140	4933177
344141	4933207
344142	4933223
344143	4933259
344144	4933283
344145	4933289
344146	4933297
344147	4933301
344148	4933303
344149	4933307
344150	4933333
344151	4933351
344152	4933361
344153	4933363
344154	4933367
344155	4933373
344156	4933381
344157	4933387
344158	4933421
344159	4933427
344160	4933457
344161	4933463
344162	4933493
344163	4933499
344164	4933501
344165	4933529
344166	4933531
344167	4933549
344168	4933573
344169	4933583
344170	4933589
344171	4933601
344172	4933631
344173	4933633
344174	4933697
344175	4933727
344176	4933751
344177	4933759
344178	4933783
344179	4933793
344180	4933801
344181	4933811
344182	4933829
344183	4933843
344184	4933849
344185	4933871
344186	4933889
344187	4933897
344188	4933909
344189	4933967
344190	4933969
344191	4933979
344192	4934023
344193	4934047
344194	4934057
344195	4934087
344196	4934093
344197	4934113
344198	4934117
344199	4934119
344200	4934123
344201	4934161
344202	4934183
344203	4934197
344204	4934203
344205	4934219
344206	4934221
344207	4934231
344208	4934257
344209	4934269
344210	4934291
344211	4934297
344212	4934311
344213	4934317
344214	4934327
344215	4934341
344216	4934383
344217	4934387
344218	4934399
344219	4934401
344220	4934407
344221	4934441
344222	4934453
344223	4934467
344224	4934477
344225	4934491
344226	4934507
344227	4934513
344228	4934521
344229	4934533
344230	4934537
344231	4934543
344232	4934561
344233	4934569
344234	4934591
344235	4934621
344236	4934647
344237	4934651
344238	4934659
344239	4934663
344240	4934689
344241	4934747
344242	4934773
344243	4934779
344244	4934791
344245	4934807
344246	4934837
344247	4934849
344248	4934863
344249	4934869
344250	4934899
344251	4934929
344252	4934939
344253	4934971
344254	4934977
344255	4935011
344256	4935013
344257	4935043
344258	4935053
344259	4935061
344260	4935089
344261	4935101
344262	4935103
344263	4935121
344264	4935127
344265	4935131
344266	4935149
344267	4935157
344268	4935167
344269	4935187
344270	4935197
344271	4935199
344272	4935221
344273	4935223
344274	4935241
344275	4935247
344276	4935257
344277	4935283
344278	4935299
344279	4935313
344280	4935323
344281	4935331
344282	4935341
344283	4935361
344284	4935377
344285	4935379
344286	4935391
344287	4935407
344288	4935419
344289	4935431
344290	4935443
344291	4935461
344292	4935487
344293	4935499
344294	4935503
344295	4935521
344296	4935523
344297	4935529
344298	4935533
344299	4935563
344300	4935569
344301	4935607
344302	4935613
344303	4935617
344304	4935641
344305	4935647
344306	4935653
344307	4935691
344308	4935719
344309	4935739
344310	4935743
344311	4935757
344312	4935779
344313	4935787
344314	4935793
344315	4935809
344316	4935811
344317	4935817
344318	4935859
344319	4935871
344320	4935919
344321	4935929
344322	4935941
344323	4935947
344324	4935977
344325	4935979
344326	4935989
344327	4936033
344328	4936073
344329	4936079
344330	4936097
344331	4936111
344332	4936121
344333	4936123
344334	4936153
344335	4936163
344336	4936189
344337	4936193
344338	4936201
344339	4936213
344340	4936241
344341	4936249
344342	4936279
344343	4936291
344344	4936297
344345	4936301
344346	4936319
344347	4936339
344348	4936343
344349	4936381
344350	4936391
344351	4936411
344352	4936423
344353	4936433
344354	4936439
344355	4936453
344356	4936469
344357	4936483
344358	4936499
344359	4936507
344360	4936531
344361	4936537
344362	4936543
344363	4936549
344364	4936567
344365	4936601
344366	4936619
344367	4936649
344368	4936667
344369	4936693
344370	4936703
344371	4936717
344372	4936721
344373	4936727
344374	4936753
344375	4936793
344376	4936819
344377	4936823
344378	4936831
344379	4936837
344380	4936847
344381	4936859
344382	4936861
344383	4936879
344384	4936891
344385	4936909
344386	4936951
344387	4936961
344388	4936963
344389	4936993
344390	4937027
344391	4937033
344392	4937041
344393	4937113
344394	4937129
344395	4937147
344396	4937161
344397	4937167
344398	4937171
344399	4937173
344400	4937197
344401	4937201
344402	4937237
344403	4937239
344404	4937267
344405	4937281
344406	4937287
344407	4937291
344408	4937323
344409	4937329
344410	4937347
344411	4937363
344412	4937371
344413	4937381
344414	4937399
344415	4937417
344416	4937423
344417	4937441
344418	4937461
344419	4937467
344420	4937483
344421	4937509
344422	4937551
344423	4937563
344424	4937573
344425	4937641
344426	4937657
344427	4937659
344428	4937677
344429	4937683
344430	4937719
344431	4937731
344432	4937791
344433	4937797
344434	4937813
344435	4937839
344436	4937843
344437	4937869
344438	4937873
344439	4937879
344440	4937899
344441	4937903
344442	4937921
344443	4937941
344444	4937953
344445	4937963
344446	4937971
344447	4937993
344448	4938029
344449	4938047
344450	4938049
344451	4938071
344452	4938097
344453	4938103
344454	4938113
344455	4938127
344456	4938137
344457	4938139
344458	4938151
344459	4938161
344460	4938181
344461	4938187
344462	4938191
344463	4938203
344464	4938209
344465	4938217
344466	4938229
344467	4938239
344468	4938247
344469	4938259
344470	4938277
344471	4938281
344472	4938287
344473	4938289
344474	4938293
344475	4938301
344476	4938317
344477	4938319
344478	4938341
344479	4938361
344480	4938379
344481	4938383
344482	4938389
344483	4938397
344484	4938403
344485	4938407
344486	4938413
344487	4938443
344488	4938467
344489	4938473
344490	4938509
344491	4938529
344492	4938533
344493	4938539
344494	4938553
344495	4938587
344496	4938589
344497	4938599
344498	4938601
344499	4938617
344500	4938623
344501	4938643
344502	4938673
344503	4938683
344504	4938701
344505	4938707
344506	4938733
344507	4938761
344508	4938779
344509	4938833
344510	4938853
344511	4938881
344512	4938887
344513	4938907
344514	4938929
344515	4938931
344516	4938943
344517	4938979
344518	4939003
344519	4939021
344520	4939037
344521	4939049
344522	4939073
344523	4939079
344524	4939091
344525	4939111
344526	4939127
344527	4939139
344528	4939141
344529	4939169
344530	4939171
344531	4939211
344532	4939213
344533	4939223
344534	4939237
344535	4939243
344536	4939271
344537	4939279
344538	4939289
344539	4939313
344540	4939331
344541	4939339
344542	4939349
344543	4939357
344544	4939369
344545	4939387
344546	4939391
344547	4939423
344548	4939427
344549	4939433
344550	4939439
344551	4939471
344552	4939511
344553	4939523
344554	4939567
344555	4939573
344556	4939577
344557	4939609
344558	4939621
344559	4939631
344560	4939637
344561	4939661
344562	4939667
344563	4939679
344564	4939681
344565	4939717
344566	4939729
344567	4939751
344568	4939763
344569	4939769
344570	4939783
344571	4939787
344572	4939789
344573	4939807
344574	4939813
344575	4939817
344576	4939853
344577	4939859
344578	4939861
344579	4939901
344580	4939903
344581	4939933
344582	4939939
344583	4939973
344584	4939993
344585	4939997
344586	4940017
344587	4940051
344588	4940071
344589	4940137
344590	4940153
344591	4940161
344592	4940197
344593	4940219
344594	4940231
344595	4940233
344596	4940263
344597	4940269
344598	4940279
344599	4940281
344600	4940291
344601	4940293
344602	4940303
344603	4940321
344604	4940333
344605	4940339
344606	4940359
344607	4940363
344608	4940371
344609	4940381
344610	4940389
344611	4940407
344612	4940413
344613	4940417
344614	4940431
344615	4940443
344616	4940447
344617	4940461
344618	4940503
344619	4940519
344620	4940521
344621	4940531
344622	4940539
344623	4940587
344624	4940609
344625	4940629
344626	4940641
344627	4940651
344628	4940669
344629	4940671
344630	4940711
344631	4940717
344632	4940729
344633	4940731
344634	4940753
344635	4940797
344636	4940809
344637	4940813
344638	4940827
344639	4940843
344640	4940867
344641	4940879
344642	4940891
344643	4940899
344644	4940909
344645	4940911
344646	4940959
344647	4940977
344648	4940983
344649	4941043
344650	4941047
344651	4941071
344652	4941127
344653	4941149
344654	4941161
344655	4941163
344656	4941187
344657	4941193
344658	4941217
344659	4941221
344660	4941227
344661	4941229
344662	4941241
344663	4941247
344664	4941253
344665	4941257
344666	4941263
344667	4941269
344668	4941283
344669	4941289
344670	4941319
344671	4941323
344672	4941337
344673	4941347
344674	4941353
344675	4941359
344676	4941383
344677	4941413
344678	4941421
344679	4941449
344680	4941487
344681	4941511
344682	4941551
344683	4941557
344684	4941569
344685	4941593
344686	4941613
344687	4941623
344688	4941637
344689	4941641
344690	4941649
344691	4941659
344692	4941661
344693	4941709
344694	4941731
344695	4941749
344696	4941751
344697	4941763
344698	4941787
344699	4941817
344700	4941821
344701	4941847
344702	4941857
344703	4941863
344704	4941901
344705	4941907
344706	4941913
344707	4941929
344708	4941931
344709	4941943
344710	4941961
344711	4941967
344712	4941971
344713	4941973
344714	4941983
344715	4942013
344716	4942039
344717	4942057
344718	4942061
344719	4942073
344720	4942111
344721	4942123
344722	4942177
344723	4942183
344724	4942193
344725	4942199
344726	4942211
344727	4942213
344728	4942241
344729	4942271
344730	4942283
344731	4942313
344732	4942339
344733	4942351
344734	4942373
344735	4942397
344736	4942411
344737	4942501
344738	4942513
344739	4942519
344740	4942541
344741	4942573
344742	4942579
344743	4942601
344744	4942627
344745	4942633
344746	4942687
344747	4942697
344748	4942703
344749	4942709
344750	4942711
344751	4942739
344752	4942747
344753	4942753
344754	4942771
344755	4942781
344756	4942799
344757	4942811
344758	4942877
344759	4942879
344760	4942901
344761	4942909
344762	4942913
344763	4942921
344764	4942933
344765	4942957
344766	4942969
344767	4942991
344768	4942997
344769	4943009
344770	4943011
344771	4943017
344772	4943027
344773	4943051
344774	4943053
344775	4943063
344776	4943069
344777	4943077
344778	4943087
344779	4943093
344780	4943101
344781	4943111
344782	4943119
344783	4943143
344784	4943153
344785	4943177
344786	4943189
344787	4943201
344788	4943207
344789	4943219
344790	4943227
344791	4943261
344792	4943269
344793	4943273
344794	4943299
344795	4943317
344796	4943333
344797	4943339
344798	4943347
344799	4943357
344800	4943377
344801	4943383
344802	4943387
344803	4943417
344804	4943429
344805	4943431
344806	4943441
344807	4943467
344808	4943473
344809	4943479
344810	4943483
344811	4943489
344812	4943503
344813	4943509
344814	4943531
344815	4943567
344816	4943573
344817	4943641
344818	4943677
344819	4943693
344820	4943699
344821	4943707
344822	4943711
344823	4943713
344824	4943723
344825	4943737
344826	4943747
344827	4943749
344828	4943767
344829	4943777
344830	4943797
344831	4943831
344832	4943837
344833	4943843
344834	4943921
344835	4943927
344836	4943959
344837	4943963
344838	4944019
344839	4944029
344840	4944053
344841	4944073
344842	4944077
344843	4944083
344844	4944101
344845	4944113
344846	4944119
344847	4944139
344848	4944143
344849	4944157
344850	4944169
344851	4944197
344852	4944209
344853	4944223
344854	4944257
344855	4944281
344856	4944299
344857	4944307
344858	4944311
344859	4944319
344860	4944337
344861	4944341
344862	4944343
344863	4944361
344864	4944367
344865	4944371
344866	4944383
344867	4944391
344868	4944397
344869	4944409
344870	4944431
344871	4944437
344872	4944451
344873	4944463
344874	4944473
344875	4944479
344876	4944481
344877	4944487
344878	4944497
344879	4944521
344880	4944523
344881	4944539
344882	4944547
344883	4944557
344884	4944571
344885	4944581
344886	4944607
344887	4944623
344888	4944631
344889	4944659
344890	4944661
344891	4944679
344892	4944683
344893	4944691
344894	4944697
344895	4944707
344896	4944713
344897	4944733
344898	4944743
344899	4944781
344900	4944787
344901	4944803
344902	4944817
344903	4944827
344904	4944833
344905	4944869
344906	4944889
344907	4944893
344908	4944899
344909	4944911
344910	4944923
344911	4944949
344912	4944983
344913	4944991
344914	4945001
344915	4945007
344916	4945009
344917	4945019
344918	4945033
344919	4945081
344920	4945091
344921	4945103
344922	4945121
344923	4945123
344924	4945141
344925	4945153
344926	4945159
344927	4945183
344928	4945231
344929	4945243
344930	4945261
344931	4945267
344932	4945273
344933	4945277
344934	4945279
344935	4945307
344936	4945327
344937	4945333
344938	4945373
344939	4945393
344940	4945397
344941	4945411
344942	4945469
344943	4945477
344944	4945511
344945	4945513
344946	4945519
344947	4945537
344948	4945541
344949	4945553
344950	4945579
344951	4945597
344952	4945601
344953	4945609
344954	4945613
344955	4945639
344956	4945651
344957	4945663
344958	4945673
344959	4945687
344960	4945693
344961	4945711
344962	4945723
344963	4945727
344964	4945741
344965	4945777
344966	4945783
344967	4945807
344968	4945813
344969	4945849
344970	4945859
344971	4945867
344972	4945879
344973	4945937
344974	4945939
344975	4945961
344976	4945973
344977	4945981
344978	4945987
344979	4946003
344980	4946009
344981	4946017
344982	4946027
344983	4946033
344984	4946041
344985	4946047
344986	4946057
344987	4946083
344988	4946087
344989	4946089
344990	4946101
344991	4946107
344992	4946113
344993	4946129
344994	4946131
344995	4946177
344996	4946189
344997	4946191
344998	4946203
344999	4946209
345000	4946231
