345001	4946237
345002	4946257
345003	4946299
345004	4946323
345005	4946341
345006	4946351
345007	4946387
345008	4946393
345009	4946399
345010	4946401
345011	4946411
345012	4946413
345013	4946467
345014	4946471
345015	4946477
345016	4946483
345017	4946497
345018	4946509
345019	4946519
345020	4946581
345021	4946603
345022	4946647
345023	4946653
345024	4946657
345025	4946663
345026	4946671
345027	4946681
345028	4946687
345029	4946713
345030	4946723
345031	4946729
345032	4946731
345033	4946741
345034	4946749
345035	4946759
345036	4946761
345037	4946803
345038	4946807
345039	4946819
345040	4946827
345041	4946833
345042	4946857
345043	4946873
345044	4946899
345045	4946923
345046	4946927
345047	4946939
345048	4946947
345049	4946951
345050	4946989
345051	4947013
345052	4947029
345053	4947043
345054	4947083
345055	4947109
345056	4947121
345057	4947143
345058	4947167
345059	4947181
345060	4947191
345061	4947199
345062	4947203
345063	4947251
345064	4947263
345065	4947269
345066	4947287
345067	4947301
345068	4947311
345069	4947329
345070	4947331
345071	4947337
345072	4947367
345073	4947373
345074	4947377
345075	4947403
345076	4947413
345077	4947431
345078	4947463
345079	4947499
345080	4947517
345081	4947521
345082	4947557
345083	4947559
345084	4947571
345085	4947577
345086	4947587
345087	4947589
345088	4947601
345089	4947611
345090	4947617
345091	4947653
345092	4947659
345093	4947727
345094	4947743
345095	4947763
345096	4947779
345097	4947791
345098	4947797
345099	4947821
345100	4947841
345101	4947853
345102	4947857
345103	4947863
345104	4947871
345105	4947949
345106	4947959
345107	4947979
345108	4947991
345109	4948039
345110	4948057
345111	4948079
345112	4948087
345113	4948093
345114	4948109
345115	4948117
345116	4948201
345117	4948213
345118	4948219
345119	4948231
345120	4948247
345121	4948267
345122	4948283
345123	4948291
345124	4948337
345125	4948351
345126	4948367
345127	4948369
345128	4948387
345129	4948393
345130	4948409
345131	4948423
345132	4948441
345133	4948457
345134	4948459
345135	4948501
345136	4948523
345137	4948529
345138	4948571
345139	4948579
345140	4948613
345141	4948621
345142	4948631
345143	4948633
345144	4948637
345145	4948661
345146	4948673
345147	4948679
345148	4948681
345149	4948693
345150	4948729
345151	4948733
345152	4948739
345153	4948777
345154	4948807
345155	4948829
345156	4948831
345157	4948849
345158	4948859
345159	4948883
345160	4948891
345161	4948897
345162	4948901
345163	4948939
345164	4948961
345165	4948963
345166	4948969
345167	4949003
345168	4949027
345169	4949029
345170	4949033
345171	4949051
345172	4949059
345173	4949081
345174	4949093
345175	4949107
345176	4949141
345177	4949143
345178	4949167
345179	4949179
345180	4949213
345181	4949221
345182	4949239
345183	4949249
345184	4949267
345185	4949279
345186	4949293
345187	4949297
345188	4949341
345189	4949353
345190	4949359
345191	4949369
345192	4949389
345193	4949407
345194	4949419
345195	4949423
345196	4949437
345197	4949447
345198	4949449
345199	4949471
345200	4949489
345201	4949501
345202	4949521
345203	4949551
345204	4949579
345205	4949591
345206	4949597
345207	4949599
345208	4949603
345209	4949611
345210	4949621
345211	4949627
345212	4949641
345213	4949653
345214	4949657
345215	4949683
345216	4949689
345217	4949699
345218	4949717
345219	4949719
345220	4949741
345221	4949743
345222	4949753
345223	4949779
345224	4949797
345225	4949827
345226	4949837
345227	4949843
345228	4949881
345229	4949891
345230	4949921
345231	4949939
345232	4949951
345233	4949963
345234	4949977
345235	4949983
345236	4950067
345237	4950103
345238	4950107
345239	4950109
345240	4950131
345241	4950133
345242	4950137
345243	4950139
345244	4950151
345245	4950157
345246	4950199
345247	4950259
345248	4950287
345249	4950307
345250	4950311
345251	4950331
345252	4950343
345253	4950353
345254	4950373
345255	4950389
345256	4950397
345257	4950401
345258	4950403
345259	4950409
345260	4950419
345261	4950427
345262	4950433
345263	4950467
345264	4950479
345265	4950487
345266	4950493
345267	4950499
345268	4950509
345269	4950511
345270	4950521
345271	4950527
345272	4950541
345273	4950559
345274	4950581
345275	4950593
345276	4950599
345277	4950611
345278	4950613
345279	4950623
345280	4950629
345281	4950661
345282	4950683
345283	4950703
345284	4950707
345285	4950713
345286	4950733
345287	4950739
345288	4950779
345289	4950797
345290	4950817
345291	4950833
345292	4950853
345293	4950857
345294	4950871
345295	4950923
345296	4950931
345297	4950937
345298	4950941
345299	4950971
345300	4950991
345301	4951013
345302	4951019
345303	4951021
345304	4951057
345305	4951073
345306	4951091
345307	4951109
345308	4951127
345309	4951151
345310	4951157
345311	4951183
345312	4951189
345313	4951213
345314	4951217
345315	4951231
345316	4951253
345317	4951259
345318	4951277
345319	4951333
345320	4951357
345321	4951361
345322	4951379
345323	4951393
345324	4951399
345325	4951409
345326	4951421
345327	4951439
345328	4951459
345329	4951511
345330	4951549
345331	4951561
345332	4951567
345333	4951589
345334	4951613
345335	4951621
345336	4951627
345337	4951633
345338	4951637
345339	4951643
345340	4951649
345341	4951657
345342	4951679
345343	4951691
345344	4951703
345345	4951729
345346	4951733
345347	4951741
345348	4951757
345349	4951783
345350	4951787
345351	4951789
345352	4951813
345353	4951819
345354	4951823
345355	4951829
345356	4951861
345357	4951867
345358	4951883
345359	4951897
345360	4951901
345361	4951907
345362	4951943
345363	4951963
345364	4951987
345365	4951997
345366	4952023
345367	4952071
345368	4952081
345369	4952089
345370	4952093
345371	4952113
345372	4952119
345373	4952147
345374	4952149
345375	4952173
345376	4952177
345377	4952183
345378	4952201
345379	4952203
345380	4952209
345381	4952231
345382	4952239
345383	4952257
345384	4952261
345385	4952279
345386	4952317
345387	4952323
345388	4952327
345389	4952351
345390	4952357
345391	4952371
345392	4952377
345393	4952399
345394	4952443
345395	4952447
345396	4952449
345397	4952461
345398	4952477
345399	4952489
345400	4952501
345401	4952503
345402	4952543
345403	4952551
345404	4952569
345405	4952587
345406	4952609
345407	4952639
345408	4952663
345409	4952669
345410	4952671
345411	4952681
345412	4952683
345413	4952699
345414	4952713
345415	4952743
345416	4952767
345417	4952771
345418	4952807
345419	4952809
345420	4952819
345421	4952833
345422	4952837
345423	4952861
345424	4952887
345425	4952891
345426	4952897
345427	4952921
345428	4952929
345429	4952947
345430	4952953
345431	4952957
345432	4952971
345433	4952989
345434	4952993
345435	4953023
345436	4953043
345437	4953049
345438	4953059
345439	4953061
345440	4953077
345441	4953083
345442	4953089
345443	4953101
345444	4953121
345445	4953133
345446	4953199
345447	4953209
345448	4953233
345449	4953259
345450	4953271
345451	4953293
345452	4953313
345453	4953317
345454	4953331
345455	4953353
345456	4953391
345457	4953413
345458	4953439
345459	4953451
345460	4953479
345461	4953491
345462	4953493
345463	4953527
345464	4953541
345465	4953551
345466	4953569
345467	4953587
345468	4953593
345469	4953601
345470	4953607
345471	4953617
345472	4953629
345473	4953631
345474	4953667
345475	4953673
345476	4953677
345477	4953679
345478	4953701
345479	4953709
345480	4953713
345481	4953719
345482	4953761
345483	4953787
345484	4953791
345485	4953797
345486	4953811
345487	4953827
345488	4953833
345489	4953869
345490	4953877
345491	4953899
345492	4953911
345493	4953917
345494	4953929
345495	4953931
345496	4953943
345497	4953961
345498	4953973
345499	4953979
345500	4953997
345501	4954013
345502	4954031
345503	4954049
345504	4954051
345505	4954063
345506	4954067
345507	4954087
345508	4954091
345509	4954109
345510	4954121
345511	4954127
345512	4954139
345513	4954199
345514	4954211
345515	4954219
345516	4954241
345517	4954247
345518	4954249
345519	4954253
345520	4954267
345521	4954277
345522	4954303
345523	4954321
345524	4954333
345525	4954351
345526	4954409
345527	4954423
345528	4954457
345529	4954471
345530	4954487
345531	4954507
345532	4954511
345533	4954549
345534	4954553
345535	4954561
345536	4954577
345537	4954597
345538	4954601
345539	4954613
345540	4954619
345541	4954627
345542	4954639
345543	4954661
345544	4954669
345545	4954721
345546	4954751
345547	4954771
345548	4954777
345549	4954793
345550	4954799
345551	4954841
345552	4954843
345553	4954883
345554	4954903
345555	4954909
345556	4954919
345557	4954921
345558	4954927
345559	4954931
345560	4954951
345561	4954967
345562	4954979
345563	4954981
345564	4954987
345565	4955011
345566	4955033
345567	4955039
345568	4955059
345569	4955081
345570	4955087
345571	4955089
345572	4955099
345573	4955101
345574	4955107
345575	4955123
345576	4955131
345577	4955147
345578	4955179
345579	4955221
345580	4955263
345581	4955297
345582	4955311
345583	4955323
345584	4955329
345585	4955339
345586	4955359
345587	4955393
345588	4955399
345589	4955407
345590	4955417
345591	4955429
345592	4955437
345593	4955441
345594	4955473
345595	4955477
345596	4955479
345597	4955497
345598	4955519
345599	4955537
345600	4955563
345601	4955581
345602	4955593
345603	4955597
345604	4955611
345605	4955627
345606	4955641
345607	4955647
345608	4955693
345609	4955719
345610	4955737
345611	4955747
345612	4955761
345613	4955771
345614	4955773
345615	4955791
345616	4955801
345617	4955803
345618	4955809
345619	4955831
345620	4955851
345621	4955869
345622	4955887
345623	4955893
345624	4955911
345625	4955917
345626	4955933
345627	4955947
345628	4955953
345629	4955963
345630	4955981
345631	4955987
345632	4955989
345633	4955999
345634	4956011
345635	4956023
345636	4956073
345637	4956097
345638	4956139
345639	4956151
345640	4956157
345641	4956173
345642	4956181
345643	4956221
345644	4956227
345645	4956233
345646	4956241
345647	4956251
345648	4956253
345649	4956269
345650	4956313
345651	4956337
345652	4956349
345653	4956353
345654	4956379
345655	4956383
345656	4956389
345657	4956437
345658	4956443
345659	4956451
345660	4956461
345661	4956467
345662	4956487
345663	4956491
345664	4956509
345665	4956521
345666	4956529
345667	4956533
345668	4956541
345669	4956547
345670	4956563
345671	4956577
345672	4956599
345673	4956607
345674	4956617
345675	4956629
345676	4956643
345677	4956691
345678	4956703
345679	4956733
345680	4956781
345681	4956793
345682	4956803
345683	4956811
345684	4956817
345685	4956821
345686	4956823
345687	4956827
345688	4956829
345689	4956857
345690	4956871
345691	4956893
345692	4956899
345693	4956901
345694	4956943
345695	4956947
345696	4956977
345697	4957019
345698	4957021
345699	4957031
345700	4957039
345701	4957049
345702	4957063
345703	4957087
345704	4957091
345705	4957093
345706	4957097
345707	4957103
345708	4957109
345709	4957123
345710	4957153
345711	4957159
345712	4957177
345713	4957207
345714	4957219
345715	4957229
345716	4957243
345717	4957247
345718	4957261
345719	4957283
345720	4957301
345721	4957307
345722	4957321
345723	4957327
345724	4957333
345725	4957349
345726	4957361
345727	4957363
345728	4957373
345729	4957391
345730	4957399
345731	4957411
345732	4957441
345733	4957457
345734	4957471
345735	4957483
345736	4957529
345737	4957549
345738	4957553
345739	4957559
345740	4957583
345741	4957609
345742	4957633
345743	4957639
345744	4957663
345745	4957691
345746	4957703
345747	4957709
345748	4957721
345749	4957723
345750	4957739
345751	4957747
345752	4957751
345753	4957759
345754	4957769
345755	4957781
345756	4957789
345757	4957801
345758	4957817
345759	4957819
345760	4957837
345761	4957847
345762	4957871
345763	4957873
345764	4957891
345765	4957913
345766	4957919
345767	4957921
345768	4957937
345769	4957969
345770	4957987
345771	4958011
345772	4958017
345773	4958021
345774	4958131
345775	4958189
345776	4958209
345777	4958227
345778	4958231
345779	4958251
345780	4958257
345781	4958299
345782	4958311
345783	4958321
345784	4958323
345785	4958329
345786	4958347
345787	4958351
345788	4958377
345789	4958381
345790	4958383
345791	4958399
345792	4958413
345793	4958423
345794	4958467
345795	4958491
345796	4958497
345797	4958539
345798	4958549
345799	4958561
345800	4958567
345801	4958579
345802	4958587
345803	4958617
345804	4958633
345805	4958647
345806	4958651
345807	4958659
345808	4958693
345809	4958719
345810	4958761
345811	4958771
345812	4958801
345813	4958819
345814	4958843
345815	4958861
345816	4958879
345817	4958893
345818	4958903
345819	4958911
345820	4958957
345821	4958983
345822	4959013
345823	4959037
345824	4959041
345825	4959043
345826	4959047
345827	4959049
345828	4959079
345829	4959083
345830	4959113
345831	4959151
345832	4959161
345833	4959181
345834	4959197
345835	4959277
345836	4959289
345837	4959313
345838	4959341
345839	4959371
345840	4959379
345841	4959389
345842	4959397
345843	4959413
345844	4959419
345845	4959431
345846	4959463
345847	4959469
345848	4959497
345849	4959503
345850	4959511
345851	4959523
345852	4959527
345853	4959533
345854	4959569
345855	4959583
345856	4959587
345857	4959593
345858	4959637
345859	4959641
345860	4959653
345861	4959673
345862	4959679
345863	4959701
345864	4959719
345865	4959751
345866	4959761
345867	4959833
345868	4959853
345869	4959883
345870	4959919
345871	4959923
345872	4959947
345873	4959949
345874	4959959
345875	4959991
345876	4960001
345877	4960013
345878	4960027
345879	4960037
345880	4960049
345881	4960097
345882	4960117
345883	4960127
345884	4960129
345885	4960133
345886	4960147
345887	4960169
345888	4960181
345889	4960187
345890	4960201
345891	4960213
345892	4960223
345893	4960231
345894	4960259
345895	4960283
345896	4960297
345897	4960301
345898	4960309
345899	4960313
345900	4960327
345901	4960339
345902	4960343
345903	4960367
345904	4960391
345905	4960393
345906	4960451
345907	4960453
345908	4960457
345909	4960471
345910	4960477
345911	4960499
345912	4960507
345913	4960511
345914	4960519
345915	4960531
345916	4960561
345917	4960567
345918	4960591
345919	4960601
345920	4960603
345921	4960607
345922	4960639
345923	4960673
345924	4960687
345925	4960693
345926	4960717
345927	4960727
345928	4960741
345929	4960751
345930	4960757
345931	4960763
345932	4960807
345933	4960811
345934	4960829
345935	4960831
345936	4960859
345937	4960883
345938	4960903
345939	4960909
345940	4960913
345941	4960927
345942	4960931
345943	4960933
345944	4960937
345945	4960951
345946	4960973
345947	4960979
345948	4960981
345949	4960987
345950	4961017
345951	4961027
345952	4961053
345953	4961057
345954	4961063
345955	4961083
345956	4961087
345957	4961107
345958	4961113
345959	4961119
345960	4961129
345961	4961141
345962	4961183
345963	4961207
345964	4961213
345965	4961237
345966	4961249
345967	4961311
345968	4961317
345969	4961321
345970	4961323
345971	4961329
345972	4961339
345973	4961351
345974	4961371
345975	4961377
345976	4961389
345977	4961443
345978	4961449
345979	4961459
345980	4961471
345981	4961477
345982	4961479
345983	4961497
345984	4961503
345985	4961507
345986	4961513
345987	4961521
345988	4961531
345989	4961543
345990	4961549
345991	4961563
345992	4961587
345993	4961599
345994	4961609
345995	4961633
345996	4961659
345997	4961669
345998	4961689
345999	4961699
346000	4961707
