346001	4961713
346002	4961741
346003	4961777
346004	4961783
346005	4961791
346006	4961797
346007	4961809
346008	4961821
346009	4961833
346010	4961851
346011	4961863
346012	4961897
346013	4961903
346014	4961917
346015	4961921
346016	4961927
346017	4961939
346018	4961941
346019	4961947
346020	4961963
346021	4961969
346022	4962037
346023	4962047
346024	4962049
346025	4962053
346026	4962073
346027	4962091
346028	4962109
346029	4962131
346030	4962137
346031	4962143
346032	4962151
346033	4962163
346034	4962187
346035	4962193
346036	4962239
346037	4962257
346038	4962259
346039	4962301
346040	4962311
346041	4962323
346042	4962341
346043	4962343
346044	4962359
346045	4962361
346046	4962367
346047	4962389
346048	4962407
346049	4962409
346050	4962421
346051	4962427
346052	4962469
346053	4962491
346054	4962493
346055	4962527
346056	4962539
346057	4962557
346058	4962569
346059	4962571
346060	4962577
346061	4962583
346062	4962611
346063	4962619
346064	4962631
346065	4962637
346066	4962647
346067	4962649
346068	4962677
346069	4962703
346070	4962707
346071	4962709
346072	4962719
346073	4962721
346074	4962731
346075	4962751
346076	4962787
346077	4962791
346078	4962803
346079	4962833
346080	4962863
346081	4962869
346082	4962877
346083	4962911
346084	4962949
346085	4962953
346086	4962967
346087	4962977
346088	4962983
346089	4962989
346090	4963001
346091	4963003
346092	4963019
346093	4963027
346094	4963037
346095	4963043
346096	4963061
346097	4963067
346098	4963093
346099	4963109
346100	4963121
346101	4963157
346102	4963163
346103	4963171
346104	4963181
346105	4963183
346106	4963207
346107	4963213
346108	4963243
346109	4963253
346110	4963267
346111	4963279
346112	4963307
346113	4963327
346114	4963349
346115	4963363
346116	4963369
346117	4963391
346118	4963403
346119	4963411
346120	4963417
346121	4963421
346122	4963429
346123	4963451
346124	4963463
346125	4963471
346126	4963481
346127	4963487
346128	4963499
346129	4963523
346130	4963547
346131	4963559
346132	4963571
346133	4963573
346134	4963589
346135	4963597
346136	4963603
346137	4963613
346138	4963633
346139	4963639
346140	4963663
346141	4963667
346142	4963687
346143	4963697
346144	4963723
346145	4963771
346146	4963787
346147	4963801
346148	4963853
346149	4963859
346150	4963891
346151	4963897
346152	4963909
346153	4963943
346154	4963961
346155	4963967
346156	4964009
346157	4964041
346158	4964053
346159	4964059
346160	4964087
346161	4964101
346162	4964129
346163	4964171
346164	4964173
346165	4964189
346166	4964209
346167	4964227
346168	4964243
346169	4964261
346170	4964273
346171	4964279
346172	4964293
346173	4964317
346174	4964341
346175	4964369
346176	4964381
346177	4964383
346178	4964387
346179	4964411
346180	4964413
346181	4964417
346182	4964447
346183	4964461
346184	4964467
346185	4964471
346186	4964473
346187	4964483
346188	4964489
346189	4964503
346190	4964543
346191	4964569
346192	4964579
346193	4964591
346194	4964599
346195	4964621
346196	4964627
346197	4964639
346198	4964647
346199	4964699
346200	4964741
346201	4964753
346202	4964761
346203	4964777
346204	4964779
346205	4964789
346206	4964797
346207	4964801
346208	4964819
346209	4964821
346210	4964831
346211	4964837
346212	4964863
346213	4964873
346214	4964879
346215	4964891
346216	4964893
346217	4964899
346218	4964903
346219	4964951
346220	4964957
346221	4965001
346222	4965007
346223	4965013
346224	4965019
346225	4965029
346226	4965047
346227	4965049
346228	4965083
346229	4965089
346230	4965091
346231	4965131
346232	4965151
346233	4965157
346234	4965161
346235	4965179
346236	4965187
346237	4965193
346238	4965197
346239	4965203
346240	4965209
346241	4965227
346242	4965269
346243	4965271
346244	4965283
346245	4965287
346246	4965299
346247	4965307
346248	4965347
346249	4965349
346250	4965353
346251	4965361
346252	4965371
346253	4965379
346254	4965383
346255	4965391
346256	4965397
346257	4965413
346258	4965419
346259	4965421
346260	4965449
346261	4965451
346262	4965481
346263	4965509
346264	4965523
346265	4965557
346266	4965563
346267	4965589
346268	4965599
346269	4965601
346270	4965607
346271	4965613
346272	4965629
346273	4965637
346274	4965643
346275	4965661
346276	4965671
346277	4965689
346278	4965731
346279	4965739
346280	4965743
346281	4965761
346282	4965767
346283	4965773
346284	4965781
346285	4965787
346286	4965791
346287	4965799
346288	4965803
346289	4965833
346290	4965841
346291	4965847
346292	4965869
346293	4965893
346294	4965899
346295	4965911
346296	4965923
346297	4965943
346298	4965959
346299	4965967
346300	4965979
346301	4965991
346302	4966001
346303	4966007
346304	4966033
346305	4966051
346306	4966061
346307	4966099
346308	4966123
346309	4966127
346310	4966147
346311	4966151
346312	4966189
346313	4966243
346314	4966267
346315	4966301
346316	4966343
346317	4966373
346318	4966393
346319	4966411
346320	4966421
346321	4966441
346322	4966483
346323	4966501
346324	4966513
346325	4966519
346326	4966523
346327	4966529
346328	4966531
346329	4966553
346330	4966571
346331	4966579
346332	4966613
346333	4966639
346334	4966649
346335	4966667
346336	4966673
346337	4966697
346338	4966711
346339	4966723
346340	4966783
346341	4966799
346342	4966807
346343	4966811
346344	4966813
346345	4966817
346346	4966831
346347	4966837
346348	4966849
346349	4966853
346350	4966889
346351	4966891
346352	4966901
346353	4966903
346354	4966909
346355	4966937
346356	4966939
346357	4966963
346358	4966979
346359	4967023
346360	4967041
346361	4967051
346362	4967069
346363	4967087
346364	4967093
346365	4967117
346366	4967143
346367	4967147
346368	4967153
346369	4967167
346370	4967177
346371	4967197
346372	4967201
346373	4967203
346374	4967219
346375	4967233
346376	4967243
346377	4967257
346378	4967267
346379	4967279
346380	4967293
346381	4967297
346382	4967309
346383	4967311
346384	4967321
346385	4967329
346386	4967353
346387	4967377
346388	4967401
346389	4967407
346390	4967411
346391	4967419
346392	4967423
346393	4967449
346394	4967453
346395	4967461
346396	4967491
346397	4967513
346398	4967537
346399	4967549
346400	4967579
346401	4967617
346402	4967629
346403	4967647
346404	4967653
346405	4967659
346406	4967681
346407	4967687
346408	4967737
346409	4967761
346410	4967773
346411	4967777
346412	4967783
346413	4967801
346414	4967803
346415	4967813
346416	4967821
346417	4967827
346418	4967857
346419	4967861
346420	4967867
346421	4967881
346422	4967899
346423	4967909
346424	4967917
346425	4967923
346426	4967933
346427	4967969
346428	4967971
346429	4967981
346430	4967993
346431	4968017
346432	4968037
346433	4968059
346434	4968109
346435	4968121
346436	4968127
346437	4968133
346438	4968149
346439	4968151
346440	4968157
346441	4968169
346442	4968179
346443	4968203
346444	4968209
346445	4968239
346446	4968241
346447	4968283
346448	4968287
346449	4968289
346450	4968317
346451	4968319
346452	4968343
346453	4968347
346454	4968371
346455	4968373
346456	4968407
346457	4968409
346458	4968427
346459	4968473
346460	4968479
346461	4968487
346462	4968499
346463	4968517
346464	4968559
346465	4968563
346466	4968577
346467	4968583
346468	4968589
346469	4968611
346470	4968637
346471	4968643
346472	4968647
346473	4968661
346474	4968679
346475	4968683
346476	4968707
346477	4968721
346478	4968727
346479	4968731
346480	4968739
346481	4968757
346482	4968763
346483	4968797
346484	4968809
346485	4968827
346486	4968829
346487	4968857
346488	4968869
346489	4968871
346490	4968881
346491	4968883
346492	4968907
346493	4968917
346494	4968967
346495	4968979
346496	4968991
346497	4969031
346498	4969057
346499	4969061
346500	4969067
346501	4969087
346502	4969091
346503	4969093
346504	4969141
346505	4969163
346506	4969177
346507	4969193
346508	4969199
346509	4969231
346510	4969267
346511	4969271
346512	4969277
346513	4969291
346514	4969297
346515	4969309
346516	4969313
346517	4969319
346518	4969339
346519	4969351
346520	4969369
346521	4969373
346522	4969399
346523	4969417
346524	4969427
346525	4969463
346526	4969477
346527	4969483
346528	4969567
346529	4969571
346530	4969589
346531	4969603
346532	4969619
346533	4969631
346534	4969649
346535	4969681
346536	4969691
346537	4969693
346538	4969709
346539	4969751
346540	4969777
346541	4969793
346542	4969799
346543	4969801
346544	4969807
346545	4969813
346546	4969823
346547	4969837
346548	4969841
346549	4969843
346550	4969847
346551	4969873
346552	4969879
346553	4969883
346554	4969901
346555	4969931
346556	4969961
346557	4969973
346558	4969997
346559	4970029
346560	4970057
346561	4970083
346562	4970089
346563	4970131
346564	4970177
346565	4970209
346566	4970221
346567	4970227
346568	4970233
346569	4970237
346570	4970249
346571	4970263
346572	4970279
346573	4970309
346574	4970333
346575	4970347
346576	4970353
346577	4970401
346578	4970417
346579	4970429
346580	4970453
346581	4970479
346582	4970489
346583	4970503
346584	4970519
346585	4970551
346586	4970557
346587	4970569
346588	4970587
346589	4970591
346590	4970611
346591	4970657
346592	4970659
346593	4970683
346594	4970689
346595	4970699
346596	4970701
346597	4970729
346598	4970743
346599	4970773
346600	4970827
346601	4970831
346602	4970857
346603	4970863
346604	4970873
346605	4970887
346606	4970891
346607	4970897
346608	4970909
346609	4970941
346610	4970947
346611	4970969
346612	4970981
346613	4970993
346614	4971007
346615	4971017
346616	4971019
346617	4971023
346618	4971037
346619	4971047
346620	4971053
346621	4971133
346622	4971137
346623	4971139
346624	4971167
346625	4971173
346626	4971181
346627	4971193
346628	4971203
346629	4971223
346630	4971229
346631	4971257
346632	4971269
346633	4971271
346634	4971287
346635	4971301
346636	4971313
346637	4971341
346638	4971397
346639	4971409
346640	4971419
346641	4971433
346642	4971437
346643	4971443
346644	4971493
346645	4971529
346646	4971553
346647	4971583
346648	4971587
346649	4971643
346650	4971671
346651	4971677
346652	4971679
346653	4971691
346654	4971709
346655	4971721
346656	4971737
346657	4971739
346658	4971751
346659	4971763
346660	4971773
346661	4971781
346662	4971797
346663	4971823
346664	4971833
346665	4971839
346666	4971851
346667	4971859
346668	4971881
346669	4971893
346670	4971907
346671	4971931
346672	4971943
346673	4971959
346674	4971971
346675	4971991
346676	4972001
346677	4972013
346678	4972031
346679	4972061
346680	4972063
346681	4972067
346682	4972069
346683	4972081
346684	4972127
346685	4972147
346686	4972151
346687	4972153
346688	4972159
346689	4972189
346690	4972199
346691	4972207
346692	4972223
346693	4972229
346694	4972267
346695	4972283
346696	4972291
346697	4972309
346698	4972321
346699	4972327
346700	4972333
346701	4972337
346702	4972349
346703	4972351
346704	4972379
346705	4972399
346706	4972411
346707	4972417
346708	4972423
346709	4972469
346710	4972481
346711	4972501
346712	4972507
346713	4972523
346714	4972529
346715	4972549
346716	4972559
346717	4972567
346718	4972571
346719	4972573
346720	4972589
346721	4972607
346722	4972609
346723	4972621
346724	4972633
346725	4972651
346726	4972663
346727	4972691
346728	4972727
346729	4972729
346730	4972739
346731	4972771
346732	4972783
346733	4972829
346734	4972841
346735	4972843
346736	4972861
346737	4972867
346738	4972897
346739	4972909
346740	4972921
346741	4972951
346742	4972969
346743	4972987
346744	4972999
346745	4973009
346746	4973011
346747	4973021
346748	4973029
346749	4973047
346750	4973057
346751	4973069
346752	4973071
346753	4973077
346754	4973107
346755	4973119
346756	4973131
346757	4973141
346758	4973167
346759	4973179
346760	4973233
346761	4973249
346762	4973263
346763	4973279
346764	4973303
346765	4973317
346766	4973327
346767	4973329
346768	4973347
346769	4973357
346770	4973363
346771	4973369
346772	4973377
346773	4973387
346774	4973393
346775	4973411
346776	4973483
346777	4973539
346778	4973557
346779	4973567
346780	4973581
346781	4973597
346782	4973623
346783	4973627
346784	4973653
346785	4973711
346786	4973719
346787	4973743
346788	4973747
346789	4973753
346790	4973791
346791	4973807
346792	4973821
346793	4973827
346794	4973861
346795	4973867
346796	4973887
346797	4973897
346798	4973929
346799	4973959
346800	4973989
346801	4974007
346802	4974019
346803	4974023
346804	4974041
346805	4974071
346806	4974083
346807	4974097
346808	4974127
346809	4974131
346810	4974133
346811	4974139
346812	4974157
346813	4974163
346814	4974199
346815	4974227
346816	4974239
346817	4974241
346818	4974287
346819	4974311
346820	4974313
346821	4974329
346822	4974337
346823	4974377
346824	4974397
346825	4974401
346826	4974413
346827	4974427
346828	4974443
346829	4974449
346830	4974479
346831	4974491
346832	4974493
346833	4974499
346834	4974503
346835	4974511
346836	4974517
346837	4974521
346838	4974559
346839	4974577
346840	4974581
346841	4974583
346842	4974587
346843	4974649
346844	4974691
346845	4974707
346846	4974719
346847	4974721
346848	4974743
346849	4974773
346850	4974779
346851	4974793
346852	4974803
346853	4974811
346854	4974883
346855	4974887
346856	4974889
346857	4974901
346858	4974913
346859	4974919
346860	4974929
346861	4974943
346862	4974953
346863	4975001
346864	4975013
346865	4975021
346866	4975027
346867	4975031
346868	4975039
346869	4975043
346870	4975049
346871	4975073
346872	4975079
346873	4975081
346874	4975109
346875	4975111
346876	4975121
346877	4975127
346878	4975129
346879	4975141
346880	4975151
346881	4975177
346882	4975193
346883	4975213
346884	4975241
346885	4975247
346886	4975253
346887	4975297
346888	4975301
346889	4975319
346890	4975331
346891	4975349
346892	4975351
346893	4975387
346894	4975403
346895	4975409
346896	4975417
346897	4975457
346898	4975459
346899	4975463
346900	4975493
346901	4975507
346902	4975513
346903	4975517
346904	4975519
346905	4975541
346906	4975547
346907	4975571
346908	4975589
346909	4975631
346910	4975639
346911	4975643
346912	4975651
346913	4975661
346914	4975669
346915	4975673
346916	4975757
346917	4975759
346918	4975769
346919	4975787
346920	4975793
346921	4975807
346922	4975813
346923	4975819
346924	4975823
346925	4975829
346926	4975837
346927	4975847
346928	4975877
346929	4975879
346930	4975897
346931	4975909
346932	4975913
346933	4975921
346934	4975931
346935	4975963
346936	4975969
346937	4975979
346938	4975991
346939	4976017
346940	4976029
346941	4976039
346942	4976057
346943	4976063
346944	4976107
346945	4976113
346946	4976137
346947	4976143
346948	4976149
346949	4976161
346950	4976171
346951	4976173
346952	4976183
346953	4976203
346954	4976263
346955	4976269
346956	4976281
346957	4976299
346958	4976317
346959	4976333
346960	4976341
346961	4976351
346962	4976369
346963	4976381
346964	4976383
346965	4976401
346966	4976437
346967	4976443
346968	4976449
346969	4976453
346970	4976459
346971	4976467
346972	4976497
346973	4976509
346974	4976549
346975	4976551
346976	4976557
346977	4976567
346978	4976581
346979	4976593
346980	4976623
346981	4976639
346982	4976663
346983	4976683
346984	4976687
346985	4976701
346986	4976707
346987	4976711
346988	4976723
346989	4976731
346990	4976747
346991	4976761
346992	4976773
346993	4976789
346994	4976813
346995	4976837
346996	4976843
346997	4976849
346998	4976861
346999	4976897
347000	4976899
