348001	4991849
348002	4991867
348003	4991879
348004	4991881
348005	4991893
348006	4991923
348007	4991933
348008	4991951
348009	4991953
348010	4991963
348011	4991977
348012	4991983
348013	4992007
348014	4992019
348015	4992061
348016	4992073
348017	4992083
348018	4992107
348019	4992109
348020	4992133
348021	4992137
348022	4992149
348023	4992157
348024	4992181
348025	4992187
348026	4992233
348027	4992241
348028	4992259
348029	4992287
348030	4992341
348031	4992347
348032	4992349
348033	4992353
348034	4992359
348035	4992389
348036	4992401
348037	4992409
348038	4992413
348039	4992419
348040	4992439
348041	4992461
348042	4992487
348043	4992499
348044	4992511
348045	4992517
348046	4992539
348047	4992551
348048	4992569
348049	4992583
348050	4992593
348051	4992619
348052	4992623
348053	4992629
348054	4992661
348055	4992671
348056	4992677
348057	4992683
348058	4992703
348059	4992707
348060	4992709
348061	4992731
348062	4992737
348063	4992769
348064	4992787
348065	4992809
348066	4992821
348067	4992833
348068	4992913
348069	4992919
348070	4992929
348071	4992937
348072	4992943
348073	4992947
348074	4992961
348075	4992973
348076	4992997
348077	4993003
348078	4993007
348079	4993049
348080	4993057
348081	4993061
348082	4993097
348083	4993123
348084	4993129
348085	4993147
348086	4993151
348087	4993159
348088	4993199
348089	4993207
348090	4993213
348091	4993237
348092	4993271
348093	4993283
348094	4993321
348095	4993343
348096	4993379
348097	4993397
348098	4993403
348099	4993411
348100	4993433
348101	4993441
348102	4993451
348103	4993453
348104	4993459
348105	4993517
348106	4993537
348107	4993559
348108	4993579
348109	4993591
348110	4993603
348111	4993613
348112	4993619
348113	4993621
348114	4993627
348115	4993661
348116	4993673
348117	4993679
348118	4993687
348119	4993693
348120	4993741
348121	4993757
348122	4993777
348123	4993811
348124	4993817
348125	4993823
348126	4993837
348127	4993843
348128	4993847
348129	4993867
348130	4993871
348131	4993873
348132	4993897
348133	4993907
348134	4993909
348135	4993913
348136	4993931
348137	4993943
348138	4993949
348139	4993951
348140	4993987
348141	4993993
348142	4993999
348143	4994051
348144	4994081
348145	4994089
348146	4994117
348147	4994123
348148	4994153
348149	4994179
348150	4994203
348151	4994219
348152	4994221
348153	4994233
348154	4994237
348155	4994257
348156	4994263
348157	4994273
348158	4994309
348159	4994329
348160	4994357
348161	4994369
348162	4994387
348163	4994393
348164	4994401
348165	4994411
348166	4994417
348167	4994419
348168	4994461
348169	4994471
348170	4994477
348171	4994501
348172	4994513
348173	4994543
348174	4994557
348175	4994569
348176	4994599
348177	4994603
348178	4994621
348179	4994659
348180	4994669
348181	4994723
348182	4994729
348183	4994761
348184	4994789
348185	4994791
348186	4994807
348187	4994819
348188	4994851
348189	4994897
348190	4994903
348191	4994909
348192	4994981
348193	4994987
348194	4994993
348195	4995007
348196	4995017
348197	4995031
348198	4995041
348199	4995049
348200	4995073
348201	4995079
348202	4995083
348203	4995097
348204	4995101
348205	4995139
348206	4995169
348207	4995187
348208	4995203
348209	4995227
348210	4995241
348211	4995253
348212	4995281
348213	4995283
348214	4995299
348215	4995311
348216	4995323
348217	4995349
348218	4995373
348219	4995377
348220	4995379
348221	4995383
348222	4995421
348223	4995427
348224	4995449
348225	4995457
348226	4995479
348227	4995493
348228	4995503
348229	4995517
348230	4995527
348231	4995539
348232	4995541
348233	4995547
348234	4995553
348235	4995581
348236	4995607
348237	4995643
348238	4995647
348239	4995649
348240	4995667
348241	4995673
348242	4995691
348243	4995701
348244	4995709
348245	4995713
348246	4995719
348247	4995779
348248	4995827
348249	4995863
348250	4995871
348251	4995877
348252	4995883
348253	4995889
348254	4995911
348255	4995919
348256	4995923
348257	4995931
348258	4995941
348259	4995953
348260	4995983
348261	4995997
348262	4996003
348263	4996049
348264	4996051
348265	4996081
348266	4996087
348267	4996097
348268	4996099
348269	4996111
348270	4996141
348271	4996169
348272	4996223
348273	4996247
348274	4996273
348275	4996279
348276	4996289
348277	4996291
348278	4996309
348279	4996319
348280	4996333
348281	4996349
348282	4996361
348283	4996367
348284	4996399
348285	4996421
348286	4996423
348287	4996441
348288	4996457
348289	4996463
348290	4996477
348291	4996493
348292	4996501
348293	4996507
348294	4996531
348295	4996553
348296	4996559
348297	4996573
348298	4996609
348299	4996619
348300	4996627
348301	4996637
348302	4996679
348303	4996687
348304	4996697
348305	4996703
348306	4996709
348307	4996723
348308	4996757
348309	4996841
348310	4996879
348311	4996883
348312	4996891
348313	4996913
348314	4996919
348315	4996933
348316	4996949
348317	4996967
348318	4996991
348319	4997011
348320	4997017
348321	4997029
348322	4997033
348323	4997063
348324	4997093
348325	4997101
348326	4997119
348327	4997173
348328	4997191
348329	4997219
348330	4997227
348331	4997243
348332	4997273
348333	4997281
348334	4997287
348335	4997297
348336	4997327
348337	4997339
348338	4997353
348339	4997381
348340	4997383
348341	4997387
348342	4997389
348343	4997393
348344	4997401
348345	4997471
348346	4997491
348347	4997521
348348	4997533
348349	4997539
348350	4997549
348351	4997563
348352	4997567
348353	4997569
348354	4997579
348355	4997593
348356	4997611
348357	4997621
348358	4997659
348359	4997683
348360	4997687
348361	4997689
348362	4997717
348363	4997747
348364	4997753
348365	4997771
348366	4997801
348367	4997843
348368	4997887
348369	4997891
348370	4997899
348371	4997917
348372	4997921
348373	4997929
348374	4997981
348375	4997989
348376	4998001
348377	4998013
348378	4998031
348379	4998073
348380	4998089
348381	4998101
348382	4998109
348383	4998113
348384	4998131
348385	4998137
348386	4998181
348387	4998211
348388	4998229
348389	4998233
348390	4998241
348391	4998319
348392	4998341
348393	4998359
348394	4998361
348395	4998373
348396	4998407
348397	4998419
348398	4998437
348399	4998439
348400	4998467
348401	4998479
348402	4998541
348403	4998547
348404	4998557
348405	4998559
348406	4998563
348407	4998569
348408	4998571
348409	4998583
348410	4998599
348411	4998601
348412	4998611
348413	4998619
348414	4998641
348415	4998647
348416	4998667
348417	4998671
348418	4998673
348419	4998683
348420	4998689
348421	4998713
348422	4998733
348423	4998739
348424	4998743
348425	4998757
348426	4998769
348427	4998787
348428	4998823
348429	4998839
348430	4998853
348431	4998859
348432	4998869
348433	4998887
348434	4998911
348435	4998913
348436	4998941
348437	4998943
348438	4998947
348439	4998971
348440	4998979
348441	4998989
348442	4998997
348443	4999021
348444	4999031
348445	4999081
348446	4999087
348447	4999097
348448	4999103
348449	4999117
348450	4999121
348451	4999151
348452	4999177
348453	4999187
348454	4999201
348455	4999217
348456	4999231
348457	4999237
348458	4999243
348459	4999273
348460	4999297
348461	4999301
348462	4999307
348463	4999321
348464	4999327
348465	4999363
348466	4999387
348467	4999391
348468	4999409
348469	4999427
348470	4999439
348471	4999447
348472	4999453
348473	4999457
348474	4999469
348475	4999493
348476	4999507
348477	4999523
348478	4999529
348479	4999537
348480	4999559
348481	4999591
348482	4999597
348483	4999613
348484	4999627
348485	4999633
348486	4999637
348487	4999639
348488	4999651
348489	4999661
348490	4999667
348491	4999681
348492	4999693
348493	4999703
348494	4999727
348495	4999733
348496	4999759
348497	4999769
348498	4999781
348499	4999783
348500	4999801
348501	4999823
348502	4999849
348503	4999867
348504	4999871
348505	4999879
348506	4999889
348507	4999913
348508	4999933
348509	4999949
348510	4999957
348511	4999961
348512	4999963
348513	4999999
348514	5000011
348515	5000077
348516	5000081
348517	5000087
348518	5000101
348519	5000111
348520	5000113
348521	5000153
348522	5000161
348523	5000167
348524	5000197
348525	5000201
348526	5000213
348527	5000251
348528	5000257
348529	5000263
348530	5000299
348531	5000311
348532	5000321
348533	5000339
348534	5000381
348535	5000389
348536	5000399
348537	5000423
348538	5000473
348539	5000491
348540	5000503
348541	5000519
348542	5000539
348543	5000543
348544	5000549
348545	5000551
348546	5000563
348547	5000581
348548	5000623
348549	5000627
348550	5000651
348551	5000657
348552	5000687
348553	5000689
348554	5000701
348555	5000713
348556	5000741
348557	5000747
348558	5000759
348559	5000761
348560	5000777
348561	5000783
348562	5000791
348563	5000797
348564	5000851
348565	5000861
348566	5000881
348567	5000903
348568	5000917
348569	5000923
348570	5000927
348571	5000929
348572	5000939
348573	5000977
348574	5000981
348575	5000987
348576	5000993
348577	5001001
348578	5001019
348579	5001023
348580	5001049
348581	5001053
348582	5001067
348583	5001071
348584	5001083
348585	5001089
348586	5001119
348587	5001121
348588	5001127
348589	5001163
348590	5001167
348591	5001173
348592	5001193
348593	5001197
348594	5001203
348595	5001233
348596	5001251
348597	5001277
348598	5001289
348599	5001299
348600	5001301
348601	5001307
348602	5001319
348603	5001343
348604	5001361
348605	5001379
348606	5001391
348607	5001397
348608	5001407
348609	5001413
348610	5001421
348611	5001431
348612	5001433
348613	5001443
348614	5001461
348615	5001481
348616	5001487
348617	5001523
348618	5001539
348619	5001547
348620	5001559
348621	5001593
348622	5001629
348623	5001643
348624	5001653
348625	5001671
348626	5001679
348627	5001691
348628	5001701
348629	5001707
348630	5001739
348631	5001743
348632	5001749
348633	5001761
348634	5001767
348635	5001779
348636	5001809
348637	5001907
348638	5001911
348639	5001923
348640	5001967
348641	5001979
348642	5002001
348643	5002003
348644	5002051
348645	5002057
348646	5002093
348647	5002103
348648	5002133
348649	5002157
348650	5002189
348651	5002211
348652	5002219
348653	5002223
348654	5002229
348655	5002237
348656	5002241
348657	5002259
348658	5002273
348659	5002313
348660	5002321
348661	5002331
348662	5002373
348663	5002379
348664	5002391
348665	5002457
348666	5002463
348667	5002489
348668	5002499
348669	5002507
348670	5002519
348671	5002537
348672	5002541
348673	5002553
348674	5002561
348675	5002579
348676	5002583
348677	5002637
348678	5002639
348679	5002649
348680	5002651
348681	5002691
348682	5002721
348683	5002729
348684	5002741
348685	5002747
348686	5002771
348687	5002801
348688	5002817
348689	5002841
348690	5002843
348691	5002847
348692	5002859
348693	5002883
348694	5002889
348695	5002901
348696	5002903
348697	5002927
348698	5002939
348699	5002979
348700	5003003
348701	5003039
348702	5003071
348703	5003077
348704	5003081
348705	5003101
348706	5003111
348707	5003113
348708	5003123
348709	5003143
348710	5003191
348711	5003203
348712	5003227
348713	5003231
348714	5003239
348715	5003249
348716	5003261
348717	5003263
348718	5003267
348719	5003303
348720	5003309
348721	5003329
348722	5003371
348723	5003387
348724	5003407
348725	5003429
348726	5003459
348727	5003477
348728	5003483
348729	5003503
348730	5003507
348731	5003513
348732	5003519
348733	5003539
348734	5003543
348735	5003549
348736	5003591
348737	5003597
348738	5003633
348739	5003653
348740	5003657
348741	5003659
348742	5003671
348743	5003699
348744	5003701
348745	5003711
348746	5003717
348747	5003737
348748	5003743
348749	5003749
348750	5003759
348751	5003771
348752	5003773
348753	5003809
348754	5003813
348755	5003819
348756	5003827
348757	5003837
348758	5003839
348759	5003881
348760	5003893
348761	5003909
348762	5003923
348763	5003951
348764	5003959
348765	5003963
348766	5003969
348767	5003981
348768	5003983
348769	5003993
348770	5004007
348771	5004017
348772	5004019
348773	5004031
348774	5004053
348775	5004059
348776	5004067
348777	5004071
348778	5004073
348779	5004089
348780	5004119
348781	5004121
348782	5004127
348783	5004143
348784	5004149
348785	5004157
348786	5004193
348787	5004217
348788	5004221
348789	5004227
348790	5004281
348791	5004323
348792	5004359
348793	5004367
348794	5004401
348795	5004403
348796	5004437
348797	5004451
348798	5004457
348799	5004491
348800	5004539
348801	5004553
348802	5004569
348803	5004599
348804	5004611
348805	5004653
348806	5004677
348807	5004679
348808	5004697
348809	5004707
348810	5004721
348811	5004739
348812	5004751
348813	5004757
348814	5004767
348815	5004799
348816	5004803
348817	5004821
348818	5004827
348819	5004841
348820	5004859
348821	5004871
348822	5004877
348823	5004893
348824	5004929
348825	5004931
348826	5004941
348827	5004971
348828	5004977
348829	5004991
348830	5005001
348831	5005031
348832	5005057
348833	5005067
348834	5005087
348835	5005127
348836	5005129
348837	5005141
348838	5005159
348839	5005177
348840	5005199
348841	5005201
348842	5005213
348843	5005219
348844	5005223
348845	5005261
348846	5005289
348847	5005307
348848	5005309
348849	5005337
348850	5005339
348851	5005367
348852	5005381
348853	5005411
348854	5005423
348855	5005433
348856	5005439
348857	5005489
348858	5005523
348859	5005549
348860	5005613
348861	5005621
348862	5005639
348863	5005643
348864	5005669
348865	5005687
348866	5005703
348867	5005709
348868	5005757
348869	5005783
348870	5005799
348871	5005817
348872	5005823
348873	5005859
348874	5005867
348875	5005877
348876	5005883
348877	5005907
348878	5005909
348879	5005921
348880	5005933
348881	5005961
348882	5005969
348883	5005981
348884	5005991
348885	5006003
348886	5006011
348887	5006021
348888	5006047
348889	5006069
348890	5006077
348891	5006081
348892	5006083
348893	5006119
348894	5006123
348895	5006129
348896	5006147
348897	5006149
348898	5006153
348899	5006171
348900	5006179
348901	5006191
348902	5006207
348903	5006231
348904	5006233
348905	5006237
348906	5006269
348907	5006273
348908	5006297
348909	5006317
348910	5006369
348911	5006377
348912	5006383
348913	5006399
348914	5006401
348915	5006411
348916	5006429
348917	5006431
348918	5006437
348919	5006459
348920	5006489
348921	5006497
348922	5006501
348923	5006503
348924	5006509
348925	5006513
348926	5006527
348927	5006537
348928	5006543
348929	5006579
348930	5006587
348931	5006591
348932	5006597
348933	5006609
348934	5006611
348935	5006621
348936	5006623
348937	5006657
348938	5006669
348939	5006693
348940	5006711
348941	5006719
348942	5006737
348943	5006741
348944	5006753
348945	5006761
348946	5006767
348947	5006773
348948	5006831
348949	5006839
348950	5006867
348951	5006909
348952	5006923
348953	5006929
348954	5006971
348955	5006983
348956	5007001
348957	5007007
348958	5007011
348959	5007017
348960	5007047
348961	5007059
348962	5007071
348963	5007097
348964	5007109
348965	5007113
348966	5007137
348967	5007157
348968	5007179
348969	5007181
348970	5007187
348971	5007193
348972	5007209
348973	5007251
348974	5007253
348975	5007263
348976	5007283
348977	5007313
348978	5007319
348979	5007323
348980	5007341
348981	5007347
348982	5007377
348983	5007383
348984	5007391
348985	5007397
348986	5007413
348987	5007421
348988	5007433
348989	5007439
348990	5007449
348991	5007463
348992	5007467
348993	5007481
348994	5007529
348995	5007533
348996	5007539
348997	5007553
348998	5007577
348999	5007589
349000	5007593
