349001	5007601
349002	5007619
349003	5007623
349004	5007637
349005	5007643
349006	5007661
349007	5007671
349008	5007679
349009	5007689
349010	5007703
349011	5007713
349012	5007719
349013	5007733
349014	5007791
349015	5007797
349016	5007817
349017	5007841
349018	5007851
349019	5007853
349020	5007881
349021	5007907
349022	5007929
349023	5007943
349024	5007949
349025	5007967
349026	5007983
349027	5008007
349028	5008009
349029	5008021
349030	5008057
349031	5008063
349032	5008079
349033	5008099
349034	5008103
349035	5008111
349036	5008117
349037	5008121
349038	5008123
349039	5008139
349040	5008147
349041	5008151
349042	5008187
349043	5008193
349044	5008219
349045	5008231
349046	5008259
349047	5008277
349048	5008279
349049	5008291
349050	5008369
349051	5008379
349052	5008417
349053	5008429
349054	5008433
349055	5008481
349056	5008483
349057	5008513
349058	5008517
349059	5008529
349060	5008537
349061	5008541
349062	5008559
349063	5008567
349064	5008573
349065	5008607
349066	5008657
349067	5008681
349068	5008697
349069	5008699
349070	5008709
349071	5008711
349072	5008721
349073	5008739
349074	5008741
349075	5008807
349076	5008811
349077	5008819
349078	5008841
349079	5008859
349080	5008867
349081	5008873
349082	5008901
349083	5008919
349084	5008973
349085	5009003
349086	5009021
349087	5009051
349088	5009057
349089	5009063
349090	5009077
349091	5009087
349092	5009089
349093	5009099
349094	5009107
349095	5009117
349096	5009129
349097	5009149
349098	5009167
349099	5009233
349100	5009269
349101	5009281
349102	5009287
349103	5009317
349104	5009327
349105	5009341
349106	5009359
349107	5009413
349108	5009443
349109	5009449
349110	5009453
349111	5009471
349112	5009491
349113	5009497
349114	5009519
349115	5009527
349116	5009539
349117	5009549
349118	5009573
349119	5009579
349120	5009581
349121	5009591
349122	5009593
349123	5009603
349124	5009617
349125	5009621
349126	5009623
349127	5009651
349128	5009659
349129	5009677
349130	5009707
349131	5009717
349132	5009723
349133	5009729
349134	5009737
349135	5009761
349136	5009783
349137	5009803
349138	5009821
349139	5009839
349140	5009857
349141	5009881
349142	5009891
349143	5009897
349144	5009909
349145	5009947
349146	5009957
349147	5009959
349148	5009969
349149	5009971
349150	5009987
349151	5009989
349152	5009993
349153	5010013
349154	5010017
349155	5010041
349156	5010043
349157	5010073
349158	5010079
349159	5010107
349160	5010119
349161	5010163
349162	5010169
349163	5010217
349164	5010233
349165	5010263
349166	5010283
349167	5010287
349168	5010289
349169	5010293
349170	5010329
349171	5010337
349172	5010349
349173	5010353
349174	5010361
349175	5010367
349176	5010373
349177	5010407
349178	5010409
349179	5010419
349180	5010431
349181	5010449
349182	5010451
349183	5010463
349184	5010491
349185	5010493
349186	5010497
349187	5010517
349188	5010539
349189	5010557
349190	5010559
349191	5010581
349192	5010589
349193	5010613
349194	5010637
349195	5010667
349196	5010671
349197	5010679
349198	5010689
349199	5010701
349200	5010727
349201	5010751
349202	5010763
349203	5010769
349204	5010781
349205	5010787
349206	5010791
349207	5010827
349208	5010877
349209	5010883
349210	5010893
349211	5010931
349212	5010949
349213	5010953
349214	5010977
349215	5011001
349216	5011007
349217	5011031
349218	5011043
349219	5011051
349220	5011063
349221	5011099
349222	5011121
349223	5011129
349224	5011133
349225	5011147
349226	5011151
349227	5011189
349228	5011199
349229	5011213
349230	5011249
349231	5011261
349232	5011271
349233	5011273
349234	5011301
349235	5011313
349236	5011319
349237	5011327
349238	5011337
349239	5011339
349240	5011343
349241	5011351
349242	5011361
349243	5011381
349244	5011387
349245	5011439
349246	5011451
349247	5011507
349248	5011529
349249	5011537
349250	5011543
349251	5011561
349252	5011579
349253	5011609
349254	5011619
349255	5011621
349256	5011639
349257	5011661
349258	5011729
349259	5011759
349260	5011771
349261	5011781
349262	5011807
349263	5011817
349264	5011829
349265	5011843
349266	5011847
349267	5011849
349268	5011859
349269	5011879
349270	5011901
349271	5011927
349272	5011931
349273	5011967
349274	5011969
349275	5011973
349276	5012003
349277	5012011
349278	5012023
349279	5012027
349280	5012039
349281	5012047
349282	5012053
349283	5012101
349284	5012113
349285	5012129
349286	5012141
349287	5012153
349288	5012159
349289	5012167
349290	5012177
349291	5012239
349292	5012243
349293	5012251
349294	5012261
349295	5012299
349296	5012303
349297	5012323
349298	5012347
349299	5012377
349300	5012383
349301	5012407
349302	5012411
349303	5012417
349304	5012429
349305	5012473
349306	5012489
349307	5012507
349308	5012519
349309	5012521
349310	5012531
349311	5012533
349312	5012543
349313	5012549
349314	5012573
349315	5012587
349316	5012591
349317	5012627
349318	5012633
349319	5012647
349320	5012653
349321	5012659
349322	5012663
349323	5012719
349324	5012729
349325	5012741
349326	5012743
349327	5012767
349328	5012803
349329	5012831
349330	5012849
349331	5012857
349332	5012867
349333	5012881
349334	5012923
349335	5012927
349336	5012929
349337	5012939
349338	5012957
349339	5012971
349340	5012981
349341	5012993
349342	5012999
349343	5013023
349344	5013037
349345	5013083
349346	5013089
349347	5013101
349348	5013119
349349	5013133
349350	5013137
349351	5013139
349352	5013179
349353	5013191
349354	5013199
349355	5013209
349356	5013221
349357	5013247
349358	5013257
349359	5013269
349360	5013277
349361	5013293
349362	5013301
349363	5013311
349364	5013331
349365	5013341
349366	5013343
349367	5013347
349368	5013377
349369	5013383
349370	5013427
349371	5013451
349372	5013457
349373	5013479
349374	5013527
349375	5013551
349376	5013581
349377	5013629
349378	5013647
349379	5013649
349380	5013667
349381	5013683
349382	5013719
349383	5013737
349384	5013751
349385	5013769
349386	5013779
349387	5013787
349388	5013797
349389	5013817
349390	5013829
349391	5013851
349392	5013857
349393	5013871
349394	5013917
349395	5013919
349396	5013961
349397	5013979
349398	5013991
349399	5014003
349400	5014019
349401	5014039
349402	5014049
349403	5014057
349404	5014073
349405	5014103
349406	5014111
349407	5014117
349408	5014123
349409	5014169
349410	5014181
349411	5014183
349412	5014189
349413	5014193
349414	5014199
349415	5014237
349416	5014249
349417	5014267
349418	5014291
349419	5014301
349420	5014357
349421	5014363
349422	5014379
349423	5014381
349424	5014403
349425	5014409
349426	5014417
349427	5014421
349428	5014433
349429	5014441
349430	5014447
349431	5014463
349432	5014501
349433	5014547
349434	5014553
349435	5014561
349436	5014577
349437	5014579
349438	5014663
349439	5014673
349440	5014687
349441	5014693
349442	5014699
349443	5014717
349444	5014739
349445	5014747
349446	5014771
349447	5014783
349448	5014799
349449	5014819
349450	5014829
349451	5014831
349452	5014873
349453	5014903
349454	5014921
349455	5014927
349456	5014931
349457	5014939
349458	5014951
349459	5014957
349460	5014973
349461	5014979
349462	5015033
349463	5015039
349464	5015063
349465	5015077
349466	5015083
349467	5015089
349468	5015099
349469	5015117
349470	5015123
349471	5015137
349472	5015141
349473	5015167
349474	5015189
349475	5015201
349476	5015207
349477	5015209
349478	5015233
349479	5015249
349480	5015251
349481	5015261
349482	5015267
349483	5015287
349484	5015291
349485	5015293
349486	5015299
349487	5015317
349488	5015321
349489	5015371
349490	5015383
349491	5015389
349492	5015399
349493	5015429
349494	5015431
349495	5015453
349496	5015467
349497	5015471
349498	5015501
349499	5015503
349500	5015509
349501	5015513
349502	5015519
349503	5015557
349504	5015581
349505	5015599
349506	5015617
349507	5015623
349508	5015627
349509	5015657
349510	5015669
349511	5015711
349512	5015713
349513	5015719
349514	5015723
349515	5015729
349516	5015737
349517	5015741
349518	5015743
349519	5015749
349520	5015783
349521	5015797
349522	5015807
349523	5015809
349524	5015827
349525	5015873
349526	5015897
349527	5015911
349528	5015917
349529	5015921
349530	5015953
349531	5015971
349532	5015977
349533	5015987
349534	5016013
349535	5016023
349536	5016029
349537	5016031
349538	5016059
349539	5016061
349540	5016083
349541	5016097
349542	5016113
349543	5016149
349544	5016163
349545	5016181
349546	5016197
349547	5016229
349548	5016269
349549	5016281
349550	5016283
349551	5016287
349552	5016299
349553	5016301
349554	5016311
349555	5016313
349556	5016317
349557	5016331
349558	5016353
349559	5016379
349560	5016413
349561	5016433
349562	5016439
349563	5016443
349564	5016467
349565	5016469
349566	5016499
349567	5016521
349568	5016533
349569	5016541
349570	5016559
349571	5016563
349572	5016601
349573	5016607
349574	5016611
349575	5016631
349576	5016643
349577	5016653
349578	5016659
349579	5016667
349580	5016679
349581	5016689
349582	5016707
349583	5016721
349584	5016727
349585	5016731
349586	5016757
349587	5016773
349588	5016787
349589	5016799
349590	5016811
349591	5016839
349592	5016857
349593	5016859
349594	5016863
349595	5016901
349596	5016923
349597	5016929
349598	5016953
349599	5016959
349600	5016961
349601	5016983
349602	5017003
349603	5017021
349604	5017031
349605	5017037
349606	5017043
349607	5017049
349608	5017069
349609	5017079
349610	5017093
349611	5017097
349612	5017099
349613	5017127
349614	5017141
349615	5017231
349616	5017241
349617	5017253
349618	5017279
349619	5017321
349620	5017343
349621	5017361
349622	5017399
349623	5017417
349624	5017423
349625	5017447
349626	5017451
349627	5017471
349628	5017477
349629	5017487
349630	5017489
349631	5017511
349632	5017513
349633	5017559
349634	5017583
349635	5017589
349636	5017603
349637	5017613
349638	5017633
349639	5017637
349640	5017679
349641	5017687
349642	5017699
349643	5017709
349644	5017721
349645	5017739
349646	5017769
349647	5017811
349648	5017819
349649	5017871
349650	5017879
349651	5017889
349652	5017913
349653	5017927
349654	5017951
349655	5017981
349656	5017993
349657	5017997
349658	5018003
349659	5018017
349660	5018023
349661	5018047
349662	5018081
349663	5018119
349664	5018129
349665	5018137
349666	5018141
349667	5018149
349668	5018161
349669	5018177
349670	5018197
349671	5018201
349672	5018203
349673	5018207
349674	5018219
349675	5018269
349676	5018297
349677	5018309
349678	5018323
349679	5018327
349680	5018333
349681	5018341
349682	5018357
349683	5018369
349684	5018371
349685	5018381
349686	5018399
349687	5018437
349688	5018467
349689	5018491
349690	5018513
349691	5018521
349692	5018539
349693	5018543
349694	5018551
349695	5018567
349696	5018591
349697	5018593
349698	5018597
349699	5018609
349700	5018617
349701	5018627
349702	5018639
349703	5018647
349704	5018693
349705	5018701
349706	5018731
349707	5018737
349708	5018749
349709	5018753
349710	5018789
349711	5018803
349712	5018813
349713	5018821
349714	5018833
349715	5018837
349716	5018843
349717	5018861
349718	5018863
349719	5018879
349720	5018887
349721	5018891
349722	5018911
349723	5018929
349724	5018947
349725	5018957
349726	5018971
349727	5018987
349728	5018999
349729	5019017
349730	5019023
349731	5019031
349732	5019041
349733	5019043
349734	5019067
349735	5019103
349736	5019139
349737	5019163
349738	5019169
349739	5019181
349740	5019187
349741	5019193
349742	5019227
349743	5019251
349744	5019253
349745	5019257
349746	5019277
349747	5019281
349748	5019299
349749	5019319
349750	5019331
349751	5019353
349752	5019361
349753	5019373
349754	5019389
349755	5019431
349756	5019463
349757	5019473
349758	5019481
349759	5019491
349760	5019529
349761	5019541
349762	5019557
349763	5019563
349764	5019569
349765	5019587
349766	5019593
349767	5019601
349768	5019617
349769	5019631
349770	5019649
349771	5019659
349772	5019701
349773	5019713
349774	5019719
349775	5019767
349776	5019787
349777	5019793
349778	5019797
349779	5019803
349780	5019821
349781	5019869
349782	5019877
349783	5019899
349784	5019919
349785	5019943
349786	5019961
349787	5019967
349788	5019977
349789	5019979
349790	5019983
349791	5019997
349792	5020007
349793	5020019
349794	5020021
349795	5020031
349796	5020033
349797	5020061
349798	5020063
349799	5020069
349800	5020079
349801	5020087
349802	5020097
349803	5020111
349804	5020129
349805	5020139
349806	5020159
349807	5020177
349808	5020189
349809	5020201
349810	5020217
349811	5020229
349812	5020231
349813	5020247
349814	5020259
349815	5020261
349816	5020291
349817	5020307
349818	5020331
349819	5020343
349820	5020349
349821	5020373
349822	5020381
349823	5020387
349824	5020391
349825	5020403
349826	5020441
349827	5020447
349828	5020453
349829	5020469
349830	5020471
349831	5020489
349832	5020507
349833	5020513
349834	5020517
349835	5020537
349836	5020553
349837	5020577
349838	5020583
349839	5020591
349840	5020619
349841	5020621
349842	5020643
349843	5020651
349844	5020657
349845	5020669
349846	5020711
349847	5020781
349848	5020783
349849	5020787
349850	5020793
349851	5020861
349852	5020871
349853	5020891
349854	5020903
349855	5020909
349856	5020943
349857	5020949
349858	5020957
349859	5020987
349860	5020993
349861	5020999
349862	5021033
349863	5021087
349864	5021117
349865	5021119
349866	5021143
349867	5021173
349868	5021183
349869	5021197
349870	5021201
349871	5021207
349872	5021209
349873	5021213
349874	5021221
349875	5021227
349876	5021231
349877	5021243
349878	5021257
349879	5021279
349880	5021299
349881	5021327
349882	5021329
349883	5021347
349884	5021351
349885	5021363
349886	5021369
349887	5021407
349888	5021447
349889	5021479
349890	5021503
349891	5021507
349892	5021509
349893	5021519
349894	5021531
349895	5021537
349896	5021543
349897	5021551
349898	5021561
349899	5021573
349900	5021587
349901	5021609
349902	5021633
349903	5021641
349904	5021657
349905	5021663
349906	5021683
349907	5021693
349908	5021701
349909	5021729
349910	5021771
349911	5021773
349912	5021777
349913	5021789
349914	5021791
349915	5021801
349916	5021827
349917	5021837
349918	5021869
349919	5021879
349920	5021881
349921	5021893
349922	5021917
349923	5021923
349924	5021977
349925	5021983
349926	5021999
349927	5022019
349928	5022029
349929	5022041
349930	5022067
349931	5022079
349932	5022097
349933	5022167
349934	5022169
349935	5022179
349936	5022187
349937	5022221
349938	5022233
349939	5022301
349940	5022317
349941	5022319
349942	5022323
349943	5022331
349944	5022389
349945	5022421
349946	5022449
349947	5022461
349948	5022503
349949	5022509
349950	5022547
349951	5022571
349952	5022607
349953	5022613
349954	5022617
349955	5022637
349956	5022643
349957	5022649
349958	5022653
349959	5022659
349960	5022673
349961	5022683
349962	5022691
349963	5022733
349964	5022739
349965	5022779
349966	5022791
349967	5022811
349968	5022817
349969	5022833
349970	5022881
349971	5022883
349972	5022889
349973	5022917
349974	5022943
349975	5022971
349976	5022991
349977	5023013
349978	5023019
349979	5023069
349980	5023079
349981	5023091
349982	5023097
349983	5023099
349984	5023111
349985	5023121
349986	5023127
349987	5023133
349988	5023141
349989	5023153
349990	5023159
349991	5023169
349992	5023199
349993	5023229
349994	5023253
349995	5023259
349996	5023261
349997	5023267
349998	5023297
349999	5023301
350000	5023307
