350001	5023309
350002	5023331
350003	5023363
350004	5023367
350005	5023397
350006	5023399
350007	5023471
350008	5023481
350009	5023489
350010	5023493
350011	5023507
350012	5023511
350013	5023537
350014	5023547
350015	5023553
350016	5023559
350017	5023567
350018	5023589
350019	5023609
350020	5023631
350021	5023633
350022	5023651
350023	5023663
350024	5023679
350025	5023693
350026	5023703
350027	5023709
350028	5023717
350029	5023751
350030	5023769
350031	5023831
350032	5023849
350033	5023859
350034	5023871
350035	5023901
350036	5023903
350037	5023951
350038	5023957
350039	5023969
350040	5023973
350041	5023979
350042	5023987
350043	5024009
350044	5024011
350045	5024023
350046	5024039
350047	5024053
350048	5024057
350049	5024059
350050	5024081
350051	5024083
350052	5024101
350053	5024111
350054	5024141
350055	5024147
350056	5024161
350057	5024171
350058	5024177
350059	5024183
350060	5024203
350061	5024207
350062	5024219
350063	5024233
350064	5024251
350065	5024269
350066	5024273
350067	5024287
350068	5024293
350069	5024311
350070	5024323
350071	5024329
350072	5024359
350073	5024363
350074	5024389
350075	5024407
350076	5024473
350077	5024477
350078	5024483
350079	5024491
350080	5024519
350081	5024527
350082	5024533
350083	5024549
350084	5024567
350085	5024581
350086	5024587
350087	5024623
350088	5024633
350089	5024641
350090	5024647
350091	5024659
350092	5024671
350093	5024687
350094	5024693
350095	5024717
350096	5024731
350097	5024777
350098	5024779
350099	5024783
350100	5024807
350101	5024819
350102	5024849
350103	5024857
350104	5024861
350105	5024867
350106	5024869
350107	5024881
350108	5024893
350109	5024897
350110	5024951
350111	5024959
350112	5024963
350113	5024969
350114	5024977
350115	5025037
350116	5025049
350117	5025071
350118	5025073
350119	5025077
350120	5025079
350121	5025107
350122	5025113
350123	5025133
350124	5025143
350125	5025151
350126	5025157
350127	5025173
350128	5025187
350129	5025199
350130	5025203
350131	5025211
350132	5025221
350133	5025239
350134	5025257
350135	5025277
350136	5025299
350137	5025311
350138	5025313
350139	5025337
350140	5025373
350141	5025389
350142	5025403
350143	5025409
350144	5025437
350145	5025467
350146	5025479
350147	5025487
350148	5025509
350149	5025521
350150	5025529
350151	5025533
350152	5025541
350153	5025547
350154	5025589
350155	5025617
350156	5025637
350157	5025649
350158	5025653
350159	5025677
350160	5025697
350161	5025701
350162	5025703
350163	5025719
350164	5025721
350165	5025731
350166	5025749
350167	5025781
350168	5025791
350169	5025817
350170	5025847
350171	5025857
350172	5025859
350173	5025869
350174	5025893
350175	5025907
350176	5025929
350177	5025941
350178	5025947
350179	5025953
350180	5025959
350181	5025967
350182	5025971
350183	5025989
350184	5025997
350185	5026001
350186	5026003
350187	5026027
350188	5026031
350189	5026037
350190	5026057
350191	5026069
350192	5026093
350193	5026103
350194	5026129
350195	5026157
350196	5026159
350197	5026171
350198	5026183
350199	5026187
350200	5026207
350201	5026211
350202	5026223
350203	5026243
350204	5026253
350205	5026261
350206	5026289
350207	5026349
350208	5026369
350209	5026381
350210	5026391
350211	5026403
350212	5026421
350213	5026423
350214	5026429
350215	5026447
350216	5026451
350217	5026457
350218	5026493
350219	5026501
350220	5026519
350221	5026523
350222	5026531
350223	5026589
350224	5026597
350225	5026613
350226	5026633
350227	5026649
350228	5026661
350229	5026687
350230	5026711
350231	5026717
350232	5026733
350233	5026739
350234	5026751
350235	5026759
350236	5026771
350237	5026789
350238	5026793
350239	5026807
350240	5026817
350241	5026823
350242	5026837
350243	5026841
350244	5026843
350245	5026873
350246	5026877
350247	5026907
350248	5026909
350249	5026937
350250	5026961
350251	5026981
350252	5026993
350253	5027003
350254	5027017
350255	5027021
350256	5027023
350257	5027059
350258	5027069
350259	5027081
350260	5027101
350261	5027107
350262	5027117
350263	5027119
350264	5027123
350265	5027131
350266	5027137
350267	5027147
350268	5027149
350269	5027159
350270	5027171
350271	5027203
350272	5027221
350273	5027233
350274	5027251
350275	5027263
350276	5027287
350277	5027293
350278	5027299
350279	5027329
350280	5027339
350281	5027357
350282	5027383
350283	5027443
350284	5027467
350285	5027471
350286	5027509
350287	5027537
350288	5027557
350289	5027569
350290	5027579
350291	5027591
350292	5027621
350293	5027629
350294	5027651
350295	5027653
350296	5027657
350297	5027663
350298	5027669
350299	5027677
350300	5027713
350301	5027741
350302	5027773
350303	5027783
350304	5027791
350305	5027807
350306	5027821
350307	5027833
350308	5027851
350309	5027873
350310	5027887
350311	5027909
350312	5027917
350313	5027923
350314	5027929
350315	5027941
350316	5027959
350317	5027963
350318	5027969
350319	5027977
350320	5027987
350321	5027993
350322	5028011
350323	5028017
350324	5028059
350325	5028071
350326	5028091
350327	5028097
350328	5028109
350329	5028131
350330	5028181
350331	5028197
350332	5028241
350333	5028259
350334	5028299
350335	5028301
350336	5028307
350337	5028319
350338	5028323
350339	5028343
350340	5028347
350341	5028349
350342	5028367
350343	5028391
350344	5028409
350345	5028431
350346	5028437
350347	5028449
350348	5028461
350349	5028473
350350	5028509
350351	5028523
350352	5028533
350353	5028539
350354	5028547
350355	5028557
350356	5028581
350357	5028593
350358	5028599
350359	5028607
350360	5028623
350361	5028631
350362	5028641
350363	5028649
350364	5028703
350365	5028733
350366	5028739
350367	5028757
350368	5028761
350369	5028791
350370	5028811
350371	5028817
350372	5028827
350373	5028841
350374	5028847
350375	5028857
350376	5028869
350377	5028911
350378	5028917
350379	5028931
350380	5028943
350381	5028949
350382	5028997
350383	5029007
350384	5029009
350385	5029027
350386	5029033
350387	5029067
350388	5029081
350389	5029103
350390	5029109
350391	5029121
350392	5029139
350393	5029163
350394	5029169
350395	5029187
350396	5029201
350397	5029207
350398	5029217
350399	5029247
350400	5029253
350401	5029259
350402	5029261
350403	5029273
350404	5029289
350405	5029303
350406	5029307
350407	5029309
350408	5029333
350409	5029351
350410	5029361
350411	5029393
350412	5029397
350413	5029403
350414	5029411
350415	5029417
350416	5029457
350417	5029459
350418	5029463
350419	5029469
350420	5029477
350421	5029487
350422	5029513
350423	5029523
350424	5029529
350425	5029537
350426	5029559
350427	5029561
350428	5029567
350429	5029579
350430	5029589
350431	5029601
350432	5029643
350433	5029649
350434	5029679
350435	5029697
350436	5029727
350437	5029729
350438	5029751
350439	5029763
350440	5029811
350441	5029819
350442	5029823
350443	5029831
350444	5029837
350445	5029907
350446	5029933
350447	5029951
350448	5029957
350449	5029991
350450	5030027
350451	5030033
350452	5030063
350453	5030087
350454	5030099
350455	5030101
350456	5030107
350457	5030111
350458	5030131
350459	5030143
350460	5030173
350461	5030197
350462	5030203
350463	5030219
350464	5030227
350465	5030239
350466	5030251
350467	5030257
350468	5030273
350469	5030287
350470	5030299
350471	5030303
350472	5030309
350473	5030327
350474	5030329
350475	5030341
350476	5030359
350477	5030371
350478	5030411
350479	5030423
350480	5030429
350481	5030449
350482	5030461
350483	5030471
350484	5030477
350485	5030479
350486	5030489
350487	5030567
350488	5030581
350489	5030591
350490	5030593
350491	5030621
350492	5030639
350493	5030653
350494	5030671
350495	5030681
350496	5030689
350497	5030693
350498	5030719
350499	5030723
350500	5030747
350501	5030761
350502	5030771
350503	5030791
350504	5030797
350505	5030807
350506	5030821
350507	5030917
350508	5030923
350509	5030939
350510	5030969
350511	5030981
350512	5031011
350513	5031017
350514	5031023
350515	5031041
350516	5031071
350517	5031101
350518	5031121
350519	5031127
350520	5031139
350521	5031157
350522	5031161
350523	5031193
350524	5031199
350525	5031217
350526	5031251
350527	5031253
350528	5031281
350529	5031287
350530	5031329
350531	5031353
350532	5031361
350533	5031373
350534	5031401
350535	5031407
350536	5031419
350537	5031427
350538	5031443
350539	5031451
350540	5031469
350541	5031493
350542	5031497
350543	5031547
350544	5031553
350545	5031563
350546	5031569
350547	5031583
350548	5031601
350549	5031623
350550	5031659
350551	5031673
350552	5031683
350553	5031701
350554	5031721
350555	5031727
350556	5031737
350557	5031749
350558	5031769
350559	5031781
350560	5031791
350561	5031799
350562	5031809
350563	5031811
350564	5031821
350565	5031823
350566	5031833
350567	5031857
350568	5031863
350569	5031899
350570	5031907
350571	5031911
350572	5031919
350573	5031931
350574	5031959
350575	5031967
350576	5031991
350577	5031997
350578	5032019
350579	5032031
350580	5032033
350581	5032039
350582	5032043
350583	5032057
350584	5032061
350585	5032067
350586	5032081
350587	5032087
350588	5032099
350589	5032127
350590	5032129
350591	5032133
350592	5032151
350593	5032189
350594	5032201
350595	5032219
350596	5032249
350597	5032253
350598	5032319
350599	5032361
350600	5032367
350601	5032369
350602	5032387
350603	5032411
350604	5032427
350605	5032453
350606	5032471
350607	5032487
350608	5032501
350609	5032507
350610	5032513
350611	5032519
350612	5032529
350613	5032543
350614	5032579
350615	5032583
350616	5032603
350617	5032613
350618	5032649
350619	5032661
350620	5032667
350621	5032669
350622	5032691
350623	5032711
350624	5032717
350625	5032723
350626	5032771
350627	5032823
350628	5032843
350629	5032847
350630	5032897
350631	5032919
350632	5032939
350633	5032957
350634	5032961
350635	5032987
350636	5032997
350637	5033023
350638	5033047
350639	5033053
350640	5033057
350641	5033059
350642	5033069
350643	5033087
350644	5033099
350645	5033111
350646	5033117
350647	5033143
350648	5033167
350649	5033177
350650	5033179
350651	5033219
350652	5033227
350653	5033291
350654	5033299
350655	5033317
350656	5033321
350657	5033339
350658	5033341
350659	5033351
350660	5033383
350661	5033393
350662	5033401
350663	5033407
350664	5033417
350665	5033437
350666	5033449
350667	5033453
350668	5033459
350669	5033473
350670	5033477
350671	5033503
350672	5033531
350673	5033543
350674	5033549
350675	5033593
350676	5033599
350677	5033629
350678	5033641
350679	5033647
350680	5033663
350681	5033669
350682	5033671
350683	5033681
350684	5033723
350685	5033731
350686	5033737
350687	5033741
350688	5033759
350689	5033761
350690	5033771
350691	5033789
350692	5033807
350693	5033837
350694	5033839
350695	5033843
350696	5033863
350697	5033869
350698	5033893
350699	5033909
350700	5033923
350701	5033927
350702	5033933
350703	5033957
350704	5033969
350705	5033981
350706	5033999
350707	5034061
350708	5034077
350709	5034089
350710	5034097
350711	5034131
350712	5034149
350713	5034181
350714	5034191
350715	5034209
350716	5034229
350717	5034233
350718	5034247
350719	5034283
350720	5034301
350721	5034317
350722	5034343
350723	5034347
350724	5034353
350725	5034361
350726	5034377
350727	5034389
350728	5034413
350729	5034427
350730	5034451
350731	5034467
350732	5034503
350733	5034509
350734	5034521
350735	5034541
350736	5034559
350737	5034571
350738	5034583
350739	5034587
350740	5034607
350741	5034683
350742	5034691
350743	5034707
350744	5034709
350745	5034721
350746	5034751
350747	5034761
350748	5034763
350749	5034767
350750	5034773
350751	5034787
350752	5034797
350753	5034811
350754	5034817
350755	5034847
350756	5034851
350757	5034871
350758	5034881
350759	5034889
350760	5034901
350761	5034917
350762	5034919
350763	5034929
350764	5034937
350765	5034959
350766	5034961
350767	5034971
350768	5034973
350769	5035003
350770	5035021
350771	5035027
350772	5035031
350773	5035033
350774	5035039
350775	5035049
350776	5035073
350777	5035103
350778	5035109
350779	5035139
350780	5035181
350781	5035187
350782	5035189
350783	5035207
350784	5035243
350785	5035253
350786	5035267
350787	5035273
350788	5035307
350789	5035309
350790	5035319
350791	5035339
350792	5035351
350793	5035369
350794	5035379
350795	5035403
350796	5035421
350797	5035427
350798	5035447
350799	5035453
350800	5035463
350801	5035469
350802	5035483
350803	5035493
350804	5035507
350805	5035529
350806	5035543
350807	5035549
350808	5035571
350809	5035573
350810	5035577
350811	5035631
350812	5035633
350813	5035637
350814	5035651
350815	5035673
350816	5035711
350817	5035717
350818	5035729
350819	5035739
350820	5035747
350821	5035777
350822	5035819
350823	5035841
350824	5035843
350825	5035853
350826	5035861
350827	5035897
350828	5035903
350829	5035913
350830	5035951
350831	5035957
350832	5035973
350833	5035999
350834	5036039
350835	5036041
350836	5036047
350837	5036069
350838	5036077
350839	5036081
350840	5036147
350841	5036173
350842	5036183
350843	5036201
350844	5036209
350845	5036231
350846	5036237
350847	5036261
350848	5036263
350849	5036281
350850	5036293
350851	5036309
350852	5036347
350853	5036351
350854	5036371
350855	5036389
350856	5036393
350857	5036413
350858	5036453
350859	5036503
350860	5036509
350861	5036513
350862	5036519
350863	5036533
350864	5036543
350865	5036569
350866	5036617
350867	5036621
350868	5036623
350869	5036627
350870	5036639
350871	5036651
350872	5036657
350873	5036671
350874	5036683
350875	5036711
350876	5036723
350877	5036741
350878	5036753
350879	5036783
350880	5036789
350881	5036821
350882	5036851
350883	5036869
350884	5036873
350885	5036893
350886	5036897
350887	5036939
350888	5036959
350889	5036987
350890	5036989
350891	5037001
350892	5037017
350893	5037029
350894	5037091
350895	5037101
350896	5037157
350897	5037167
350898	5037181
350899	5037191
350900	5037199
350901	5037211
350902	5037229
350903	5037233
350904	5037247
350905	5037269
350906	5037281
350907	5037293
350908	5037317
350909	5037341
350910	5037349
350911	5037359
350912	5037371
350913	5037377
350914	5037419
350915	5037433
350916	5037449
350917	5037463
350918	5037467
350919	5037497
350920	5037509
350921	5037517
350922	5037523
350923	5037569
350924	5037581
350925	5037607
350926	5037611
350927	5037631
350928	5037647
350929	5037673
350930	5037689
350931	5037691
350932	5037701
350933	5037707
350934	5037731
350935	5037733
350936	5037737
350937	5037743
350938	5037749
350939	5037757
350940	5037761
350941	5037817
350942	5037827
350943	5037829
350944	5037853
350945	5037859
350946	5037863
350947	5037887
350948	5037911
350949	5037913
350950	5037917
350951	5037919
350952	5037953
350953	5037961
350954	5037997
350955	5038003
350956	5038013
350957	5038037
350958	5038043
350959	5038057
350960	5038063
350961	5038073
350962	5038079
350963	5038091
350964	5038109
350965	5038123
350966	5038133
350967	5038147
350968	5038153
350969	5038157
350970	5038169
350971	5038207
350972	5038237
350973	5038289
350974	5038321
350975	5038343
350976	5038351
350977	5038381
350978	5038421
350979	5038427
350980	5038433
350981	5038441
350982	5038457
350983	5038499
350984	5038507
350985	5038529
350986	5038559
350987	5038567
350988	5038571
350989	5038573
350990	5038577
350991	5038597
350992	5038609
350993	5038637
350994	5038643
350995	5038673
350996	5038739
350997	5038753
350998	5038757
350999	5038769
351000	5038793
