353001	5069671
353002	5069681
353003	5069759
353004	5069761
353005	5069783
353006	5069797
353007	5069803
353008	5069807
353009	5069819
353010	5069849
353011	5069861
353012	5069863
353013	5069873
353014	5069879
353015	5069881
353016	5069887
353017	5069891
353018	5069921
353019	5069947
353020	5069951
353021	5069963
353022	5069989
353023	5070007
353024	5070049
353025	5070061
353026	5070071
353027	5070089
353028	5070113
353029	5070133
353030	5070151
353031	5070167
353032	5070179
353033	5070187
353034	5070193
353035	5070209
353036	5070217
353037	5070223
353038	5070227
353039	5070239
353040	5070251
353041	5070253
353042	5070257
353043	5070269
353044	5070277
353045	5070293
353046	5070311
353047	5070341
353048	5070343
353049	5070379
353050	5070413
353051	5070421
353052	5070433
353053	5070449
353054	5070469
353055	5070479
353056	5070497
353057	5070509
353058	5070521
353059	5070523
353060	5070529
353061	5070547
353062	5070551
353063	5070599
353064	5070601
353065	5070613
353066	5070631
353067	5070643
353068	5070647
353069	5070661
353070	5070671
353071	5070673
353072	5070683
353073	5070691
353074	5070697
353075	5070707
353076	5070721
353077	5070727
353078	5070733
353079	5070809
353080	5070817
353081	5070823
353082	5070827
353083	5070829
353084	5070841
353085	5070847
353086	5070851
353087	5070883
353088	5070899
353089	5070937
353090	5070959
353091	5070973
353092	5071009
353093	5071013
353094	5071019
353095	5071057
353096	5071061
353097	5071067
353098	5071097
353099	5071103
353100	5071111
353101	5071127
353102	5071133
353103	5071139
353104	5071147
353105	5071169
353106	5071177
353107	5071181
353108	5071189
353109	5071193
353110	5071211
353111	5071229
353112	5071267
353113	5071273
353114	5071277
353115	5071301
353116	5071343
353117	5071351
353118	5071361
353119	5071369
353120	5071373
353121	5071379
353122	5071453
353123	5071471
353124	5071481
353125	5071483
353126	5071501
353127	5071511
353128	5071519
353129	5071543
353130	5071567
353131	5071579
353132	5071589
353133	5071597
353134	5071609
353135	5071639
353136	5071657
353137	5071667
353138	5071669
353139	5071673
353140	5071679
353141	5071687
353142	5071697
353143	5071709
353144	5071747
353145	5071751
353146	5071771
353147	5071777
353148	5071783
353149	5071789
353150	5071793
353151	5071813
353152	5071837
353153	5071873
353154	5071883
353155	5071889
353156	5071901
353157	5071903
353158	5071909
353159	5071919
353160	5071921
353161	5071931
353162	5071943
353163	5071949
353164	5071951
353165	5071973
353166	5072057
353167	5072063
353168	5072117
353169	5072141
353170	5072143
353171	5072161
353172	5072173
353173	5072191
353174	5072201
353175	5072261
353176	5072269
353177	5072299
353178	5072329
353179	5072359
353180	5072363
353181	5072371
353182	5072393
353183	5072399
353184	5072429
353185	5072497
353186	5072519
353187	5072531
353188	5072537
353189	5072539
353190	5072603
353191	5072621
353192	5072633
353193	5072653
353194	5072659
353195	5072671
353196	5072687
353197	5072689
353198	5072693
353199	5072707
353200	5072729
353201	5072731
353202	5072741
353203	5072773
353204	5072777
353205	5072779
353206	5072797
353207	5072801
353208	5072803
353209	5072813
353210	5072831
353211	5072863
353212	5072869
353213	5072891
353214	5072897
353215	5072939
353216	5072983
353217	5072993
353218	5073017
353219	5073031
353220	5073067
353221	5073077
353222	5073139
353223	5073149
353224	5073161
353225	5073169
353226	5073221
353227	5073241
353228	5073287
353229	5073311
353230	5073337
353231	5073353
353232	5073371
353233	5073373
353234	5073377
353235	5073379
353236	5073389
353237	5073401
353238	5073421
353239	5073443
353240	5073451
353241	5073457
353242	5073493
353243	5073511
353244	5073517
353245	5073529
353246	5073539
353247	5073557
353248	5073559
353249	5073583
353250	5073631
353251	5073643
353252	5073647
353253	5073659
353254	5073661
353255	5073683
353256	5073689
353257	5073721
353258	5073737
353259	5073749
353260	5073763
353261	5073767
353262	5073781
353263	5073787
353264	5073821
353265	5073839
353266	5073851
353267	5073857
353268	5073877
353269	5073889
353270	5073923
353271	5073949
353272	5073967
353273	5073989
353274	5073997
353275	5074001
353276	5074009
353277	5074033
353278	5074051
353279	5074063
353280	5074067
353281	5074079
353282	5074081
353283	5074087
353284	5074093
353285	5074103
353286	5074123
353287	5074127
353288	5074133
353289	5074141
353290	5074151
353291	5074183
353292	5074187
353293	5074189
353294	5074207
353295	5074213
353296	5074229
353297	5074231
353298	5074247
353299	5074259
353300	5074271
353301	5074337
353302	5074351
353303	5074357
353304	5074369
353305	5074373
353306	5074393
353307	5074417
353308	5074423
353309	5074429
353310	5074451
353311	5074453
353312	5074457
353313	5074469
353314	5074481
353315	5074567
353316	5074571
353317	5074603
353318	5074627
353319	5074633
353320	5074639
353321	5074673
353322	5074709
353323	5074733
353324	5074747
353325	5074753
353326	5074777
353327	5074787
353328	5074801
353329	5074807
353330	5074819
353331	5074831
353332	5074841
353333	5074847
353334	5074859
353335	5074871
353336	5074873
353337	5074877
353338	5074879
353339	5074897
353340	5074907
353341	5074933
353342	5074961
353343	5074967
353344	5074981
353345	5074987
353346	5074991
353347	5074997
353348	5074999
353349	5075011
353350	5075023
353351	5075051
353352	5075069
353353	5075099
353354	5075101
353355	5075113
353356	5075123
353357	5075143
353358	5075153
353359	5075159
353360	5075167
353361	5075171
353362	5075173
353363	5075177
353364	5075207
353365	5075221
353366	5075233
353367	5075237
353368	5075251
353369	5075263
353370	5075269
353371	5075309
353372	5075359
353373	5075381
353374	5075407
353375	5075423
353376	5075437
353377	5075453
353378	5075459
353379	5075491
353380	5075501
353381	5075509
353382	5075519
353383	5075561
353384	5075573
353385	5075579
353386	5075597
353387	5075611
353388	5075633
353389	5075659
353390	5075669
353391	5075683
353392	5075687
353393	5075689
353394	5075747
353395	5075767
353396	5075779
353397	5075797
353398	5075821
353399	5075827
353400	5075867
353401	5075879
353402	5075881
353403	5075891
353404	5075897
353405	5075927
353406	5075929
353407	5075933
353408	5075951
353409	5075989
353410	5075999
353411	5076017
353412	5076037
353413	5076041
353414	5076053
353415	5076083
353416	5076089
353417	5076091
353418	5076109
353419	5076133
353420	5076139
353421	5076151
353422	5076161
353423	5076179
353424	5076199
353425	5076209
353426	5076221
353427	5076223
353428	5076229
353429	5076241
353430	5076283
353431	5076349
353432	5076377
353433	5076391
353434	5076397
353435	5076403
353436	5076413
353437	5076427
353438	5076431
353439	5076433
353440	5076443
353441	5076473
353442	5076503
353443	5076509
353444	5076527
353445	5076541
353446	5076551
353447	5076559
353448	5076569
353449	5076581
353450	5076587
353451	5076593
353452	5076601
353453	5076607
353454	5076613
353455	5076637
353456	5076671
353457	5076677
353458	5076679
353459	5076683
353460	5076691
353461	5076703
353462	5076719
353463	5076763
353464	5076787
353465	5076793
353466	5076803
353467	5076821
353468	5076833
353469	5076853
353470	5076899
353471	5076913
353472	5076941
353473	5076947
353474	5076949
353475	5076959
353476	5076979
353477	5076983
353478	5076991
353479	5077013
353480	5077021
353481	5077057
353482	5077063
353483	5077097
353484	5077099
353485	5077129
353486	5077151
353487	5077157
353488	5077201
353489	5077207
353490	5077217
353491	5077229
353492	5077243
353493	5077249
353494	5077277
353495	5077279
353496	5077283
353497	5077297
353498	5077321
353499	5077367
353500	5077379
353501	5077393
353502	5077417
353503	5077421
353504	5077447
353505	5077451
353506	5077477
353507	5077489
353508	5077493
353509	5077507
353510	5077517
353511	5077519
353512	5077529
353513	5077561
353514	5077607
353515	5077609
353516	5077619
353517	5077627
353518	5077643
353519	5077673
353520	5077711
353521	5077753
353522	5077757
353523	5077759
353524	5077777
353525	5077783
353526	5077789
353527	5077811
353528	5077817
353529	5077819
353530	5077829
353531	5077847
353532	5077873
353533	5077889
353534	5077901
353535	5077907
353536	5077931
353537	5077957
353538	5077967
353539	5077993
353540	5078011
353541	5078039
353542	5078057
353543	5078077
353544	5078081
353545	5078083
353546	5078119
353547	5078123
353548	5078167
353549	5078191
353550	5078207
353551	5078237
353552	5078243
353553	5078261
353554	5078273
353555	5078279
353556	5078309
353557	5078321
353558	5078329
353559	5078347
353560	5078351
353561	5078363
353562	5078369
353563	5078387
353564	5078401
353565	5078431
353566	5078443
353567	5078449
353568	5078459
353569	5078501
353570	5078503
353571	5078519
353572	5078531
353573	5078539
353574	5078551
353575	5078573
353576	5078581
353577	5078599
353578	5078609
353579	5078617
353580	5078651
353581	5078659
353582	5078663
353583	5078729
353584	5078737
353585	5078743
353586	5078747
353587	5078753
353588	5078771
353589	5078783
353590	5078789
353591	5078797
353592	5078807
353593	5078809
353594	5078813
353595	5078839
353596	5078849
353597	5078851
353598	5078861
353599	5078863
353600	5078873
353601	5078891
353602	5078893
353603	5078911
353604	5078933
353605	5078939
353606	5078951
353607	5078959
353608	5078977
353609	5078993
353610	5079037
353611	5079047
353612	5079049
353613	5079059
353614	5079079
353615	5079083
353616	5079097
353617	5079103
353618	5079143
353619	5079157
353620	5079163
353621	5079169
353622	5079197
353623	5079223
353624	5079227
353625	5079233
353626	5079241
353627	5079247
353628	5079253
353629	5079259
353630	5079299
353631	5079307
353632	5079341
353633	5079359
353634	5079377
353635	5079401
353636	5079407
353637	5079419
353638	5079433
353639	5079493
353640	5079499
353641	5079511
353642	5079533
353643	5079539
353644	5079577
353645	5079587
353646	5079589
353647	5079623
353648	5079661
353649	5079667
353650	5079673
353651	5079703
353652	5079709
353653	5079731
353654	5079743
353655	5079749
353656	5079751
353657	5079773
353658	5079817
353659	5079827
353660	5079829
353661	5079839
353662	5079869
353663	5079871
353664	5079883
353665	5079911
353666	5079913
353667	5079917
353668	5079947
353669	5079961
353670	5079967
353671	5080003
353672	5080013
353673	5080021
353674	5080037
353675	5080043
353676	5080051
353677	5080067
353678	5080069
353679	5080073
353680	5080081
353681	5080091
353682	5080109
353683	5080123
353684	5080129
353685	5080139
353686	5080151
353687	5080169
353688	5080177
353689	5080193
353690	5080213
353691	5080219
353692	5080223
353693	5080237
353694	5080241
353695	5080259
353696	5080267
353697	5080279
353698	5080301
353699	5080333
353700	5080357
353701	5080403
353702	5080451
353703	5080463
353704	5080483
353705	5080529
353706	5080541
353707	5080553
353708	5080561
353709	5080567
353710	5080571
353711	5080577
353712	5080583
353713	5080591
353714	5080627
353715	5080639
353716	5080643
353717	5080651
353718	5080661
353719	5080687
353720	5080703
353721	5080709
353722	5080711
353723	5080717
353724	5080721
353725	5080741
353726	5080793
353727	5080799
353728	5080813
353729	5080849
353730	5080853
353731	5080879
353732	5080883
353733	5080937
353734	5080939
353735	5080963
353736	5080967
353737	5080981
353738	5080997
353739	5081017
353740	5081023
353741	5081033
353742	5081047
353743	5081051
353744	5081077
353745	5081081
353746	5081101
353747	5081149
353748	5081159
353749	5081161
353750	5081191
353751	5081231
353752	5081287
353753	5081291
353754	5081339
353755	5081369
353756	5081381
353757	5081387
353758	5081393
353759	5081407
353760	5081437
353761	5081441
353762	5081477
353763	5081491
353764	5081519
353765	5081561
353766	5081563
353767	5081567
353768	5081579
353769	5081591
353770	5081599
353771	5081627
353772	5081647
353773	5081669
353774	5081677
353775	5081707
353776	5081717
353777	5081719
353778	5081731
353779	5081743
353780	5081761
353781	5081767
353782	5081773
353783	5081777
353784	5081779
353785	5081801
353786	5081803
353787	5081807
353788	5081819
353789	5081821
353790	5081837
353791	5081893
353792	5081897
353793	5081899
353794	5081903
353795	5081939
353796	5081941
353797	5081953
353798	5081959
353799	5081981
353800	5081983
353801	5082001
353802	5082013
353803	5082029
353804	5082037
353805	5082043
353806	5082053
353807	5082059
353808	5082067
353809	5082071
353810	5082079
353811	5082089
353812	5082097
353813	5082131
353814	5082137
353815	5082169
353816	5082191
353817	5082193
353818	5082199
353819	5082211
353820	5082227
353821	5082271
353822	5082277
353823	5082281
353824	5082293
353825	5082313
353826	5082317
353827	5082323
353828	5082331
353829	5082353
353830	5082359
353831	5082373
353832	5082377
353833	5082409
353834	5082433
353835	5082463
353836	5082491
353837	5082521
353838	5082529
353839	5082551
353840	5082577
353841	5082587
353842	5082589
353843	5082593
353844	5082601
353845	5082613
353846	5082617
353847	5082619
353848	5082629
353849	5082631
353850	5082641
353851	5082691
353852	5082697
353853	5082713
353854	5082731
353855	5082739
353856	5082751
353857	5082761
353858	5082767
353859	5082773
353860	5082787
353861	5082809
353862	5082817
353863	5082827
353864	5082887
353865	5082907
353866	5082911
353867	5082919
353868	5082929
353869	5082967
353870	5082991
353871	5083019
353872	5083021
353873	5083031
353874	5083049
353875	5083061
353876	5083087
353877	5083121
353878	5083123
353879	5083151
353880	5083157
353881	5083213
353882	5083217
353883	5083219
353884	5083231
353885	5083237
353886	5083297
353887	5083301
353888	5083307
353889	5083321
353890	5083339
353891	5083343
353892	5083363
353893	5083367
353894	5083399
353895	5083423
353896	5083451
353897	5083453
353898	5083471
353899	5083487
353900	5083489
353901	5083511
353902	5083513
353903	5083517
353904	5083523
353905	5083537
353906	5083579
353907	5083619
353908	5083643
353909	5083649
353910	5083657
353911	5083669
353912	5083681
353913	5083691
353914	5083693
353915	5083699
353916	5083709
353917	5083711
353918	5083723
353919	5083733
353920	5083753
353921	5083823
353922	5083879
353923	5083889
353924	5083909
353925	5083913
353926	5083927
353927	5083931
353928	5083957
353929	5083973
353930	5083993
353931	5084017
353932	5084033
353933	5084069
353934	5084099
353935	5084111
353936	5084113
353937	5084117
353938	5084129
353939	5084141
353940	5084147
353941	5084171
353942	5084179
353943	5084197
353944	5084213
353945	5084221
353946	5084243
353947	5084249
353948	5084263
353949	5084269
353950	5084333
353951	5084371
353952	5084383
353953	5084393
353954	5084399
353955	5084407
353956	5084423
353957	5084437
353958	5084447
353959	5084461
353960	5084473
353961	5084477
353962	5084489
353963	5084501
353964	5084509
353965	5084531
353966	5084537
353967	5084543
353968	5084549
353969	5084551
353970	5084557
353971	5084567
353972	5084593
353973	5084617
353974	5084627
353975	5084641
353976	5084671
353977	5084689
353978	5084693
353979	5084711
353980	5084731
353981	5084743
353982	5084749
353983	5084753
353984	5084803
353985	5084809
353986	5084813
353987	5084843
353988	5084851
353989	5084867
353990	5084869
353991	5084897
353992	5084903
353993	5084917
353994	5084927
353995	5084929
353996	5084939
353997	5084957
353998	5084969
353999	5084987
354000	5084999
