354001	5085011
354002	5085013
354003	5085019
354004	5085049
354005	5085079
354006	5085083
354007	5085089
354008	5085131
354009	5085133
354010	5085149
354011	5085167
354012	5085187
354013	5085239
354014	5085251
354015	5085263
354016	5085299
354017	5085313
354018	5085319
354019	5085337
354020	5085343
354021	5085347
354022	5085349
354023	5085359
354024	5085361
354025	5085383
354026	5085401
354027	5085413
354028	5085427
354029	5085433
354030	5085439
354031	5085449
354032	5085463
354033	5085473
354034	5085491
354035	5085497
354036	5085523
354037	5085547
354038	5085571
354039	5085583
354040	5085589
354041	5085607
354042	5085611
354043	5085629
354044	5085637
354045	5085649
354046	5085677
354047	5085679
354048	5085683
354049	5085709
354050	5085713
354051	5085719
354052	5085779
354053	5085797
354054	5085803
354055	5085809
354056	5085841
354057	5085853
354058	5085869
354059	5085881
354060	5085887
354061	5085889
354062	5085893
354063	5085929
354064	5085947
354065	5085973
354066	5085989
354067	5086007
354068	5086021
354069	5086033
354070	5086051
354071	5086063
354072	5086079
354073	5086087
354074	5086093
354075	5086117
354076	5086121
354077	5086141
354078	5086153
354079	5086163
354080	5086177
354081	5086189
354082	5086219
354083	5086229
354084	5086271
354085	5086297
354086	5086303
354087	5086309
354088	5086313
354089	5086321
354090	5086327
354091	5086351
354092	5086379
354093	5086409
354094	5086423
354095	5086429
354096	5086441
354097	5086447
354098	5086483
354099	5086493
354100	5086507
354101	5086517
354102	5086531
354103	5086541
354104	5086561
354105	5086579
354106	5086589
354107	5086591
354108	5086597
354109	5086603
354110	5086619
354111	5086633
354112	5086681
354113	5086691
354114	5086709
354115	5086717
354116	5086751
354117	5086769
354118	5086793
354119	5086799
354120	5086811
354121	5086817
354122	5086847
354123	5086849
354124	5086891
354125	5086897
354126	5086909
354127	5086931
354128	5086967
354129	5086997
354130	5087011
354131	5087021
354132	5087051
354133	5087053
354134	5087057
354135	5087087
354136	5087107
354137	5087111
354138	5087119
354139	5087129
354140	5087141
354141	5087143
354142	5087149
354143	5087161
354144	5087179
354145	5087183
354146	5087191
354147	5087197
354148	5087213
354149	5087219
354150	5087227
354151	5087237
354152	5087263
354153	5087279
354154	5087281
354155	5087293
354156	5087309
354157	5087323
354158	5087351
354159	5087353
354160	5087399
354161	5087413
354162	5087419
354163	5087431
354164	5087447
354165	5087449
354166	5087473
354167	5087501
354168	5087527
354169	5087543
354170	5087549
354171	5087569
354172	5087581
354173	5087587
354174	5087591
354175	5087603
354176	5087633
354177	5087639
354178	5087653
354179	5087657
354180	5087681
354181	5087699
354182	5087701
354183	5087707
354184	5087711
354185	5087713
354186	5087741
354187	5087749
354188	5087767
354189	5087773
354190	5087783
354191	5087791
354192	5087809
354193	5087821
354194	5087851
354195	5087861
354196	5087869
354197	5087893
354198	5087897
354199	5087921
354200	5087923
354201	5087933
354202	5087939
354203	5087959
354204	5087969
354205	5088007
354206	5088023
354207	5088089
354208	5088113
354209	5088119
354210	5088121
354211	5088157
354212	5088169
354213	5088179
354214	5088199
354215	5088217
354216	5088227
354217	5088241
354218	5088263
354219	5088269
354220	5088283
354221	5088301
354222	5088331
354223	5088341
354224	5088353
354225	5088379
354226	5088383
354227	5088401
354228	5088407
354229	5088439
354230	5088443
354231	5088467
354232	5088511
354233	5088521
354234	5088529
354235	5088539
354236	5088541
354237	5088569
354238	5088613
354239	5088617
354240	5088631
354241	5088649
354242	5088653
354243	5088679
354244	5088701
354245	5088709
354246	5088731
354247	5088739
354248	5088761
354249	5088793
354250	5088821
354251	5088823
354252	5088859
354253	5088871
354254	5088877
354255	5088887
354256	5088907
354257	5088913
354258	5088917
354259	5088947
354260	5088971
354261	5088973
354262	5088989
354263	5089013
354264	5089031
354265	5089057
354266	5089061
354267	5089079
354268	5089081
354269	5089121
354270	5089129
354271	5089151
354272	5089159
354273	5089199
354274	5089213
354275	5089223
354276	5089229
354277	5089237
354278	5089243
354279	5089261
354280	5089277
354281	5089339
354282	5089361
354283	5089373
354284	5089391
354285	5089411
354286	5089423
354287	5089429
354288	5089439
354289	5089451
354290	5089459
354291	5089499
354292	5089501
354293	5089519
354294	5089541
354295	5089547
354296	5089559
354297	5089561
354298	5089571
354299	5089573
354300	5089597
354301	5089607
354302	5089619
354303	5089631
354304	5089697
354305	5089709
354306	5089729
354307	5089741
354308	5089751
354309	5089769
354310	5089793
354311	5089807
354312	5089811
354313	5089829
354314	5089837
354315	5089849
354316	5089873
354317	5089879
354318	5089897
354319	5089913
354320	5089927
354321	5089933
354322	5089939
354323	5089943
354324	5089957
354325	5089963
354326	5090003
354327	5090009
354328	5090017
354329	5090077
354330	5090087
354331	5090093
354332	5090117
354333	5090131
354334	5090149
354335	5090171
354336	5090209
354337	5090219
354338	5090227
354339	5090237
354340	5090243
354341	5090249
354342	5090251
354343	5090257
354344	5090303
354345	5090317
354346	5090339
354347	5090369
354348	5090377
354349	5090381
354350	5090387
354351	5090401
354352	5090419
354353	5090447
354354	5090467
354355	5090471
354356	5090483
354357	5090489
354358	5090507
354359	5090539
354360	5090543
354361	5090549
354362	5090551
354363	5090557
354364	5090563
354365	5090587
354366	5090609
354367	5090621
354368	5090623
354369	5090669
354370	5090671
354371	5090693
354372	5090699
354373	5090713
354374	5090737
354375	5090741
354376	5090749
354377	5090753
354378	5090773
354379	5090777
354380	5090779
354381	5090807
354382	5090819
354383	5090831
354384	5090849
354385	5090857
354386	5090881
354387	5090903
354388	5090923
354389	5090927
354390	5090951
354391	5090963
354392	5090977
354393	5091001
354394	5091013
354395	5091019
354396	5091061
354397	5091091
354398	5091101
354399	5091113
354400	5091173
354401	5091193
354402	5091199
354403	5091227
354404	5091241
354405	5091253
354406	5091271
354407	5091301
354408	5091323
354409	5091341
354410	5091343
354411	5091367
354412	5091371
354413	5091377
354414	5091379
354415	5091407
354416	5091413
354417	5091451
354418	5091467
354419	5091473
354420	5091491
354421	5091509
354422	5091521
354423	5091529
354424	5091547
354425	5091553
354426	5091589
354427	5091613
354428	5091637
354429	5091643
354430	5091649
354431	5091659
354432	5091661
354433	5091689
354434	5091703
354435	5091707
354436	5091743
354437	5091761
354438	5091767
354439	5091769
354440	5091797
354441	5091803
354442	5091817
354443	5091833
354444	5091841
354445	5091847
354446	5091881
354447	5091883
354448	5091887
354449	5091899
354450	5091923
354451	5091929
354452	5091937
354453	5091949
354454	5091953
354455	5091973
354456	5091991
354457	5092007
354458	5092069
354459	5092079
354460	5092111
354461	5092127
354462	5092141
354463	5092147
354464	5092169
354465	5092181
354466	5092183
354467	5092193
354468	5092229
354469	5092271
354470	5092279
354471	5092289
354472	5092303
354473	5092327
354474	5092337
354475	5092343
354476	5092357
354477	5092369
354478	5092379
354479	5092387
354480	5092391
354481	5092393
354482	5092397
354483	5092411
354484	5092441
354485	5092481
354486	5092489
354487	5092501
354488	5092517
354489	5092519
354490	5092523
354491	5092541
354492	5092561
354493	5092567
354494	5092579
354495	5092613
354496	5092657
354497	5092693
354498	5092709
354499	5092721
354500	5092727
354501	5092757
354502	5092771
354503	5092783
354504	5092793
354505	5092799
354506	5092811
354507	5092819
354508	5092831
354509	5092849
354510	5092853
354511	5092861
354512	5092883
354513	5092889
354514	5092891
354515	5092909
354516	5092921
354517	5092933
354518	5092937
354519	5092943
354520	5092949
354521	5092961
354522	5092973
354523	5092981
354524	5092987
354525	5092993
354526	5093003
354527	5093017
354528	5093027
354529	5093029
354530	5093059
354531	5093063
354532	5093069
354533	5093089
354534	5093107
354535	5093111
354536	5093167
354537	5093173
354538	5093191
354539	5093201
354540	5093213
354541	5093227
354542	5093233
354543	5093279
354544	5093303
354545	5093321
354546	5093323
354547	5093339
354548	5093351
354549	5093359
354550	5093423
354551	5093447
354552	5093467
354553	5093503
354554	5093507
354555	5093509
354556	5093513
354557	5093519
354558	5093527
354559	5093537
354560	5093549
354561	5093573
354562	5093609
354563	5093623
354564	5093657
354565	5093663
354566	5093677
354567	5093681
354568	5093689
354569	5093713
354570	5093731
354571	5093743
354572	5093747
354573	5093749
354574	5093771
354575	5093773
354576	5093789
354577	5093791
354578	5093801
354579	5093819
354580	5093839
354581	5093857
354582	5093887
354583	5093899
354584	5093917
354585	5093923
354586	5093929
354587	5093939
354588	5093941
354589	5093947
354590	5093983
354591	5093993
354592	5094007
354593	5094029
354594	5094043
354595	5094059
354596	5094083
354597	5094091
354598	5094113
354599	5094121
354600	5094151
354601	5094181
354602	5094191
354603	5094233
354604	5094241
354605	5094259
354606	5094263
354607	5094269
354608	5094281
354609	5094301
354610	5094311
354611	5094329
354612	5094359
354613	5094361
354614	5094371
354615	5094403
354616	5094409
354617	5094433
354618	5094437
354619	5094487
354620	5094533
354621	5094539
354622	5094553
354623	5094559
354624	5094601
354625	5094629
354626	5094647
354627	5094653
354628	5094667
354629	5094673
354630	5094703
354631	5094773
354632	5094779
354633	5094787
354634	5094797
354635	5094821
354636	5094829
354637	5094833
354638	5094839
354639	5094841
354640	5094853
354641	5094857
354642	5094871
354643	5094899
354644	5094919
354645	5094931
354646	5094949
354647	5094953
354648	5094961
354649	5094967
354650	5094979
354651	5095009
354652	5095037
354653	5095073
354654	5095081
354655	5095091
354656	5095117
354657	5095127
354658	5095133
354659	5095151
354660	5095157
354661	5095163
354662	5095169
354663	5095171
354664	5095183
354665	5095187
354666	5095201
354667	5095219
354668	5095229
354669	5095231
354670	5095243
354671	5095267
354672	5095273
354673	5095319
354674	5095333
354675	5095361
354676	5095379
354677	5095399
354678	5095403
354679	5095429
354680	5095471
354681	5095483
354682	5095523
354683	5095537
354684	5095547
354685	5095549
354686	5095567
354687	5095633
354688	5095637
354689	5095639
354690	5095663
354691	5095669
354692	5095681
354693	5095697
354694	5095709
354695	5095711
354696	5095721
354697	5095723
354698	5095729
354699	5095759
354700	5095837
354701	5095841
354702	5095847
354703	5095877
354704	5095919
354705	5095921
354706	5095927
354707	5095939
354708	5095957
354709	5095991
354710	5096011
354711	5096023
354712	5096029
354713	5096093
354714	5096111
354715	5096137
354716	5096153
354717	5096159
354718	5096171
354719	5096173
354720	5096207
354721	5096213
354722	5096239
354723	5096249
354724	5096251
354725	5096279
354726	5096281
354727	5096291
354728	5096323
354729	5096327
354730	5096347
354731	5096381
354732	5096387
354733	5096393
354734	5096411
354735	5096437
354736	5096461
354737	5096467
354738	5096471
354739	5096473
354740	5096519
354741	5096563
354742	5096569
354743	5096573
354744	5096621
354745	5096627
354746	5096647
354747	5096653
354748	5096657
354749	5096683
354750	5096687
354751	5096701
354752	5096711
354753	5096717
354754	5096737
354755	5096759
354756	5096771
354757	5096783
354758	5096789
354759	5096797
354760	5096809
354761	5096813
354762	5096827
354763	5096849
354764	5096857
354765	5096863
354766	5096867
354767	5096873
354768	5096879
354769	5096887
354770	5096893
354771	5096911
354772	5096929
354773	5096939
354774	5096969
354775	5096983
354776	5096999
354777	5097013
354778	5097017
354779	5097023
354780	5097031
354781	5097041
354782	5097049
354783	5097089
354784	5097097
354785	5097109
354786	5097137
354787	5097139
354788	5097143
354789	5097151
354790	5097163
354791	5097179
354792	5097193
354793	5097199
354794	5097223
354795	5097227
354796	5097233
354797	5097241
354798	5097247
354799	5097251
354800	5097259
354801	5097289
354802	5097353
354803	5097401
354804	5097403
354805	5097409
354806	5097419
354807	5097431
354808	5097457
354809	5097461
354810	5097473
354811	5097511
354812	5097523
354813	5097539
354814	5097551
354815	5097553
354816	5097563
354817	5097577
354818	5097581
354819	5097583
354820	5097613
354821	5097619
354822	5097629
354823	5097647
354824	5097683
354825	5097751
354826	5097767
354827	5097787
354828	5097793
354829	5097797
354830	5097803
354831	5097811
354832	5097839
354833	5097847
354834	5097863
354835	5097887
354836	5097893
354837	5097901
354838	5097923
354839	5097931
354840	5097941
354841	5097959
354842	5097979
354843	5097991
354844	5098007
354845	5098031
354846	5098033
354847	5098069
354848	5098081
354849	5098087
354850	5098091
354851	5098117
354852	5098129
354853	5098133
354854	5098139
354855	5098141
354856	5098153
354857	5098169
354858	5098189
354859	5098201
354860	5098207
354861	5098211
354862	5098237
354863	5098241
354864	5098253
354865	5098259
354866	5098277
354867	5098279
354868	5098307
354869	5098337
354870	5098369
354871	5098399
354872	5098421
354873	5098427
354874	5098463
354875	5098469
354876	5098501
354877	5098523
354878	5098529
354879	5098531
354880	5098549
354881	5098559
354882	5098567
354883	5098573
354884	5098627
354885	5098649
354886	5098661
354887	5098679
354888	5098697
354889	5098733
354890	5098741
354891	5098747
354892	5098763
354893	5098771
354894	5098789
354895	5098799
354896	5098813
354897	5098823
354898	5098853
354899	5098903
354900	5098909
354901	5098927
354902	5098943
354903	5098967
354904	5098969
354905	5098979
354906	5098981
354907	5098987
354908	5098993
354909	5099009
354910	5099021
354911	5099023
354912	5099033
354913	5099053
354914	5099057
354915	5099063
354916	5099071
354917	5099089
354918	5099093
354919	5099113
354920	5099131
354921	5099141
354922	5099153
354923	5099191
354924	5099197
354925	5099219
354926	5099233
354927	5099243
354928	5099251
354929	5099257
354930	5099267
354931	5099309
354932	5099317
354933	5099329
354934	5099333
354935	5099357
354936	5099383
354937	5099411
354938	5099443
354939	5099459
354940	5099519
354941	5099527
354942	5099533
354943	5099557
354944	5099569
354945	5099587
354946	5099597
354947	5099617
354948	5099623
354949	5099669
354950	5099683
354951	5099701
354952	5099729
354953	5099741
354954	5099749
354955	5099753
354956	5099777
354957	5099797
354958	5099807
354959	5099827
354960	5099849
354961	5099851
354962	5099873
354963	5099879
354964	5099893
354965	5099933
354966	5099959
354967	5099977
354968	5099981
354969	5099987
354970	5099989
354971	5099993
354972	5100071
354973	5100077
354974	5100079
354975	5100083
354976	5100097
354977	5100127
354978	5100157
354979	5100167
354980	5100169
354981	5100211
354982	5100229
354983	5100239
354984	5100253
354985	5100257
354986	5100269
354987	5100287
354988	5100311
354989	5100331
354990	5100343
354991	5100353
354992	5100367
354993	5100371
354994	5100397
354995	5100409
354996	5100467
354997	5100479
354998	5100521
354999	5100541
355000	5100587
