356001	5116169
356002	5116171
356003	5116193
356004	5116211
356005	5116229
356006	5116291
356007	5116297
356008	5116361
356009	5116367
356010	5116381
356011	5116393
356012	5116411
356013	5116417
356014	5116427
356015	5116429
356016	5116469
356017	5116477
356018	5116483
356019	5116493
356020	5116537
356021	5116543
356022	5116571
356023	5116577
356024	5116583
356025	5116597
356026	5116607
356027	5116621
356028	5116627
356029	5116667
356030	5116669
356031	5116679
356032	5116687
356033	5116691
356034	5116717
356035	5116721
356036	5116739
356037	5116763
356038	5116823
356039	5116831
356040	5116849
356041	5116861
356042	5116873
356043	5116889
356044	5116897
356045	5116901
356046	5116907
356047	5116921
356048	5116927
356049	5116967
356050	5116973
356051	5116981
356052	5116987
356053	5117003
356054	5117027
356055	5117039
356056	5117053
356057	5117069
356058	5117071
356059	5117083
356060	5117089
356061	5117111
356062	5117113
356063	5117117
356064	5117131
356065	5117141
356066	5117149
356067	5117173
356068	5117197
356069	5117207
356070	5117269
356071	5117297
356072	5117317
356073	5117341
356074	5117347
356075	5117363
356076	5117377
356077	5117389
356078	5117401
356079	5117419
356080	5117471
356081	5117491
356082	5117503
356083	5117509
356084	5117533
356085	5117551
356086	5117557
356087	5117587
356088	5117597
356089	5117599
356090	5117603
356091	5117611
356092	5117621
356093	5117633
356094	5117653
356095	5117687
356096	5117701
356097	5117713
356098	5117737
356099	5117741
356100	5117747
356101	5117773
356102	5117779
356103	5117797
356104	5117807
356105	5117809
356106	5117813
356107	5117851
356108	5117869
356109	5117899
356110	5117923
356111	5117927
356112	5117941
356113	5117947
356114	5117953
356115	5117977
356116	5117993
356117	5117999
356118	5118013
356119	5118017
356120	5118023
356121	5118031
356122	5118059
356123	5118067
356124	5118079
356125	5118089
356126	5118101
356127	5118107
356128	5118143
356129	5118149
356130	5118187
356131	5118199
356132	5118203
356133	5118209
356134	5118251
356135	5118283
356136	5118287
356137	5118293
356138	5118307
356139	5118341
356140	5118349
356141	5118359
356142	5118367
356143	5118371
356144	5118389
356145	5118403
356146	5118409
356147	5118431
356148	5118433
356149	5118439
356150	5118517
356151	5118557
356152	5118569
356153	5118577
356154	5118583
356155	5118613
356156	5118637
356157	5118653
356158	5118661
356159	5118667
356160	5118697
356161	5118709
356162	5118713
356163	5118767
356164	5118779
356165	5118821
356166	5118829
356167	5118871
356168	5118881
356169	5118889
356170	5118901
356171	5118907
356172	5118917
356173	5118929
356174	5118931
356175	5118943
356176	5118947
356177	5118959
356178	5119007
356179	5119019
356180	5119027
356181	5119043
356182	5119063
356183	5119067
356184	5119069
356185	5119097
356186	5119117
356187	5119129
356188	5119139
356189	5119157
356190	5119199
356191	5119207
356192	5119229
356193	5119267
356194	5119273
356195	5119277
356196	5119297
356197	5119307
356198	5119319
356199	5119321
356200	5119327
356201	5119333
356202	5119337
356203	5119343
356204	5119351
356205	5119423
356206	5119427
356207	5119447
356208	5119459
356209	5119463
356210	5119469
356211	5119507
356212	5119529
356213	5119549
356214	5119571
356215	5119603
356216	5119633
356217	5119637
356218	5119643
356219	5119649
356220	5119661
356221	5119679
356222	5119687
356223	5119693
356224	5119717
356225	5119733
356226	5119769
356227	5119783
356228	5119811
356229	5119813
356230	5119819
356231	5119841
356232	5119847
356233	5119859
356234	5119861
356235	5119871
356236	5119879
356237	5119897
356238	5119901
356239	5119909
356240	5119931
356241	5119963
356242	5119969
356243	5119973
356244	5119997
356245	5120029
356246	5120033
356247	5120047
356248	5120051
356249	5120113
356250	5120117
356251	5120119
356252	5120123
356253	5120131
356254	5120183
356255	5120189
356256	5120201
356257	5120221
356258	5120231
356259	5120249
356260	5120251
356261	5120257
356262	5120263
356263	5120267
356264	5120273
356265	5120287
356266	5120299
356267	5120333
356268	5120351
356269	5120359
356270	5120371
356271	5120399
356272	5120411
356273	5120413
356274	5120419
356275	5120441
356276	5120459
356277	5120461
356278	5120477
356279	5120491
356280	5120503
356281	5120537
356282	5120539
356283	5120567
356284	5120573
356285	5120597
356286	5120629
356287	5120657
356288	5120677
356289	5120681
356290	5120707
356291	5120719
356292	5120729
356293	5120737
356294	5120809
356295	5120813
356296	5120831
356297	5120833
356298	5120839
356299	5120879
356300	5120887
356301	5120891
356302	5120939
356303	5120957
356304	5120959
356305	5120963
356306	5121007
356307	5121031
356308	5121037
356309	5121041
356310	5121071
356311	5121113
356312	5121119
356313	5121143
356314	5121161
356315	5121173
356316	5121191
356317	5121209
356318	5121211
356319	5121223
356320	5121227
356321	5121247
356322	5121251
356323	5121271
356324	5121287
356325	5121289
356326	5121323
356327	5121329
356328	5121331
356329	5121353
356330	5121359
356331	5121367
356332	5121379
356333	5121383
356334	5121419
356335	5121421
356336	5121439
356337	5121463
356338	5121481
356339	5121511
356340	5121521
356341	5121527
356342	5121533
356343	5121551
356344	5121553
356345	5121559
356346	5121581
356347	5121593
356348	5121631
356349	5121643
356350	5121653
356351	5121667
356352	5121673
356353	5121689
356354	5121691
356355	5121703
356356	5121713
356357	5121737
356358	5121749
356359	5121751
356360	5121763
356361	5121791
356362	5121793
356363	5121797
356364	5121821
356365	5121833
356366	5121839
356367	5121841
356368	5121871
356369	5121877
356370	5121889
356371	5121901
356372	5121911
356373	5121917
356374	5121923
356375	5121929
356376	5121931
356377	5121937
356378	5121943
356379	5121953
356380	5121959
356381	5121971
356382	5121979
356383	5121989
356384	5122069
356385	5122081
356386	5122111
356387	5122121
356388	5122127
356389	5122141
356390	5122147
356391	5122163
356392	5122181
356393	5122189
356394	5122193
356395	5122211
356396	5122213
356397	5122259
356398	5122277
356399	5122297
356400	5122301
356401	5122303
356402	5122331
356403	5122339
356404	5122361
356405	5122363
356406	5122367
356407	5122379
356408	5122387
356409	5122393
356410	5122421
356411	5122427
356412	5122433
356413	5122463
356414	5122477
356415	5122489
356416	5122517
356417	5122529
356418	5122541
356419	5122631
356420	5122639
356421	5122643
356422	5122651
356423	5122669
356424	5122679
356425	5122681
356426	5122697
356427	5122699
356428	5122717
356429	5122727
356430	5122739
356431	5122757
356432	5122759
356433	5122771
356434	5122783
356435	5122787
356436	5122807
356437	5122847
356438	5122849
356439	5122853
356440	5122867
356441	5122877
356442	5122883
356443	5122889
356444	5122903
356445	5122907
356446	5122919
356447	5122939
356448	5122961
356449	5122969
356450	5122973
356451	5122981
356452	5122987
356453	5123003
356454	5123011
356455	5123051
356456	5123077
356457	5123099
356458	5123119
356459	5123143
356460	5123177
356461	5123189
356462	5123191
356463	5123197
356464	5123201
356465	5123203
356466	5123219
356467	5123221
356468	5123231
356469	5123257
356470	5123263
356471	5123269
356472	5123281
356473	5123299
356474	5123303
356475	5123311
356476	5123317
356477	5123357
356478	5123399
356479	5123429
356480	5123441
356481	5123449
356482	5123453
356483	5123467
356484	5123471
356485	5123479
356486	5123491
356487	5123509
356488	5123527
356489	5123537
356490	5123551
356491	5123603
356492	5123621
356493	5123623
356494	5123627
356495	5123639
356496	5123683
356497	5123693
356498	5123707
356499	5123719
356500	5123743
356501	5123747
356502	5123753
356503	5123761
356504	5123771
356505	5123777
356506	5123791
356507	5123821
356508	5123849
356509	5123869
356510	5123873
356511	5123879
356512	5123887
356513	5123891
356514	5123927
356515	5123933
356516	5123947
356517	5123969
356518	5123983
356519	5124001
356520	5124011
356521	5124013
356522	5124017
356523	5124023
356524	5124037
356525	5124043
356526	5124047
356527	5124059
356528	5124107
356529	5124121
356530	5124127
356531	5124131
356532	5124143
356533	5124151
356534	5124169
356535	5124173
356536	5124179
356537	5124187
356538	5124247
356539	5124253
356540	5124263
356541	5124289
356542	5124299
356543	5124307
356544	5124349
356545	5124373
356546	5124397
356547	5124401
356548	5124407
356549	5124409
356550	5124419
356551	5124443
356552	5124451
356553	5124479
356554	5124491
356555	5124499
356556	5124521
356557	5124523
356558	5124529
356559	5124541
356560	5124569
356561	5124571
356562	5124583
356563	5124593
356564	5124617
356565	5124643
356566	5124649
356567	5124659
356568	5124683
356569	5124761
356570	5124781
356571	5124797
356572	5124811
356573	5124817
356574	5124829
356575	5124839
356576	5124859
356577	5124943
356578	5124961
356579	5124991
356580	5124997
356581	5125009
356582	5125019
356583	5125027
356584	5125039
356585	5125049
356586	5125051
356587	5125061
356588	5125073
356589	5125093
356590	5125139
356591	5125151
356592	5125157
356593	5125163
356594	5125171
356595	5125187
356596	5125201
356597	5125223
356598	5125247
356599	5125273
356600	5125319
356601	5125321
356602	5125327
356603	5125363
356604	5125391
356605	5125399
356606	5125411
356607	5125427
356608	5125429
356609	5125453
356610	5125487
356611	5125493
356612	5125511
356613	5125513
356614	5125529
356615	5125531
356616	5125541
356617	5125543
356618	5125553
356619	5125559
356620	5125583
356621	5125597
356622	5125609
356623	5125639
356624	5125651
356625	5125661
356626	5125669
356627	5125693
356628	5125699
356629	5125709
356630	5125723
356631	5125733
356632	5125753
356633	5125759
356634	5125781
356635	5125787
356636	5125807
356637	5125811
356638	5125843
356639	5125871
356640	5125907
356641	5125919
356642	5125921
356643	5125927
356644	5125931
356645	5125933
356646	5125949
356647	5125951
356648	5125963
356649	5125999
356650	5126003
356651	5126021
356652	5126057
356653	5126059
356654	5126063
356655	5126081
356656	5126083
356657	5126089
356658	5126113
356659	5126117
356660	5126123
356661	5126131
356662	5126141
356663	5126153
356664	5126167
356665	5126179
356666	5126183
356667	5126221
356668	5126267
356669	5126269
356670	5126291
356671	5126323
356672	5126339
356673	5126347
356674	5126351
356675	5126357
356676	5126369
356677	5126393
356678	5126411
356679	5126419
356680	5126437
356681	5126449
356682	5126479
356683	5126483
356684	5126491
356685	5126497
356686	5126543
356687	5126549
356688	5126551
356689	5126557
356690	5126567
356691	5126579
356692	5126581
356693	5126587
356694	5126603
356695	5126617
356696	5126629
356697	5126647
356698	5126651
356699	5126657
356700	5126669
356701	5126689
356702	5126701
356703	5126711
356704	5126747
356705	5126753
356706	5126767
356707	5126777
356708	5126783
356709	5126791
356710	5126813
356711	5126819
356712	5126833
356713	5126851
356714	5126897
356715	5126899
356716	5126909
356717	5126917
356718	5126929
356719	5126959
356720	5126963
356721	5126971
356722	5126977
356723	5126983
356724	5126987
356725	5127007
356726	5127011
356727	5127037
356728	5127043
356729	5127071
356730	5127103
356731	5127107
356732	5127139
356733	5127181
356734	5127197
356735	5127203
356736	5127247
356737	5127257
356738	5127289
356739	5127299
356740	5127313
356741	5127341
356742	5127347
356743	5127427
356744	5127433
356745	5127481
356746	5127487
356747	5127503
356748	5127527
356749	5127533
356750	5127541
356751	5127553
356752	5127569
356753	5127611
356754	5127613
356755	5127641
356756	5127673
356757	5127709
356758	5127737
356759	5127743
356760	5127763
356761	5127767
356762	5127769
356763	5127779
356764	5127797
356765	5127839
356766	5127869
356767	5127877
356768	5127901
356769	5127917
356770	5127943
356771	5127949
356772	5127961
356773	5127971
356774	5127973
356775	5127977
356776	5128007
356777	5128021
356778	5128027
356779	5128037
356780	5128063
356781	5128153
356782	5128213
356783	5128219
356784	5128229
356785	5128231
356786	5128261
356787	5128283
356788	5128297
356789	5128303
356790	5128307
356791	5128327
356792	5128337
356793	5128349
356794	5128351
356795	5128363
356796	5128369
356797	5128391
356798	5128393
356799	5128399
356800	5128421
356801	5128427
356802	5128433
356803	5128463
356804	5128489
356805	5128493
356806	5128507
356807	5128511
356808	5128523
356809	5128549
356810	5128553
356811	5128573
356812	5128583
356813	5128603
356814	5128633
356815	5128637
356816	5128639
356817	5128657
356818	5128661
356819	5128667
356820	5128691
356821	5128723
356822	5128751
356823	5128771
356824	5128789
356825	5128817
356826	5128847
356827	5128859
356828	5128861
356829	5128867
356830	5128873
356831	5128889
356832	5128891
356833	5128897
356834	5128901
356835	5128909
356836	5128943
356837	5128967
356838	5128973
356839	5128987
356840	5128999
356841	5129011
356842	5129021
356843	5129039
356844	5129041
356845	5129057
356846	5129077
356847	5129081
356848	5129099
356849	5129101
356850	5129129
356851	5129147
356852	5129153
356853	5129171
356854	5129177
356855	5129197
356856	5129227
356857	5129249
356858	5129261
356859	5129279
356860	5129303
356861	5129309
356862	5129321
356863	5129329
356864	5129339
356865	5129351
356866	5129357
356867	5129363
356868	5129381
356869	5129389
356870	5129407
356871	5129419
356872	5129459
356873	5129479
356874	5129489
356875	5129557
356876	5129581
356877	5129617
356878	5129647
356879	5129659
356880	5129671
356881	5129681
356882	5129731
356883	5129737
356884	5129749
356885	5129779
356886	5129807
356887	5129809
356888	5129819
356889	5129827
356890	5129833
356891	5129837
356892	5129863
356893	5129893
356894	5129933
356895	5129947
356896	5129953
356897	5129959
356898	5129983
356899	5129987
356900	5130001
356901	5130017
356902	5130067
356903	5130079
356904	5130089
356905	5130101
356906	5130113
356907	5130119
356908	5130143
356909	5130157
356910	5130163
356911	5130179
356912	5130253
356913	5130259
356914	5130263
356915	5130269
356916	5130271
356917	5130299
356918	5130331
356919	5130343
356920	5130397
356921	5130409
356922	5130421
356923	5130443
356924	5130467
356925	5130487
356926	5130493
356927	5130509
356928	5130511
356929	5130529
356930	5130547
356931	5130553
356932	5130557
356933	5130571
356934	5130577
356935	5130607
356936	5130623
356937	5130641
356938	5130647
356939	5130683
356940	5130689
356941	5130701
356942	5130707
356943	5130721
356944	5130731
356945	5130733
356946	5130743
356947	5130773
356948	5130791
356949	5130809
356950	5130823
356951	5130847
356952	5130857
356953	5130869
356954	5130913
356955	5130919
356956	5130947
356957	5130949
356958	5130959
356959	5130989
356960	5130997
356961	5131013
356962	5131019
356963	5131039
356964	5131043
356965	5131067
356966	5131069
356967	5131079
356968	5131081
356969	5131111
356970	5131141
356971	5131157
356972	5131163
356973	5131177
356974	5131183
356975	5131199
356976	5131201
356977	5131207
356978	5131211
356979	5131219
356980	5131223
356981	5131237
356982	5131249
356983	5131253
356984	5131267
356985	5131283
356986	5131307
356987	5131333
356988	5131339
356989	5131351
356990	5131363
356991	5131367
356992	5131417
356993	5131421
356994	5131439
356995	5131447
356996	5131457
356997	5131459
356998	5131481
356999	5131517
357000	5131541
