358001	5146769
358002	5146783
358003	5146789
358004	5146793
358005	5146819
358006	5146831
358007	5146847
358008	5146879
358009	5146901
358010	5146919
358011	5146927
358012	5146943
358013	5146951
358014	5146957
358015	5147041
358016	5147047
358017	5147059
358018	5147069
358019	5147159
358020	5147161
358021	5147167
358022	5147179
358023	5147213
358024	5147249
358025	5147251
358026	5147267
358027	5147273
358028	5147279
358029	5147281
358030	5147291
358031	5147293
358032	5147323
358033	5147339
358034	5147353
358035	5147357
358036	5147369
358037	5147371
358038	5147399
358039	5147419
358040	5147431
358041	5147479
358042	5147497
358043	5147507
358044	5147531
358045	5147539
358046	5147563
358047	5147603
358048	5147609
358049	5147621
358050	5147627
358051	5147629
358052	5147633
358053	5147647
358054	5147657
358055	5147687
358056	5147707
358057	5147711
358058	5147749
358059	5147789
358060	5147797
358061	5147827
358062	5147839
358063	5147843
358064	5147867
358065	5147881
358066	5147893
358067	5147897
358068	5147939
358069	5147951
358070	5147959
358071	5147963
358072	5147981
358073	5148007
358074	5148041
358075	5148047
358076	5148119
358077	5148131
358078	5148151
358079	5148173
358080	5148181
358081	5148191
358082	5148197
358083	5148203
358084	5148233
358085	5148257
358086	5148271
358087	5148277
358088	5148287
358089	5148289
358090	5148293
358091	5148301
358092	5148313
358093	5148337
358094	5148359
358095	5148371
358096	5148379
358097	5148463
358098	5148497
358099	5148499
358100	5148503
358101	5148523
358102	5148541
358103	5148547
358104	5148551
358105	5148553
358106	5148557
358107	5148581
358108	5148589
358109	5148623
358110	5148659
358111	5148701
358112	5148713
358113	5148719
358114	5148721
358115	5148761
358116	5148779
358117	5148799
358118	5148817
358119	5148823
358120	5148851
358121	5148853
358122	5148859
358123	5148893
358124	5148937
358125	5148959
358126	5148967
358127	5148971
358128	5148973
358129	5149009
358130	5149013
358131	5149021
358132	5149049
358133	5149061
358134	5149063
358135	5149093
358136	5149097
358137	5149099
358138	5149103
358139	5149139
358140	5149159
358141	5149187
358142	5149189
358143	5149219
358144	5149223
358145	5149229
358146	5149259
358147	5149267
358148	5149289
358149	5149301
358150	5149303
358151	5149307
358152	5149337
358153	5149349
358154	5149393
358155	5149409
358156	5149411
358157	5149421
358158	5149423
358159	5149429
358160	5149471
358161	5149483
358162	5149517
358163	5149519
358164	5149531
358165	5149537
358166	5149567
358167	5149577
358168	5149583
358169	5149597
358170	5149601
358171	5149619
358172	5149621
358173	5149643
358174	5149667
358175	5149673
358176	5149679
358177	5149699
358178	5149709
358179	5149717
358180	5149721
358181	5149747
358182	5149763
358183	5149783
358184	5149801
358185	5149829
358186	5149841
358187	5149847
358188	5149853
358189	5149867
358190	5149891
358191	5149913
358192	5149927
358193	5149943
358194	5149951
358195	5149961
358196	5149973
358197	5149979
358198	5149987
358199	5150027
358200	5150059
358201	5150069
358202	5150107
358203	5150129
358204	5150143
358205	5150147
358206	5150149
358207	5150161
358208	5150177
358209	5150191
358210	5150203
358211	5150207
358212	5150209
358213	5150219
358214	5150221
358215	5150237
358216	5150251
358217	5150267
358218	5150279
358219	5150333
358220	5150347
358221	5150351
358222	5150377
358223	5150389
358224	5150407
358225	5150419
358226	5150423
358227	5150441
358228	5150443
358229	5150477
358230	5150489
358231	5150513
358232	5150549
358233	5150567
358234	5150581
358235	5150599
358236	5150617
358237	5150633
358238	5150671
358239	5150693
358240	5150701
358241	5150713
358242	5150723
358243	5150737
358244	5150741
358245	5150773
358246	5150819
358247	5150833
358248	5150839
358249	5150851
358250	5150869
358251	5150909
358252	5150917
358253	5150921
358254	5150939
358255	5150941
358256	5150947
358257	5150969
358258	5150987
358259	5151001
358260	5151007
358261	5151019
358262	5151031
358263	5151043
358264	5151049
358265	5151061
358266	5151131
358267	5151137
358268	5151151
358269	5151163
358270	5151169
358271	5151191
358272	5151193
358273	5151197
358274	5151203
358275	5151217
358276	5151227
358277	5151253
358278	5151257
358279	5151269
358280	5151277
358281	5151317
358282	5151319
358283	5151343
358284	5151347
358285	5151359
358286	5151361
358287	5151371
358288	5151373
358289	5151407
358290	5151431
358291	5151437
358292	5151457
358293	5151463
358294	5151469
358295	5151481
358296	5151491
358297	5151521
358298	5151533
358299	5151539
358300	5151541
358301	5151551
358302	5151577
358303	5151581
358304	5151583
358305	5151593
358306	5151599
358307	5151607
358308	5151617
358309	5151637
358310	5151659
358311	5151661
358312	5151677
358313	5151737
358314	5151739
358315	5151779
358316	5151781
358317	5151791
358318	5151823
358319	5151841
358320	5151847
358321	5151851
358322	5151871
358323	5151889
358324	5151899
358325	5151919
358326	5151929
358327	5151947
358328	5151953
358329	5151967
358330	5151989
358331	5151997
358332	5152001
358333	5152027
358334	5152031
358335	5152039
358336	5152051
358337	5152087
358338	5152109
358339	5152127
358340	5152151
358341	5152153
358342	5152177
358343	5152181
358344	5152237
358345	5152247
358346	5152261
358347	5152297
358348	5152319
358349	5152327
358350	5152331
358351	5152333
358352	5152351
358353	5152379
358354	5152387
358355	5152397
358356	5152403
358357	5152421
358358	5152423
358359	5152447
358360	5152453
358361	5152457
358362	5152463
358363	5152471
358364	5152481
358365	5152493
358366	5152507
358367	5152519
358368	5152531
358369	5152549
358370	5152571
358371	5152579
358372	5152613
358373	5152639
358374	5152643
358375	5152669
358376	5152681
358377	5152699
358378	5152711
358379	5152739
358380	5152747
358381	5152753
358382	5152783
358383	5152801
358384	5152811
358385	5152813
358386	5152837
358387	5152841
358388	5152843
358389	5152859
358390	5152877
358391	5152909
358392	5152937
358393	5152949
358394	5152957
358395	5152993
358396	5153017
358397	5153021
358398	5153041
358399	5153063
358400	5153089
358401	5153111
358402	5153117
358403	5153129
358404	5153149
358405	5153153
358406	5153179
358407	5153191
358408	5153201
358409	5153207
358410	5153209
358411	5153257
358412	5153299
358413	5153321
358414	5153327
358415	5153353
358416	5153359
358417	5153381
358418	5153383
358419	5153437
358420	5153443
358421	5153459
358422	5153483
358423	5153509
358424	5153521
358425	5153531
358426	5153537
358427	5153539
358428	5153543
358429	5153549
358430	5153569
358431	5153623
358432	5153639
358433	5153641
358434	5153647
358435	5153651
358436	5153663
358437	5153689
358438	5153699
358439	5153711
358440	5153747
358441	5153749
358442	5153777
358443	5153779
358444	5153831
358445	5153833
358446	5153849
358447	5153867
358448	5153887
358449	5153891
358450	5153899
358451	5153903
358452	5153917
358453	5153923
358454	5153927
358455	5153957
358456	5153963
358457	5153971
358458	5153983
358459	5154007
358460	5154013
358461	5154049
358462	5154089
358463	5154101
358464	5154133
358465	5154143
358466	5154157
358467	5154167
358468	5154173
358469	5154209
358470	5154221
358471	5154229
358472	5154239
358473	5154271
358474	5154287
358475	5154293
358476	5154307
358477	5154313
358478	5154343
358479	5154353
358480	5154361
358481	5154371
358482	5154379
358483	5154389
358484	5154419
358485	5154421
358486	5154427
358487	5154469
358488	5154473
358489	5154493
358490	5154497
358491	5154509
358492	5154533
358493	5154551
358494	5154557
358495	5154559
358496	5154563
358497	5154577
358498	5154593
358499	5154619
358500	5154629
358501	5154641
358502	5154673
358503	5154701
358504	5154703
358505	5154707
358506	5154713
358507	5154733
358508	5154739
358509	5154761
358510	5154763
358511	5154767
358512	5154769
358513	5154811
358514	5154817
358515	5154823
358516	5154827
358517	5154839
358518	5154857
358519	5154869
358520	5154887
358521	5154901
358522	5154907
358523	5154911
358524	5154917
358525	5154923
358526	5154973
358527	5154979
358528	5154983
358529	5154997
358530	5155001
358531	5155027
358532	5155037
358533	5155043
358534	5155067
358535	5155103
358536	5155109
358537	5155133
358538	5155159
358539	5155193
358540	5155219
358541	5155229
358542	5155237
358543	5155261
358544	5155277
358545	5155279
358546	5155307
358547	5155309
358548	5155351
358549	5155387
358550	5155433
358551	5155439
358552	5155481
358553	5155483
358554	5155489
358555	5155499
358556	5155511
358557	5155547
358558	5155561
358559	5155567
358560	5155603
358561	5155639
358562	5155643
358563	5155673
358564	5155679
358565	5155697
358566	5155699
358567	5155727
358568	5155729
358569	5155753
358570	5155769
358571	5155789
358572	5155817
358573	5155849
358574	5155861
358575	5155907
358576	5155957
358577	5155961
358578	5155993
358579	5156017
358580	5156023
358581	5156033
358582	5156051
358583	5156059
358584	5156089
358585	5156101
358586	5156111
358587	5156141
358588	5156153
358589	5156159
358590	5156161
358591	5156183
358592	5156189
358593	5156213
358594	5156227
358595	5156231
358596	5156237
358597	5156243
358598	5156267
358599	5156273
358600	5156279
358601	5156297
358602	5156299
358603	5156309
358604	5156339
358605	5156341
358606	5156363
358607	5156383
358608	5156399
358609	5156413
358610	5156419
358611	5156441
358612	5156449
358613	5156471
358614	5156477
358615	5156479
358616	5156497
358617	5156527
358618	5156533
358619	5156537
358620	5156539
358621	5156549
358622	5156551
358623	5156561
358624	5156563
358625	5156573
358626	5156587
358627	5156609
358628	5156663
358629	5156719
358630	5156731
358631	5156737
358632	5156743
358633	5156747
358634	5156773
358635	5156779
358636	5156783
358637	5156803
358638	5156813
358639	5156839
358640	5156849
358641	5156891
358642	5156897
358643	5156911
358644	5156917
358645	5156929
358646	5156941
358647	5156951
358648	5156969
358649	5156971
358650	5156993
358651	5157007
358652	5157017
358653	5157029
358654	5157049
358655	5157073
358656	5157101
358657	5157133
358658	5157143
358659	5157179
358660	5157197
358661	5157203
358662	5157241
358663	5157247
358664	5157277
358665	5157281
358666	5157287
358667	5157323
358668	5157329
358669	5157403
358670	5157407
358671	5157419
358672	5157421
358673	5157457
358674	5157479
358675	5157487
358676	5157491
358677	5157499
358678	5157517
358679	5157533
358680	5157547
358681	5157557
358682	5157571
358683	5157577
358684	5157599
358685	5157617
358686	5157619
358687	5157623
358688	5157629
358689	5157661
358690	5157709
358691	5157731
358692	5157739
358693	5157743
358694	5157787
358695	5157791
358696	5157793
358697	5157821
358698	5157829
358699	5157847
358700	5157857
358701	5157877
358702	5157883
358703	5157917
358704	5157941
358705	5157947
358706	5157967
358707	5157983
358708	5157991
358709	5158001
358710	5158007
358711	5158019
358712	5158031
358713	5158033
358714	5158037
358715	5158039
358716	5158057
358717	5158061
358718	5158067
358719	5158073
358720	5158081
358721	5158103
358722	5158117
358723	5158189
358724	5158199
358725	5158211
358726	5158261
358727	5158267
358728	5158271
358729	5158273
358730	5158277
358731	5158289
358732	5158303
358733	5158313
358734	5158339
358735	5158357
358736	5158379
358737	5158381
358738	5158393
358739	5158411
358740	5158423
358741	5158427
358742	5158441
358743	5158451
358744	5158453
358745	5158457
358746	5158469
358747	5158477
358748	5158487
358749	5158499
358750	5158501
358751	5158511
358752	5158523
358753	5158537
358754	5158591
358755	5158597
358756	5158603
358757	5158663
358758	5158669
358759	5158711
358760	5158721
358761	5158733
358762	5158759
358763	5158763
358764	5158793
358765	5158801
358766	5158817
358767	5158841
358768	5158843
358769	5158847
358770	5158883
358771	5158903
358772	5158913
358773	5158921
358774	5158987
358775	5158991
358776	5158999
358777	5159023
358778	5159039
358779	5159047
358780	5159053
358781	5159057
358782	5159059
358783	5159081
358784	5159093
358785	5159111
358786	5159117
358787	5159149
358788	5159159
358789	5159171
358790	5159207
358791	5159213
358792	5159227
358793	5159239
358794	5159249
358795	5159251
358796	5159257
358797	5159261
358798	5159281
358799	5159321
358800	5159351
358801	5159377
358802	5159389
358803	5159443
358804	5159447
358805	5159461
358806	5159489
358807	5159509
358808	5159513
358809	5159533
358810	5159549
358811	5159573
358812	5159611
358813	5159617
358814	5159633
358815	5159639
358816	5159657
358817	5159663
358818	5159669
358819	5159677
358820	5159681
358821	5159683
358822	5159701
358823	5159711
358824	5159717
358825	5159723
358826	5159729
358827	5159731
358828	5159741
358829	5159743
358830	5159779
358831	5159813
358832	5159827
358833	5159839
358834	5159879
358835	5159881
358836	5159893
358837	5159897
358838	5159899
358839	5159911
358840	5159927
358841	5159969
358842	5159977
358843	5160007
358844	5160011
358845	5160037
358846	5160041
358847	5160047
358848	5160049
358849	5160079
358850	5160101
358851	5160143
358852	5160149
358853	5160157
358854	5160161
358855	5160179
358856	5160187
358857	5160217
358858	5160223
358859	5160283
358860	5160293
358861	5160307
358862	5160313
358863	5160319
358864	5160329
358865	5160361
358866	5160373
358867	5160377
358868	5160409
358869	5160413
358870	5160439
358871	5160461
358872	5160479
358873	5160499
358874	5160509
358875	5160511
358876	5160523
358877	5160527
358878	5160563
358879	5160569
358880	5160581
358881	5160583
358882	5160587
358883	5160593
358884	5160607
358885	5160613
358886	5160643
358887	5160677
358888	5160679
358889	5160719
358890	5160721
358891	5160733
358892	5160737
358893	5160767
358894	5160773
358895	5160781
358896	5160791
358897	5160803
358898	5160821
358899	5160829
358900	5160839
358901	5160851
358902	5160887
358903	5160893
358904	5160917
358905	5160923
358906	5160941
358907	5160959
358908	5160971
358909	5160983
358910	5160997
358911	5161003
358912	5161031
358913	5161063
358914	5161073
358915	5161099
358916	5161111
358917	5161129
358918	5161133
358919	5161139
358920	5161181
358921	5161187
358922	5161229
358923	5161231
358924	5161243
358925	5161249
358926	5161253
358927	5161267
358928	5161291
358929	5161309
358930	5161327
358931	5161337
358932	5161339
358933	5161349
358934	5161357
358935	5161363
358936	5161381
358937	5161411
358938	5161417
358939	5161423
358940	5161427
358941	5161439
358942	5161451
358943	5161517
358944	5161529
358945	5161549
358946	5161553
358947	5161561
358948	5161567
358949	5161571
358950	5161579
358951	5161609
358952	5161619
358953	5161631
358954	5161643
358955	5161669
358956	5161679
358957	5161697
358958	5161699
358959	5161703
358960	5161789
358961	5161799
358962	5161811
358963	5161813
358964	5161831
358965	5161837
358966	5161843
358967	5161847
358968	5161873
358969	5161879
358970	5161909
358971	5161921
358972	5161927
358973	5161943
358974	5161967
358975	5161993
358976	5161997
358977	5162011
358978	5162063
358979	5162071
358980	5162077
358981	5162081
358982	5162083
358983	5162093
358984	5162099
358985	5162123
358986	5162141
358987	5162159
358988	5162177
358989	5162219
358990	5162221
358991	5162231
358992	5162233
358993	5162291
358994	5162293
358995	5162299
358996	5162303
358997	5162329
358998	5162371
358999	5162383
359000	5162387
