359001	5162389
359002	5162393
359003	5162447
359004	5162459
359005	5162467
359006	5162473
359007	5162477
359008	5162483
359009	5162489
359010	5162497
359011	5162501
359012	5162513
359013	5162561
359014	5162569
359015	5162587
359016	5162593
359017	5162617
359018	5162627
359019	5162653
359020	5162671
359021	5162681
359022	5162711
359023	5162719
359024	5162743
359025	5162749
359026	5162753
359027	5162767
359028	5162777
359029	5162789
359030	5162803
359031	5162827
359032	5162831
359033	5162837
359034	5162863
359035	5162891
359036	5162893
359037	5162909
359038	5162923
359039	5162933
359040	5162947
359041	5162981
359042	5162987
359043	5163001
359044	5163023
359045	5163061
359046	5163077
359047	5163097
359048	5163113
359049	5163127
359050	5163163
359051	5163167
359052	5163199
359053	5163229
359054	5163233
359055	5163241
359056	5163283
359057	5163289
359058	5163317
359059	5163343
359060	5163349
359061	5163371
359062	5163377
359063	5163409
359064	5163437
359065	5163443
359066	5163451
359067	5163469
359068	5163481
359069	5163491
359070	5163511
359071	5163517
359072	5163527
359073	5163547
359074	5163583
359075	5163593
359076	5163607
359077	5163629
359078	5163659
359079	5163671
359080	5163727
359081	5163751
359082	5163773
359083	5163787
359084	5163791
359085	5163793
359086	5163797
359087	5163817
359088	5163859
359089	5163871
359090	5163883
359091	5163911
359092	5163919
359093	5163923
359094	5163959
359095	5163973
359096	5163997
359097	5164007
359098	5164009
359099	5164013
359100	5164021
359101	5164069
359102	5164079
359103	5164087
359104	5164091
359105	5164097
359106	5164123
359107	5164129
359108	5164139
359109	5164147
359110	5164157
359111	5164169
359112	5164189
359113	5164193
359114	5164207
359115	5164217
359116	5164241
359117	5164253
359118	5164261
359119	5164273
359120	5164283
359121	5164303
359122	5164331
359123	5164361
359124	5164363
359125	5164381
359126	5164387
359127	5164417
359128	5164441
359129	5164451
359130	5164463
359131	5164517
359132	5164519
359133	5164541
359134	5164543
359135	5164547
359136	5164567
359137	5164589
359138	5164591
359139	5164597
359140	5164603
359141	5164609
359142	5164619
359143	5164657
359144	5164669
359145	5164699
359146	5164703
359147	5164717
359148	5164723
359149	5164739
359150	5164741
359151	5164769
359152	5164771
359153	5164781
359154	5164799
359155	5164807
359156	5164849
359157	5164853
359158	5164897
359159	5164921
359160	5164961
359161	5164993
359162	5165021
359163	5165051
359164	5165063
359165	5165077
359166	5165107
359167	5165113
359168	5165119
359169	5165123
359170	5165137
359171	5165191
359172	5165201
359173	5165227
359174	5165243
359175	5165267
359176	5165269
359177	5165299
359178	5165309
359179	5165323
359180	5165333
359181	5165387
359182	5165389
359183	5165411
359184	5165417
359185	5165423
359186	5165429
359187	5165431
359188	5165453
359189	5165483
359190	5165497
359191	5165513
359192	5165519
359193	5165527
359194	5165543
359195	5165551
359196	5165557
359197	5165579
359198	5165581
359199	5165591
359200	5165597
359201	5165621
359202	5165647
359203	5165653
359204	5165659
359205	5165687
359206	5165689
359207	5165707
359208	5165711
359209	5165717
359210	5165729
359211	5165749
359212	5165753
359213	5165779
359214	5165791
359215	5165801
359216	5165803
359217	5165813
359218	5165821
359219	5165833
359220	5165887
359221	5165899
359222	5165939
359223	5165947
359224	5165969
359225	5165983
359226	5165987
359227	5165999
359228	5166001
359229	5166013
359230	5166017
359231	5166019
359232	5166023
359233	5166037
359234	5166061
359235	5166071
359236	5166101
359237	5166103
359238	5166107
359239	5166121
359240	5166131
359241	5166143
359242	5166179
359243	5166197
359244	5166209
359245	5166211
359246	5166221
359247	5166223
359248	5166253
359249	5166257
359250	5166289
359251	5166311
359252	5166323
359253	5166331
359254	5166353
359255	5166373
359256	5166383
359257	5166389
359258	5166391
359259	5166401
359260	5166443
359261	5166449
359262	5166481
359263	5166527
359264	5166541
359265	5166563
359266	5166619
359267	5166631
359268	5166647
359269	5166649
359270	5166653
359271	5166661
359272	5166671
359273	5166673
359274	5166701
359275	5166703
359276	5166737
359277	5166787
359278	5166817
359279	5166829
359280	5166869
359281	5166871
359282	5166877
359283	5166893
359284	5166919
359285	5166961
359286	5166971
359287	5166983
359288	5167003
359289	5167021
359290	5167051
359291	5167061
359292	5167067
359293	5167079
359294	5167081
359295	5167103
359296	5167109
359297	5167121
359298	5167139
359299	5167163
359300	5167187
359301	5167199
359302	5167207
359303	5167213
359304	5167223
359305	5167231
359306	5167247
359307	5167291
359308	5167301
359309	5167333
359310	5167339
359311	5167343
359312	5167367
359313	5167399
359314	5167403
359315	5167427
359316	5167441
359317	5167471
359318	5167489
359319	5167501
359320	5167511
359321	5167523
359322	5167529
359323	5167549
359324	5167559
359325	5167577
359326	5167583
359327	5167619
359328	5167621
359329	5167637
359330	5167649
359331	5167651
359332	5167661
359333	5167667
359334	5167691
359335	5167693
359336	5167703
359337	5167733
359338	5167739
359339	5167741
359340	5167769
359341	5167781
359342	5167787
359343	5167807
359344	5167817
359345	5167823
359346	5167837
359347	5167853
359348	5167861
359349	5167879
359350	5167891
359351	5167907
359352	5167913
359353	5167919
359354	5167933
359355	5167937
359356	5167957
359357	5167973
359358	5167991
359359	5168021
359360	5168047
359361	5168071
359362	5168087
359363	5168089
359364	5168113
359365	5168117
359366	5168129
359367	5168147
359368	5168201
359369	5168237
359370	5168239
359371	5168249
359372	5168263
359373	5168279
359374	5168287
359375	5168291
359376	5168309
359377	5168311
359378	5168329
359379	5168333
359380	5168369
359381	5168377
359382	5168381
359383	5168389
359384	5168393
359385	5168407
359386	5168411
359387	5168431
359388	5168441
359389	5168477
359390	5168479
359391	5168539
359392	5168573
359393	5168621
359394	5168623
359395	5168677
359396	5168687
359397	5168707
359398	5168711
359399	5168717
359400	5168743
359401	5168749
359402	5168753
359403	5168777
359404	5168791
359405	5168803
359406	5168837
359407	5168851
359408	5168857
359409	5168861
359410	5168869
359411	5168879
359412	5168887
359413	5168897
359414	5168921
359415	5168923
359416	5168927
359417	5168929
359418	5168939
359419	5168941
359420	5168953
359421	5168963
359422	5168981
359423	5169019
359424	5169023
359425	5169053
359426	5169061
359427	5169091
359428	5169103
359429	5169113
359430	5169137
359431	5169149
359432	5169187
359433	5169191
359434	5169211
359435	5169247
359436	5169253
359437	5169299
359438	5169301
359439	5169317
359440	5169347
359441	5169361
359442	5169379
359443	5169383
359444	5169397
359445	5169401
359446	5169419
359447	5169427
359448	5169431
359449	5169433
359450	5169443
359451	5169449
359452	5169469
359453	5169481
359454	5169487
359455	5169497
359456	5169509
359457	5169551
359458	5169559
359459	5169583
359460	5169599
359461	5169601
359462	5169607
359463	5169613
359464	5169617
359465	5169623
359466	5169631
359467	5169643
359468	5169667
359469	5169679
359470	5169713
359471	5169721
359472	5169727
359473	5169763
359474	5169781
359475	5169793
359476	5169799
359477	5169817
359478	5169823
359479	5169833
359480	5169841
359481	5169893
359482	5169907
359483	5169943
359484	5169947
359485	5169949
359486	5169961
359487	5169971
359488	5170001
359489	5170013
359490	5170027
359491	5170031
359492	5170049
359493	5170063
359494	5170073
359495	5170129
359496	5170163
359497	5170181
359498	5170183
359499	5170201
359500	5170213
359501	5170237
359502	5170241
359503	5170247
359504	5170271
359505	5170279
359506	5170283
359507	5170289
359508	5170303
359509	5170307
359510	5170339
359511	5170351
359512	5170357
359513	5170369
359514	5170393
359515	5170411
359516	5170427
359517	5170463
359518	5170483
359519	5170513
359520	5170519
359521	5170531
359522	5170553
359523	5170559
359524	5170577
359525	5170579
359526	5170609
359527	5170619
359528	5170637
359529	5170643
359530	5170657
359531	5170667
359532	5170673
359533	5170687
359534	5170691
359535	5170709
359536	5170727
359537	5170741
359538	5170751
359539	5170777
359540	5170813
359541	5170829
359542	5170853
359543	5170871
359544	5170889
359545	5170927
359546	5170933
359547	5170967
359548	5170999
359549	5171011
359550	5171029
359551	5171039
359552	5171041
359553	5171057
359554	5171063
359555	5171071
359556	5171087
359557	5171093
359558	5171119
359559	5171123
359560	5171129
359561	5171161
359562	5171171
359563	5171183
359564	5171189
359565	5171191
359566	5171197
359567	5171209
359568	5171237
359569	5171239
359570	5171279
359571	5171293
359572	5171311
359573	5171317
359574	5171323
359575	5171329
359576	5171333
359577	5171347
359578	5171357
359579	5171359
359580	5171381
359581	5171407
359582	5171429
359583	5171437
359584	5171449
359585	5171459
359586	5171461
359587	5171473
359588	5171521
359589	5171531
359590	5171533
359591	5171549
359592	5171557
359593	5171561
359594	5171597
359595	5171609
359596	5171623
359597	5171627
359598	5171633
359599	5171659
359600	5171681
359601	5171693
359602	5171729
359603	5171753
359604	5171779
359605	5171783
359606	5171801
359607	5171807
359608	5171809
359609	5171839
359610	5171843
359611	5171891
359612	5171909
359613	5171917
359614	5171923
359615	5171951
359616	5171953
359617	5171963
359618	5171981
359619	5171983
359620	5171989
359621	5171993
359622	5172001
359623	5172017
359624	5172019
359625	5172043
359626	5172049
359627	5172053
359628	5172061
359629	5172073
359630	5172077
359631	5172107
359632	5172127
359633	5172149
359634	5172151
359635	5172163
359636	5172187
359637	5172197
359638	5172221
359639	5172227
359640	5172239
359641	5172253
359642	5172259
359643	5172283
359644	5172287
359645	5172289
359646	5172317
359647	5172337
359648	5172347
359649	5172361
359650	5172371
359651	5172379
359652	5172383
359653	5172407
359654	5172449
359655	5172451
359656	5172457
359657	5172463
359658	5172473
359659	5172481
359660	5172521
359661	5172523
359662	5172547
359663	5172551
359664	5172553
359665	5172569
359666	5172571
359667	5172647
359668	5172653
359669	5172659
359670	5172697
359671	5172703
359672	5172733
359673	5172749
359674	5172751
359675	5172767
359676	5172787
359677	5172793
359678	5172803
359679	5172821
359680	5172823
359681	5172829
359682	5172851
359683	5172889
359684	5172899
359685	5172901
359686	5172919
359687	5172941
359688	5172949
359689	5172977
359690	5173013
359691	5173019
359692	5173039
359693	5173057
359694	5173067
359695	5173079
359696	5173097
359697	5173193
359698	5173211
359699	5173213
359700	5173237
359701	5173241
359702	5173247
359703	5173261
359704	5173283
359705	5173309
359706	5173313
359707	5173319
359708	5173331
359709	5173379
359710	5173387
359711	5173409
359712	5173439
359713	5173477
359714	5173499
359715	5173537
359716	5173541
359717	5173543
359718	5173561
359719	5173579
359720	5173589
359721	5173591
359722	5173603
359723	5173607
359724	5173613
359725	5173657
359726	5173703
359727	5173711
359728	5173723
359729	5173741
359730	5173759
359731	5173787
359732	5173799
359733	5173813
359734	5173829
359735	5173843
359736	5173849
359737	5173859
359738	5173867
359739	5173877
359740	5173879
359741	5173891
359742	5173897
359743	5173907
359744	5173937
359745	5173939
359746	5173943
359747	5173951
359748	5173957
359749	5173963
359750	5173979
359751	5173981
359752	5173991
359753	5174003
359754	5174017
359755	5174033
359756	5174047
359757	5174063
359758	5174119
359759	5174177
359760	5174189
359761	5174219
359762	5174237
359763	5174243
359764	5174261
359765	5174291
359766	5174293
359767	5174347
359768	5174363
359769	5174387
359770	5174399
359771	5174401
359772	5174419
359773	5174423
359774	5174431
359775	5174461
359776	5174467
359777	5174473
359778	5174483
359779	5174501
359780	5174503
359781	5174509
359782	5174527
359783	5174531
359784	5174537
359785	5174567
359786	5174573
359787	5174581
359788	5174591
359789	5174633
359790	5174639
359791	5174657
359792	5174671
359793	5174677
359794	5174699
359795	5174723
359796	5174759
359797	5174773
359798	5174777
359799	5174791
359800	5174803
359801	5174809
359802	5174833
359803	5174843
359804	5174849
359805	5174863
359806	5174881
359807	5174887
359808	5174891
359809	5174903
359810	5174927
359811	5174929
359812	5174933
359813	5174941
359814	5174947
359815	5174957
359816	5174959
359817	5174989
359818	5174999
359819	5175019
359820	5175031
359821	5175041
359822	5175059
359823	5175097
359824	5175101
359825	5175103
359826	5175187
359827	5175193
359828	5175199
359829	5175229
359830	5175251
359831	5175271
359832	5175283
359833	5175323
359834	5175329
359835	5175337
359836	5175343
359837	5175347
359838	5175383
359839	5175407
359840	5175409
359841	5175431
359842	5175433
359843	5175461
359844	5175473
359845	5175491
359846	5175493
359847	5175509
359848	5175517
359849	5175551
359850	5175557
359851	5175563
359852	5175571
359853	5175587
359854	5175637
359855	5175661
359856	5175673
359857	5175691
359858	5175719
359859	5175721
359860	5175727
359861	5175757
359862	5175763
359863	5175767
359864	5175811
359865	5175839
359866	5175857
359867	5175869
359868	5175887
359869	5175899
359870	5175913
359871	5175917
359872	5175931
359873	5175991
359874	5176009
359875	5176027
359876	5176051
359877	5176069
359878	5176079
359879	5176091
359880	5176097
359881	5176141
359882	5176169
359883	5176183
359884	5176187
359885	5176217
359886	5176229
359887	5176243
359888	5176253
359889	5176273
359890	5176289
359891	5176307
359892	5176309
359893	5176319
359894	5176321
359895	5176343
359896	5176387
359897	5176429
359898	5176433
359899	5176459
359900	5176477
359901	5176489
359902	5176511
359903	5176543
359904	5176547
359905	5176571
359906	5176573
359907	5176579
359908	5176583
359909	5176603
359910	5176631
359911	5176637
359912	5176663
359913	5176667
359914	5176693
359915	5176709
359916	5176711
359917	5176723
359918	5176729
359919	5176739
359920	5176747
359921	5176757
359922	5176763
359923	5176799
359924	5176807
359925	5176811
359926	5176841
359927	5176849
359928	5176861
359929	5176879
359930	5176903
359931	5176933
359932	5176937
359933	5176943
359934	5176961
359935	5176973
359936	5177033
359937	5177059
359938	5177069
359939	5177099
359940	5177113
359941	5177119
359942	5177147
359943	5177149
359944	5177203
359945	5177209
359946	5177239
359947	5177261
359948	5177273
359949	5177281
359950	5177287
359951	5177327
359952	5177339
359953	5177351
359954	5177363
359955	5177387
359956	5177413
359957	5177441
359958	5177449
359959	5177453
359960	5177467
359961	5177477
359962	5177479
359963	5177489
359964	5177509
359965	5177551
359966	5177591
359967	5177593
359968	5177597
359969	5177617
359970	5177621
359971	5177647
359972	5177657
359973	5177659
359974	5177687
359975	5177701
359976	5177719
359977	5177723
359978	5177761
359979	5177771
359980	5177791
359981	5177797
359982	5177801
359983	5177803
359984	5177807
359985	5177813
359986	5177869
359987	5177881
359988	5177903
359989	5177923
359990	5177929
359991	5177947
359992	5177969
359993	5177971
359994	5177983
359995	5177989
359996	5178001
359997	5178007
359998	5178029
359999	5178031
360000	5178049
