361001	5193763
361002	5193767
361003	5193781
361004	5193817
361005	5193847
361006	5193869
361007	5193889
361008	5193901
361009	5193931
361010	5193977
361011	5193983
361012	5193989
361013	5193997
361014	5194001
361015	5194009
361016	5194037
361017	5194069
361018	5194073
361019	5194093
361020	5194109
361021	5194117
361022	5194193
361023	5194199
361024	5194207
361025	5194213
361026	5194229
361027	5194237
361028	5194261
361029	5194279
361030	5194283
361031	5194303
361032	5194337
361033	5194349
361034	5194351
361035	5194361
361036	5194369
361037	5194379
361038	5194381
361039	5194403
361040	5194411
361041	5194417
361042	5194421
361043	5194433
361044	5194439
361045	5194457
361046	5194459
361047	5194489
361048	5194493
361049	5194499
361050	5194507
361051	5194549
361052	5194559
361053	5194561
361054	5194601
361055	5194603
361056	5194643
361057	5194649
361058	5194661
361059	5194669
361060	5194691
361061	5194697
361062	5194703
361063	5194727
361064	5194729
361065	5194751
361066	5194781
361067	5194789
361068	5194793
361069	5194807
361070	5194811
361071	5194817
361072	5194879
361073	5194883
361074	5194907
361075	5194913
361076	5194921
361077	5194927
361078	5194933
361079	5194939
361080	5194951
361081	5194963
361082	5194967
361083	5194991
361084	5194993
361085	5194997
361086	5195027
361087	5195063
361088	5195077
361089	5195083
361090	5195123
361091	5195129
361092	5195153
361093	5195161
361094	5195173
361095	5195213
361096	5195221
361097	5195249
361098	5195269
361099	5195317
361100	5195327
361101	5195357
361102	5195369
361103	5195413
361104	5195419
361105	5195441
361106	5195459
361107	5195467
361108	5195471
361109	5195497
361110	5195501
361111	5195543
361112	5195549
361113	5195573
361114	5195579
361115	5195587
361116	5195609
361117	5195639
361118	5195653
361119	5195657
361120	5195737
361121	5195741
361122	5195747
361123	5195777
361124	5195789
361125	5195791
361126	5195809
361127	5195831
361128	5195837
361129	5195849
361130	5195857
361131	5195887
361132	5195891
361133	5195899
361134	5195903
361135	5195923
361136	5195929
361137	5195963
361138	5195969
361139	5195977
361140	5195989
361141	5196001
361142	5196007
361143	5196011
361144	5196013
361145	5196029
361146	5196043
361147	5196047
361148	5196073
361149	5196097
361150	5196119
361151	5196131
361152	5196151
361153	5196157
361154	5196167
361155	5196181
361156	5196187
361157	5196197
361158	5196199
361159	5196209
361160	5196211
361161	5196221
361162	5196223
361163	5196227
361164	5196259
361165	5196281
361166	5196287
361167	5196293
361168	5196311
361169	5196337
361170	5196341
361171	5196343
361172	5196361
361173	5196371
361174	5196379
361175	5196397
361176	5196427
361177	5196431
361178	5196439
361179	5196449
361180	5196467
361181	5196473
361182	5196479
361183	5196497
361184	5196511
361185	5196517
361186	5196523
361187	5196553
361188	5196563
361189	5196601
361190	5196619
361191	5196629
361192	5196641
361193	5196647
361194	5196701
361195	5196707
361196	5196731
361197	5196733
361198	5196749
361199	5196767
361200	5196769
361201	5196803
361202	5196817
361203	5196839
361204	5196859
361205	5196881
361206	5196913
361207	5196923
361208	5196949
361209	5196953
361210	5196973
361211	5196979
361212	5197063
361213	5197067
361214	5197081
361215	5197091
361216	5197099
361217	5197111
361218	5197117
361219	5197147
361220	5197151
361221	5197169
361222	5197183
361223	5197187
361224	5197193
361225	5197217
361226	5197249
361227	5197253
361228	5197259
361229	5197289
361230	5197303
361231	5197319
361232	5197327
361233	5197337
361234	5197343
361235	5197363
361236	5197397
361237	5197403
361238	5197417
361239	5197421
361240	5197459
361241	5197463
361242	5197477
361243	5197481
361244	5197513
361245	5197519
361246	5197537
361247	5197573
361248	5197601
361249	5197603
361250	5197607
361251	5197637
361252	5197639
361253	5197663
361254	5197691
361255	5197721
361256	5197727
361257	5197769
361258	5197771
361259	5197781
361260	5197783
361261	5197789
361262	5197823
361263	5197831
361264	5197847
361265	5197853
361266	5197877
361267	5197879
361268	5197889
361269	5197897
361270	5197909
361271	5197943
361272	5197957
361273	5197967
361274	5198003
361275	5198027
361276	5198029
361277	5198033
361278	5198057
361279	5198119
361280	5198143
361281	5198147
361282	5198159
361283	5198189
361284	5198197
361285	5198201
361286	5198203
361287	5198213
361288	5198251
361289	5198261
361290	5198269
361291	5198273
361292	5198287
361293	5198309
361294	5198317
361295	5198321
361296	5198357
361297	5198363
361298	5198371
361299	5198377
361300	5198387
361301	5198423
361302	5198429
361303	5198441
361304	5198443
361305	5198449
361306	5198467
361307	5198471
361308	5198497
361309	5198503
361310	5198507
361311	5198509
361312	5198519
361313	5198551
361314	5198563
361315	5198573
361316	5198581
361317	5198591
361318	5198629
361319	5198639
361320	5198653
361321	5198663
361322	5198671
361323	5198681
361324	5198689
361325	5198693
361326	5198729
361327	5198737
361328	5198747
361329	5198749
361330	5198789
361331	5198797
361332	5198803
361333	5198807
361334	5198813
361335	5198819
361336	5198827
361337	5198839
361338	5198849
361339	5198861
361340	5198867
361341	5198873
361342	5198881
361343	5198887
361344	5198927
361345	5198939
361346	5198959
361347	5198983
361348	5199011
361349	5199043
361350	5199049
361351	5199079
361352	5199083
361353	5199109
361354	5199119
361355	5199137
361356	5199157
361357	5199163
361358	5199167
361359	5199197
361360	5199221
361361	5199239
361362	5199241
361363	5199269
361364	5199301
361365	5199307
361366	5199319
361367	5199329
361368	5199391
361369	5199427
361370	5199437
361371	5199461
361372	5199463
361373	5199473
361374	5199479
361375	5199503
361376	5199529
361377	5199533
361378	5199539
361379	5199547
361380	5199553
361381	5199577
361382	5199583
361383	5199589
361384	5199629
361385	5199631
361386	5199641
361387	5199643
361388	5199697
361389	5199703
361390	5199707
361391	5199713
361392	5199731
361393	5199757
361394	5199769
361395	5199781
361396	5199793
361397	5199797
361398	5199809
361399	5199811
361400	5199829
361401	5199853
361402	5199877
361403	5199911
361404	5199917
361405	5199959
361406	5199973
361407	5199983
361408	5200007
361409	5200021
361410	5200049
361411	5200051
361412	5200061
361413	5200081
361414	5200099
361415	5200103
361416	5200123
361417	5200133
361418	5200141
361419	5200159
361420	5200163
361421	5200171
361422	5200177
361423	5200211
361424	5200229
361425	5200297
361426	5200331
361427	5200337
361428	5200379
361429	5200397
361430	5200421
361431	5200423
361432	5200427
361433	5200439
361434	5200441
361435	5200451
361436	5200477
361437	5200493
361438	5200511
361439	5200561
361440	5200567
361441	5200579
361442	5200627
361443	5200631
361444	5200651
361445	5200667
361446	5200669
361447	5200681
361448	5200687
361449	5200703
361450	5200711
361451	5200729
361452	5200751
361453	5200753
361454	5200781
361455	5200787
361456	5200801
361457	5200843
361458	5200847
361459	5200859
361460	5200883
361461	5200903
361462	5200913
361463	5200919
361464	5200933
361465	5200957
361466	5200969
361467	5200981
361468	5200991
361469	5200999
361470	5201023
361471	5201033
361472	5201039
361473	5201057
361474	5201069
361475	5201081
361476	5201083
361477	5201089
361478	5201101
361479	5201107
361480	5201111
361481	5201113
361482	5201129
361483	5201159
361484	5201171
361485	5201173
361486	5201213
361487	5201267
361488	5201291
361489	5201293
361490	5201297
361491	5201299
361492	5201309
361493	5201311
361494	5201327
361495	5201341
361496	5201359
361497	5201387
361498	5201393
361499	5201401
361500	5201437
361501	5201467
361502	5201477
361503	5201509
361504	5201513
361505	5201533
361506	5201563
361507	5201569
361508	5201593
361509	5201621
361510	5201627
361511	5201633
361512	5201639
361513	5201641
361514	5201659
361515	5201663
361516	5201671
361517	5201681
361518	5201683
361519	5201689
361520	5201699
361521	5201717
361522	5201723
361523	5201731
361524	5201741
361525	5201767
361526	5201773
361527	5201827
361528	5201837
361529	5201849
361530	5201851
361531	5201857
361532	5201863
361533	5201873
361534	5201909
361535	5201923
361536	5201939
361537	5201951
361538	5201969
361539	5201981
361540	5201993
361541	5202023
361542	5202073
361543	5202077
361544	5202091
361545	5202103
361546	5202133
361547	5202137
361548	5202151
361549	5202157
361550	5202167
361551	5202247
361552	5202251
361553	5202259
361554	5202271
361555	5202293
361556	5202299
361557	5202331
361558	5202341
361559	5202343
361560	5202359
361561	5202361
361562	5202377
361563	5202413
361564	5202433
361565	5202437
361566	5202469
361567	5202473
361568	5202479
361569	5202481
361570	5202487
361571	5202497
361572	5202499
361573	5202503
361574	5202511
361575	5202521
361576	5202541
361577	5202553
361578	5202559
361579	5202569
361580	5202619
361581	5202641
361582	5202643
361583	5202647
361584	5202653
361585	5202671
361586	5202709
361587	5202727
361588	5202733
361589	5202737
361590	5202739
361591	5202749
361592	5202767
361593	5202773
361594	5202779
361595	5202781
361596	5202787
361597	5202793
361598	5202811
361599	5202863
361600	5202877
361601	5202887
361602	5202893
361603	5202907
361604	5202913
361605	5202917
361606	5202971
361607	5202973
361608	5203001
361609	5203039
361610	5203057
361611	5203061
361612	5203069
361613	5203097
361614	5203111
361615	5203141
361616	5203147
361617	5203157
361618	5203171
361619	5203181
361620	5203183
361621	5203201
361622	5203213
361623	5203243
361624	5203249
361625	5203271
361626	5203279
361627	5203337
361628	5203339
361629	5203349
361630	5203357
361631	5203369
361632	5203379
361633	5203391
361634	5203399
361635	5203409
361636	5203423
361637	5203439
361638	5203453
361639	5203477
361640	5203529
361641	5203531
361642	5203577
361643	5203579
361644	5203591
361645	5203603
361646	5203607
361647	5203609
361648	5203619
361649	5203631
361650	5203637
361651	5203669
361652	5203687
361653	5203697
361654	5203703
361655	5203711
361656	5203721
361657	5203729
361658	5203733
361659	5203771
361660	5203787
361661	5203813
361662	5203831
361663	5203837
361664	5203841
361665	5203867
361666	5203871
361667	5203873
361668	5203883
361669	5203889
361670	5203897
361671	5203901
361672	5203907
361673	5203909
361674	5203927
361675	5203937
361676	5203943
361677	5203949
361678	5203969
361679	5203997
361680	5204009
361681	5204011
361682	5204027
361683	5204039
361684	5204041
361685	5204047
361686	5204077
361687	5204083
361688	5204107
361689	5204113
361690	5204117
361691	5204131
361692	5204167
361693	5204179
361694	5204191
361695	5204197
361696	5204207
361697	5204209
361698	5204231
361699	5204239
361700	5204257
361701	5204267
361702	5204321
361703	5204323
361704	5204327
361705	5204377
361706	5204387
361707	5204411
361708	5204413
361709	5204443
361710	5204467
361711	5204471
361712	5204473
361713	5204477
361714	5204489
361715	5204491
361716	5204501
361717	5204503
361718	5204519
361719	5204527
361720	5204557
361721	5204603
361722	5204611
361723	5204629
361724	5204687
361725	5204701
361726	5204713
361727	5204741
361728	5204743
361729	5204747
361730	5204779
361731	5204789
361732	5204791
361733	5204813
361734	5204821
361735	5204867
361736	5204887
361737	5204897
361738	5204911
361739	5204933
361740	5204951
361741	5204957
361742	5204959
361743	5204977
361744	5204981
361745	5204999
361746	5205001
361747	5205019
361748	5205037
361749	5205047
361750	5205071
361751	5205089
361752	5205103
361753	5205113
361754	5205127
361755	5205139
361756	5205149
361757	5205169
361758	5205173
361759	5205227
361760	5205251
361761	5205253
361762	5205269
361763	5205283
361764	5205307
361765	5205329
361766	5205341
361767	5205367
361768	5205371
361769	5205377
361770	5205407
361771	5205433
361772	5205437
361773	5205461
361774	5205463
361775	5205467
361776	5205469
361777	5205479
361778	5205481
361779	5205491
361780	5205523
361781	5205527
361782	5205539
361783	5205583
361784	5205593
361785	5205617
361786	5205619
361787	5205653
361788	5205667
361789	5205671
361790	5205701
361791	5205719
361792	5205721
361793	5205727
361794	5205749
361795	5205763
361796	5205769
361797	5205773
361798	5205787
361799	5205793
361800	5205817
361801	5205839
361802	5205853
361803	5205883
361804	5205887
361805	5205901
361806	5205913
361807	5205917
361808	5205931
361809	5205953
361810	5205971
361811	5205979
361812	5205989
361813	5205997
361814	5206007
361815	5206013
361816	5206037
361817	5206081
361818	5206121
361819	5206127
361820	5206147
361821	5206151
361822	5206153
361823	5206163
361824	5206169
361825	5206177
361826	5206193
361827	5206207
361828	5206213
361829	5206231
361830	5206241
361831	5206259
361832	5206261
361833	5206273
361834	5206291
361835	5206297
361836	5206309
361837	5206319
361838	5206321
361839	5206339
361840	5206343
361841	5206363
361842	5206367
361843	5206373
361844	5206379
361845	5206387
361846	5206391
361847	5206393
361848	5206417
361849	5206423
361850	5206427
361851	5206447
361852	5206459
361853	5206477
361854	5206489
361855	5206511
361856	5206541
361857	5206567
361858	5206571
361859	5206609
361860	5206633
361861	5206639
361862	5206657
361863	5206661
361864	5206679
361865	5206681
361866	5206687
361867	5206711
361868	5206739
361869	5206783
361870	5206787
361871	5206793
361872	5206819
361873	5206823
361874	5206829
361875	5206837
361876	5206841
361877	5206849
361878	5206867
361879	5206889
361880	5206891
361881	5206897
361882	5206937
361883	5206939
361884	5206963
361885	5206967
361886	5206991
361887	5206997
361888	5207003
361889	5207009
361890	5207011
361891	5207023
361892	5207071
361893	5207089
361894	5207113
361895	5207129
361896	5207149
361897	5207161
361898	5207179
361899	5207183
361900	5207201
361901	5207203
361902	5207207
361903	5207221
361904	5207239
361905	5207243
361906	5207249
361907	5207261
361908	5207291
361909	5207329
361910	5207339
361911	5207341
361912	5207347
361913	5207383
361914	5207413
361915	5207467
361916	5207471
361917	5207513
361918	5207519
361919	5207549
361920	5207557
361921	5207563
361922	5207567
361923	5207569
361924	5207599
361925	5207611
361926	5207633
361927	5207677
361928	5207681
361929	5207707
361930	5207711
361931	5207723
361932	5207731
361933	5207737
361934	5207743
361935	5207749
361936	5207771
361937	5207777
361938	5207801
361939	5207803
361940	5207827
361941	5207879
361942	5207887
361943	5207897
361944	5207941
361945	5207947
361946	5207953
361947	5207963
361948	5207971
361949	5207981
361950	5208041
361951	5208043
361952	5208059
361953	5208079
361954	5208131
361955	5208149
361956	5208169
361957	5208173
361958	5208179
361959	5208193
361960	5208209
361961	5208227
361962	5208253
361963	5208263
361964	5208277
361965	5208293
361966	5208367
361967	5208383
361968	5208389
361969	5208407
361970	5208421
361971	5208433
361972	5208457
361973	5208473
361974	5208479
361975	5208481
361976	5208521
361977	5208523
361978	5208529
361979	5208551
361980	5208559
361981	5208569
361982	5208583
361983	5208617
361984	5208659
361985	5208673
361986	5208683
361987	5208689
361988	5208701
361989	5208727
361990	5208739
361991	5208751
361992	5208779
361993	5208799
361994	5208809
361995	5208821
361996	5208829
361997	5208859
361998	5208871
361999	5208881
362000	5208887
