364001	5239783
364002	5239789
364003	5239811
364004	5239813
364005	5239879
364006	5239891
364007	5239901
364008	5239907
364009	5239909
364010	5239931
364011	5239943
364012	5239987
364013	5240017
364014	5240033
364015	5240069
364016	5240089
364017	5240093
364018	5240099
364019	5240101
364020	5240107
364021	5240117
364022	5240141
364023	5240177
364024	5240197
364025	5240201
364026	5240227
364027	5240239
364028	5240243
364029	5240299
364030	5240303
364031	5240309
364032	5240317
364033	5240351
364034	5240357
364035	5240377
364036	5240381
364037	5240383
364038	5240399
364039	5240413
364040	5240423
364041	5240441
364042	5240461
364043	5240483
364044	5240491
364045	5240507
364046	5240509
364047	5240533
364048	5240549
364049	5240551
364050	5240591
364051	5240593
364052	5240603
364053	5240617
364054	5240621
364055	5240639
364056	5240647
364057	5240663
364058	5240681
364059	5240707
364060	5240731
364061	5240737
364062	5240747
364063	5240761
364064	5240771
364065	5240773
364066	5240779
364067	5240783
364068	5240819
364069	5240821
364070	5240831
364071	5240839
364072	5240843
364073	5240857
364074	5240863
364075	5240867
364076	5240881
364077	5240887
364078	5240897
364079	5240899
364080	5240929
364081	5240951
364082	5240957
364083	5240959
364084	5240993
364085	5241037
364086	5241043
364087	5241101
364088	5241107
364089	5241113
364090	5241143
364091	5241157
364092	5241167
364093	5241239
364094	5241241
364095	5241251
364096	5241277
364097	5241281
364098	5241289
364099	5241293
364100	5241311
364101	5241319
364102	5241331
364103	5241349
364104	5241403
364105	5241407
364106	5241409
364107	5241419
364108	5241421
364109	5241427
364110	5241437
364111	5241463
364112	5241469
364113	5241479
364114	5241497
364115	5241517
364116	5241521
364117	5241529
364118	5241557
364119	5241569
364120	5241583
364121	5241601
364122	5241617
364123	5241667
364124	5241673
364125	5241689
364126	5241707
364127	5241751
364128	5241787
364129	5241793
364130	5241839
364131	5241857
364132	5241877
364133	5241881
364134	5241889
364135	5241893
364136	5241931
364137	5241937
364138	5241959
364139	5241961
364140	5241983
364141	5241989
364142	5242021
364143	5242067
364144	5242079
364145	5242117
364146	5242141
364147	5242163
364148	5242169
364149	5242199
364150	5242201
364151	5242213
364152	5242217
364153	5242231
364154	5242241
364155	5242249
364156	5242291
364157	5242313
364158	5242319
364159	5242357
364160	5242381
364161	5242399
364162	5242411
364163	5242421
364164	5242439
364165	5242451
364166	5242469
364167	5242483
364168	5242487
364169	5242513
364170	5242561
364171	5242571
364172	5242577
364173	5242583
364174	5242609
364175	5242619
364176	5242661
364177	5242667
364178	5242669
364179	5242673
364180	5242693
364181	5242697
364182	5242703
364183	5242729
364184	5242763
364185	5242771
364186	5242777
364187	5242801
364188	5242807
364189	5242819
364190	5242837
364191	5242843
364192	5242847
364193	5242849
364194	5242859
364195	5242877
364196	5242883
364197	5242891
364198	5242903
364199	5242907
364200	5242921
364201	5242927
364202	5242931
364203	5242949
364204	5242961
364205	5242967
364206	5242969
364207	5242981
364208	5243003
364209	5243023
364210	5243059
364211	5243071
364212	5243081
364213	5243083
364214	5243093
364215	5243099
364216	5243101
364217	5243143
364218	5243167
364219	5243177
364220	5243201
364221	5243207
364222	5243239
364223	5243243
364224	5243263
364225	5243267
364226	5243269
364227	5243281
364228	5243317
364229	5243323
364230	5243339
364231	5243341
364232	5243363
364233	5243369
364234	5243387
364235	5243393
364236	5243417
364237	5243419
364238	5243423
364239	5243443
364240	5243453
364241	5243477
364242	5243479
364243	5243489
364244	5243501
364245	5243503
364246	5243509
364247	5243521
364248	5243527
364249	5243543
364250	5243551
364251	5243569
364252	5243573
364253	5243587
364254	5243591
364255	5243593
364256	5243597
364257	5243611
364258	5243629
364259	5243647
364260	5243669
364261	5243683
364262	5243687
364263	5243699
364264	5243717
364265	5243729
364266	5243737
364267	5243759
364268	5243761
364269	5243801
364270	5243813
364271	5243827
364272	5243831
364273	5243869
364274	5243879
364275	5243891
364276	5243897
364277	5243911
364278	5243923
364279	5243947
364280	5243971
364281	5243993
364282	5244011
364283	5244013
364284	5244017
364285	5244037
364286	5244049
364287	5244059
364288	5244067
364289	5244073
364290	5244077
364291	5244103
364292	5244139
364293	5244167
364294	5244179
364295	5244203
364296	5244251
364297	5244259
364298	5244263
364299	5244277
364300	5244293
364301	5244311
364302	5244319
364303	5244341
364304	5244367
364305	5244373
364306	5244383
364307	5244427
364308	5244431
364309	5244439
364310	5244457
364311	5244467
364312	5244469
364313	5244493
364314	5244511
364315	5244527
364316	5244553
364317	5244583
364318	5244587
364319	5244601
364320	5244637
364321	5244641
364322	5244643
364323	5244647
364324	5244661
364325	5244671
364326	5244691
364327	5244709
364328	5244727
364329	5244739
364330	5244751
364331	5244763
364332	5244773
364333	5244791
364334	5244803
364335	5244809
364336	5244881
364337	5244901
364338	5244913
364339	5244917
364340	5244919
364341	5244937
364342	5244947
364343	5245003
364344	5245013
364345	5245021
364346	5245049
364347	5245067
364348	5245073
364349	5245091
364350	5245099
364351	5245103
364352	5245111
364353	5245133
364354	5245139
364355	5245151
364356	5245193
364357	5245211
364358	5245223
364359	5245241
364360	5245243
364361	5245271
364362	5245283
364363	5245297
364364	5245301
364365	5245309
364366	5245313
364367	5245321
364368	5245391
364369	5245397
364370	5245411
364371	5245421
364372	5245423
364373	5245439
364374	5245459
364375	5245483
364376	5245489
364377	5245511
364378	5245523
364379	5245543
364380	5245553
364381	5245609
364382	5245619
364383	5245651
364384	5245657
364385	5245711
364386	5245733
364387	5245759
364388	5245763
364389	5245783
364390	5245813
364391	5245831
364392	5245861
364393	5245873
364394	5245883
364395	5245901
364396	5245907
364397	5245921
364398	5245931
364399	5245937
364400	5245943
364401	5245963
364402	5245967
364403	5245969
364404	5245973
364405	5245997
364406	5246009
364407	5246011
364408	5246023
364409	5246027
364410	5246029
364411	5246053
364412	5246057
364413	5246069
364414	5246083
364415	5246089
364416	5246107
364417	5246113
364418	5246173
364419	5246179
364420	5246191
364421	5246203
364422	5246249
364423	5246257
364424	5246287
364425	5246309
364426	5246321
364427	5246333
364428	5246363
364429	5246389
364430	5246393
364431	5246399
364432	5246407
364433	5246411
364434	5246429
364435	5246431
364436	5246441
364437	5246447
364438	5246453
364439	5246459
364440	5246491
364441	5246503
364442	5246509
364443	5246519
364444	5246539
364445	5246561
364446	5246567
364447	5246573
364448	5246581
364449	5246609
364450	5246611
364451	5246617
364452	5246621
364453	5246623
364454	5246663
364455	5246677
364456	5246707
364457	5246713
364458	5246723
364459	5246743
364460	5246771
364461	5246777
364462	5246779
364463	5246789
364464	5246809
364465	5246821
364466	5246851
364467	5246867
364468	5246873
364469	5246909
364470	5246911
364471	5246953
364472	5246957
364473	5246977
364474	5246981
364475	5246993
364476	5247001
364477	5247019
364478	5247031
364479	5247041
364480	5247043
364481	5247071
364482	5247083
364483	5247107
364484	5247119
364485	5247131
364486	5247157
364487	5247163
364488	5247191
364489	5247199
364490	5247217
364491	5247223
364492	5247227
364493	5247233
364494	5247241
364495	5247257
364496	5247269
364497	5247299
364498	5247311
364499	5247323
364500	5247349
364501	5247353
364502	5247379
364503	5247391
364504	5247421
364505	5247433
364506	5247443
364507	5247449
364508	5247461
364509	5247469
364510	5247479
364511	5247491
364512	5247499
364513	5247533
364514	5247581
364515	5247589
364516	5247653
364517	5247659
364518	5247661
364519	5247701
364520	5247709
364521	5247757
364522	5247761
364523	5247787
364524	5247791
364525	5247793
364526	5247871
364527	5247881
364528	5247889
364529	5247899
364530	5247911
364531	5247919
364532	5247937
364533	5247941
364534	5247947
364535	5247961
364536	5247967
364537	5247997
364538	5248003
364539	5248037
364540	5248057
364541	5248069
364542	5248073
364543	5248079
364544	5248081
364545	5248091
364546	5248093
364547	5248097
364548	5248099
364549	5248127
364550	5248129
364551	5248141
364552	5248151
364553	5248153
364554	5248157
364555	5248169
364556	5248181
364557	5248183
364558	5248231
364559	5248247
364560	5248259
364561	5248261
364562	5248273
364563	5248283
364564	5248289
364565	5248297
364566	5248303
364567	5248343
364568	5248363
364569	5248381
364570	5248421
364571	5248423
364572	5248429
364573	5248433
364574	5248447
364575	5248469
364576	5248471
364577	5248493
364578	5248499
364579	5248513
364580	5248519
364581	5248543
364582	5248547
364583	5248549
364584	5248553
364585	5248559
364586	5248567
364587	5248583
364588	5248589
364589	5248601
364590	5248603
364591	5248637
364592	5248687
364593	5248723
364594	5248741
364595	5248759
364596	5248787
364597	5248811
364598	5248829
364599	5248843
364600	5248877
364601	5248879
364602	5248891
364603	5248907
364604	5248927
364605	5248933
364606	5248949
364607	5248973
364608	5248987
364609	5249009
364610	5249011
364611	5249017
364612	5249033
364613	5249051
364614	5249063
364615	5249077
364616	5249081
364617	5249093
364618	5249143
364619	5249147
364620	5249159
364621	5249161
364622	5249183
364623	5249191
364624	5249207
364625	5249219
364626	5249239
364627	5249269
364628	5249287
364629	5249297
364630	5249303
364631	5249333
364632	5249341
364633	5249347
364634	5249371
364635	5249381
364636	5249389
364637	5249399
364638	5249401
364639	5249411
364640	5249417
364641	5249423
364642	5249437
364643	5249441
364644	5249473
364645	5249479
364646	5249507
364647	5249513
364648	5249537
364649	5249539
364650	5249557
364651	5249579
364652	5249581
364653	5249591
364654	5249611
364655	5249627
364656	5249639
364657	5249653
364658	5249659
364659	5249663
364660	5249683
364661	5249687
364662	5249693
364663	5249701
364664	5249707
364665	5249729
364666	5249731
364667	5249771
364668	5249791
364669	5249801
364670	5249813
364671	5249831
364672	5249851
364673	5249857
364674	5249861
364675	5249869
364676	5249873
364677	5249887
364678	5249897
364679	5249903
364680	5249921
364681	5249929
364682	5249939
364683	5249983
364684	5249987
364685	5249989
364686	5250029
364687	5250043
364688	5250071
364689	5250079
364690	5250107
364691	5250109
364692	5250121
364693	5250143
364694	5250149
364695	5250151
364696	5250181
364697	5250211
364698	5250227
364699	5250277
364700	5250281
364701	5250299
364702	5250317
364703	5250341
364704	5250353
364705	5250359
364706	5250361
364707	5250367
364708	5250373
364709	5250391
364710	5250407
364711	5250409
364712	5250437
364713	5250449
364714	5250451
364715	5250461
364716	5250491
364717	5250493
364718	5250503
364719	5250523
364720	5250527
364721	5250529
364722	5250533
364723	5250541
364724	5250571
364725	5250617
364726	5250643
364727	5250649
364728	5250659
364729	5250673
364730	5250677
364731	5250683
364732	5250689
364733	5250691
364734	5250701
364735	5250703
364736	5250709
364737	5250727
364738	5250731
364739	5250743
364740	5250757
364741	5250761
364742	5250779
364743	5250787
364744	5250803
364745	5250809
364746	5250851
364747	5250871
364748	5250899
364749	5250913
364750	5250919
364751	5250953
364752	5250961
364753	5250967
364754	5251007
364755	5251009
364756	5251019
364757	5251027
364758	5251039
364759	5251097
364760	5251123
364761	5251139
364762	5251189
364763	5251193
364764	5251217
364765	5251229
364766	5251237
364767	5251241
364768	5251247
364769	5251261
364770	5251271
364771	5251273
364772	5251331
364773	5251333
364774	5251361
364775	5251409
364776	5251417
364777	5251423
364778	5251457
364779	5251459
364780	5251469
364781	5251481
364782	5251507
364783	5251513
364784	5251529
364785	5251537
364786	5251541
364787	5251549
364788	5251573
364789	5251591
364790	5251601
364791	5251607
364792	5251627
364793	5251663
364794	5251711
364795	5251769
364796	5251781
364797	5251783
364798	5251787
364799	5251789
364800	5251819
364801	5251859
364802	5251877
364803	5251879
364804	5251903
364805	5251919
364806	5251933
364807	5251949
364808	5251951
364809	5252011
364810	5252017
364811	5252021
364812	5252029
364813	5252033
364814	5252041
364815	5252047
364816	5252057
364817	5252069
364818	5252081
364819	5252087
364820	5252089
364821	5252111
364822	5252123
364823	5252129
364824	5252147
364825	5252153
364826	5252179
364827	5252209
364828	5252231
364829	5252249
364830	5252263
364831	5252281
364832	5252311
364833	5252327
364834	5252329
364835	5252333
364836	5252347
364837	5252363
364838	5252369
364839	5252381
364840	5252389
364841	5252411
364842	5252413
364843	5252419
364844	5252447
364845	5252449
364846	5252461
364847	5252477
364848	5252491
364849	5252497
364850	5252501
364851	5252537
364852	5252543
364853	5252549
364854	5252563
364855	5252581
364856	5252587
364857	5252591
364858	5252603
364859	5252617
364860	5252623
364861	5252627
364862	5252641
364863	5252657
364864	5252669
364865	5252693
364866	5252701
364867	5252713
364868	5252719
364869	5252729
364870	5252743
364871	5252747
364872	5252761
364873	5252773
364874	5252783
364875	5252791
364876	5252803
364877	5252831
364878	5252839
364879	5252887
364880	5252917
364881	5252921
364882	5252939
364883	5252957
364884	5252963
364885	5252971
364886	5252977
364887	5252999
364888	5253013
364889	5253019
364890	5253023
364891	5253029
364892	5253041
364893	5253071
364894	5253091
364895	5253097
364896	5253109
364897	5253121
364898	5253151
364899	5253161
364900	5253169
364901	5253173
364902	5253203
364903	5253217
364904	5253277
364905	5253317
364906	5253343
364907	5253349
364908	5253359
364909	5253383
364910	5253397
364911	5253431
364912	5253433
364913	5253449
364914	5253463
364915	5253467
364916	5253487
364917	5253509
364918	5253511
364919	5253529
364920	5253587
364921	5253607
364922	5253623
364923	5253631
364924	5253643
364925	5253649
364926	5253679
364927	5253713
364928	5253719
364929	5253739
364930	5253751
364931	5253757
364932	5253761
364933	5253763
364934	5253767
364935	5253769
364936	5253779
364937	5253791
364938	5253803
364939	5253827
364940	5253847
364941	5253881
364942	5253893
364943	5253907
364944	5253961
364945	5253967
364946	5254001
364947	5254019
364948	5254031
364949	5254033
364950	5254063
364951	5254069
364952	5254079
364953	5254091
364954	5254141
364955	5254153
364956	5254157
364957	5254163
364958	5254169
364959	5254201
364960	5254229
364961	5254231
364962	5254247
364963	5254253
364964	5254297
364965	5254313
364966	5254349
364967	5254351
364968	5254397
364969	5254421
364970	5254427
364971	5254429
364972	5254439
364973	5254453
364974	5254463
364975	5254489
364976	5254493
364977	5254499
364978	5254537
364979	5254559
364980	5254567
364981	5254591
364982	5254607
364983	5254619
364984	5254637
364985	5254651
364986	5254661
364987	5254673
364988	5254687
364989	5254693
364990	5254699
364991	5254709
364992	5254721
364993	5254757
364994	5254763
364995	5254789
364996	5254793
364997	5254801
364998	5254817
364999	5254831
365000	5254859
