365001	5254861
365002	5254889
365003	5254891
365004	5254927
365005	5254937
365006	5254943
365007	5255009
365008	5255021
365009	5255053
365010	5255059
365011	5255069
365012	5255083
365013	5255099
365014	5255101
365015	5255113
365016	5255123
365017	5255137
365018	5255141
365019	5255149
365020	5255161
365021	5255167
365022	5255179
365023	5255203
365024	5255209
365025	5255219
365026	5255233
365027	5255251
365028	5255281
365029	5255297
365030	5255303
365031	5255357
365032	5255359
365033	5255407
365034	5255423
365035	5255429
365036	5255449
365037	5255479
365038	5255507
365039	5255527
365040	5255531
365041	5255561
365042	5255573
365043	5255603
365044	5255617
365045	5255623
365046	5255629
365047	5255651
365048	5255659
365049	5255671
365050	5255683
365051	5255687
365052	5255693
365053	5255711
365054	5255713
365055	5255741
365056	5255773
365057	5255777
365058	5255797
365059	5255801
365060	5255819
365061	5255843
365062	5255863
365063	5255867
365064	5255879
365065	5255903
365066	5255911
365067	5255953
365068	5255959
365069	5255993
365070	5256001
365071	5256037
365072	5256049
365073	5256061
365074	5256071
365075	5256131
365076	5256137
365077	5256197
365078	5256233
365079	5256239
365080	5256253
365081	5256263
365082	5256269
365083	5256271
365084	5256283
365085	5256287
365086	5256299
365087	5256311
365088	5256313
365089	5256319
365090	5256341
365091	5256347
365092	5256353
365093	5256359
365094	5256367
365095	5256371
365096	5256379
365097	5256389
365098	5256401
365099	5256413
365100	5256463
365101	5256467
365102	5256469
365103	5256481
365104	5256509
365105	5256547
365106	5256583
365107	5256599
365108	5256613
365109	5256623
365110	5256649
365111	5256653
365112	5256661
365113	5256679
365114	5256683
365115	5256697
365116	5256737
365117	5256751
365118	5256773
365119	5256781
365120	5256817
365121	5256821
365122	5256829
365123	5256847
365124	5256851
365125	5256883
365126	5256929
365127	5256931
365128	5256941
365129	5256943
365130	5256967
365131	5256989
365132	5257003
365133	5257009
365134	5257013
365135	5257037
365136	5257079
365137	5257103
365138	5257111
365139	5257117
365140	5257121
365141	5257157
365142	5257159
365143	5257169
365144	5257171
365145	5257201
365146	5257253
365147	5257261
365148	5257277
365149	5257331
365150	5257349
365151	5257361
365152	5257379
365153	5257391
365154	5257393
365155	5257451
365156	5257453
365157	5257463
365158	5257489
365159	5257493
365160	5257517
365161	5257519
365162	5257531
365163	5257541
365164	5257559
365165	5257583
365166	5257591
365167	5257597
365168	5257619
365169	5257627
365170	5257711
365171	5257723
365172	5257727
365173	5257741
365174	5257771
365175	5257781
365176	5257783
365177	5257789
365178	5257793
365179	5257807
365180	5257829
365181	5257877
365182	5257883
365183	5257907
365184	5257933
365185	5257943
365186	5257949
365187	5257951
365188	5257957
365189	5257991
365190	5257999
365191	5258023
365192	5258027
365193	5258059
365194	5258063
365195	5258081
365196	5258089
365197	5258167
365198	5258171
365199	5258173
365200	5258179
365201	5258221
365202	5258233
365203	5258249
365204	5258293
365205	5258303
365206	5258317
365207	5258327
365208	5258333
365209	5258369
365210	5258371
365211	5258377
365212	5258381
365213	5258399
365214	5258413
365215	5258419
365216	5258431
365217	5258443
365218	5258447
365219	5258489
365220	5258503
365221	5258531
365222	5258549
365223	5258557
365224	5258567
365225	5258569
365226	5258579
365227	5258633
365228	5258639
365229	5258647
365230	5258677
365231	5258683
365232	5258707
365233	5258723
365234	5258731
365235	5258741
365236	5258761
365237	5258777
365238	5258779
365239	5258791
365240	5258807
365241	5258821
365242	5258863
365243	5258867
365244	5258873
365245	5258917
365246	5258959
365247	5258977
365248	5258987
365249	5258999
365250	5259011
365251	5259013
365252	5259047
365253	5259053
365254	5259071
365255	5259073
365256	5259091
365257	5259127
365258	5259151
365259	5259161
365260	5259167
365261	5259169
365262	5259173
365263	5259209
365264	5259223
365265	5259227
365266	5259229
365267	5259251
365268	5259263
365269	5259269
365270	5259301
365271	5259311
365272	5259313
365273	5259323
365274	5259329
365275	5259337
365276	5259361
365277	5259379
365278	5259389
365279	5259391
365280	5259407
365281	5259413
365282	5259421
365283	5259427
365284	5259473
365285	5259487
365286	5259503
365287	5259517
365288	5259533
365289	5259547
365290	5259563
365291	5259581
365292	5259593
365293	5259601
365294	5259619
365295	5259623
365296	5259641
365297	5259671
365298	5259689
365299	5259721
365300	5259731
365301	5259733
365302	5259743
365303	5259763
365304	5259823
365305	5259833
365306	5259857
365307	5259887
365308	5259913
365309	5259923
365310	5259929
365311	5259967
365312	5259973
365313	5259977
365314	5259983
365315	5259997
365316	5260001
365317	5260007
365318	5260009
365319	5260051
365320	5260081
365321	5260117
365322	5260127
365323	5260133
365324	5260139
365325	5260159
365326	5260163
365327	5260183
365328	5260187
365329	5260219
365330	5260243
365331	5260247
365332	5260267
365333	5260279
365334	5260289
365335	5260337
365336	5260349
365337	5260357
365338	5260363
365339	5260369
365340	5260379
365341	5260391
365342	5260417
365343	5260433
365344	5260439
365345	5260459
365346	5260469
365347	5260481
365348	5260487
365349	5260501
365350	5260529
365351	5260559
365352	5260561
365353	5260573
365354	5260589
365355	5260597
365356	5260613
365357	5260627
365358	5260643
365359	5260649
365360	5260657
365361	5260679
365362	5260681
365363	5260691
365364	5260693
365365	5260699
365366	5260711
365367	5260747
365368	5260763
365369	5260799
365370	5260807
365371	5260811
365372	5260819
365373	5260873
365374	5260883
365375	5260889
365376	5260897
365377	5260901
365378	5260903
365379	5260909
365380	5260943
365381	5260949
365382	5260999
365383	5261021
365384	5261023
365385	5261027
365386	5261033
365387	5261051
365388	5261063
365389	5261071
365390	5261077
365391	5261099
365392	5261101
365393	5261111
365394	5261117
365395	5261129
365396	5261147
365397	5261153
365398	5261173
365399	5261203
365400	5261251
365401	5261261
365402	5261317
365403	5261323
365404	5261341
365405	5261357
365406	5261359
365407	5261387
365408	5261419
365409	5261429
365410	5261471
365411	5261497
365412	5261519
365413	5261527
365414	5261563
365415	5261569
365416	5261573
365417	5261587
365418	5261611
365419	5261617
365420	5261623
365421	5261629
365422	5261647
365423	5261671
365424	5261693
365425	5261699
365426	5261701
365427	5261717
365428	5261719
365429	5261741
365430	5261743
365431	5261747
365432	5261749
365433	5261761
365434	5261771
365435	5261777
365436	5261783
365437	5261801
365438	5261813
365439	5261821
365440	5261827
365441	5261833
365442	5261869
365443	5261887
365444	5261923
365445	5261933
365446	5261941
365447	5261957
365448	5261983
365449	5261989
365450	5262001
365451	5262013
365452	5262017
365453	5262041
365454	5262053
365455	5262077
365456	5262091
365457	5262097
365458	5262109
365459	5262121
365460	5262133
365461	5262143
365462	5262149
365463	5262181
365464	5262203
365465	5262209
365466	5262217
365467	5262223
365468	5262263
365469	5262277
365470	5262289
365471	5262319
365472	5262329
365473	5262349
365474	5262359
365475	5262371
365476	5262379
365477	5262437
365478	5262443
365479	5262451
365480	5262457
365481	5262463
365482	5262511
365483	5262533
365484	5262539
365485	5262553
365486	5262557
365487	5262559
365488	5262583
365489	5262599
365490	5262611
365491	5262617
365492	5262619
365493	5262661
365494	5262667
365495	5262683
365496	5262689
365497	5262701
365498	5262703
365499	5262721
365500	5262737
365501	5262757
365502	5262767
365503	5262793
365504	5262799
365505	5262811
365506	5262821
365507	5262823
365508	5262827
365509	5262841
365510	5262853
365511	5262857
365512	5262863
365513	5262869
365514	5262871
365515	5262923
365516	5262931
365517	5262997
365518	5263003
365519	5263031
365520	5263033
365521	5263061
365522	5263109
365523	5263169
365524	5263177
365525	5263189
365526	5263229
365527	5263241
365528	5263253
365529	5263259
365530	5263267
365531	5263309
365532	5263327
365533	5263333
365534	5263337
365535	5263393
365536	5263417
365537	5263429
365538	5263439
365539	5263441
365540	5263451
365541	5263463
365542	5263477
365543	5263493
365544	5263499
365545	5263541
365546	5263547
365547	5263561
365548	5263571
365549	5263579
365550	5263597
365551	5263607
365552	5263613
365553	5263631
365554	5263637
365555	5263639
365556	5263649
365557	5263667
365558	5263669
365559	5263679
365560	5263697
365561	5263729
365562	5263733
365563	5263747
365564	5263771
365565	5263787
365566	5263789
365567	5263793
365568	5263813
365569	5263861
365570	5263883
365571	5263891
365572	5263901
365573	5263913
365574	5263919
365575	5263933
365576	5263939
365577	5263961
365578	5263963
365579	5263991
365580	5263997
365581	5264003
365582	5264009
365583	5264029
365584	5264041
365585	5264057
365586	5264059
365587	5264071
365588	5264081
365589	5264087
365590	5264089
365591	5264099
365592	5264107
365593	5264111
365594	5264137
365595	5264143
365596	5264173
365597	5264177
365598	5264179
365599	5264191
365600	5264213
365601	5264251
365602	5264267
365603	5264269
365604	5264279
365605	5264291
365606	5264299
365607	5264333
365608	5264351
365609	5264353
365610	5264377
365611	5264381
365612	5264383
365613	5264417
365614	5264429
365615	5264443
365616	5264449
365617	5264473
365618	5264477
365619	5264489
365620	5264521
365621	5264537
365622	5264549
365623	5264593
365624	5264603
365625	5264621
365626	5264627
365627	5264641
365628	5264647
365629	5264657
365630	5264663
365631	5264671
365632	5264683
365633	5264711
365634	5264741
365635	5264771
365636	5264789
365637	5264801
365638	5264813
365639	5264821
365640	5264837
365641	5264839
365642	5264867
365643	5264873
365644	5264887
365645	5264891
365646	5264899
365647	5264911
365648	5264923
365649	5264929
365650	5264969
365651	5264977
365652	5265023
365653	5265059
365654	5265067
365655	5265077
365656	5265079
365657	5265103
365658	5265107
365659	5265119
365660	5265131
365661	5265167
365662	5265187
365663	5265193
365664	5265203
365665	5265209
365666	5265241
365667	5265263
365668	5265277
365669	5265287
365670	5265311
365671	5265313
365672	5265331
365673	5265347
365674	5265353
365675	5265371
365676	5265373
365677	5265383
365678	5265401
365679	5265419
365680	5265439
365681	5265473
365682	5265487
365683	5265499
365684	5265517
365685	5265539
365686	5265571
365687	5265583
365688	5265593
365689	5265607
365690	5265649
365691	5265653
365692	5265683
365693	5265697
365694	5265707
365695	5265721
365696	5265727
365697	5265761
365698	5265763
365699	5265773
365700	5265787
365701	5265829
365702	5265847
365703	5265851
365704	5265853
365705	5265859
365706	5265881
365707	5265889
365708	5265901
365709	5265929
365710	5265943
365711	5265961
365712	5265973
365713	5265979
365714	5266013
365715	5266031
365716	5266043
365717	5266067
365718	5266109
365719	5266123
365720	5266127
365721	5266153
365722	5266159
365723	5266169
365724	5266181
365725	5266189
365726	5266193
365727	5266199
365728	5266201
365729	5266207
365730	5266237
365731	5266271
365732	5266273
365733	5266291
365734	5266297
365735	5266301
365736	5266307
365737	5266319
365738	5266337
365739	5266351
365740	5266361
365741	5266381
365742	5266423
365743	5266441
365744	5266453
365745	5266463
365746	5266483
365747	5266507
365748	5266519
365749	5266531
365750	5266537
365751	5266577
365752	5266589
365753	5266619
365754	5266631
365755	5266649
365756	5266673
365757	5266711
365758	5266727
365759	5266739
365760	5266741
365761	5266757
365762	5266799
365763	5266823
365764	5266831
365765	5266841
365766	5266873
365767	5266883
365768	5266897
365769	5266903
365770	5266907
365771	5266909
365772	5266927
365773	5266967
365774	5266969
365775	5266979
365776	5266997
365777	5267039
365778	5267077
365779	5267083
365780	5267089
365781	5267099
365782	5267137
365783	5267153
365784	5267159
365785	5267173
365786	5267177
365787	5267191
365788	5267201
365789	5267221
365790	5267257
365791	5267279
365792	5267291
365793	5267309
365794	5267323
365795	5267341
365796	5267359
365797	5267363
365798	5267369
365799	5267377
365800	5267401
365801	5267413
365802	5267417
365803	5267441
365804	5267443
365805	5267447
365806	5267459
365807	5267491
365808	5267497
365809	5267519
365810	5267527
365811	5267539
365812	5267567
365813	5267573
365814	5267593
365815	5267599
365816	5267609
365817	5267611
365818	5267623
365819	5267657
365820	5267659
365821	5267663
365822	5267699
365823	5267701
365824	5267707
365825	5267711
365826	5267719
365827	5267747
365828	5267767
365829	5267771
365830	5267783
365831	5267789
365832	5267797
365833	5267809
365834	5267837
365835	5267849
365836	5267863
365837	5267869
365838	5267881
365839	5267891
365840	5267953
365841	5268001
365842	5268007
365843	5268013
365844	5268017
365845	5268031
365846	5268077
365847	5268083
365848	5268091
365849	5268101
365850	5268119
365851	5268121
365852	5268163
365853	5268203
365854	5268209
365855	5268217
365856	5268229
365857	5268257
365858	5268269
365859	5268281
365860	5268293
365861	5268299
365862	5268397
365863	5268407
365864	5268409
365865	5268437
365866	5268451
365867	5268457
365868	5268493
365869	5268499
365870	5268539
365871	5268547
365872	5268551
365873	5268577
365874	5268583
365875	5268607
365876	5268619
365877	5268647
365878	5268671
365879	5268673
365880	5268701
365881	5268709
365882	5268713
365883	5268721
365884	5268727
365885	5268737
365886	5268743
365887	5268761
365888	5268773
365889	5268779
365890	5268803
365891	5268811
365892	5268899
365893	5268937
365894	5268953
365895	5268959
365896	5268971
365897	5268973
365898	5268979
365899	5269003
365900	5269007
365901	5269009
365902	5269013
365903	5269021
365904	5269027
365905	5269037
365906	5269049
365907	5269051
365908	5269079
365909	5269109
365910	5269111
365911	5269129
365912	5269151
365913	5269181
365914	5269193
365915	5269211
365916	5269219
365917	5269247
365918	5269259
365919	5269283
365920	5269307
365921	5269309
365922	5269339
365923	5269343
365924	5269373
365925	5269393
365926	5269399
365927	5269409
365928	5269427
365929	5269457
365930	5269463
365931	5269471
365932	5269487
365933	5269489
365934	5269493
365935	5269501
365936	5269513
365937	5269543
365938	5269559
365939	5269567
365940	5269573
365941	5269603
365942	5269613
365943	5269633
365944	5269639
365945	5269673
365946	5269679
365947	5269681
365948	5269709
365949	5269717
365950	5269723
365951	5269727
365952	5269739
365953	5269757
365954	5269769
365955	5269787
365956	5269801
365957	5269811
365958	5269819
365959	5269841
365960	5269861
365961	5269867
365962	5269879
365963	5269933
365964	5269993
365965	5270003
365966	5270009
365967	5270029
365968	5270039
365969	5270081
365970	5270101
365971	5270113
365972	5270129
365973	5270131
365974	5270143
365975	5270149
365976	5270171
365977	5270173
365978	5270183
365979	5270203
365980	5270219
365981	5270231
365982	5270233
365983	5270273
365984	5270303
365985	5270311
365986	5270347
365987	5270359
365988	5270383
365989	5270387
365990	5270389
365991	5270393
365992	5270399
365993	5270413
365994	5270423
365995	5270443
365996	5270449
365997	5270453
365998	5270497
365999	5270501
366000	5270521
