366001	5270537
366002	5270549
366003	5270557
366004	5270563
366005	5270567
366006	5270579
366007	5270597
366008	5270599
366009	5270609
366010	5270623
366011	5270633
366012	5270641
366013	5270653
366014	5270677
366015	5270701
366016	5270719
366017	5270723
366018	5270729
366019	5270737
366020	5270747
366021	5270767
366022	5270773
366023	5270789
366024	5270807
366025	5270821
366026	5270843
366027	5270849
366028	5270851
366029	5270861
366030	5270869
366031	5270873
366032	5270921
366033	5270929
366034	5270939
366035	5270971
366036	5270977
366037	5270981
366038	5270987
366039	5271041
366040	5271053
366041	5271059
366042	5271061
366043	5271067
366044	5271107
366045	5271121
366046	5271143
366047	5271157
366048	5271169
366049	5271179
366050	5271199
366051	5271223
366052	5271281
366053	5271283
366054	5271289
366055	5271293
366056	5271307
366057	5271313
366058	5271319
366059	5271323
366060	5271361
366061	5271373
366062	5271397
366063	5271401
366064	5271419
366065	5271443
366066	5271451
366067	5271463
366068	5271481
366069	5271491
366070	5271509
366071	5271517
366072	5271521
366073	5271529
366074	5271551
366075	5271557
366076	5271599
366077	5271613
366078	5271619
366079	5271631
366080	5271653
366081	5271667
366082	5271677
366083	5271701
366084	5271703
366085	5271719
366086	5271727
366087	5271731
366088	5271733
366089	5271743
366090	5271781
366091	5271787
366092	5271793
366093	5271811
366094	5271817
366095	5271839
366096	5271869
366097	5271883
366098	5271901
366099	5271913
366100	5271919
366101	5271923
366102	5271941
366103	5271961
366104	5271967
366105	5271977
366106	5272009
366107	5272013
366108	5272021
366109	5272031
366110	5272039
366111	5272051
366112	5272061
366113	5272079
366114	5272081
366115	5272097
366116	5272103
366117	5272121
366118	5272123
366119	5272147
366120	5272153
366121	5272207
366122	5272219
366123	5272237
366124	5272249
366125	5272259
366126	5272283
366127	5272307
366128	5272321
366129	5272327
366130	5272339
366131	5272369
366132	5272411
366133	5272429
366134	5272433
366135	5272441
366136	5272447
366137	5272453
366138	5272459
366139	5272471
366140	5272483
366141	5272489
366142	5272513
366143	5272517
366144	5272541
366145	5272583
366146	5272591
366147	5272613
366148	5272621
366149	5272637
366150	5272643
366151	5272649
366152	5272651
366153	5272667
366154	5272739
366155	5272753
366156	5272763
366157	5272781
366158	5272783
366159	5272793
366160	5272801
366161	5272807
366162	5272837
366163	5272843
366164	5272859
366165	5272871
366166	5272877
366167	5272909
366168	5272921
366169	5272951
366170	5272963
366171	5272979
366172	5272987
366173	5272991
366174	5272999
366175	5273011
366176	5273053
366177	5273063
366178	5273087
366179	5273117
366180	5273123
366181	5273137
366182	5273173
366183	5273189
366184	5273197
366185	5273201
366186	5273209
366187	5273221
366188	5273227
366189	5273231
366190	5273251
366191	5273263
366192	5273287
366193	5273309
366194	5273327
366195	5273347
366196	5273363
366197	5273381
366198	5273399
366199	5273407
366200	5273419
366201	5273449
366202	5273453
366203	5273459
366204	5273483
366205	5273491
366206	5273531
366207	5273537
366208	5273581
366209	5273603
366210	5273617
366211	5273629
366212	5273651
366213	5273657
366214	5273663
366215	5273669
366216	5273677
366217	5273683
366218	5273711
366219	5273717
366220	5273731
366221	5273743
366222	5273753
366223	5273759
366224	5273767
366225	5273777
366226	5273783
366227	5273819
366228	5273837
366229	5273839
366230	5273857
366231	5273861
366232	5273921
366233	5273941
366234	5273959
366235	5273971
366236	5273981
366237	5274007
366238	5274023
366239	5274037
366240	5274041
366241	5274047
366242	5274067
366243	5274109
366244	5274127
366245	5274133
366246	5274151
366247	5274161
366248	5274163
366249	5274167
366250	5274169
366251	5274197
366252	5274211
366253	5274221
366254	5274257
366255	5274287
366256	5274289
366257	5274299
366258	5274319
366259	5274329
366260	5274331
366261	5274341
366262	5274359
366263	5274391
366264	5274397
366265	5274427
366266	5274431
366267	5274443
366268	5274449
366269	5274463
366270	5274551
366271	5274553
366272	5274559
366273	5274583
366274	5274587
366275	5274589
366276	5274601
366277	5274611
366278	5274617
366279	5274623
366280	5274629
366281	5274631
366282	5274649
366283	5274653
366284	5274667
366285	5274671
366286	5274673
366287	5274677
366288	5274679
366289	5274701
366290	5274707
366291	5274713
366292	5274739
366293	5274817
366294	5274827
366295	5274833
366296	5274851
366297	5274859
366298	5274869
366299	5274877
366300	5274881
366301	5274917
366302	5274923
366303	5274949
366304	5274967
366305	5275007
366306	5275021
366307	5275051
366308	5275057
366309	5275063
366310	5275079
366311	5275099
366312	5275121
366313	5275133
366314	5275159
366315	5275163
366316	5275243
366317	5275247
366318	5275271
366319	5275279
366320	5275307
366321	5275313
366322	5275373
366323	5275381
366324	5275399
366325	5275409
366326	5275411
366327	5275427
366328	5275451
366329	5275481
366330	5275499
366331	5275537
366332	5275547
366333	5275553
366334	5275561
366335	5275573
366336	5275577
366337	5275583
366338	5275639
366339	5275657
366340	5275663
366341	5275679
366342	5275681
366343	5275693
366344	5275723
366345	5275727
366346	5275741
366347	5275747
366348	5275759
366349	5275771
366350	5275801
366351	5275807
366352	5275811
366353	5275813
366354	5275841
366355	5275889
366356	5275903
366357	5275909
366358	5275987
366359	5275997
366360	5276017
366361	5276021
366362	5276027
366363	5276077
366364	5276093
366365	5276101
366366	5276111
366367	5276113
366368	5276119
366369	5276149
366370	5276153
366371	5276189
366372	5276191
366373	5276197
366374	5276207
366375	5276233
366376	5276261
366377	5276263
366378	5276279
366379	5276303
366380	5276329
366381	5276333
366382	5276339
366383	5276351
366384	5276371
366385	5276377
366386	5276387
366387	5276399
366388	5276419
366389	5276423
366390	5276431
366391	5276437
366392	5276441
366393	5276449
366394	5276483
366395	5276497
366396	5276501
366397	5276503
366398	5276519
366399	5276539
366400	5276563
366401	5276599
366402	5276617
366403	5276629
366404	5276653
366405	5276657
366406	5276671
366407	5276701
366408	5276707
366409	5276731
366410	5276743
366411	5276767
366412	5276771
366413	5276779
366414	5276797
366415	5276807
366416	5276809
366417	5276819
366418	5276827
366419	5276833
366420	5276861
366421	5276863
366422	5276911
366423	5276923
366424	5276939
366425	5276969
366426	5276983
366427	5277001
366428	5277007
366429	5277029
366430	5277031
366431	5277059
366432	5277061
366433	5277109
366434	5277119
366435	5277131
366436	5277163
366437	5277169
366438	5277179
366439	5277187
366440	5277197
366441	5277211
366442	5277221
366443	5277227
366444	5277247
366445	5277253
366446	5277257
366447	5277289
366448	5277313
366449	5277329
366450	5277331
366451	5277341
366452	5277343
366453	5277379
366454	5277403
366455	5277407
366456	5277427
366457	5277469
366458	5277473
366459	5277487
366460	5277499
366461	5277509
366462	5277527
366463	5277539
366464	5277551
366465	5277589
366466	5277607
366467	5277641
366468	5277661
366469	5277707
366470	5277709
366471	5277749
366472	5277751
366473	5277761
366474	5277773
366475	5277799
366476	5277847
366477	5277851
366478	5277901
366479	5277917
366480	5277919
366481	5277929
366482	5277941
366483	5277947
366484	5277983
366485	5278001
366486	5278033
366487	5278037
366488	5278043
366489	5278051
366490	5278073
366491	5278093
366492	5278099
366493	5278127
366494	5278139
366495	5278151
366496	5278171
366497	5278223
366498	5278237
366499	5278249
366500	5278253
366501	5278271
366502	5278289
366503	5278291
366504	5278297
366505	5278303
366506	5278321
366507	5278331
366508	5278337
366509	5278349
366510	5278373
366511	5278393
366512	5278397
366513	5278421
366514	5278423
366515	5278439
366516	5278451
366517	5278459
366518	5278499
366519	5278519
366520	5278529
366521	5278541
366522	5278547
366523	5278571
366524	5278573
366525	5278577
366526	5278579
366527	5278591
366528	5278601
366529	5278607
366530	5278621
366531	5278657
366532	5278681
366533	5278697
366534	5278699
366535	5278727
366536	5278733
366537	5278739
366538	5278769
366539	5278771
366540	5278787
366541	5278813
366542	5278829
366543	5278831
366544	5278843
366545	5278877
366546	5278913
366547	5278927
366548	5278939
366549	5278943
366550	5278951
366551	5278961
366552	5278969
366553	5278991
366554	5279003
366555	5279011
366556	5279033
366557	5279039
366558	5279041
366559	5279051
366560	5279089
366561	5279107
366562	5279117
366563	5279149
366564	5279161
366565	5279177
366566	5279179
366567	5279191
366568	5279203
366569	5279221
366570	5279233
366571	5279237
366572	5279243
366573	5279257
366574	5279279
366575	5279291
366576	5279297
366577	5279303
366578	5279311
366579	5279341
366580	5279353
366581	5279357
366582	5279377
366583	5279387
366584	5279423
366585	5279429
366586	5279437
366587	5279453
366588	5279501
366589	5279509
366590	5279513
366591	5279531
366592	5279539
366593	5279543
366594	5279609
366595	5279621
366596	5279623
366597	5279629
366598	5279671
366599	5279683
366600	5279689
366601	5279731
366602	5279737
366603	5279767
366604	5279783
366605	5279831
366606	5279837
366607	5279867
366608	5279873
366609	5279881
366610	5279887
366611	5279899
366612	5279909
366613	5279941
366614	5279947
366615	5279959
366616	5279993
366617	5279999
366618	5280007
366619	5280031
366620	5280049
366621	5280071
366622	5280073
366623	5280083
366624	5280091
366625	5280101
366626	5280109
366627	5280139
366628	5280161
366629	5280169
366630	5280173
366631	5280229
366632	5280239
366633	5280257
366634	5280259
366635	5280263
366636	5280277
366637	5280329
366638	5280361
366639	5280367
366640	5280371
366641	5280383
366642	5280397
366643	5280413
366644	5280427
366645	5280433
366646	5280437
366647	5280449
366648	5280463
366649	5280481
366650	5280487
366651	5280491
366652	5280493
366653	5280503
366654	5280521
366655	5280553
366656	5280589
366657	5280617
366658	5280619
366659	5280629
366660	5280631
366661	5280641
366662	5280643
366663	5280647
366664	5280661
366665	5280703
366666	5280713
366667	5280733
366668	5280773
366669	5280791
366670	5280799
366671	5280809
366672	5280817
366673	5280827
366674	5280851
366675	5280853
366676	5280857
366677	5280883
366678	5280887
366679	5280901
366680	5280907
366681	5280911
366682	5280937
366683	5280949
366684	5280983
366685	5281019
366686	5281021
366687	5281049
366688	5281057
366689	5281097
366690	5281117
366691	5281123
366692	5281139
366693	5281147
366694	5281151
366695	5281153
366696	5281163
366697	5281201
366698	5281247
366699	5281273
366700	5281337
366701	5281361
366702	5281369
366703	5281379
366704	5281403
366705	5281429
366706	5281433
366707	5281447
366708	5281457
366709	5281459
366710	5281489
366711	5281499
366712	5281511
366713	5281547
366714	5281597
366715	5281613
366716	5281631
366717	5281643
366718	5281649
366719	5281657
366720	5281663
366721	5281667
366722	5281669
366723	5281673
366724	5281681
366725	5281693
366726	5281711
366727	5281751
366728	5281763
366729	5281817
366730	5281823
366731	5281853
366732	5281879
366733	5281891
366734	5281897
366735	5281919
366736	5281921
366737	5281937
366738	5281949
366739	5281979
366740	5281993
366741	5281999
366742	5282023
366743	5282029
366744	5282099
366745	5282107
366746	5282119
366747	5282129
366748	5282141
366749	5282143
366750	5282159
366751	5282219
366752	5282227
366753	5282243
366754	5282273
366755	5282279
366756	5282281
366757	5282297
366758	5282327
366759	5282339
366760	5282363
366761	5282371
366762	5282383
366763	5282441
366764	5282443
366765	5282449
366766	5282477
366767	5282491
366768	5282503
366769	5282509
366770	5282521
366771	5282531
366772	5282533
366773	5282567
366774	5282573
366775	5282587
366776	5282609
366777	5282621
366778	5282623
366779	5282633
366780	5282653
366781	5282657
366782	5282671
366783	5282677
366784	5282689
366785	5282707
366786	5282713
366787	5282729
366788	5282737
366789	5282743
366790	5282747
366791	5282777
366792	5282789
366793	5282821
366794	5282831
366795	5282833
366796	5282861
366797	5282873
366798	5282887
366799	5282899
366800	5282909
366801	5282923
366802	5282929
366803	5282933
366804	5282947
366805	5282983
366806	5282999
366807	5283001
366808	5283011
366809	5283041
366810	5283043
366811	5283059
366812	5283067
366813	5283071
366814	5283079
366815	5283101
366816	5283139
366817	5283143
366818	5283167
366819	5283233
366820	5283241
366821	5283253
366822	5283263
366823	5283269
366824	5283329
366825	5283347
366826	5283359
366827	5283389
366828	5283401
366829	5283409
366830	5283427
366831	5283431
366832	5283449
366833	5283457
366834	5283469
366835	5283479
366836	5283497
366837	5283503
366838	5283527
366839	5283559
366840	5283569
366841	5283601
366842	5283631
366843	5283647
366844	5283683
366845	5283701
366846	5283731
366847	5283781
366848	5283791
366849	5283809
366850	5283827
366851	5283847
366852	5283851
366853	5283877
366854	5283913
366855	5283937
366856	5283961
366857	5283973
366858	5283979
366859	5283983
366860	5283989
366861	5284001
366862	5284021
366863	5284031
366864	5284079
366865	5284087
366866	5284091
366867	5284117
366868	5284129
366869	5284151
366870	5284157
366871	5284171
366872	5284183
366873	5284187
366874	5284189
366875	5284193
366876	5284271
366877	5284277
366878	5284283
366879	5284289
366880	5284309
366881	5284327
366882	5284339
366883	5284373
366884	5284387
366885	5284393
366886	5284417
366887	5284423
366888	5284427
366889	5284439
366890	5284469
366891	5284481
366892	5284493
366893	5284507
366894	5284511
366895	5284523
366896	5284537
366897	5284541
366898	5284579
366899	5284607
366900	5284619
366901	5284627
366902	5284639
366903	5284649
366904	5284651
366905	5284661
366906	5284667
366907	5284681
366908	5284703
366909	5284709
366910	5284751
366911	5284753
366912	5284781
366913	5284819
366914	5284879
366915	5284891
366916	5284921
366917	5284927
366918	5284957
366919	5284967
366920	5284987
366921	5284991
366922	5284999
366923	5285053
366924	5285057
366925	5285099
366926	5285129
366927	5285131
366928	5285141
366929	5285143
366930	5285177
366931	5285183
366932	5285201
366933	5285209
366934	5285219
366935	5285227
366936	5285237
366937	5285243
366938	5285251
366939	5285263
366940	5285281
366941	5285297
366942	5285299
366943	5285309
366944	5285327
366945	5285347
366946	5285387
366947	5285389
366948	5285417
366949	5285461
366950	5285471
366951	5285473
366952	5285509
366953	5285513
366954	5285537
366955	5285551
366956	5285587
366957	5285611
366958	5285647
366959	5285659
366960	5285671
366961	5285677
366962	5285681
366963	5285713
366964	5285729
366965	5285741
366966	5285767
366967	5285771
366968	5285773
366969	5285789
366970	5285803
366971	5285807
366972	5285881
366973	5285893
366974	5285921
366975	5285923
366976	5285939
366977	5285941
366978	5285953
366979	5285983
366980	5285989
366981	5286011
366982	5286019
366983	5286023
366984	5286053
366985	5286109
366986	5286139
366987	5286143
366988	5286179
366989	5286181
366990	5286191
366991	5286217
366992	5286221
366993	5286247
366994	5286263
366995	5286277
366996	5286283
366997	5286293
366998	5286317
366999	5286329
367000	5286331
