370001	5332531
370002	5332541
370003	5332553
370004	5332567
370005	5332601
370006	5332609
370007	5332627
370008	5332633
370009	5332643
370010	5332661
370011	5332669
370012	5332687
370013	5332697
370014	5332709
370015	5332721
370016	5332753
370017	5332759
370018	5332841
370019	5332843
370020	5332853
370021	5332861
370022	5332889
370023	5332907
370024	5332919
370025	5332933
370026	5332937
370027	5332967
370028	5332973
370029	5332979
370030	5332991
370031	5333011
370032	5333017
370033	5333021
370034	5333039
370035	5333057
370036	5333059
370037	5333063
370038	5333077
370039	5333093
370040	5333101
370041	5333113
370042	5333117
370043	5333123
370044	5333131
370045	5333149
370046	5333173
370047	5333177
370048	5333183
370049	5333203
370050	5333219
370051	5333227
370052	5333233
370053	5333249
370054	5333269
370055	5333311
370056	5333327
370057	5333329
370058	5333347
370059	5333353
370060	5333371
370061	5333387
370062	5333407
370063	5333429
370064	5333437
370065	5333441
370066	5333459
370067	5333467
370068	5333473
370069	5333483
370070	5333501
370071	5333533
370072	5333543
370073	5333557
370074	5333617
370075	5333621
370076	5333683
370077	5333687
370078	5333689
370079	5333693
370080	5333707
370081	5333717
370082	5333729
370083	5333743
370084	5333747
370085	5333749
370086	5333771
370087	5333791
370088	5333827
370089	5333831
370090	5333837
370091	5333857
370092	5333897
370093	5333917
370094	5333921
370095	5333929
370096	5333959
370097	5333969
370098	5333981
370099	5334011
370100	5334047
370101	5334089
370102	5334101
370103	5334103
370104	5334143
370105	5334149
370106	5334157
370107	5334167
370108	5334181
370109	5334187
370110	5334211
370111	5334227
370112	5334233
370113	5334239
370114	5334247
370115	5334257
370116	5334281
370117	5334283
370118	5334293
370119	5334299
370120	5334313
370121	5334323
370122	5334331
370123	5334337
370124	5334361
370125	5334409
370126	5334437
370127	5334467
370128	5334499
370129	5334509
370130	5334523
370131	5334533
370132	5334557
370133	5334559
370134	5334599
370135	5334601
370136	5334619
370137	5334629
370138	5334631
370139	5334653
370140	5334661
370141	5334671
370142	5334673
370143	5334677
370144	5334683
370145	5334691
370146	5334701
370147	5334733
370148	5334751
370149	5334757
370150	5334761
370151	5334773
370152	5334779
370153	5334799
370154	5334817
370155	5334851
370156	5334859
370157	5334863
370158	5334887
370159	5334893
370160	5334899
370161	5334907
370162	5334911
370163	5334929
370164	5334937
370165	5334943
370166	5334997
370167	5335003
370168	5335021
370169	5335027
370170	5335037
370171	5335039
370172	5335051
370173	5335061
370174	5335081
370175	5335117
370176	5335129
370177	5335133
370178	5335151
370179	5335189
370180	5335271
370181	5335273
370182	5335279
370183	5335301
370184	5335303
370185	5335307
370186	5335313
370187	5335339
370188	5335361
370189	5335367
370190	5335381
370191	5335387
370192	5335403
370193	5335417
370194	5335439
370195	5335459
370196	5335469
370197	5335529
370198	5335531
370199	5335549
370200	5335559
370201	5335567
370202	5335591
370203	5335597
370204	5335601
370205	5335607
370206	5335613
370207	5335619
370208	5335621
370209	5335633
370210	5335657
370211	5335661
370212	5335667
370213	5335691
370214	5335717
370215	5335723
370216	5335753
370217	5335763
370218	5335777
370219	5335801
370220	5335829
370221	5335831
370222	5335843
370223	5335849
370224	5335879
370225	5335919
370226	5335961
370227	5335963
370228	5335991
370229	5336003
370230	5336021
370231	5336033
370232	5336039
370233	5336041
370234	5336047
370235	5336053
370236	5336057
370237	5336101
370238	5336117
370239	5336119
370240	5336129
370241	5336141
370242	5336143
370243	5336179
370244	5336183
370245	5336209
370246	5336231
370247	5336237
370248	5336267
370249	5336269
370250	5336281
370251	5336291
370252	5336297
370253	5336323
370254	5336329
370255	5336347
370256	5336369
370257	5336381
370258	5336393
370259	5336447
370260	5336467
370261	5336477
370262	5336479
370263	5336489
370264	5336497
370265	5336501
370266	5336509
370267	5336563
370268	5336579
370269	5336599
370270	5336629
370271	5336641
370272	5336659
370273	5336671
370274	5336689
370275	5336693
370276	5336711
370277	5336717
370278	5336719
370279	5336741
370280	5336753
370281	5336761
370282	5336789
370283	5336797
370284	5336801
370285	5336813
370286	5336831
370287	5336833
370288	5336887
370289	5336911
370290	5336953
370291	5336971
370292	5336987
370293	5336993
370294	5337023
370295	5337049
370296	5337061
370297	5337067
370298	5337077
370299	5337083
370300	5337089
370301	5337107
370302	5337169
370303	5337181
370304	5337193
370305	5337209
370306	5337217
370307	5337307
370308	5337313
370309	5337341
370310	5337349
370311	5337359
370312	5337373
370313	5337377
370314	5337389
370315	5337401
370316	5337407
370317	5337413
370318	5337433
370319	5337443
370320	5337463
370321	5337467
370322	5337491
370323	5337523
370324	5337533
370325	5337539
370326	5337551
370327	5337557
370328	5337559
370329	5337571
370330	5337599
370331	5337623
370332	5337659
370333	5337691
370334	5337697
370335	5337701
370336	5337721
370337	5337733
370338	5337737
370339	5337751
370340	5337763
370341	5337791
370342	5337799
370343	5337811
370344	5337853
370345	5337889
370346	5337911
370347	5337923
370348	5337929
370349	5337947
370350	5337961
370351	5337967
370352	5337973
370353	5337989
370354	5337991
370355	5338009
370356	5338013
370357	5338019
370358	5338033
370359	5338043
370360	5338079
370361	5338097
370362	5338103
370363	5338121
370364	5338127
370365	5338129
370366	5338133
370367	5338141
370368	5338163
370369	5338189
370370	5338199
370371	5338211
370372	5338237
370373	5338243
370374	5338273
370375	5338283
370376	5338301
370377	5338313
370378	5338327
370379	5338331
370380	5338343
370381	5338351
370382	5338367
370383	5338393
370384	5338409
370385	5338427
370386	5338433
370387	5338441
370388	5338447
370389	5338451
370390	5338453
370391	5338469
370392	5338483
370393	5338499
370394	5338547
370395	5338549
370396	5338577
370397	5338609
370398	5338631
370399	5338633
370400	5338649
370401	5338657
370402	5338667
370403	5338681
370404	5338717
370405	5338721
370406	5338747
370407	5338757
370408	5338763
370409	5338787
370410	5338793
370411	5338811
370412	5338831
370413	5338877
370414	5338919
370415	5338939
370416	5338951
370417	5338997
370418	5339017
370419	5339039
370420	5339051
370421	5339053
370422	5339077
370423	5339083
370424	5339093
370425	5339101
370426	5339107
370427	5339119
370428	5339123
370429	5339149
370430	5339177
370431	5339179
370432	5339189
370433	5339221
370434	5339227
370435	5339233
370436	5339237
370437	5339239
370438	5339249
370439	5339251
370440	5339261
370441	5339263
370442	5339287
370443	5339303
370444	5339311
370445	5339387
370446	5339423
370447	5339443
370448	5339447
370449	5339497
370450	5339527
370451	5339539
370452	5339561
370453	5339563
370454	5339569
370455	5339573
370456	5339599
370457	5339603
370458	5339617
370459	5339629
370460	5339641
370461	5339669
370462	5339671
370463	5339687
370464	5339693
370465	5339701
370466	5339707
370467	5339723
370468	5339743
370469	5339759
370470	5339771
370471	5339773
370472	5339791
370473	5339797
370474	5339809
370475	5339827
370476	5339861
370477	5339863
370478	5339891
370479	5339897
370480	5339899
370481	5339903
370482	5339987
370483	5339993
370484	5340017
370485	5340037
370486	5340059
370487	5340067
370488	5340073
370489	5340077
370490	5340103
370491	5340109
370492	5340119
370493	5340143
370494	5340151
370495	5340157
370496	5340161
370497	5340191
370498	5340221
370499	5340229
370500	5340233
370501	5340239
370502	5340253
370503	5340259
370504	5340287
370505	5340289
370506	5340317
370507	5340331
370508	5340341
370509	5340343
370510	5340359
370511	5340383
370512	5340389
370513	5340409
370514	5340421
370515	5340427
370516	5340443
370517	5340449
370518	5340451
370519	5340481
370520	5340487
370521	5340497
370522	5340523
370523	5340541
370524	5340547
370525	5340571
370526	5340589
370527	5340613
370528	5340641
370529	5340659
370530	5340661
370531	5340667
370532	5340679
370533	5340689
370534	5340707
370535	5340743
370536	5340749
370537	5340763
370538	5340781
370539	5340787
370540	5340793
370541	5340799
370542	5340809
370543	5340817
370544	5340871
370545	5340883
370546	5340893
370547	5340943
370548	5340949
370549	5340971
370550	5340989
370551	5341003
370552	5341013
370553	5341019
370554	5341031
370555	5341051
370556	5341057
370557	5341067
370558	5341103
370559	5341121
370560	5341123
370561	5341153
370562	5341163
370563	5341169
370564	5341177
370565	5341187
370566	5341199
370567	5341229
370568	5341241
370569	5341253
370570	5341277
370571	5341279
370572	5341291
370573	5341319
370574	5341339
370575	5341361
370576	5341363
370577	5341367
370578	5341373
370579	5341379
370580	5341381
370581	5341387
370582	5341403
370583	5341421
370584	5341429
370585	5341433
370586	5341463
370587	5341559
370588	5341571
370589	5341577
370590	5341591
370591	5341613
370592	5341619
370593	5341627
370594	5341639
370595	5341649
370596	5341657
370597	5341667
370598	5341669
370599	5341729
370600	5341741
370601	5341751
370602	5341759
370603	5341769
370604	5341781
370605	5341783
370606	5341811
370607	5341823
370608	5341841
370609	5341867
370610	5341871
370611	5341877
370612	5341891
370613	5341939
370614	5341943
370615	5341979
370616	5341993
370617	5342011
370618	5342017
370619	5342039
370620	5342087
370621	5342089
370622	5342101
370623	5342123
370624	5342153
370625	5342159
370626	5342167
370627	5342179
370628	5342201
370629	5342219
370630	5342221
370631	5342237
370632	5342251
370633	5342257
370634	5342263
370635	5342297
370636	5342299
370637	5342303
370638	5342317
370639	5342327
370640	5342329
370641	5342333
370642	5342353
370643	5342377
370644	5342387
370645	5342399
370646	5342431
370647	5342459
370648	5342473
370649	5342483
370650	5342489
370651	5342503
370652	5342521
370653	5342543
370654	5342551
370655	5342567
370656	5342569
370657	5342593
370658	5342599
370659	5342639
370660	5342657
370661	5342683
370662	5342717
370663	5342719
370664	5342737
370665	5342741
370666	5342747
370667	5342749
370668	5342761
370669	5342783
370670	5342789
370671	5342801
370672	5342803
370673	5342809
370674	5342851
370675	5342861
370676	5342891
370677	5342903
370678	5342917
370679	5342921
370680	5342927
370681	5342957
370682	5342993
370683	5342999
370684	5343011
370685	5343029
370686	5343073
370687	5343103
370688	5343113
370689	5343119
370690	5343127
370691	5343131
370692	5343139
370693	5343157
370694	5343167
370695	5343179
370696	5343187
370697	5343193
370698	5343197
370699	5343209
370700	5343229
370701	5343241
370702	5343251
370703	5343263
370704	5343277
370705	5343311
370706	5343341
370707	5343343
370708	5343347
370709	5343367
370710	5343379
370711	5343391
370712	5343397
370713	5343419
370714	5343463
370715	5343467
370716	5343469
370717	5343493
370718	5343497
370719	5343509
370720	5343517
370721	5343529
370722	5343551
370723	5343581
370724	5343589
370725	5343599
370726	5343601
370727	5343631
370728	5343641
370729	5343647
370730	5343671
370731	5343683
370732	5343691
370733	5343697
370734	5343703
370735	5343707
370736	5343713
370737	5343721
370738	5343727
370739	5343757
370740	5343761
370741	5343773
370742	5343787
370743	5343803
370744	5343841
370745	5343857
370746	5343893
370747	5343907
370748	5343929
370749	5343941
370750	5343953
370751	5343979
370752	5343983
370753	5344007
370754	5344013
370755	5344037
370756	5344039
370757	5344049
370758	5344051
370759	5344057
370760	5344061
370761	5344081
370762	5344117
370763	5344139
370764	5344151
370765	5344159
370766	5344181
370767	5344189
370768	5344201
370769	5344217
370770	5344231
370771	5344247
370772	5344249
370773	5344253
370774	5344259
370775	5344267
370776	5344277
370777	5344289
370778	5344291
370779	5344331
370780	5344333
370781	5344351
370782	5344421
370783	5344457
370784	5344459
370785	5344499
370786	5344531
370787	5344553
370788	5344583
370789	5344589
370790	5344601
370791	5344627
370792	5344639
370793	5344649
370794	5344663
370795	5344697
370796	5344711
370797	5344723
370798	5344727
370799	5344733
370800	5344739
370801	5344769
370802	5344777
370803	5344813
370804	5344847
370805	5344849
370806	5344853
370807	5344861
370808	5344873
370809	5344879
370810	5344907
370811	5344957
370812	5344973
370813	5345017
370814	5345083
370815	5345107
370816	5345141
370817	5345143
370818	5345147
370819	5345173
370820	5345189
370821	5345203
370822	5345227
370823	5345231
370824	5345243
370825	5345257
370826	5345261
370827	5345267
370828	5345273
370829	5345281
370830	5345297
370831	5345311
370832	5345317
370833	5345323
370834	5345359
370835	5345363
370836	5345371
370837	5345383
370838	5345387
370839	5345393
370840	5345401
370841	5345411
370842	5345413
370843	5345419
370844	5345443
370845	5345467
370846	5345471
370847	5345489
370848	5345513
370849	5345537
370850	5345563
370851	5345567
370852	5345569
370853	5345581
370854	5345611
370855	5345617
370856	5345629
370857	5345647
370858	5345653
370859	5345663
370860	5345677
370861	5345689
370862	5345699
370863	5345741
370864	5345759
370865	5345761
370866	5345771
370867	5345777
370868	5345789
370869	5345819
370870	5345839
370871	5345843
370872	5345861
370873	5345881
370874	5345887
370875	5345891
370876	5345903
370877	5345909
370878	5345927
370879	5345929
370880	5345933
370881	5345941
370882	5345953
370883	5345957
370884	5345983
370885	5345987
370886	5345993
370887	5345999
370888	5346013
370889	5346023
370890	5346037
370891	5346053
370892	5346059
370893	5346067
370894	5346071
370895	5346073
370896	5346083
370897	5346127
370898	5346137
370899	5346139
370900	5346149
370901	5346157
370902	5346169
370903	5346181
370904	5346199
370905	5346227
370906	5346247
370907	5346259
370908	5346283
370909	5346287
370910	5346307
370911	5346317
370912	5346323
370913	5346329
370914	5346343
370915	5346361
370916	5346409
370917	5346413
370918	5346427
370919	5346431
370920	5346479
370921	5346487
370922	5346493
370923	5346541
370924	5346547
370925	5346571
370926	5346599
370927	5346613
370928	5346617
370929	5346623
370930	5346631
370931	5346647
370932	5346661
370933	5346689
370934	5346697
370935	5346709
370936	5346713
370937	5346727
370938	5346743
370939	5346751
370940	5346763
370941	5346779
370942	5346791
370943	5346793
370944	5346863
370945	5346877
370946	5346881
370947	5346883
370948	5346899
370949	5346917
370950	5346919
370951	5346941
370952	5346967
370953	5346989
370954	5346997
370955	5347003
370956	5347009
370957	5347021
370958	5347033
370959	5347051
370960	5347057
370961	5347087
370962	5347091
370963	5347099
370964	5347103
370965	5347123
370966	5347127
370967	5347157
370968	5347183
370969	5347211
370970	5347241
370971	5347259
370972	5347271
370973	5347291
370974	5347301
370975	5347313
370976	5347327
370977	5347361
370978	5347403
370979	5347409
370980	5347411
370981	5347421
370982	5347423
370983	5347483
370984	5347487
370985	5347501
370986	5347553
370987	5347591
370988	5347619
370989	5347621
370990	5347631
370991	5347637
370992	5347651
370993	5347663
370994	5347669
370995	5347681
370996	5347729
370997	5347751
370998	5347777
370999	5347787
371000	5347789
