371001	5347807
371002	5347817
371003	5347847
371004	5347889
371005	5347897
371006	5347961
371007	5347973
371008	5347981
371009	5347997
371010	5348009
371011	5348041
371012	5348059
371013	5348087
371014	5348111
371015	5348131
371016	5348153
371017	5348159
371018	5348197
371019	5348201
371020	5348227
371021	5348237
371022	5348243
371023	5348249
371024	5348257
371025	5348261
371026	5348263
371027	5348281
371028	5348293
371029	5348309
371030	5348323
371031	5348333
371032	5348363
371033	5348381
371034	5348393
371035	5348401
371036	5348407
371037	5348423
371038	5348429
371039	5348449
371040	5348467
371041	5348479
371042	5348507
371043	5348531
371044	5348533
371045	5348549
371046	5348561
371047	5348569
371048	5348587
371049	5348597
371050	5348621
371051	5348669
371052	5348689
371053	5348711
371054	5348713
371055	5348743
371056	5348797
371057	5348807
371058	5348809
371059	5348839
371060	5348869
371061	5348879
371062	5348887
371063	5348909
371064	5348923
371065	5348933
371066	5348947
371067	5348953
371068	5348969
371069	5349007
371070	5349017
371071	5349049
371072	5349073
371073	5349077
371074	5349083
371075	5349109
371076	5349121
371077	5349161
371078	5349187
371079	5349191
371080	5349199
371081	5349209
371082	5349217
371083	5349233
371084	5349247
371085	5349257
371086	5349277
371087	5349283
371088	5349287
371089	5349299
371090	5349341
371091	5349371
371092	5349401
371093	5349413
371094	5349437
371095	5349451
371096	5349457
371097	5349479
371098	5349503
371099	5349521
371100	5349527
371101	5349529
371102	5349541
371103	5349607
371104	5349613
371105	5349623
371106	5349629
371107	5349649
371108	5349671
371109	5349689
371110	5349691
371111	5349727
371112	5349733
371113	5349739
371114	5349769
371115	5349787
371116	5349791
371117	5349797
371118	5349847
371119	5349853
371120	5349857
371121	5349881
371122	5349889
371123	5349899
371124	5349901
371125	5349919
371126	5349937
371127	5349947
371128	5349983
371129	5349989
371130	5349991
371131	5349997
371132	5350021
371133	5350031
371134	5350067
371135	5350139
371136	5350157
371137	5350159
371138	5350183
371139	5350187
371140	5350193
371141	5350199
371142	5350201
371143	5350217
371144	5350231
371145	5350253
371146	5350271
371147	5350277
371148	5350309
371149	5350333
371150	5350337
371151	5350349
371152	5350357
371153	5350363
371154	5350391
371155	5350399
371156	5350417
371157	5350463
371158	5350481
371159	5350487
371160	5350511
371161	5350517
371162	5350523
371163	5350531
371164	5350537
371165	5350561
371166	5350573
371167	5350601
371168	5350603
371169	5350613
371170	5350633
371171	5350649
371172	5350673
371173	5350691
371174	5350729
371175	5350753
371176	5350757
371177	5350781
371178	5350831
371179	5350843
371180	5350861
371181	5350871
371182	5350883
371183	5350897
371184	5350901
371185	5350931
371186	5350967
371187	5350979
371188	5351009
371189	5351011
371190	5351041
371191	5351053
371192	5351077
371193	5351113
371194	5351131
371195	5351147
371196	5351153
371197	5351173
371198	5351201
371199	5351237
371200	5351239
371201	5351257
371202	5351263
371203	5351267
371204	5351287
371205	5351299
371206	5351321
371207	5351329
371208	5351351
371209	5351383
371210	5351389
371211	5351419
371212	5351429
371213	5351441
371214	5351459
371215	5351461
371216	5351503
371217	5351509
371218	5351513
371219	5351519
371220	5351527
371221	5351531
371222	5351543
371223	5351551
371224	5351579
371225	5351581
371226	5351603
371227	5351609
371228	5351611
371229	5351657
371230	5351669
371231	5351677
371232	5351681
371233	5351683
371234	5351693
371235	5351699
371236	5351701
371237	5351729
371238	5351741
371239	5351761
371240	5351783
371241	5351803
371242	5351807
371243	5351839
371244	5351851
371245	5351861
371246	5351869
371247	5351873
371248	5351881
371249	5351891
371250	5351947
371251	5351953
371252	5351963
371253	5351971
371254	5352001
371255	5352007
371256	5352023
371257	5352029
371258	5352041
371259	5352043
371260	5352049
371261	5352071
371262	5352097
371263	5352107
371264	5352121
371265	5352131
371266	5352133
371267	5352157
371268	5352163
371269	5352187
371270	5352197
371271	5352199
371272	5352203
371273	5352209
371274	5352239
371275	5352257
371276	5352271
371277	5352283
371278	5352289
371279	5352299
371280	5352301
371281	5352317
371282	5352337
371283	5352341
371284	5352343
371285	5352349
371286	5352359
371287	5352401
371288	5352409
371289	5352419
371290	5352439
371291	5352449
371292	5352463
371293	5352481
371294	5352533
371295	5352541
371296	5352551
371297	5352593
371298	5352643
371299	5352647
371300	5352649
371301	5352653
371302	5352691
371303	5352701
371304	5352703
371305	5352707
371306	5352731
371307	5352779
371308	5352821
371309	5352833
371310	5352847
371311	5352869
371312	5352911
371313	5352913
371314	5352937
371315	5352953
371316	5352959
371317	5352967
371318	5352973
371319	5352979
371320	5352989
371321	5353021
371322	5353031
371323	5353037
371324	5353067
371325	5353069
371326	5353087
371327	5353091
371328	5353093
371329	5353097
371330	5353109
371331	5353121
371332	5353151
371333	5353207
371334	5353211
371335	5353213
371336	5353223
371337	5353259
371338	5353267
371339	5353279
371340	5353291
371341	5353321
371342	5353339
371343	5353343
371344	5353357
371345	5353363
371346	5353393
371347	5353399
371348	5353423
371349	5353433
371350	5353463
371351	5353499
371352	5353529
371353	5353541
371354	5353553
371355	5353559
371356	5353571
371357	5353597
371358	5353609
371359	5353633
371360	5353637
371361	5353639
371362	5353643
371363	5353651
371364	5353681
371365	5353693
371366	5353717
371367	5353727
371368	5353729
371369	5353757
371370	5353811
371371	5353819
371372	5353841
371373	5353847
371374	5353849
371375	5353883
371376	5353889
371377	5353913
371378	5353927
371379	5353949
371380	5353969
371381	5353981
371382	5353987
371383	5353993
371384	5354003
371385	5354023
371386	5354047
371387	5354051
371388	5354057
371389	5354071
371390	5354087
371391	5354093
371392	5354117
371393	5354119
371394	5354123
371395	5354131
371396	5354179
371397	5354203
371398	5354207
371399	5354213
371400	5354221
371401	5354243
371402	5354291
371403	5354311
371404	5354341
371405	5354353
371406	5354359
371407	5354369
371408	5354411
371409	5354429
371410	5354443
371411	5354449
371412	5354467
371413	5354471
371414	5354501
371415	5354509
371416	5354513
371417	5354533
371418	5354543
371419	5354551
371420	5354563
371421	5354567
371422	5354581
371423	5354597
371424	5354617
371425	5354633
371426	5354639
371427	5354651
371428	5354659
371429	5354681
371430	5354683
371431	5354719
371432	5354729
371433	5354737
371434	5354743
371435	5354759
371436	5354773
371437	5354777
371438	5354803
371439	5354807
371440	5354809
371441	5354849
371442	5354861
371443	5354873
371444	5354917
371445	5354927
371446	5354933
371447	5354953
371448	5354963
371449	5354977
371450	5354981
371451	5354989
371452	5355011
371453	5355019
371454	5355023
371455	5355059
371456	5355071
371457	5355083
371458	5355101
371459	5355107
371460	5355139
371461	5355151
371462	5355167
371463	5355179
371464	5355197
371465	5355199
371466	5355211
371467	5355257
371468	5355271
371469	5355277
371470	5355299
371471	5355307
371472	5355319
371473	5355341
371474	5355367
371475	5355407
371476	5355419
371477	5355421
371478	5355431
371479	5355433
371480	5355439
371481	5355443
371482	5355451
371483	5355479
371484	5355487
371485	5355503
371486	5355551
371487	5355563
371488	5355569
371489	5355577
371490	5355589
371491	5355593
371492	5355613
371493	5355643
371494	5355667
371495	5355683
371496	5355689
371497	5355709
371498	5355733
371499	5355737
371500	5355761
371501	5355793
371502	5355797
371503	5355811
371504	5355817
371505	5355827
371506	5355829
371507	5355841
371508	5355851
371509	5355863
371510	5355869
371511	5355877
371512	5355881
371513	5355887
371514	5355893
371515	5355899
371516	5355919
371517	5355947
371518	5355949
371519	5355991
371520	5356007
371521	5356019
371522	5356051
371523	5356061
371524	5356063
371525	5356067
371526	5356093
371527	5356111
371528	5356129
371529	5356133
371530	5356147
371531	5356159
371532	5356163
371533	5356187
371534	5356189
371535	5356193
371536	5356201
371537	5356223
371538	5356249
371539	5356259
371540	5356283
371541	5356301
371542	5356303
371543	5356321
371544	5356327
371545	5356331
371546	5356357
371547	5356399
371548	5356409
371549	5356427
371550	5356451
371551	5356469
371552	5356487
371553	5356489
371554	5356501
371555	5356511
371556	5356517
371557	5356529
371558	5356531
371559	5356541
371560	5356567
371561	5356577
371562	5356579
371563	5356607
371564	5356621
371565	5356661
371566	5356693
371567	5356697
371568	5356709
371569	5356711
371570	5356739
371571	5356783
371572	5356789
371573	5356817
371574	5356847
371575	5356849
371576	5356867
371577	5356873
371578	5356877
371579	5356889
371580	5356913
371581	5356943
371582	5356951
371583	5356963
371584	5356979
371585	5357003
371586	5357039
371587	5357041
371588	5357059
371589	5357063
371590	5357071
371591	5357087
371592	5357123
371593	5357147
371594	5357167
371595	5357171
371596	5357173
371597	5357197
371598	5357207
371599	5357237
371600	5357239
371601	5357249
371602	5357299
371603	5357309
371604	5357351
371605	5357353
371606	5357371
371607	5357381
371608	5357423
371609	5357437
371610	5357441
371611	5357467
371612	5357479
371613	5357503
371614	5357519
371615	5357531
371616	5357537
371617	5357557
371618	5357581
371619	5357587
371620	5357603
371621	5357609
371622	5357629
371623	5357633
371624	5357641
371625	5357657
371626	5357683
371627	5357687
371628	5357707
371629	5357713
371630	5357719
371631	5357767
371632	5357777
371633	5357831
371634	5357851
371635	5357857
371636	5357879
371637	5357887
371638	5357893
371639	5357903
371640	5357909
371641	5357959
371642	5357969
371643	5357971
371644	5357977
371645	5357993
371646	5357999
371647	5358013
371648	5358029
371649	5358037
371650	5358053
371651	5358061
371652	5358083
371653	5358109
371654	5358131
371655	5358137
371656	5358139
371657	5358169
371658	5358173
371659	5358181
371660	5358217
371661	5358263
371662	5358271
371663	5358289
371664	5358307
371665	5358317
371666	5358341
371667	5358343
371668	5358391
371669	5358401
371670	5358403
371671	5358407
371672	5358421
371673	5358433
371674	5358449
371675	5358469
371676	5358497
371677	5358499
371678	5358503
371679	5358523
371680	5358539
371681	5358541
371682	5358569
371683	5358581
371684	5358607
371685	5358631
371686	5358641
371687	5358643
371688	5358679
371689	5358697
371690	5358709
371691	5358713
371692	5358733
371693	5358737
371694	5358739
371695	5358751
371696	5358763
371697	5358797
371698	5358809
371699	5358811
371700	5358827
371701	5358833
371702	5358851
371703	5358869
371704	5358889
371705	5358917
371706	5358929
371707	5358937
371708	5358943
371709	5358953
371710	5358967
371711	5358973
371712	5359027
371713	5359037
371714	5359051
371715	5359087
371716	5359139
371717	5359157
371718	5359163
371719	5359183
371720	5359217
371721	5359223
371722	5359231
371723	5359247
371724	5359271
371725	5359279
371726	5359283
371727	5359327
371728	5359351
371729	5359357
371730	5359379
371731	5359427
371732	5359433
371733	5359447
371734	5359451
371735	5359469
371736	5359481
371737	5359489
371738	5359493
371739	5359507
371740	5359537
371741	5359547
371742	5359553
371743	5359583
371744	5359589
371745	5359609
371746	5359633
371747	5359657
371748	5359663
371749	5359681
371750	5359721
371751	5359727
371752	5359741
371753	5359747
371754	5359763
371755	5359769
371756	5359771
371757	5359789
371758	5359793
371759	5359801
371760	5359813
371761	5359817
371762	5359819
371763	5359831
371764	5359841
371765	5359853
371766	5359859
371767	5359873
371768	5359877
371769	5359901
371770	5359903
371771	5359909
371772	5359961
371773	5359987
371774	5360023
371775	5360027
371776	5360029
371777	5360039
371778	5360051
371779	5360077
371780	5360101
371781	5360111
371782	5360119
371783	5360129
371784	5360143
371785	5360161
371786	5360177
371787	5360183
371788	5360191
371789	5360213
371790	5360221
371791	5360231
371792	5360233
371793	5360239
371794	5360263
371795	5360269
371796	5360281
371797	5360339
371798	5360351
371799	5360353
371800	5360359
371801	5360393
371802	5360401
371803	5360419
371804	5360431
371805	5360437
371806	5360461
371807	5360479
371808	5360503
371809	5360507
371810	5360519
371811	5360521
371812	5360557
371813	5360561
371814	5360591
371815	5360599
371816	5360617
371817	5360623
371818	5360639
371819	5360653
371820	5360657
371821	5360669
371822	5360687
371823	5360689
371824	5360701
371825	5360711
371826	5360723
371827	5360731
371828	5360753
371829	5360759
371830	5360783
371831	5360801
371832	5360821
371833	5360827
371834	5360837
371835	5360843
371836	5360857
371837	5360879
371838	5360881
371839	5360903
371840	5360921
371841	5360941
371842	5360963
371843	5360977
371844	5360981
371845	5360987
371846	5361007
371847	5361017
371848	5361023
371849	5361029
371850	5361043
371851	5361049
371852	5361061
371853	5361073
371854	5361121
371855	5361127
371856	5361131
371857	5361157
371858	5361203
371859	5361217
371860	5361227
371861	5361241
371862	5361247
371863	5361269
371864	5361289
371865	5361311
371866	5361319
371867	5361331
371868	5361353
371869	5361359
371870	5361361
371871	5361373
371872	5361379
371873	5361397
371874	5361403
371875	5361413
371876	5361451
371877	5361457
371878	5361463
371879	5361479
371880	5361539
371881	5361547
371882	5361569
371883	5361571
371884	5361593
371885	5361623
371886	5361637
371887	5361641
371888	5361659
371889	5361661
371890	5361673
371891	5361677
371892	5361701
371893	5361703
371894	5361709
371895	5361739
371896	5361751
371897	5361757
371898	5361767
371899	5361773
371900	5361779
371901	5361793
371902	5361803
371903	5361821
371904	5361827
371905	5361833
371906	5361847
371907	5361887
371908	5361893
371909	5361899
371910	5361907
371911	5361913
371912	5361931
371913	5361947
371914	5361959
371915	5361973
371916	5361997
371917	5362033
371918	5362051
371919	5362073
371920	5362079
371921	5362087
371922	5362109
371923	5362111
371924	5362117
371925	5362121
371926	5362141
371927	5362153
371928	5362177
371929	5362207
371930	5362213
371931	5362219
371932	5362271
371933	5362297
371934	5362309
371935	5362337
371936	5362363
371937	5362391
371938	5362403
371939	5362433
371940	5362439
371941	5362457
371942	5362501
371943	5362523
371944	5362529
371945	5362543
371946	5362549
371947	5362583
371948	5362601
371949	5362607
371950	5362619
371951	5362627
371952	5362639
371953	5362663
371954	5362697
371955	5362711
371956	5362727
371957	5362729
371958	5362751
371959	5362771
371960	5362789
371961	5362793
371962	5362823
371963	5362853
371964	5362859
371965	5362897
371966	5362919
371967	5362943
371968	5362949
371969	5362967
371970	5362991
371971	5362993
371972	5363011
371973	5363027
371974	5363047
371975	5363063
371976	5363069
371977	5363077
371978	5363081
371979	5363131
371980	5363147
371981	5363167
371982	5363179
371983	5363207
371984	5363213
371985	5363219
371986	5363221
371987	5363243
371988	5363257
371989	5363273
371990	5363291
371991	5363297
371992	5363321
371993	5363357
371994	5363387
371995	5363429
371996	5363431
371997	5363437
371998	5363443
371999	5363459
372000	5363461
