374001	5394407
374002	5394437
374003	5394439
374004	5394463
374005	5394497
374006	5394503
374007	5394539
374008	5394541
374009	5394569
374010	5394577
374011	5394583
374012	5394607
374013	5394611
374014	5394629
374015	5394643
374016	5394671
374017	5394679
374018	5394709
374019	5394721
374020	5394731
374021	5394749
374022	5394757
374023	5394761
374024	5394769
374025	5394787
374026	5394799
374027	5394839
374028	5394847
374029	5394863
374030	5394869
374031	5394877
374032	5394889
374033	5394931
374034	5394937
374035	5394941
374036	5394943
374037	5394971
374038	5394979
374039	5394997
374040	5395021
374041	5395057
374042	5395063
374043	5395097
374044	5395099
374045	5395121
374046	5395127
374047	5395151
374048	5395153
374049	5395163
374050	5395199
374051	5395207
374052	5395213
374053	5395217
374054	5395277
374055	5395279
374056	5395289
374057	5395331
374058	5395337
374059	5395343
374060	5395349
374061	5395367
374062	5395387
374063	5395399
374064	5395417
374065	5395427
374066	5395433
374067	5395483
374068	5395493
374069	5395499
374070	5395517
374071	5395529
374072	5395531
374073	5395541
374074	5395543
374075	5395561
374076	5395571
374077	5395573
374078	5395589
374079	5395651
374080	5395661
374081	5395667
374082	5395669
374083	5395679
374084	5395693
374085	5395703
374086	5395717
374087	5395721
374088	5395729
374089	5395751
374090	5395757
374091	5395763
374092	5395801
374093	5395811
374094	5395813
374095	5395837
374096	5395843
374097	5395879
374098	5395883
374099	5395921
374100	5395967
374101	5395991
374102	5395993
374103	5396003
374104	5396009
374105	5396011
374106	5396063
374107	5396107
374108	5396137
374109	5396147
374110	5396173
374111	5396177
374112	5396179
374113	5396189
374114	5396203
374115	5396219
374116	5396221
374117	5396267
374118	5396299
374119	5396341
374120	5396351
374121	5396353
374122	5396359
374123	5396393
374124	5396431
374125	5396453
374126	5396477
374127	5396491
374128	5396507
374129	5396509
374130	5396519
374131	5396533
374132	5396537
374133	5396549
374134	5396557
374135	5396563
374136	5396591
374137	5396593
374138	5396617
374139	5396621
374140	5396623
374141	5396641
374142	5396647
374143	5396659
374144	5396663
374145	5396669
374146	5396683
374147	5396689
374148	5396711
374149	5396717
374150	5396719
374151	5396723
374152	5396737
374153	5396771
374154	5396777
374155	5396819
374156	5396861
374157	5396863
374158	5396879
374159	5396903
374160	5396921
374161	5396933
374162	5396957
374163	5396959
374164	5396977
374165	5396981
374166	5397001
374167	5397011
374168	5397013
374169	5397037
374170	5397047
374171	5397071
374172	5397089
374173	5397101
374174	5397107
374175	5397113
374176	5397127
374177	5397163
374178	5397173
374179	5397179
374180	5397181
374181	5397221
374182	5397229
374183	5397247
374184	5397251
374185	5397283
374186	5397299
374187	5397323
374188	5397377
374189	5397391
374190	5397397
374191	5397409
374192	5397443
374193	5397473
374194	5397493
374195	5397499
374196	5397521
374197	5397529
374198	5397569
374199	5397599
374200	5397629
374201	5397647
374202	5397649
374203	5397673
374204	5397697
374205	5397701
374206	5397703
374207	5397713
374208	5397719
374209	5397731
374210	5397737
374211	5397757
374212	5397781
374213	5397793
374214	5397803
374215	5397811
374216	5397841
374217	5397853
374218	5397863
374219	5397871
374220	5397877
374221	5397907
374222	5397923
374223	5397929
374224	5397943
374225	5397947
374226	5397949
374227	5397961
374228	5397971
374229	5397979
374230	5398037
374231	5398039
374232	5398067
374233	5398069
374234	5398093
374235	5398139
374236	5398171
374237	5398181
374238	5398187
374239	5398199
374240	5398207
374241	5398213
374242	5398219
374243	5398241
374244	5398249
374245	5398259
374246	5398271
374247	5398297
374248	5398301
374249	5398303
374250	5398313
374251	5398319
374252	5398331
374253	5398339
374254	5398357
374255	5398361
374256	5398363
374257	5398369
374258	5398381
374259	5398409
374260	5398427
374261	5398447
374262	5398487
374263	5398493
374264	5398499
374265	5398501
374266	5398507
374267	5398513
374268	5398529
374269	5398531
374270	5398543
374271	5398567
374272	5398573
374273	5398577
374274	5398579
374275	5398597
374276	5398697
374277	5398709
374278	5398733
374279	5398747
374280	5398751
374281	5398763
374282	5398807
374283	5398823
374284	5398837
374285	5398849
374286	5398873
374287	5398889
374288	5398891
374289	5398909
374290	5398919
374291	5398933
374292	5398949
374293	5398961
374294	5398969
374295	5398993
374296	5398999
374297	5399011
374298	5399029
374299	5399039
374300	5399041
374301	5399071
374302	5399083
374303	5399101
374304	5399131
374305	5399161
374306	5399189
374307	5399197
374308	5399201
374309	5399213
374310	5399221
374311	5399231
374312	5399237
374313	5399243
374314	5399257
374315	5399263
374316	5399281
374317	5399291
374318	5399321
374319	5399323
374320	5399333
374321	5399351
374322	5399377
374323	5399389
374324	5399393
374325	5399417
374326	5399419
374327	5399431
374328	5399441
374329	5399453
374330	5399473
374331	5399507
374332	5399531
374333	5399543
374334	5399567
374335	5399579
374336	5399593
374337	5399599
374338	5399617
374339	5399623
374340	5399627
374341	5399633
374342	5399651
374343	5399677
374344	5399707
374345	5399711
374346	5399747
374347	5399749
374348	5399753
374349	5399777
374350	5399789
374351	5399831
374352	5399833
374353	5399839
374354	5399843
374355	5399861
374356	5399869
374357	5399881
374358	5399899
374359	5399929
374360	5399939
374361	5399941
374362	5399993
374363	5400001
374364	5400019
374365	5400023
374366	5400037
374367	5400053
374368	5400071
374369	5400079
374370	5400089
374371	5400091
374372	5400097
374373	5400121
374374	5400127
374375	5400137
374376	5400209
374377	5400221
374378	5400257
374379	5400259
374380	5400287
374381	5400299
374382	5400301
374383	5400319
374384	5400323
374385	5400337
374386	5400349
374387	5400359
374388	5400419
374389	5400443
374390	5400457
374391	5400511
374392	5400517
374393	5400523
374394	5400553
374395	5400559
374396	5400581
374397	5400587
374398	5400589
374399	5400649
374400	5400673
374401	5400701
374402	5400709
374403	5400721
374404	5400739
374405	5400743
374406	5400761
374407	5400763
374408	5400793
374409	5400797
374410	5400799
374411	5400821
374412	5400823
374413	5400827
374414	5400833
374415	5400839
374416	5400847
374417	5400877
374418	5400881
374419	5400949
374420	5400953
374421	5400961
374422	5400973
374423	5400979
374424	5401003
374425	5401013
374426	5401027
374427	5401043
374428	5401049
374429	5401063
374430	5401079
374431	5401093
374432	5401117
374433	5401133
374434	5401141
374435	5401147
374436	5401153
374437	5401157
374438	5401169
374439	5401171
374440	5401211
374441	5401213
374442	5401237
374443	5401241
374444	5401243
374445	5401247
374446	5401259
374447	5401267
374448	5401307
374449	5401313
374450	5401327
374451	5401373
374452	5401387
374453	5401397
374454	5401433
374455	5401439
374456	5401447
374457	5401469
374458	5401483
374459	5401493
374460	5401507
374461	5401553
374462	5401559
374463	5401603
374464	5401633
374465	5401661
374466	5401687
374467	5401727
374468	5401763
374469	5401769
374470	5401787
374471	5401793
374472	5401807
374473	5401817
374474	5401819
374475	5401829
374476	5401841
374477	5401853
374478	5401861
374479	5401867
374480	5401897
374481	5401901
374482	5401951
374483	5401969
374484	5401973
374485	5401993
374486	5401999
374487	5402003
374488	5402011
374489	5402021
374490	5402051
374491	5402057
374492	5402063
374493	5402069
374494	5402077
374495	5402083
374496	5402087
374497	5402093
374498	5402113
374499	5402123
374500	5402129
374501	5402147
374502	5402179
374503	5402183
374504	5402203
374505	5402239
374506	5402297
374507	5402303
374508	5402317
374509	5402347
374510	5402351
374511	5402357
374512	5402359
374513	5402377
374514	5402393
374515	5402429
374516	5402431
374517	5402437
374518	5402471
374519	5402491
374520	5402519
374521	5402521
374522	5402533
374523	5402543
374524	5402561
374525	5402581
374526	5402597
374527	5402599
374528	5402623
374529	5402633
374530	5402647
374531	5402681
374532	5402687
374533	5402701
374534	5402737
374535	5402741
374536	5402759
374537	5402819
374538	5402843
374539	5402849
374540	5402867
374541	5402879
374542	5402909
374543	5402933
374544	5402977
374545	5403007
374546	5403017
374547	5403061
374548	5403089
374549	5403107
374550	5403109
374551	5403133
374552	5403149
374553	5403157
374554	5403169
374555	5403247
374556	5403257
374557	5403259
374558	5403283
374559	5403301
374560	5403317
374561	5403323
374562	5403329
374563	5403361
374564	5403379
374565	5403389
374566	5403401
374567	5403427
374568	5403451
374569	5403479
374570	5403481
374571	5403487
374572	5403491
374573	5403493
374574	5403511
374575	5403523
374576	5403527
374577	5403529
374578	5403539
374579	5403553
374580	5403571
374581	5403577
374582	5403583
374583	5403589
374584	5403611
374585	5403631
374586	5403647
374587	5403649
374588	5403653
374589	5403659
374590	5403661
374591	5403667
374592	5403683
374593	5403701
374594	5403709
374595	5403719
374596	5403743
374597	5403817
374598	5403823
374599	5403829
374600	5403833
374601	5403851
374602	5403859
374603	5403863
374604	5403877
374605	5403901
374606	5403917
374607	5403949
374608	5403973
374609	5403989
374610	5403997
374611	5404031
374612	5404033
374613	5404067
374614	5404073
374615	5404093
374616	5404099
374617	5404123
374618	5404127
374619	5404129
374620	5404141
374621	5404177
374622	5404187
374623	5404219
374624	5404229
374625	5404253
374626	5404279
374627	5404291
374628	5404297
374629	5404313
374630	5404319
374631	5404327
374632	5404339
374633	5404349
374634	5404363
374635	5404367
374636	5404381
374637	5404393
374638	5404403
374639	5404433
374640	5404439
374641	5404481
374642	5404501
374643	5404537
374644	5404559
374645	5404561
374646	5404573
374647	5404603
374648	5404673
374649	5404687
374650	5404699
374651	5404709
374652	5404717
374653	5404741
374654	5404753
374655	5404769
374656	5404771
374657	5404807
374658	5404811
374659	5404829
374660	5404831
374661	5404837
374662	5404853
374663	5404879
374664	5404897
374665	5404909
374666	5404921
374667	5404961
374668	5404979
374669	5404981
374670	5405003
374671	5405009
374672	5405011
374673	5405021
374674	5405033
374675	5405041
374676	5405077
374677	5405083
374678	5405093
374679	5405111
374680	5405117
374681	5405119
374682	5405123
374683	5405137
374684	5405173
374685	5405189
374686	5405221
374687	5405233
374688	5405249
374689	5405251
374690	5405261
374691	5405287
374692	5405327
374693	5405333
374694	5405341
374695	5405357
374696	5405381
374697	5405447
374698	5405459
374699	5405467
374700	5405471
374701	5405479
374702	5405503
374703	5405509
374704	5405527
374705	5405539
374706	5405579
374707	5405591
374708	5405599
374709	5405641
374710	5405669
374711	5405681
374712	5405717
374713	5405767
374714	5405773
374715	5405783
374716	5405789
374717	5405791
374718	5405797
374719	5405819
374720	5405821
374721	5405837
374722	5405839
374723	5405843
374724	5405857
374725	5405863
374726	5405867
374727	5405887
374728	5405921
374729	5405923
374730	5405969
374731	5405971
374732	5405999
374733	5406007
374734	5406019
374735	5406041
374736	5406043
374737	5406067
374738	5406083
374739	5406091
374740	5406103
374741	5406109
374742	5406131
374743	5406133
374744	5406139
374745	5406197
374746	5406199
374747	5406211
374748	5406217
374749	5406257
374750	5406281
374751	5406283
374752	5406293
374753	5406343
374754	5406361
374755	5406377
374756	5406397
374757	5406407
374758	5406421
374759	5406439
374760	5406463
374761	5406481
374762	5406487
374763	5406503
374764	5406529
374765	5406539
374766	5406553
374767	5406563
374768	5406589
374769	5406593
374770	5406619
374771	5406623
374772	5406641
374773	5406647
374774	5406649
374775	5406671
374776	5406677
374777	5406707
374778	5406719
374779	5406733
374780	5406749
374781	5406757
374782	5406761
374783	5406809
374784	5406823
374785	5406827
374786	5406851
374787	5406859
374788	5406881
374789	5406889
374790	5406911
374791	5406917
374792	5406931
374793	5406941
374794	5406953
374795	5406971
374796	5406977
374797	5406983
374798	5406991
374799	5407033
374800	5407043
374801	5407049
374802	5407063
374803	5407091
374804	5407097
374805	5407099
374806	5407109
374807	5407111
374808	5407117
374809	5407133
374810	5407141
374811	5407151
374812	5407177
374813	5407187
374814	5407189
374815	5407211
374816	5407243
374817	5407247
374818	5407249
374819	5407261
374820	5407271
374821	5407319
374822	5407321
374823	5407327
374824	5407331
374825	5407333
374826	5407349
374827	5407387
374828	5407399
374829	5407403
374830	5407421
374831	5407429
374832	5407433
374833	5407447
374834	5407463
374835	5407469
374836	5407487
374837	5407511
374838	5407529
374839	5407541
374840	5407561
374841	5407583
374842	5407631
374843	5407639
374844	5407651
374845	5407669
374846	5407687
374847	5407693
374848	5407739
374849	5407741
374850	5407747
374851	5407781
374852	5407789
374853	5407793
374854	5407813
374855	5407823
374856	5407861
374857	5407879
374858	5407889
374859	5407903
374860	5407931
374861	5407937
374862	5407939
374863	5407943
374864	5408003
374865	5408017
374866	5408021
374867	5408047
374868	5408063
374869	5408083
374870	5408089
374871	5408093
374872	5408107
374873	5408111
374874	5408113
374875	5408119
374876	5408129
374877	5408131
374878	5408191
374879	5408201
374880	5408213
374881	5408231
374882	5408233
374883	5408309
374884	5408311
374885	5408323
374886	5408341
374887	5408357
374888	5408383
374889	5408387
374890	5408393
374891	5408423
374892	5408437
374893	5408467
374894	5408489
374895	5408509
374896	5408531
374897	5408537
374898	5408561
374899	5408569
374900	5408573
374901	5408581
374902	5408591
374903	5408609
374904	5408617
374905	5408639
374906	5408647
374907	5408653
374908	5408659
374909	5408671
374910	5408701
374911	5408717
374912	5408719
374913	5408773
374914	5408779
374915	5408791
374916	5408801
374917	5408813
374918	5408827
374919	5408831
374920	5408833
374921	5408857
374922	5408869
374923	5408881
374924	5408899
374925	5408903
374926	5408917
374927	5408947
374928	5408951
374929	5408959
374930	5408981
374931	5408987
374932	5408989
374933	5408999
374934	5409017
374935	5409031
374936	5409049
374937	5409059
374938	5409101
374939	5409119
374940	5409133
374941	5409137
374942	5409149
374943	5409161
374944	5409169
374945	5409181
374946	5409199
374947	5409203
374948	5409241
374949	5409259
374950	5409263
374951	5409269
374952	5409293
374953	5409317
374954	5409323
374955	5409337
374956	5409353
374957	5409361
374958	5409403
374959	5409409
374960	5409413
374961	5409421
374962	5409427
374963	5409461
374964	5409479
374965	5409487
374966	5409493
374967	5409517
374968	5409527
374969	5409539
374970	5409557
374971	5409571
374972	5409583
374973	5409589
374974	5409611
374975	5409629
374976	5409643
374977	5409671
374978	5409697
374979	5409707
374980	5409713
374981	5409721
374982	5409751
374983	5409773
374984	5409793
374985	5409799
374986	5409847
374987	5409913
374988	5409931
374989	5409941
374990	5409953
374991	5409967
374992	5409977
374993	5410007
374994	5410021
374995	5410033
374996	5410057
374997	5410061
374998	5410099
374999	5410109
375000	5410121
