376001	5425549
376002	5425559
376003	5425561
376004	5425573
376005	5425591
376006	5425597
376007	5425603
376008	5425613
376009	5425661
376010	5425709
376011	5425711
376012	5425729
376013	5425733
376014	5425741
376015	5425747
376016	5425751
376017	5425753
376018	5425757
376019	5425759
376020	5425787
376021	5425801
376022	5425831
376023	5425841
376024	5425853
376025	5425877
376026	5425879
376027	5425909
376028	5425943
376029	5425951
376030	5425967
376031	5425991
376032	5425993
376033	5426051
376034	5426093
376035	5426101
376036	5426117
376037	5426123
376038	5426131
376039	5426173
376040	5426177
376041	5426189
376042	5426207
376043	5426221
376044	5426231
376045	5426237
376046	5426243
376047	5426249
376048	5426251
376049	5426257
376050	5426261
376051	5426327
376052	5426339
376053	5426353
376054	5426357
376055	5426359
376056	5426363
376057	5426371
376058	5426387
376059	5426411
376060	5426437
376061	5426453
376062	5426461
376063	5426467
376064	5426483
376065	5426489
376066	5426503
376067	5426507
376068	5426513
376069	5426527
376070	5426539
376071	5426549
376072	5426563
376073	5426569
376074	5426579
376075	5426611
376076	5426627
376077	5426633
376078	5426651
376079	5426657
376080	5426677
376081	5426693
376082	5426713
376083	5426717
376084	5426737
376085	5426749
376086	5426779
376087	5426807
376088	5426809
376089	5426819
376090	5426843
376091	5426849
376092	5426887
376093	5426899
376094	5426903
376095	5426909
376096	5426917
376097	5426921
376098	5426947
376099	5426959
376100	5426963
376101	5426969
376102	5426983
376103	5427017
376104	5427061
376105	5427113
376106	5427127
376107	5427133
376108	5427167
376109	5427203
376110	5427209
376111	5427223
376112	5427229
376113	5427251
376114	5427259
376115	5427281
376116	5427283
376117	5427329
376118	5427337
376119	5427341
376120	5427349
376121	5427371
376122	5427377
376123	5427397
376124	5427413
376125	5427421
376126	5427431
376127	5427439
376128	5427473
376129	5427481
376130	5427497
376131	5427551
376132	5427557
376133	5427577
376134	5427593
376135	5427629
376136	5427637
376137	5427649
376138	5427661
376139	5427671
376140	5427679
376141	5427757
376142	5427767
376143	5427781
376144	5427809
376145	5427827
376146	5427833
376147	5427857
376148	5427869
376149	5427887
376150	5427893
376151	5427899
376152	5427907
376153	5427911
376154	5427923
376155	5427943
376156	5427967
376157	5427973
376158	5428013
376159	5428037
376160	5428039
376161	5428051
376162	5428099
376163	5428103
376164	5428109
376165	5428127
376166	5428141
376167	5428153
376168	5428187
376169	5428211
376170	5428229
376171	5428231
376172	5428237
376173	5428261
376174	5428271
376175	5428279
376176	5428289
376177	5428301
376178	5428303
376179	5428331
376180	5428343
376181	5428349
376182	5428387
376183	5428393
376184	5428399
376185	5428403
376186	5428421
376187	5428427
376188	5428429
376189	5428463
376190	5428469
376191	5428477
376192	5428487
376193	5428513
376194	5428519
376195	5428543
376196	5428561
376197	5428571
376198	5428607
376199	5428609
376200	5428613
376201	5428637
376202	5428651
376203	5428663
376204	5428673
376205	5428679
376206	5428691
376207	5428693
376208	5428697
376209	5428721
376210	5428723
376211	5428727
376212	5428739
376213	5428747
376214	5428777
376215	5428783
376216	5428807
376217	5428811
376218	5428823
376219	5428837
376220	5428847
376221	5428853
376222	5428867
376223	5428883
376224	5428901
376225	5428909
376226	5428921
376227	5428957
376228	5428961
376229	5428981
376230	5429059
376231	5429063
376232	5429071
376233	5429087
376234	5429093
376235	5429107
376236	5429129
376237	5429131
376238	5429141
376239	5429143
376240	5429147
376241	5429153
376242	5429191
376243	5429209
376244	5429213
376245	5429243
376246	5429251
376247	5429297
376248	5429321
376249	5429323
376250	5429339
376251	5429353
376252	5429401
376253	5429423
376254	5429453
376255	5429471
376256	5429483
376257	5429527
376258	5429533
376259	5429539
376260	5429551
376261	5429561
376262	5429569
376263	5429597
376264	5429609
376265	5429621
376266	5429629
376267	5429651
376268	5429657
376269	5429701
376270	5429707
376271	5429719
376272	5429729
376273	5429731
376274	5429741
376275	5429759
376276	5429773
376277	5429779
376278	5429789
376279	5429803
376280	5429807
376281	5429833
376282	5429849
376283	5429869
376284	5429887
376285	5429891
376286	5429899
376287	5429923
376288	5429981
376289	5429993
376290	5430011
376291	5430013
376292	5430023
376293	5430043
376294	5430049
376295	5430059
376296	5430071
376297	5430077
376298	5430079
376299	5430097
376300	5430107
376301	5430121
376302	5430127
376303	5430137
376304	5430167
376305	5430211
376306	5430233
376307	5430241
376308	5430247
376309	5430287
376310	5430289
376311	5430307
376312	5430311
376313	5430317
376314	5430329
376315	5430331
376316	5430349
376317	5430353
376318	5430367
376319	5430377
376320	5430389
376321	5430391
376322	5430401
376323	5430407
376324	5430421
376325	5430431
376326	5430443
376327	5430449
376328	5430493
376329	5430541
376330	5430547
376331	5430559
376332	5430583
376333	5430589
376334	5430613
376335	5430619
376336	5430629
376337	5430641
376338	5430653
376339	5430661
376340	5430679
376341	5430683
376342	5430721
376343	5430727
376344	5430731
376345	5430757
376346	5430767
376347	5430791
376348	5430793
376349	5430811
376350	5430833
376351	5430839
376352	5430851
376353	5430883
376354	5430889
376355	5430899
376356	5430907
376357	5430913
376358	5430923
376359	5430937
376360	5430949
376361	5430959
376362	5430961
376363	5431021
376364	5431037
376365	5431043
376366	5431057
376367	5431067
376368	5431121
376369	5431123
376370	5431141
376371	5431159
376372	5431183
376373	5431187
376374	5431219
376375	5431241
376376	5431249
376377	5431277
376378	5431291
376379	5431297
376380	5431303
376381	5431331
376382	5431337
376383	5431339
376384	5431369
376385	5431399
376386	5431441
376387	5431469
376388	5431507
376389	5431523
376390	5431529
376391	5431537
376392	5431561
376393	5431567
376394	5431577
376395	5431583
376396	5431597
376397	5431609
376398	5431627
376399	5431661
376400	5431691
376401	5431697
376402	5431733
376403	5431763
376404	5431771
376405	5431799
376406	5431801
376407	5431807
376408	5431813
376409	5431817
376410	5431819
376411	5431831
376412	5431843
376413	5431847
376414	5431861
376415	5431873
376416	5431939
376417	5431949
376418	5431957
376419	5431969
376420	5431973
376421	5432017
376422	5432033
376423	5432039
376424	5432047
376425	5432051
376426	5432059
376427	5432087
376428	5432107
376429	5432143
376430	5432153
376431	5432173
376432	5432179
376433	5432183
376434	5432191
376435	5432201
376436	5432221
376437	5432227
376438	5432239
376439	5432261
376440	5432311
376441	5432321
376442	5432327
376443	5432351
376444	5432363
376445	5432369
376446	5432407
376447	5432411
376448	5432417
376449	5432419
376450	5432431
376451	5432443
376452	5432489
376453	5432507
376454	5432519
376455	5432521
376456	5432549
376457	5432551
376458	5432569
376459	5432579
376460	5432591
376461	5432597
376462	5432621
376463	5432629
376464	5432633
376465	5432641
376466	5432681
376467	5432699
376468	5432717
376469	5432729
376470	5432731
376471	5432743
376472	5432783
376473	5432797
376474	5432813
376475	5432839
376476	5432857
376477	5432881
376478	5432893
376479	5432923
376480	5432929
376481	5432957
376482	5432971
376483	5432981
376484	5432983
376485	5433017
376486	5433049
376487	5433061
376488	5433073
376489	5433079
376490	5433089
376491	5433101
376492	5433119
376493	5433137
376494	5433151
376495	5433157
376496	5433167
376497	5433223
376498	5433227
376499	5433229
376500	5433269
376501	5433271
376502	5433287
376503	5433289
376504	5433293
376505	5433301
376506	5433343
376507	5433347
376508	5433391
376509	5433403
376510	5433419
376511	5433427
376512	5433431
376513	5433473
376514	5433479
376515	5433511
376516	5433517
376517	5433521
376518	5433553
376519	5433569
376520	5433577
376521	5433599
376522	5433619
376523	5433629
376524	5433647
376525	5433667
376526	5433671
376527	5433683
376528	5433691
376529	5433707
376530	5433713
376531	5433731
376532	5433733
376533	5433737
376534	5433763
376535	5433787
376536	5433797
376537	5433803
376538	5433809
376539	5433823
376540	5433833
376541	5433839
376542	5433887
376543	5433889
376544	5433893
376545	5433907
376546	5433917
376547	5433929
376548	5433937
376549	5433973
376550	5433979
376551	5433983
376552	5433997
376553	5434001
376554	5434007
376555	5434031
376556	5434043
376557	5434061
376558	5434087
376559	5434097
376560	5434109
376561	5434111
376562	5434123
376563	5434129
376564	5434147
376565	5434151
376566	5434157
376567	5434159
376568	5434189
376569	5434213
376570	5434229
376571	5434243
376572	5434321
376573	5434333
376574	5434337
376575	5434343
376576	5434349
376577	5434357
376578	5434409
376579	5434421
376580	5434447
376581	5434453
376582	5434459
376583	5434501
376584	5434529
376585	5434531
376586	5434537
376587	5434573
376588	5434603
376589	5434633
376590	5434643
376591	5434651
376592	5434661
376593	5434669
376594	5434691
376595	5434697
376596	5434717
376597	5434771
376598	5434823
376599	5434829
376600	5434841
376601	5434859
376602	5434867
376603	5434873
376604	5434907
376605	5434937
376606	5434981
376607	5434993
376608	5434997
376609	5434999
376610	5435011
376611	5435029
376612	5435047
376613	5435057
376614	5435063
376615	5435077
376616	5435081
376617	5435117
376618	5435123
376619	5435147
376620	5435173
376621	5435231
376622	5435233
376623	5435237
376624	5435251
376625	5435299
376626	5435303
376627	5435333
376628	5435357
376629	5435363
376630	5435377
376631	5435389
376632	5435399
376633	5435401
376634	5435431
376635	5435467
376636	5435477
376637	5435513
376638	5435519
376639	5435533
376640	5435543
376641	5435569
376642	5435603
376643	5435609
376644	5435621
376645	5435629
376646	5435641
376647	5435663
376648	5435681
376649	5435701
376650	5435711
376651	5435723
376652	5435737
376653	5435741
376654	5435743
376655	5435747
376656	5435791
376657	5435803
376658	5435827
376659	5435851
376660	5435863
376661	5435891
376662	5435897
376663	5435909
376664	5435953
376665	5435959
376666	5435987
376667	5436001
376668	5436007
376669	5436047
376670	5436059
376671	5436089
376672	5436113
376673	5436127
376674	5436131
376675	5436139
376676	5436163
376677	5436187
376678	5436217
376679	5436229
376680	5436241
376681	5436247
376682	5436269
376683	5436271
376684	5436281
376685	5436283
376686	5436287
376687	5436289
376688	5436293
376689	5436307
376690	5436323
376691	5436331
376692	5436341
376693	5436391
376694	5436397
376695	5436407
376696	5436419
376697	5436461
376698	5436467
376699	5436469
376700	5436479
376701	5436493
376702	5436499
376703	5436511
376704	5436547
376705	5436551
376706	5436569
376707	5436577
376708	5436623
376709	5436637
376710	5436643
376711	5436647
376712	5436653
376713	5436667
376714	5436709
376715	5436721
376716	5436731
376717	5436733
376718	5436737
376719	5436757
376720	5436773
376721	5436779
376722	5436797
376723	5436799
376724	5436803
376725	5436829
376726	5436839
376727	5436841
376728	5436853
376729	5436863
376730	5436881
376731	5436883
376732	5436917
376733	5436919
376734	5436943
376735	5436961
376736	5436971
376737	5436979
376738	5436989
376739	5437001
376740	5437013
376741	5437031
376742	5437037
376743	5437043
376744	5437063
376745	5437079
376746	5437139
376747	5437151
376748	5437153
376749	5437163
376750	5437169
376751	5437171
376752	5437189
376753	5437193
376754	5437199
376755	5437207
376756	5437241
376757	5437253
376758	5437273
376759	5437291
376760	5437301
376761	5437303
376762	5437309
376763	5437339
376764	5437343
376765	5437351
376766	5437373
376767	5437387
376768	5437391
376769	5437403
376770	5437459
376771	5437463
376772	5437469
376773	5437507
376774	5437511
376775	5437547
376776	5437567
376777	5437573
376778	5437577
376779	5437583
376780	5437589
376781	5437609
376782	5437613
376783	5437639
376784	5437643
376785	5437699
376786	5437711
376787	5437717
376788	5437721
376789	5437753
376790	5437771
376791	5437777
376792	5437793
376793	5437799
376794	5437801
376795	5437813
376796	5437849
376797	5437889
376798	5437897
376799	5437903
376800	5437907
376801	5437919
376802	5437937
376803	5437951
376804	5437969
376805	5437973
376806	5437979
376807	5437997
376808	5438023
376809	5438029
376810	5438033
376811	5438071
376812	5438093
376813	5438099
376814	5438101
376815	5438107
376816	5438129
376817	5438131
376818	5438137
376819	5438141
376820	5438159
376821	5438177
376822	5438179
376823	5438183
376824	5438219
376825	5438227
376826	5438231
376827	5438233
376828	5438263
376829	5438269
376830	5438273
376831	5438309
376832	5438311
376833	5438347
376834	5438353
376835	5438357
376836	5438359
376837	5438369
376838	5438401
376839	5438429
376840	5438437
376841	5438479
376842	5438483
376843	5438497
376844	5438501
376845	5438549
376846	5438551
376847	5438569
376848	5438581
376849	5438599
376850	5438611
376851	5438627
376852	5438639
376853	5438651
376854	5438663
376855	5438669
376856	5438707
376857	5438717
376858	5438723
376859	5438753
376860	5438767
376861	5438777
376862	5438779
376863	5438791
376864	5438801
376865	5438809
376866	5438819
376867	5438831
376868	5438903
376869	5438969
376870	5438987
376871	5439013
376872	5439041
376873	5439047
376874	5439053
376875	5439067
376876	5439139
376877	5439163
376878	5439173
376879	5439191
376880	5439197
376881	5439221
376882	5439223
376883	5439227
376884	5439233
376885	5439253
376886	5439257
376887	5439277
376888	5439281
376889	5439299
376890	5439331
376891	5439341
376892	5439349
376893	5439359
376894	5439361
376895	5439383
376896	5439389
376897	5439391
376898	5439409
376899	5439419
376900	5439433
376901	5439461
376902	5439463
376903	5439479
376904	5439509
376905	5439521
376906	5439527
376907	5439547
376908	5439563
376909	5439583
376910	5439607
376911	5439613
376912	5439619
376913	5439641
376914	5439647
376915	5439653
376916	5439667
376917	5439689
376918	5439697
376919	5439727
376920	5439743
376921	5439767
376922	5439781
376923	5439793
376924	5439803
376925	5439809
376926	5439817
376927	5439821
376928	5439823
376929	5439829
376930	5439853
376931	5439869
376932	5439883
376933	5439899
376934	5439913
376935	5439943
376936	5439953
376937	5439979
376938	5439991
376939	5439997
376940	5440007
376941	5440009
376942	5440013
376943	5440027
376944	5440049
376945	5440067
376946	5440087
376947	5440103
376948	5440111
376949	5440117
376950	5440181
376951	5440189
376952	5440217
376953	5440223
376954	5440229
376955	5440241
376956	5440247
376957	5440273
376958	5440301
376959	5440307
376960	5440319
376961	5440339
376962	5440343
376963	5440361
376964	5440363
376965	5440381
376966	5440387
376967	5440399
376968	5440411
376969	5440417
376970	5440427
376971	5440447
376972	5440453
376973	5440499
376974	5440507
376975	5440511
376976	5440537
376977	5440543
376978	5440571
376979	5440573
376980	5440607
376981	5440619
376982	5440621
376983	5440637
376984	5440639
376985	5440657
376986	5440703
376987	5440709
376988	5440723
376989	5440751
376990	5440753
376991	5440759
376992	5440781
376993	5440793
376994	5440819
376995	5440829
376996	5440847
376997	5440849
376998	5440871
376999	5440873
377000	5440889
