378001	5456537
378002	5456551
378003	5456557
378004	5456569
378005	5456579
378006	5456597
378007	5456603
378008	5456663
378009	5456683
378010	5456699
378011	5456701
378012	5456707
378013	5456719
378014	5456729
378015	5456753
378016	5456761
378017	5456771
378018	5456777
378019	5456783
378020	5456791
378021	5456807
378022	5456821
378023	5456839
378024	5456861
378025	5456863
378026	5456873
378027	5456879
378028	5456897
378029	5456903
378030	5456917
378031	5456921
378032	5456951
378033	5456953
378034	5456981
378035	5456993
378036	5457007
378037	5457013
378038	5457071
378039	5457073
378040	5457079
378041	5457091
378042	5457103
378043	5457113
378044	5457139
378045	5457143
378046	5457157
378047	5457169
378048	5457181
378049	5457229
378050	5457239
378051	5457253
378052	5457293
378053	5457337
378054	5457341
378055	5457343
378056	5457359
378057	5457377
378058	5457383
378059	5457421
378060	5457433
378061	5457449
378062	5457451
378063	5457467
378064	5457497
378065	5457523
378066	5457533
378067	5457547
378068	5457577
378069	5457583
378070	5457587
378071	5457607
378072	5457623
378073	5457637
378074	5457653
378075	5457659
378076	5457667
378077	5457671
378078	5457679
378079	5457691
378080	5457701
378081	5457703
378082	5457709
378083	5457719
378084	5457743
378085	5457773
378086	5457811
378087	5457817
378088	5457821
378089	5457839
378090	5457857
378091	5457869
378092	5457871
378093	5457917
378094	5457919
378095	5457931
378096	5457967
378097	5457971
378098	5458001
378099	5458009
378100	5458027
378101	5458049
378102	5458051
378103	5458067
378104	5458069
378105	5458081
378106	5458091
378107	5458121
378108	5458147
378109	5458151
378110	5458169
378111	5458171
378112	5458181
378113	5458183
378114	5458213
378115	5458223
378116	5458231
378117	5458237
378118	5458253
378119	5458259
378120	5458261
378121	5458303
378122	5458319
378123	5458331
378124	5458357
378125	5458363
378126	5458367
378127	5458373
378128	5458379
378129	5458399
378130	5458421
378131	5458441
378132	5458451
378133	5458457
378134	5458469
378135	5458471
378136	5458477
378137	5458483
378138	5458487
378139	5458489
378140	5458501
378141	5458507
378142	5458543
378143	5458553
378144	5458559
378145	5458571
378146	5458577
378147	5458597
378148	5458601
378149	5458631
378150	5458633
378151	5458667
378152	5458679
378153	5458723
378154	5458771
378155	5458793
378156	5458799
378157	5458811
378158	5458823
378159	5458847
378160	5458861
378161	5458877
378162	5458879
378163	5458907
378164	5458919
378165	5458933
378166	5458939
378167	5458967
378168	5458969
378169	5458991
378170	5459009
378171	5459011
378172	5459021
378173	5459029
378174	5459071
378175	5459081
378176	5459087
378177	5459101
378178	5459117
378179	5459161
378180	5459173
378181	5459177
378182	5459189
378183	5459197
378184	5459281
378185	5459297
378186	5459347
378187	5459357
378188	5459401
378189	5459413
378190	5459417
378191	5459449
378192	5459459
378193	5459497
378194	5459507
378195	5459513
378196	5459521
378197	5459537
378198	5459539
378199	5459551
378200	5459563
378201	5459599
378202	5459621
378203	5459647
378204	5459651
378205	5459653
378206	5459677
378207	5459681
378208	5459711
378209	5459719
378210	5459723
378211	5459747
378212	5459749
378213	5459759
378214	5459761
378215	5459789
378216	5459791
378217	5459803
378218	5459819
378219	5459827
378220	5459863
378221	5459869
378222	5459879
378223	5459887
378224	5459891
378225	5459903
378226	5459911
378227	5459921
378228	5459939
378229	5459953
378230	5459957
378231	5459977
378232	5459981
378233	5459983
378234	5460017
378235	5460023
378236	5460029
378237	5460041
378238	5460067
378239	5460071
378240	5460073
378241	5460079
378242	5460083
378243	5460101
378244	5460107
378245	5460109
378246	5460139
378247	5460157
378248	5460167
378249	5460173
378250	5460197
378251	5460229
378252	5460233
378253	5460251
378254	5460263
378255	5460331
378256	5460341
378257	5460359
378258	5460419
378259	5460437
378260	5460443
378261	5460449
378262	5460457
378263	5460461
378264	5460491
378265	5460493
378266	5460523
378267	5460529
378268	5460541
378269	5460547
378270	5460551
378271	5460577
378272	5460583
378273	5460599
378274	5460607
378275	5460629
378276	5460647
378277	5460661
378278	5460691
378279	5460703
378280	5460709
378281	5460713
378282	5460727
378283	5460737
378284	5460769
378285	5460779
378286	5460797
378287	5460799
378288	5460811
378289	5460817
378290	5460839
378291	5460841
378292	5460853
378293	5460869
378294	5460877
378295	5460899
378296	5460901
378297	5460907
378298	5460919
378299	5460943
378300	5460971
378301	5460979
378302	5461021
378303	5461031
378304	5461069
378305	5461073
378306	5461081
378307	5461087
378308	5461109
378309	5461117
378310	5461121
378311	5461123
378312	5461139
378313	5461153
378314	5461213
378315	5461229
378316	5461243
378317	5461271
378318	5461273
378319	5461277
378320	5461283
378321	5461289
378322	5461331
378323	5461333
378324	5461343
378325	5461361
378326	5461397
378327	5461399
378328	5461409
378329	5461411
378330	5461441
378331	5461451
378332	5461457
378333	5461481
378334	5461499
378335	5461523
378336	5461543
378337	5461567
378338	5461613
378339	5461619
378340	5461627
378341	5461637
378342	5461669
378343	5461699
378344	5461711
378345	5461723
378346	5461739
378347	5461763
378348	5461789
378349	5461801
378350	5461849
378351	5461853
378352	5461861
378353	5461871
378354	5461891
378355	5461909
378356	5461919
378357	5461931
378358	5461943
378359	5461957
378360	5461991
378361	5461993
378362	5461997
378363	5461999
378364	5462003
378365	5462033
378366	5462057
378367	5462059
378368	5462071
378369	5462087
378370	5462089
378371	5462111
378372	5462131
378373	5462137
378374	5462141
378375	5462153
378376	5462159
378377	5462173
378378	5462189
378379	5462203
378380	5462209
378381	5462213
378382	5462239
378383	5462257
378384	5462267
378385	5462269
378386	5462299
378387	5462311
378388	5462341
378389	5462357
378390	5462363
378391	5462377
378392	5462437
378393	5462441
378394	5462447
378395	5462449
378396	5462453
378397	5462461
378398	5462467
378399	5462473
378400	5462497
378401	5462537
378402	5462539
378403	5462549
378404	5462573
378405	5462581
378406	5462599
378407	5462617
378408	5462623
378409	5462629
378410	5462641
378411	5462647
378412	5462659
378413	5462683
378414	5462687
378415	5462689
378416	5462719
378417	5462767
378418	5462777
378419	5462783
378420	5462803
378421	5462819
378422	5462827
378423	5462837
378424	5462843
378425	5462867
378426	5462879
378427	5462911
378428	5462917
378429	5462923
378430	5462927
378431	5462957
378432	5462959
378433	5462981
378434	5462993
378435	5462999
378436	5463011
378437	5463019
378438	5463023
378439	5463041
378440	5463043
378441	5463053
378442	5463061
378443	5463077
378444	5463079
378445	5463091
378446	5463119
378447	5463131
378448	5463163
378449	5463169
378450	5463179
378451	5463181
378452	5463197
378453	5463217
378454	5463257
378455	5463287
378456	5463319
378457	5463329
378458	5463361
378459	5463377
378460	5463389
378461	5463391
378462	5463439
378463	5463461
378464	5463463
378465	5463467
378466	5463473
378467	5463481
378468	5463487
378469	5463499
378470	5463503
378471	5463509
378472	5463547
378473	5463553
378474	5463569
378475	5463589
378476	5463593
378477	5463599
378478	5463671
378479	5463677
378480	5463683
378481	5463713
378482	5463721
378483	5463743
378484	5463751
378485	5463767
378486	5463791
378487	5463793
378488	5463833
378489	5463839
378490	5463853
378491	5463869
378492	5463893
378493	5463961
378494	5464003
378495	5464007
378496	5464009
378497	5464013
378498	5464031
378499	5464033
378500	5464037
378501	5464057
378502	5464103
378503	5464127
378504	5464163
378505	5464171
378506	5464177
378507	5464181
378508	5464183
378509	5464187
378510	5464211
378511	5464223
378512	5464243
378513	5464273
378514	5464289
378515	5464307
378516	5464313
378517	5464321
378518	5464331
378519	5464369
378520	5464399
378521	5464411
378522	5464421
378523	5464423
378524	5464451
378525	5464469
378526	5464477
378527	5464489
378528	5464513
378529	5464523
378530	5464541
378531	5464553
378532	5464559
378533	5464573
378534	5464577
378535	5464579
378536	5464601
378537	5464619
378538	5464621
378539	5464631
378540	5464651
378541	5464661
378542	5464663
378543	5464681
378544	5464687
378545	5464703
378546	5464717
378547	5464729
378548	5464747
378549	5464759
378550	5464787
378551	5464813
378552	5464817
378553	5464829
378554	5464861
378555	5464889
378556	5464891
378557	5464909
378558	5464967
378559	5464981
378560	5465003
378561	5465039
378562	5465059
378563	5465069
378564	5465071
378565	5465081
378566	5465101
378567	5465107
378568	5465147
378569	5465149
378570	5465153
378571	5465183
378572	5465197
378573	5465219
378574	5465221
378575	5465231
378576	5465249
378577	5465261
378578	5465267
378579	5465281
378580	5465297
378581	5465303
378582	5465309
378583	5465323
378584	5465333
378585	5465351
378586	5465353
378587	5465357
378588	5465359
378589	5465377
378590	5465387
378591	5465389
378592	5465419
378593	5465431
378594	5465443
378595	5465459
378596	5465461
378597	5465477
378598	5465491
378599	5465497
378600	5465503
378601	5465527
378602	5465531
378603	5465549
378604	5465561
378605	5465563
378606	5465573
378607	5465591
378608	5465599
378609	5465609
378610	5465611
378611	5465617
378612	5465623
378613	5465627
378614	5465671
378615	5465693
378616	5465741
378617	5465777
378618	5465791
378619	5465813
378620	5465821
378621	5465849
378622	5465851
378623	5465861
378624	5465903
378625	5465909
378626	5465963
378627	5465969
378628	5465983
378629	5465987
378630	5466017
378631	5466029
378632	5466059
378633	5466067
378634	5466073
378635	5466103
378636	5466127
378637	5466193
378638	5466211
378639	5466217
378640	5466233
378641	5466257
378642	5466259
378643	5466277
378644	5466283
378645	5466287
378646	5466301
378647	5466311
378648	5466337
378649	5466347
378650	5466359
378651	5466379
378652	5466397
378653	5466403
378654	5466427
378655	5466431
378656	5466449
378657	5466497
378658	5466511
378659	5466521
378660	5466533
378661	5466541
378662	5466569
378663	5466577
378664	5466589
378665	5466599
378666	5466607
378667	5466613
378668	5466619
378669	5466631
378670	5466667
378671	5466679
378672	5466683
378673	5466689
378674	5466691
378675	5466701
378676	5466733
378677	5466767
378678	5466781
378679	5466829
378680	5466859
378681	5466869
378682	5466907
378683	5466941
378684	5466949
378685	5466953
378686	5466971
378687	5466983
378688	5466997
378689	5467019
378690	5467027
378691	5467057
378692	5467093
378693	5467097
378694	5467141
378695	5467153
378696	5467159
378697	5467207
378698	5467219
378699	5467229
378700	5467243
378701	5467271
378702	5467303
378703	5467313
378704	5467327
378705	5467337
378706	5467339
378707	5467349
378708	5467351
378709	5467367
378710	5467373
378711	5467381
378712	5467403
378713	5467411
378714	5467487
378715	5467499
378716	5467513
378717	5467529
378718	5467541
378719	5467577
378720	5467597
378721	5467621
378722	5467661
378723	5467663
378724	5467667
378725	5467681
378726	5467697
378727	5467711
378728	5467717
378729	5467729
378730	5467733
378731	5467739
378732	5467741
378733	5467753
378734	5467769
378735	5467799
378736	5467817
378737	5467831
378738	5467841
378739	5467849
378740	5467867
378741	5467871
378742	5467879
378743	5467901
378744	5467907
378745	5467927
378746	5467939
378747	5467993
378748	5468003
378749	5468017
378750	5468041
378751	5468051
378752	5468083
378753	5468093
378754	5468107
378755	5468117
378756	5468131
378757	5468137
378758	5468147
378759	5468149
378760	5468159
378761	5468171
378762	5468201
378763	5468209
378764	5468231
378765	5468233
378766	5468251
378767	5468261
378768	5468263
378769	5468299
378770	5468311
378771	5468317
378772	5468363
378773	5468377
378774	5468383
378775	5468387
378776	5468389
378777	5468413
378778	5468417
378779	5468483
378780	5468513
378781	5468527
378782	5468557
378783	5468581
378784	5468587
378785	5468597
378786	5468609
378787	5468627
378788	5468669
378789	5468689
378790	5468693
378791	5468707
378792	5468717
378793	5468737
378794	5468753
378795	5468759
378796	5468761
378797	5468773
378798	5468797
378799	5468807
378800	5468809
378801	5468821
378802	5468839
378803	5468851
378804	5468891
378805	5468893
378806	5468899
378807	5468921
378808	5468923
378809	5468929
378810	5468971
378811	5468977
378812	5468993
378813	5468999
378814	5469043
378815	5469047
378816	5469071
378817	5469073
378818	5469089
378819	5469109
378820	5469133
378821	5469137
378822	5469161
378823	5469181
378824	5469203
378825	5469259
378826	5469263
378827	5469271
378828	5469281
378829	5469287
378830	5469301
378831	5469319
378832	5469323
378833	5469337
378834	5469341
378835	5469353
378836	5469389
378837	5469413
378838	5469421
378839	5469439
378840	5469463
378841	5469467
378842	5469481
378843	5469493
378844	5469517
378845	5469551
378846	5469553
378847	5469559
378848	5469571
378849	5469613
378850	5469619
378851	5469647
378852	5469689
378853	5469697
378854	5469707
378855	5469727
378856	5469743
378857	5469749
378858	5469773
378859	5469781
378860	5469787
378861	5469803
378862	5469823
378863	5469829
378864	5469839
378865	5469887
378866	5469889
378867	5469899
378868	5469917
378869	5469923
378870	5469941
378871	5469943
378872	5469953
378873	5469973
378874	5469983
378875	5470013
378876	5470063
378877	5470079
378878	5470093
378879	5470111
378880	5470151
378881	5470163
378882	5470169
378883	5470177
378884	5470187
378885	5470219
378886	5470247
378887	5470249
378888	5470259
378889	5470307
378890	5470313
378891	5470321
378892	5470327
378893	5470369
378894	5470373
378895	5470391
378896	5470393
378897	5470403
378898	5470411
378899	5470427
378900	5470453
378901	5470457
378902	5470489
378903	5470511
378904	5470519
378905	5470529
378906	5470567
378907	5470609
378908	5470627
378909	5470631
378910	5470643
378911	5470679
378912	5470681
378913	5470721
378914	5470723
378915	5470733
378916	5470771
378917	5470781
378918	5470793
378919	5470799
378920	5470811
378921	5470831
378922	5470853
378923	5470877
378924	5470909
378925	5470943
378926	5470951
378927	5470961
378928	5470963
378929	5470967
378930	5470981
378931	5471003
378932	5471009
378933	5471023
378934	5471041
378935	5471071
378936	5471077
378937	5471083
378938	5471101
378939	5471117
378940	5471177
378941	5471197
378942	5471201
378943	5471203
378944	5471209
378945	5471233
378946	5471237
378947	5471269
378948	5471299
378949	5471321
378950	5471329
378951	5471339
378952	5471359
378953	5471371
378954	5471377
378955	5471387
378956	5471393
378957	5471413
378958	5471419
378959	5471437
378960	5471503
378961	5471507
378962	5471509
378963	5471527
378964	5471533
378965	5471551
378966	5471567
378967	5471579
378968	5471591
378969	5471629
378970	5471647
378971	5471651
378972	5471657
378973	5471663
378974	5471681
378975	5471699
378976	5471701
378977	5471731
378978	5471759
378979	5471771
378980	5471783
378981	5471789
378982	5471803
378983	5471813
378984	5471827
378985	5471831
378986	5471833
378987	5471849
378988	5471857
378989	5471887
378990	5471897
378991	5471911
378992	5471927
378993	5471929
378994	5471933
378995	5471969
378996	5471989
378997	5471993
378998	5472017
378999	5472023
379000	5472031
