379001	5472037
379002	5472053
379003	5472059
379004	5472109
379005	5472143
379006	5472157
379007	5472161
379008	5472167
379009	5472169
379010	5472193
379011	5472199
379012	5472221
379013	5472227
379014	5472239
379015	5472277
379016	5472293
379017	5472307
379018	5472319
379019	5472331
379020	5472347
379021	5472349
379022	5472373
379023	5472403
379024	5472421
379025	5472443
379026	5472451
379027	5472457
379028	5472469
379029	5472473
379030	5472497
379031	5472499
379032	5472527
379033	5472529
379034	5472541
379035	5472547
379036	5472583
379037	5472587
379038	5472611
379039	5472613
379040	5472629
379041	5472631
379042	5472637
379043	5472641
379044	5472659
379045	5472671
379046	5472673
379047	5472679
379048	5472683
379049	5472697
379050	5472763
379051	5472769
379052	5472799
379053	5472809
379054	5472823
379055	5472839
379056	5472853
379057	5472881
379058	5472913
379059	5472917
379060	5472941
379061	5472949
379062	5472953
379063	5472959
379064	5472977
379065	5472983
379066	5472989
379067	5472991
379068	5473001
379069	5473033
379070	5473043
379071	5473067
379072	5473073
379073	5473087
379074	5473109
379075	5473147
379076	5473183
379077	5473187
379078	5473189
379079	5473207
379080	5473219
379081	5473229
379082	5473261
379083	5473271
379084	5473301
379085	5473309
379086	5473313
379087	5473327
379088	5473331
379089	5473361
379090	5473399
379091	5473409
379092	5473417
379093	5473423
379094	5473441
379095	5473483
379096	5473511
379097	5473519
379098	5473529
379099	5473537
379100	5473543
379101	5473549
379102	5473571
379103	5473597
379104	5473627
379105	5473631
379106	5473661
379107	5473679
379108	5473687
379109	5473693
379110	5473697
379111	5473709
379112	5473723
379113	5473733
379114	5473739
379115	5473757
379116	5473781
379117	5473789
379118	5473801
379119	5473841
379120	5473849
379121	5473861
379122	5473877
379123	5473879
379124	5473883
379125	5473889
379126	5473907
379127	5473921
379128	5473969
379129	5473987
379130	5473991
379131	5473997
379132	5474003
379133	5474041
379134	5474047
379135	5474083
379136	5474087
379137	5474107
379138	5474129
379139	5474143
379140	5474167
379141	5474173
379142	5474179
379143	5474191
379144	5474213
379145	5474297
379146	5474303
379147	5474309
379148	5474311
379149	5474333
379150	5474341
379151	5474363
379152	5474377
379153	5474387
379154	5474401
379155	5474411
379156	5474429
379157	5474449
379158	5474453
379159	5474461
379160	5474467
379161	5474473
379162	5474477
379163	5474519
379164	5474531
379165	5474543
379166	5474549
379167	5474563
379168	5474587
379169	5474611
379170	5474617
379171	5474627
379172	5474647
379173	5474671
379174	5474687
379175	5474699
379176	5474719
379177	5474767
379178	5474789
379179	5474809
379180	5474813
379181	5474839
379182	5474849
379183	5474857
379184	5474863
379185	5474893
379186	5474921
379187	5474947
379188	5474951
379189	5474977
379190	5474981
379191	5474999
379192	5475011
379193	5475031
379194	5475047
379195	5475089
379196	5475091
379197	5475101
379198	5475103
379199	5475121
379200	5475137
379201	5475143
379202	5475157
379203	5475193
379204	5475199
379205	5475203
379206	5475227
379207	5475247
379208	5475289
379209	5475293
379210	5475329
379211	5475331
379212	5475347
379213	5475361
379214	5475367
379215	5475389
379216	5475409
379217	5475433
379218	5475443
379219	5475473
379220	5475497
379221	5475517
379222	5475521
379223	5475523
379224	5475529
379225	5475539
379226	5475557
379227	5475563
379228	5475571
379229	5475637
379230	5475643
379231	5475653
379232	5475671
379233	5475677
379234	5475697
379235	5475703
379236	5475707
379237	5475719
379238	5475721
379239	5475737
379240	5475739
379241	5475773
379242	5475791
379243	5475797
379244	5475823
379245	5475839
379246	5475851
379247	5475881
379248	5475937
379249	5475961
379250	5475973
379251	5475979
379252	5475991
379253	5475997
379254	5476019
379255	5476039
379256	5476061
379257	5476069
379258	5476073
379259	5476087
379260	5476103
379261	5476109
379262	5476117
379263	5476127
379264	5476169
379265	5476213
379266	5476217
379267	5476223
379268	5476249
379269	5476267
379270	5476279
379271	5476283
379272	5476309
379273	5476327
379274	5476337
379275	5476343
379276	5476349
379277	5476381
379278	5476391
379279	5476421
379280	5476433
379281	5476441
379282	5476451
379283	5476459
379284	5476469
379285	5476477
379286	5476483
379287	5476489
379288	5476511
379289	5476531
379290	5476547
379291	5476577
379292	5476591
379293	5476607
379294	5476633
379295	5476663
379296	5476673
379297	5476687
379298	5476697
379299	5476699
379300	5476721
379301	5476747
379302	5476753
379303	5476787
379304	5476799
379305	5476811
379306	5476813
379307	5476817
379308	5476831
379309	5476837
379310	5476843
379311	5476847
379312	5476859
379313	5476901
379314	5476909
379315	5476931
379316	5476937
379317	5476943
379318	5476951
379319	5476973
379320	5477033
379321	5477041
379322	5477047
379323	5477081
379324	5477083
379325	5477089
379326	5477093
379327	5477107
379328	5477119
379329	5477137
379330	5477159
379331	5477161
379332	5477189
379333	5477209
379334	5477233
379335	5477237
379336	5477267
379337	5477279
379338	5477287
379339	5477293
379340	5477309
379341	5477323
379342	5477341
379343	5477347
379344	5477363
379345	5477371
379346	5477387
379347	5477399
379348	5477401
379349	5477413
379350	5477429
379351	5477447
379352	5477467
379353	5477471
379354	5477489
379355	5477513
379356	5477539
379357	5477543
379358	5477581
379359	5477599
379360	5477627
379361	5477629
379362	5477663
379363	5477677
379364	5477729
379365	5477741
379366	5477743
379367	5477777
379368	5477779
379369	5477783
379370	5477789
379371	5477809
379372	5477819
379373	5477821
379374	5477837
379375	5477867
379376	5477869
379377	5477929
379378	5477951
379379	5477959
379380	5477963
379381	5477971
379382	5478001
379383	5478007
379384	5478019
379385	5478037
379386	5478043
379387	5478047
379388	5478073
379389	5478107
379390	5478113
379391	5478167
379392	5478169
379393	5478181
379394	5478197
379395	5478211
379396	5478223
379397	5478241
379398	5478299
379399	5478311
379400	5478337
379401	5478371
379402	5478383
379403	5478397
379404	5478401
379405	5478433
379406	5478457
379407	5478481
379408	5478497
379409	5478503
379410	5478509
379411	5478527
379412	5478541
379413	5478547
379414	5478559
379415	5478569
379416	5478589
379417	5478611
379418	5478617
379419	5478637
379420	5478643
379421	5478677
379422	5478703
379423	5478713
379424	5478719
379425	5478731
379426	5478773
379427	5478779
379428	5478787
379429	5478817
379430	5478827
379431	5478839
379432	5478841
379433	5478877
379434	5478881
379435	5478911
379436	5478937
379437	5478989
379438	5479007
379439	5479013
379440	5479027
379441	5479063
379442	5479073
379443	5479091
379444	5479093
379445	5479127
379446	5479139
379447	5479169
379448	5479171
379449	5479211
379450	5479223
379451	5479247
379452	5479249
379453	5479297
379454	5479301
379455	5479319
379456	5479379
379457	5479387
379458	5479403
379459	5479421
379460	5479427
379461	5479469
379462	5479489
379463	5479493
379464	5479501
379465	5479517
379466	5479531
379467	5479541
379468	5479547
379469	5479549
379470	5479583
379471	5479597
379472	5479603
379473	5479631
379474	5479633
379475	5479667
379476	5479673
379477	5479687
379478	5479697
379479	5479711
379480	5479739
379481	5479751
379482	5479759
379483	5479783
379484	5479787
379485	5479801
379486	5479807
379487	5479823
379488	5479841
379489	5479853
379490	5479867
379491	5479889
379492	5479919
379493	5479921
379494	5479931
379495	5479939
379496	5479951
379497	5479987
379498	5480009
379499	5480017
379500	5480021
379501	5480023
379502	5480029
379503	5480053
379504	5480063
379505	5480077
379506	5480081
379507	5480089
379508	5480117
379509	5480119
379510	5480129
379511	5480143
379512	5480173
379513	5480197
379514	5480201
379515	5480207
379516	5480213
379517	5480231
379518	5480249
379519	5480269
379520	5480287
379521	5480291
379522	5480297
379523	5480311
379524	5480327
379525	5480381
379526	5480383
379527	5480389
379528	5480401
379529	5480413
379530	5480437
379531	5480441
379532	5480471
379533	5480473
379534	5480483
379535	5480491
379536	5480539
379537	5480543
379538	5480557
379539	5480567
379540	5480591
379541	5480599
379542	5480609
379543	5480611
379544	5480617
379545	5480627
379546	5480633
379547	5480639
379548	5480653
379549	5480669
379550	5480689
379551	5480711
379552	5480723
379553	5480731
379554	5480743
379555	5480771
379556	5480777
379557	5480779
379558	5480809
379559	5480821
379560	5480837
379561	5480843
379562	5480857
379563	5480869
379564	5480879
379565	5480897
379566	5480899
379567	5480927
379568	5480929
379569	5480933
379570	5480947
379571	5480957
379572	5480963
379573	5480977
379574	5480983
379575	5480989
379576	5481011
379577	5481013
379578	5481019
379579	5481023
379580	5481037
379581	5481053
379582	5481067
379583	5481083
379584	5481097
379585	5481103
379586	5481109
379587	5481121
379588	5481137
379589	5481173
379590	5481209
379591	5481211
379592	5481227
379593	5481241
379594	5481251
379595	5481299
379596	5481317
379597	5481323
379598	5481349
379599	5481353
379600	5481397
379601	5481401
379602	5481407
379603	5481409
379604	5481431
379605	5481461
379606	5481473
379607	5481491
379608	5481499
379609	5481523
379610	5481529
379611	5481533
379612	5481583
379613	5481607
379614	5481611
379615	5481617
379616	5481629
379617	5481647
379618	5481649
379619	5481653
379620	5481677
379621	5481689
379622	5481713
379623	5481727
379624	5481733
379625	5481757
379626	5481767
379627	5481799
379628	5481811
379629	5481821
379630	5481829
379631	5481857
379632	5481869
379633	5481877
379634	5481893
379635	5481907
379636	5481913
379637	5481961
379638	5481967
379639	5481989
379640	5482019
379641	5482039
379642	5482049
379643	5482063
379644	5482079
379645	5482093
379646	5482097
379647	5482111
379648	5482121
379649	5482129
379650	5482153
379651	5482163
379652	5482181
379653	5482193
379654	5482207
379655	5482223
379656	5482237
379657	5482249
379658	5482261
379659	5482291
379660	5482297
379661	5482331
379662	5482333
379663	5482361
379664	5482369
379665	5482391
379666	5482403
379667	5482423
379668	5482427
379669	5482429
379670	5482447
379671	5482453
379672	5482459
379673	5482471
379674	5482493
379675	5482523
379676	5482531
379677	5482541
379678	5482553
379679	5482571
379680	5482627
379681	5482637
379682	5482657
379683	5482663
379684	5482669
379685	5482699
379686	5482703
379687	5482733
379688	5482747
379689	5482781
379690	5482783
379691	5482817
379692	5482843
379693	5482847
379694	5482853
379695	5482859
379696	5482907
379697	5482913
379698	5482921
379699	5482927
379700	5482969
379701	5482979
379702	5483017
379703	5483021
379704	5483041
379705	5483069
379706	5483081
379707	5483087
379708	5483089
379709	5483147
379710	5483173
379711	5483183
379712	5483209
379713	5483227
379714	5483243
379715	5483251
379716	5483273
379717	5483281
379718	5483293
379719	5483297
379720	5483321
379721	5483339
379722	5483341
379723	5483371
379724	5483389
379725	5483393
379726	5483399
379727	5483417
379728	5483431
379729	5483441
379730	5483449
379731	5483461
379732	5483477
379733	5483501
379734	5483509
379735	5483521
379736	5483531
379737	5483567
379738	5483579
379739	5483587
379740	5483603
379741	5483623
379742	5483629
379743	5483633
379744	5483651
379745	5483657
379746	5483663
379747	5483669
379748	5483671
379749	5483693
379750	5483711
379751	5483713
379752	5483719
379753	5483759
379754	5483771
379755	5483773
379756	5483831
379757	5483851
379758	5483861
379759	5483879
379760	5483909
379761	5483917
379762	5483939
379763	5483953
379764	5483957
379765	5483971
379766	5483977
379767	5483983
379768	5483999
379769	5484019
379770	5484041
379771	5484043
379772	5484049
379773	5484067
379774	5484079
379775	5484131
379776	5484133
379777	5484137
379778	5484139
379779	5484163
379780	5484187
379781	5484191
379782	5484203
379783	5484233
379784	5484287
379785	5484299
379786	5484301
379787	5484307
379788	5484329
379789	5484337
379790	5484343
379791	5484371
379792	5484379
379793	5484389
379794	5484397
379795	5484403
379796	5484431
379797	5484433
379798	5484439
379799	5484469
379800	5484487
379801	5484503
379802	5484533
379803	5484569
379804	5484593
379805	5484623
379806	5484631
379807	5484643
379808	5484653
379809	5484697
379810	5484707
379811	5484719
379812	5484751
379813	5484757
379814	5484763
379815	5484767
379816	5484797
379817	5484847
379818	5484851
379819	5484859
379820	5484887
379821	5484893
379822	5484911
379823	5484929
379824	5484949
379825	5484953
379826	5484979
379827	5485057
379828	5485061
379829	5485087
379830	5485093
379831	5485111
379832	5485121
379833	5485153
379834	5485157
379835	5485163
379836	5485177
379837	5485187
379838	5485189
379839	5485211
379840	5485217
379841	5485231
379842	5485241
379843	5485261
379844	5485273
379845	5485297
379846	5485301
379847	5485307
379848	5485313
379849	5485331
379850	5485351
379851	5485369
379852	5485393
379853	5485397
379854	5485399
379855	5485409
379856	5485421
379857	5485427
379858	5485429
379859	5485451
379860	5485453
379861	5485457
379862	5485483
379863	5485489
379864	5485499
379865	5485537
379866	5485541
379867	5485559
379868	5485561
379869	5485589
379870	5485591
379871	5485603
379872	5485607
379873	5485619
379874	5485621
379875	5485633
379876	5485637
379877	5485651
379878	5485691
379879	5485703
379880	5485741
379881	5485757
379882	5485763
379883	5485769
379884	5485787
379885	5485801
379886	5485807
379887	5485817
379888	5485819
379889	5485847
379890	5485867
379891	5485873
379892	5485903
379893	5485919
379894	5485939
379895	5485969
379896	5485993
379897	5485999
379898	5486009
379899	5486011
379900	5486021
379901	5486057
379902	5486059
379903	5486077
379904	5486111
379905	5486119
379906	5486137
379907	5486141
379908	5486147
379909	5486203
379910	5486207
379911	5486209
379912	5486267
379913	5486293
379914	5486303
379915	5486309
379916	5486311
379917	5486339
379918	5486347
379919	5486353
379920	5486381
379921	5486387
379922	5486389
379923	5486407
379924	5486419
379925	5486447
379926	5486449
379927	5486477
379928	5486479
379929	5486483
379930	5486519
379931	5486531
379932	5486557
379933	5486561
379934	5486599
379935	5486603
379936	5486617
379937	5486641
379938	5486681
379939	5486683
379940	5486711
379941	5486717
379942	5486731
379943	5486737
379944	5486759
379945	5486773
379946	5486777
379947	5486807
379948	5486813
379949	5486821
379950	5486837
379951	5486849
379952	5486851
379953	5486861
379954	5486879
379955	5486891
379956	5486909
379957	5486911
379958	5486927
379959	5486947
379960	5486977
379961	5486983
379962	5487019
379963	5487023
379964	5487043
379965	5487049
379966	5487077
379967	5487091
379968	5487161
379969	5487173
379970	5487221
379971	5487247
379972	5487253
379973	5487259
379974	5487263
379975	5487301
379976	5487323
379977	5487343
379978	5487347
379979	5487353
379980	5487373
379981	5487397
379982	5487401
379983	5487407
379984	5487451
379985	5487457
379986	5487463
379987	5487487
379988	5487497
379989	5487509
379990	5487511
379991	5487539
379992	5487551
379993	5487611
379994	5487631
379995	5487659
379996	5487667
379997	5487683
379998	5487689
379999	5487697
380000	5487701
