381001	5503177
381002	5503181
381003	5503193
381004	5503207
381005	5503229
381006	5503241
381007	5503249
381008	5503259
381009	5503271
381010	5503273
381011	5503297
381012	5503319
381013	5503339
381014	5503349
381015	5503363
381016	5503373
381017	5503391
381018	5503403
381019	5503409
381020	5503411
381021	5503429
381022	5503451
381023	5503457
381024	5503469
381025	5503499
381026	5503507
381027	5503517
381028	5503541
381029	5503549
381030	5503567
381031	5503571
381032	5503577
381033	5503609
381034	5503621
381035	5503657
381036	5503661
381037	5503721
381038	5503723
381039	5503727
381040	5503741
381041	5503753
381042	5503763
381043	5503769
381044	5503783
381045	5503789
381046	5503807
381047	5503811
381048	5503837
381049	5503843
381050	5503853
381051	5503859
381052	5503867
381053	5503873
381054	5503889
381055	5503907
381056	5503919
381057	5503921
381058	5503951
381059	5503987
381060	5503999
381061	5504017
381062	5504033
381063	5504041
381064	5504063
381065	5504077
381066	5504089
381067	5504099
381068	5504111
381069	5504131
381070	5504201
381071	5504207
381072	5504237
381073	5504269
381074	5504293
381075	5504321
381076	5504333
381077	5504339
381078	5504351
381079	5504353
381080	5504363
381081	5504371
381082	5504381
381083	5504407
381084	5504431
381085	5504441
381086	5504449
381087	5504497
381088	5504501
381089	5504503
381090	5504557
381091	5504563
381092	5504581
381093	5504647
381094	5504657
381095	5504663
381096	5504669
381097	5504671
381098	5504713
381099	5504717
381100	5504743
381101	5504761
381102	5504773
381103	5504789
381104	5504791
381105	5504839
381106	5504869
381107	5504881
381108	5504893
381109	5504899
381110	5504959
381111	5504987
381112	5505001
381113	5505023
381114	5505037
381115	5505053
381116	5505061
381117	5505083
381118	5505089
381119	5505109
381120	5505121
381121	5505133
381122	5505139
381123	5505151
381124	5505167
381125	5505179
381126	5505187
381127	5505191
381128	5505209
381129	5505217
381130	5505223
381131	5505239
381132	5505287
381133	5505289
381134	5505293
381135	5505299
381136	5505301
381137	5505317
381138	5505337
381139	5505343
381140	5505347
381141	5505359
381142	5505361
381143	5505371
381144	5505377
381145	5505391
381146	5505397
381147	5505403
381148	5505413
381149	5505427
381150	5505449
381151	5505527
381152	5505541
381153	5505547
381154	5505551
381155	5505593
381156	5505601
381157	5505613
381158	5505641
381159	5505653
381160	5505667
381161	5505673
381162	5505683
381163	5505691
381164	5505697
381165	5505707
381166	5505713
381167	5505719
381168	5505727
381169	5505743
381170	5505749
381171	5505751
381172	5505769
381173	5505779
381174	5505781
381175	5505793
381176	5505803
381177	5505811
381178	5505869
381179	5505881
381180	5505883
381181	5505889
381182	5505919
381183	5505923
381184	5505949
381185	5505959
381186	5505961
381187	5505967
381188	5505989
381189	5506001
381190	5506019
381191	5506037
381192	5506049
381193	5506051
381194	5506073
381195	5506091
381196	5506099
381197	5506103
381198	5506129
381199	5506139
381200	5506141
381201	5506159
381202	5506169
381203	5506199
381204	5506231
381205	5506271
381206	5506273
381207	5506297
381208	5506301
381209	5506307
381210	5506309
381211	5506337
381212	5506343
381213	5506363
381214	5506381
381215	5506387
381216	5506421
381217	5506427
381218	5506429
381219	5506439
381220	5506471
381221	5506477
381222	5506481
381223	5506507
381224	5506511
381225	5506513
381226	5506559
381227	5506573
381228	5506583
381229	5506597
381230	5506601
381231	5506619
381232	5506651
381233	5506679
381234	5506681
381235	5506687
381236	5506717
381237	5506727
381238	5506733
381239	5506769
381240	5506771
381241	5506777
381242	5506807
381243	5506811
381244	5506817
381245	5506843
381246	5506873
381247	5506909
381248	5506937
381249	5506939
381250	5506951
381251	5506961
381252	5506999
381253	5507009
381254	5507023
381255	5507027
381256	5507039
381257	5507069
381258	5507077
381259	5507081
381260	5507087
381261	5507107
381262	5507111
381263	5507123
381264	5507137
381265	5507147
381266	5507171
381267	5507179
381268	5507209
381269	5507219
381270	5507233
381271	5507239
381272	5507261
381273	5507267
381274	5507291
381275	5507297
381276	5507309
381277	5507317
381278	5507323
381279	5507353
381280	5507363
381281	5507377
381282	5507393
381283	5507401
381284	5507417
381285	5507441
381286	5507449
381287	5507459
381288	5507461
381289	5507471
381290	5507497
381291	5507503
381292	5507519
381293	5507531
381294	5507539
381295	5507543
381296	5507617
381297	5507639
381298	5507647
381299	5507657
381300	5507659
381301	5507669
381302	5507699
381303	5507729
381304	5507731
381305	5507737
381306	5507753
381307	5507759
381308	5507771
381309	5507773
381310	5507791
381311	5507807
381312	5507809
381313	5507837
381314	5507849
381315	5507893
381316	5507903
381317	5507917
381318	5507969
381319	5507989
381320	5507993
381321	5508001
381322	5508023
381323	5508047
381324	5508059
381325	5508073
381326	5508077
381327	5508101
381328	5508103
381329	5508127
381330	5508143
381331	5508149
381332	5508163
381333	5508169
381334	5508179
381335	5508203
381336	5508229
381337	5508241
381338	5508263
381339	5508277
381340	5508287
381341	5508319
381342	5508341
381343	5508379
381344	5508383
381345	5508397
381346	5508401
381347	5508469
381348	5508497
381349	5508511
381350	5508551
381351	5508553
381352	5508563
381353	5508571
381354	5508583
381355	5508589
381356	5508599
381357	5508649
381358	5508667
381359	5508683
381360	5508703
381361	5508721
381362	5508733
381363	5508739
381364	5508757
381365	5508761
381366	5508779
381367	5508787
381368	5508791
381369	5508827
381370	5508847
381371	5508857
381372	5508871
381373	5508887
381374	5508913
381375	5508929
381376	5508931
381377	5508947
381378	5508949
381379	5508953
381380	5508991
381381	5509001
381382	5509027
381383	5509033
381384	5509039
381385	5509051
381386	5509057
381387	5509067
381388	5509073
381389	5509079
381390	5509081
381391	5509087
381392	5509099
381393	5509111
381394	5509151
381395	5509177
381396	5509201
381397	5509219
381398	5509249
381399	5509267
381400	5509277
381401	5509307
381402	5509313
381403	5509327
381404	5509331
381405	5509349
381406	5509363
381407	5509379
381408	5509393
381409	5509409
381410	5509417
381411	5509423
381412	5509429
381413	5509433
381414	5509451
381415	5509453
381416	5509549
381417	5509561
381418	5509577
381419	5509589
381420	5509619
381421	5509631
381422	5509643
381423	5509657
381424	5509687
381425	5509709
381426	5509711
381427	5509741
381428	5509759
381429	5509769
381430	5509783
381431	5509859
381432	5509873
381433	5509883
381434	5509897
381435	5509919
381436	5509939
381437	5509979
381438	5509997
381439	5510009
381440	5510017
381441	5510027
381442	5510047
381443	5510051
381444	5510083
381445	5510093
381446	5510101
381447	5510117
381448	5510119
381449	5510123
381450	5510137
381451	5510143
381452	5510173
381453	5510177
381454	5510189
381455	5510207
381456	5510237
381457	5510249
381458	5510303
381459	5510311
381460	5510339
381461	5510341
381462	5510347
381463	5510353
381464	5510369
381465	5510371
381466	5510383
381467	5510389
381468	5510413
381469	5510429
381470	5510471
381471	5510489
381472	5510507
381473	5510537
381474	5510539
381475	5510563
381476	5510573
381477	5510581
381478	5510587
381479	5510597
381480	5510611
381481	5510629
381482	5510633
381483	5510647
381484	5510651
381485	5510693
381486	5510699
381487	5510711
381488	5510719
381489	5510753
381490	5510759
381491	5510761
381492	5510773
381493	5510849
381494	5510881
381495	5510903
381496	5510909
381497	5510917
381498	5510959
381499	5510971
381500	5510977
381501	5511001
381502	5511017
381503	5511019
381504	5511029
381505	5511041
381506	5511049
381507	5511061
381508	5511071
381509	5511133
381510	5511137
381511	5511151
381512	5511157
381513	5511161
381514	5511169
381515	5511203
381516	5511223
381517	5511227
381518	5511251
381519	5511263
381520	5511271
381521	5511287
381522	5511293
381523	5511299
381524	5511307
381525	5511313
381526	5511347
381527	5511377
381528	5511403
381529	5511431
381530	5511433
381531	5511461
381532	5511491
381533	5511497
381534	5511509
381535	5511511
381536	5511529
381537	5511547
381538	5511581
381539	5511599
381540	5511601
381541	5511613
381542	5511641
381543	5511683
381544	5511713
381545	5511731
381546	5511739
381547	5511749
381548	5511761
381549	5511763
381550	5511773
381551	5511809
381552	5511811
381553	5511817
381554	5511829
381555	5511833
381556	5511851
381557	5511871
381558	5511901
381559	5511907
381560	5511929
381561	5511931
381562	5511937
381563	5511941
381564	5511949
381565	5511967
381566	5511971
381567	5511977
381568	5511983
381569	5511997
381570	5512007
381571	5512009
381572	5512043
381573	5512049
381574	5512051
381575	5512099
381576	5512103
381577	5512121
381578	5512123
381579	5512183
381580	5512187
381581	5512189
381582	5512229
381583	5512231
381584	5512237
381585	5512271
381586	5512307
381587	5512321
381588	5512343
381589	5512357
381590	5512361
381591	5512391
381592	5512399
381593	5512421
381594	5512447
381595	5512459
381596	5512483
381597	5512531
381598	5512537
381599	5512561
381600	5512579
381601	5512589
381602	5512609
381603	5512613
381604	5512621
381605	5512627
381606	5512649
381607	5512657
381608	5512669
381609	5512687
381610	5512691
381611	5512721
381612	5512723
381613	5512733
381614	5512739
381615	5512763
381616	5512781
381617	5512877
381618	5512909
381619	5512919
381620	5512951
381621	5512957
381622	5512967
381623	5512999
381624	5513003
381625	5513029
381626	5513063
381627	5513089
381628	5513093
381629	5513107
381630	5513129
381631	5513143
381632	5513191
381633	5513201
381634	5513203
381635	5513227
381636	5513237
381637	5513239
381638	5513243
381639	5513267
381640	5513273
381641	5513293
381642	5513303
381643	5513317
381644	5513323
381645	5513341
381646	5513351
381647	5513359
381648	5513371
381649	5513377
381650	5513419
381651	5513437
381652	5513449
381653	5513513
381654	5513527
381655	5513531
381656	5513533
381657	5513539
381658	5513549
381659	5513551
381660	5513569
381661	5513579
381662	5513587
381663	5513611
381664	5513623
381665	5513663
381666	5513671
381667	5513681
381668	5513687
381669	5513723
381670	5513731
381671	5513779
381672	5513821
381673	5513843
381674	5513863
381675	5513873
381676	5513887
381677	5513891
381678	5513917
381679	5513923
381680	5513927
381681	5513929
381682	5513941
381683	5513947
381684	5513953
381685	5513987
381686	5514007
381687	5514013
381688	5514023
381689	5514053
381690	5514077
381691	5514079
381692	5514083
381693	5514097
381694	5514107
381695	5514133
381696	5514139
381697	5514149
381698	5514163
381699	5514193
381700	5514209
381701	5514211
381702	5514241
381703	5514247
381704	5514251
381705	5514253
381706	5514281
381707	5514293
381708	5514323
381709	5514329
381710	5514337
381711	5514343
381712	5514349
381713	5514367
381714	5514371
381715	5514391
381716	5514401
381717	5514403
381718	5514433
381719	5514451
381720	5514469
381721	5514473
381722	5514521
381723	5514533
381724	5514539
381725	5514563
381726	5514571
381727	5514577
381728	5514581
381729	5514601
381730	5514643
381731	5514653
381732	5514659
381733	5514667
381734	5514689
381735	5514697
381736	5514709
381737	5514713
381738	5514737
381739	5514757
381740	5514763
381741	5514781
381742	5514797
381743	5514823
381744	5514833
381745	5514863
381746	5514881
381747	5514893
381748	5514913
381749	5514941
381750	5514947
381751	5514979
381752	5514983
381753	5514989
381754	5514991
381755	5515001
381756	5515019
381757	5515031
381758	5515039
381759	5515043
381760	5515061
381761	5515079
381762	5515087
381763	5515091
381764	5515093
381765	5515099
381766	5515141
381767	5515151
381768	5515163
381769	5515177
381770	5515189
381771	5515199
381772	5515207
381773	5515217
381774	5515219
381775	5515243
381776	5515271
381777	5515273
381778	5515313
381779	5515319
381780	5515333
381781	5515357
381782	5515397
381783	5515399
381784	5515421
381785	5515439
381786	5515441
381787	5515451
381788	5515457
381789	5515501
381790	5515513
381791	5515541
381792	5515579
381793	5515589
381794	5515603
381795	5515619
381796	5515621
381797	5515637
381798	5515649
381799	5515651
381800	5515669
381801	5515673
381802	5515691
381803	5515693
381804	5515703
381805	5515709
381806	5515717
381807	5515721
381808	5515723
381809	5515729
381810	5515787
381811	5515789
381812	5515801
381813	5515813
381814	5515817
381815	5515819
381816	5515823
381817	5515841
381818	5515877
381819	5515897
381820	5515903
381821	5515921
381822	5515927
381823	5515943
381824	5515949
381825	5515963
381826	5515981
381827	5516009
381828	5516011
381829	5516029
381830	5516053
381831	5516057
381832	5516059
381833	5516089
381834	5516107
381835	5516123
381836	5516149
381837	5516167
381838	5516179
381839	5516209
381840	5516221
381841	5516237
381842	5516261
381843	5516267
381844	5516281
381845	5516393
381846	5516417
381847	5516453
381848	5516461
381849	5516471
381850	5516473
381851	5516477
381852	5516501
381853	5516507
381854	5516521
381855	5516549
381856	5516561
381857	5516587
381858	5516603
381859	5516617
381860	5516627
381861	5516633
381862	5516639
381863	5516647
381864	5516659
381865	5516689
381866	5516701
381867	5516723
381868	5516759
381869	5516767
381870	5516801
381871	5516809
381872	5516827
381873	5516879
381874	5516893
381875	5516899
381876	5516909
381877	5516911
381878	5516933
381879	5516939
381880	5516957
381881	5516963
381882	5516983
381883	5517013
381884	5517053
381885	5517059
381886	5517067
381887	5517073
381888	5517077
381889	5517089
381890	5517091
381891	5517131
381892	5517133
381893	5517139
381894	5517151
381895	5517167
381896	5517173
381897	5517191
381898	5517209
381899	5517227
381900	5517257
381901	5517269
381902	5517271
381903	5517293
381904	5517307
381905	5517311
381906	5517313
381907	5517319
381908	5517371
381909	5517397
381910	5517409
381911	5517419
381912	5517427
381913	5517431
381914	5517433
381915	5517437
381916	5517461
381917	5517497
381918	5517509
381919	5517521
381920	5517527
381921	5517553
381922	5517557
381923	5517587
381924	5517599
381925	5517637
381926	5517641
381927	5517643
381928	5517649
381929	5517653
381930	5517661
381931	5517667
381932	5517679
381933	5517683
381934	5517697
381935	5517727
381936	5517749
381937	5517751
381938	5517763
381939	5517767
381940	5517779
381941	5517823
381942	5517833
381943	5517839
381944	5517871
381945	5517887
381946	5517893
381947	5517901
381948	5517929
381949	5517931
381950	5517943
381951	5517947
381952	5517959
381953	5517971
381954	5517973
381955	5517977
381956	5517991
381957	5518001
381958	5518021
381959	5518043
381960	5518099
381961	5518109
381962	5518111
381963	5518127
381964	5518133
381965	5518141
381966	5518157
381967	5518159
381968	5518171
381969	5518241
381970	5518259
381971	5518273
381972	5518297
381973	5518301
381974	5518339
381975	5518351
381976	5518397
381977	5518399
381978	5518423
381979	5518433
381980	5518453
381981	5518463
381982	5518501
381983	5518507
381984	5518511
381985	5518517
381986	5518537
381987	5518543
381988	5518547
381989	5518549
381990	5518553
381991	5518567
381992	5518627
381993	5518633
381994	5518673
381995	5518687
381996	5518817
381997	5518819
381998	5518831
381999	5518841
382000	5518847
