382001	5518859
382002	5518913
382003	5518927
382004	5518937
382005	5518951
382006	5518967
382007	5519029
382008	5519047
382009	5519081
382010	5519083
382011	5519117
382012	5519119
382013	5519123
382014	5519131
382015	5519153
382016	5519159
382017	5519191
382018	5519197
382019	5519207
382020	5519243
382021	5519249
382022	5519263
382023	5519279
382024	5519299
382025	5519303
382026	5519321
382027	5519359
382028	5519363
382029	5519387
382030	5519389
382031	5519429
382032	5519447
382033	5519453
382034	5519477
382035	5519489
382036	5519531
382037	5519567
382038	5519597
382039	5519617
382040	5519629
382041	5519639
382042	5519641
382043	5519653
382044	5519659
382045	5519677
382046	5519693
382047	5519699
382048	5519719
382049	5519737
382050	5519783
382051	5519797
382052	5519803
382053	5519819
382054	5519879
382055	5519881
382056	5519887
382057	5519893
382058	5519903
382059	5519909
382060	5519933
382061	5519989
382062	5520001
382063	5520007
382064	5520017
382065	5520029
382066	5520049
382067	5520059
382068	5520071
382069	5520083
382070	5520101
382071	5520113
382072	5520131
382073	5520157
382074	5520169
382075	5520191
382076	5520233
382077	5520259
382078	5520269
382079	5520271
382080	5520287
382081	5520293
382082	5520323
382083	5520329
382084	5520337
382085	5520371
382086	5520373
382087	5520377
382088	5520401
382089	5520421
382090	5520457
382091	5520467
382092	5520499
382093	5520509
382094	5520521
382095	5520551
382096	5520553
382097	5520569
382098	5520577
382099	5520589
382100	5520607
382101	5520623
382102	5520629
382103	5520637
382104	5520649
382105	5520653
382106	5520673
382107	5520677
382108	5520703
382109	5520707
382110	5520709
382111	5520721
382112	5520751
382113	5520763
382114	5520769
382115	5520791
382116	5520797
382117	5520799
382118	5520803
382119	5520839
382120	5520859
382121	5520863
382122	5520877
382123	5520901
382124	5520913
382125	5520919
382126	5520923
382127	5520929
382128	5520947
382129	5520953
382130	5520967
382131	5521003
382132	5521051
382133	5521057
382134	5521097
382135	5521099
382136	5521111
382137	5521121
382138	5521129
382139	5521133
382140	5521147
382141	5521181
382142	5521199
382143	5521207
382144	5521211
382145	5521213
382146	5521249
382147	5521253
382148	5521259
382149	5521261
382150	5521283
382151	5521289
382152	5521297
382153	5521301
382154	5521309
382155	5521361
382156	5521363
382157	5521391
382158	5521393
382159	5521427
382160	5521463
382161	5521489
382162	5521499
382163	5521543
382164	5521553
382165	5521559
382166	5521561
382167	5521567
382168	5521573
382169	5521589
382170	5521591
382171	5521597
382172	5521603
382173	5521631
382174	5521643
382175	5521657
382176	5521661
382177	5521667
382178	5521669
382179	5521693
382180	5521697
382181	5521709
382182	5521721
382183	5521729
382184	5521783
382185	5521801
382186	5521807
382187	5521819
382188	5521891
382189	5521927
382190	5521963
382191	5521981
382192	5521993
382193	5522029
382194	5522039
382195	5522057
382196	5522063
382197	5522071
382198	5522117
382199	5522119
382200	5522131
382201	5522137
382202	5522173
382203	5522177
382204	5522191
382205	5522203
382206	5522219
382207	5522233
382208	5522243
382209	5522261
382210	5522273
382211	5522281
382212	5522291
382213	5522299
382214	5522303
382215	5522311
382216	5522327
382217	5522339
382218	5522347
382219	5522351
382220	5522353
382221	5522389
382222	5522393
382223	5522411
382224	5522417
382225	5522431
382226	5522443
382227	5522471
382228	5522479
382229	5522519
382230	5522527
382231	5522563
382232	5522611
382233	5522617
382234	5522677
382235	5522707
382236	5522761
382237	5522779
382238	5522801
382239	5522809
382240	5522819
382241	5522821
382242	5522827
382243	5522833
382244	5522837
382245	5522851
382246	5522861
382247	5522873
382248	5522893
382249	5522897
382250	5522899
382251	5522911
382252	5522917
382253	5522927
382254	5522941
382255	5522947
382256	5522999
382257	5523029
382258	5523031
382259	5523061
382260	5523097
382261	5523109
382262	5523131
382263	5523157
382264	5523173
382265	5523211
382266	5523223
382267	5523227
382268	5523229
382269	5523247
382270	5523257
382271	5523269
382272	5523293
382273	5523313
382274	5523341
382275	5523359
382276	5523361
382277	5523373
382278	5523383
382279	5523407
382280	5523409
382281	5523437
382282	5523457
382283	5523481
382284	5523491
382285	5523493
382286	5523499
382287	5523503
382288	5523517
382289	5523527
382290	5523541
382291	5523559
382292	5523563
382293	5523569
382294	5523571
382295	5523599
382296	5523629
382297	5523631
382298	5523641
382299	5523647
382300	5523653
382301	5523689
382302	5523719
382303	5523751
382304	5523773
382305	5523799
382306	5523803
382307	5523809
382308	5523811
382309	5523821
382310	5523839
382311	5523857
382312	5523883
382313	5523901
382314	5523913
382315	5523919
382316	5523943
382317	5523967
382318	5524027
382319	5524039
382320	5524049
382321	5524061
382322	5524067
382323	5524069
382324	5524073
382325	5524087
382326	5524091
382327	5524093
382328	5524147
382329	5524157
382330	5524159
382331	5524171
382332	5524187
382333	5524213
382334	5524219
382335	5524237
382336	5524249
382337	5524261
382338	5524271
382339	5524273
382340	5524279
382341	5524283
382342	5524313
382343	5524331
382344	5524357
382345	5524361
382346	5524367
382347	5524369
382348	5524399
382349	5524403
382350	5524423
382351	5524469
382352	5524481
382353	5524483
382354	5524489
382355	5524501
382356	5524513
382357	5524523
382358	5524543
382359	5524553
382360	5524601
382361	5524633
382362	5524639
382363	5524681
382364	5524691
382365	5524697
382366	5524699
382367	5524747
382368	5524759
382369	5524777
382370	5524781
382371	5524793
382372	5524811
382373	5524823
382374	5524843
382375	5524867
382376	5524889
382377	5524891
382378	5524901
382379	5524903
382380	5524907
382381	5524919
382382	5524933
382383	5524943
382384	5524957
382385	5524973
382386	5524999
382387	5525041
382388	5525053
382389	5525059
382390	5525071
382391	5525081
382392	5525087
382393	5525089
382394	5525131
382395	5525137
382396	5525141
382397	5525147
382398	5525171
382399	5525183
382400	5525189
382401	5525203
382402	5525213
382403	5525231
382404	5525239
382405	5525251
382406	5525269
382407	5525279
382408	5525287
382409	5525293
382410	5525327
382411	5525329
382412	5525363
382413	5525417
382414	5525453
382415	5525467
382416	5525473
382417	5525477
382418	5525479
382419	5525491
382420	5525501
382421	5525519
382422	5525549
382423	5525581
382424	5525591
382425	5525603
382426	5525623
382427	5525651
382428	5525659
382429	5525669
382430	5525671
382431	5525701
382432	5525753
382433	5525771
382434	5525777
382435	5525791
382436	5525797
382437	5525803
382438	5525809
382439	5525831
382440	5525869
382441	5525917
382442	5525953
382443	5525981
382444	5526019
382445	5526041
382446	5526043
382447	5526077
382448	5526083
382449	5526089
382450	5526097
382451	5526107
382452	5526109
382453	5526113
382454	5526121
382455	5526127
382456	5526133
382457	5526137
382458	5526161
382459	5526179
382460	5526193
382461	5526217
382462	5526239
382463	5526251
382464	5526263
382465	5526281
382466	5526289
382467	5526331
382468	5526337
382469	5526347
382470	5526383
382471	5526407
382472	5526413
382473	5526421
382474	5526439
382475	5526481
382476	5526487
382477	5526529
382478	5526533
382479	5526551
382480	5526553
382481	5526583
382482	5526593
382483	5526607
382484	5526613
382485	5526623
382486	5526643
382487	5526679
382488	5526691
382489	5526743
382490	5526767
382491	5526799
382492	5526823
382493	5526839
382494	5526869
382495	5526881
382496	5526883
382497	5526901
382498	5526931
382499	5526947
382500	5526977
382501	5526979
382502	5527001
382503	5527003
382504	5527007
382505	5527009
382506	5527013
382507	5527019
382508	5527069
382509	5527079
382510	5527099
382511	5527103
382512	5527117
382513	5527121
382514	5527147
382515	5527163
382516	5527189
382517	5527213
382518	5527237
382519	5527241
382520	5527243
382521	5527253
382522	5527259
382523	5527307
382524	5527339
382525	5527367
382526	5527391
382527	5527399
382528	5527411
382529	5527439
382530	5527441
382531	5527447
382532	5527451
382533	5527463
382534	5527469
382535	5527477
382536	5527481
382537	5527531
382538	5527547
382539	5527549
382540	5527573
382541	5527589
382542	5527591
382543	5527597
382544	5527609
382545	5527619
382546	5527631
382547	5527649
382548	5527663
382549	5527667
382550	5527673
382551	5527721
382552	5527733
382553	5527747
382554	5527787
382555	5527801
382556	5527829
382557	5527849
382558	5527853
382559	5527861
382560	5527877
382561	5527901
382562	5527909
382563	5527913
382564	5527919
382565	5527927
382566	5527931
382567	5527939
382568	5527957
382569	5527961
382570	5527967
382571	5527979
382572	5527987
382573	5528011
382574	5528023
382575	5528041
382576	5528051
382577	5528053
382578	5528063
382579	5528101
382580	5528141
382581	5528147
382582	5528161
382583	5528167
382584	5528177
382585	5528189
382586	5528227
382587	5528231
382588	5528251
382589	5528267
382590	5528279
382591	5528287
382592	5528387
382593	5528389
382594	5528401
382595	5528407
382596	5528431
382597	5528443
382598	5528461
382599	5528489
382600	5528513
382601	5528527
382602	5528543
382603	5528581
382604	5528603
382605	5528609
382606	5528623
382607	5528641
382608	5528659
382609	5528669
382610	5528681
382611	5528687
382612	5528701
382613	5528707
382614	5528711
382615	5528737
382616	5528741
382617	5528759
382618	5528767
382619	5528771
382620	5528779
382621	5528827
382622	5528837
382623	5528849
382624	5528851
382625	5528863
382626	5528899
382627	5528917
382628	5528921
382629	5528923
382630	5528933
382631	5528969
382632	5528989
382633	5529001
382634	5529023
382635	5529037
382636	5529047
382637	5529061
382638	5529077
382639	5529079
382640	5529089
382641	5529091
382642	5529109
382643	5529113
382644	5529149
382645	5529179
382646	5529187
382647	5529193
382648	5529229
382649	5529283
382650	5529287
382651	5529319
382652	5529341
382653	5529347
382654	5529367
382655	5529427
382656	5529451
382657	5529463
382658	5529473
382659	5529497
382660	5529509
382661	5529521
382662	5529523
382663	5529529
382664	5529541
382665	5529571
382666	5529581
382667	5529611
382668	5529617
382669	5529619
382670	5529631
382671	5529647
382672	5529661
382673	5529673
382674	5529701
382675	5529739
382676	5529767
382677	5529787
382678	5529791
382679	5529803
382680	5529809
382681	5529827
382682	5529841
382683	5529857
382684	5529859
382685	5529863
382686	5529877
382687	5529883
382688	5529889
382689	5529899
382690	5529911
382691	5529919
382692	5529941
382693	5529949
382694	5529971
382695	5530001
382696	5530027
382697	5530033
382698	5530043
382699	5530061
382700	5530069
382701	5530087
382702	5530123
382703	5530141
382704	5530163
382705	5530169
382706	5530181
382707	5530201
382708	5530211
382709	5530241
382710	5530243
382711	5530277
382712	5530303
382713	5530309
382714	5530331
382715	5530339
382716	5530351
382717	5530363
382718	5530429
382719	5530439
382720	5530477
382721	5530487
382722	5530489
382723	5530517
382724	5530519
382725	5530529
382726	5530541
382727	5530543
382728	5530571
382729	5530573
382730	5530589
382731	5530621
382732	5530663
382733	5530667
382734	5530673
382735	5530697
382736	5530739
382737	5530751
382738	5530781
382739	5530799
382740	5530813
382741	5530823
382742	5530841
382743	5530849
382744	5530853
382745	5530867
382746	5530891
382747	5530901
382748	5530939
382749	5530963
382750	5530981
382751	5530999
382752	5531021
382753	5531039
382754	5531041
382755	5531059
382756	5531081
382757	5531087
382758	5531089
382759	5531107
382760	5531117
382761	5531129
382762	5531131
382763	5531143
382764	5531159
382765	5531161
382766	5531173
382767	5531209
382768	5531221
382769	5531243
382770	5531263
382771	5531291
382772	5531311
382773	5531321
382774	5531347
382775	5531353
382776	5531359
382777	5531363
382778	5531371
382779	5531437
382780	5531441
382781	5531459
382782	5531473
382783	5531483
382784	5531497
382785	5531507
382786	5531509
382787	5531521
382788	5531531
382789	5531549
382790	5531593
382791	5531599
382792	5531621
382793	5531623
382794	5531627
382795	5531633
382796	5531639
382797	5531651
382798	5531657
382799	5531677
382800	5531693
382801	5531711
382802	5531719
382803	5531723
382804	5531777
382805	5531797
382806	5531809
382807	5531819
382808	5531849
382809	5531861
382810	5531873
382811	5531887
382812	5531893
382813	5531927
382814	5532019
382815	5532031
382816	5532049
382817	5532053
382818	5532067
382819	5532071
382820	5532083
382821	5532091
382822	5532103
382823	5532113
382824	5532143
382825	5532161
382826	5532169
382827	5532179
382828	5532181
382829	5532223
382830	5532227
382831	5532239
382832	5532269
382833	5532271
382834	5532281
382835	5532283
382836	5532311
382837	5532313
382838	5532341
382839	5532343
382840	5532349
382841	5532377
382842	5532389
382843	5532403
382844	5532409
382845	5532421
382846	5532427
382847	5532433
382848	5532437
382849	5532467
382850	5532469
382851	5532487
382852	5532491
382853	5532551
382854	5532557
382855	5532559
382856	5532563
382857	5532577
382858	5532587
382859	5532613
382860	5532619
382861	5532623
382862	5532641
382863	5532643
382864	5532661
382865	5532677
382866	5532689
382867	5532691
382868	5532727
382869	5532739
382870	5532757
382871	5532763
382872	5532833
382873	5532841
382874	5532847
382875	5532859
382876	5532907
382877	5532937
382878	5532941
382879	5532979
382880	5533013
382881	5533037
382882	5533039
382883	5533043
382884	5533049
382885	5533063
382886	5533067
382887	5533103
382888	5533141
382889	5533163
382890	5533183
382891	5533189
382892	5533193
382893	5533207
382894	5533217
382895	5533223
382896	5533261
382897	5533273
382898	5533277
382899	5533289
382900	5533301
382901	5533303
382902	5533331
382903	5533337
382904	5533343
382905	5533349
382906	5533373
382907	5533391
382908	5533393
382909	5533421
382910	5533439
382911	5533441
382912	5533447
382913	5533459
382914	5533471
382915	5533477
382916	5533511
382917	5533523
382918	5533529
382919	5533537
382920	5533543
382921	5533553
382922	5533573
382923	5533589
382924	5533613
382925	5533621
382926	5533631
382927	5533637
382928	5533651
382929	5533657
382930	5533663
382931	5533673
382932	5533679
382933	5533681
382934	5533691
382935	5533709
382936	5533739
382937	5533741
382938	5533763
382939	5533793
382940	5533817
382941	5533819
382942	5533837
382943	5533849
382944	5533861
382945	5533901
382946	5533909
382947	5533919
382948	5533937
382949	5533939
382950	5533943
382951	5533951
382952	5533963
382953	5533973
382954	5534003
382955	5534017
382956	5534051
382957	5534059
382958	5534063
382959	5534069
382960	5534077
382961	5534107
382962	5534117
382963	5534131
382964	5534159
382965	5534167
382966	5534171
382967	5534209
382968	5534227
382969	5534251
382970	5534261
382971	5534281
382972	5534311
382973	5534317
382974	5534323
382975	5534341
382976	5534351
382977	5534359
382978	5534363
382979	5534381
382980	5534383
382981	5534387
382982	5534393
382983	5534411
382984	5534413
382985	5534429
382986	5534483
382987	5534489
382988	5534519
382989	5534527
382990	5534539
382991	5534569
382992	5534587
382993	5534593
382994	5534597
382995	5534611
382996	5534623
382997	5534629
382998	5534653
382999	5534671
383000	5534677
