383001	5534729
383002	5534759
383003	5534761
383004	5534773
383005	5534783
383006	5534797
383007	5534807
383008	5534813
383009	5534827
383010	5534839
383011	5534863
383012	5534869
383013	5534873
383014	5534891
383015	5534897
383016	5534899
383017	5534923
383018	5534929
383019	5534939
383020	5534951
383021	5534953
383022	5534993
383023	5535007
383024	5535011
383025	5535017
383026	5535031
383027	5535037
383028	5535053
383029	5535059
383030	5535067
383031	5535073
383032	5535077
383033	5535091
383034	5535097
383035	5535121
383036	5535133
383037	5535139
383038	5535151
383039	5535169
383040	5535181
383041	5535191
383042	5535193
383043	5535199
383044	5535221
383045	5535223
383046	5535239
383047	5535241
383048	5535247
383049	5535253
383050	5535269
383051	5535281
383052	5535301
383053	5535307
383054	5535337
383055	5535367
383056	5535377
383057	5535379
383058	5535389
383059	5535401
383060	5535427
383061	5535437
383062	5535443
383063	5535449
383064	5535457
383065	5535463
383066	5535469
383067	5535493
383068	5535511
383069	5535521
383070	5535539
383071	5535547
383072	5535559
383073	5535589
383074	5535599
383075	5535611
383076	5535619
383077	5535623
383078	5535637
383079	5535653
383080	5535661
383081	5535683
383082	5535703
383083	5535713
383084	5535731
383085	5535743
383086	5535749
383087	5535769
383088	5535773
383089	5535787
383090	5535791
383091	5535841
383092	5535853
383093	5535857
383094	5535869
383095	5535877
383096	5535913
383097	5535917
383098	5535919
383099	5535923
383100	5535947
383101	5535967
383102	5535991
383103	5536019
383104	5536043
383105	5536061
383106	5536079
383107	5536103
383108	5536109
383109	5536117
383110	5536151
383111	5536159
383112	5536213
383113	5536249
383114	5536253
383115	5536301
383116	5536309
383117	5536319
383118	5536331
383119	5536337
383120	5536343
383121	5536357
383122	5536369
383123	5536381
383124	5536387
383125	5536397
383126	5536403
383127	5536409
383128	5536417
383129	5536463
383130	5536471
383131	5536481
383132	5536483
383133	5536499
383134	5536511
383135	5536513
383136	5536523
383137	5536529
383138	5536541
383139	5536547
383140	5536549
383141	5536567
383142	5536579
383143	5536589
383144	5536603
383145	5536613
383146	5536627
383147	5536639
383148	5536669
383149	5536673
383150	5536711
383151	5536753
383152	5536789
383153	5536807
383154	5536829
383155	5536837
383156	5536871
383157	5536877
383158	5536889
383159	5536897
383160	5536901
383161	5536903
383162	5536907
383163	5536931
383164	5536933
383165	5536943
383166	5537011
383167	5537027
383168	5537029
383169	5537033
383170	5537083
383171	5537093
383172	5537101
383173	5537111
383174	5537131
383175	5537149
383176	5537159
383177	5537201
383178	5537221
383179	5537243
383180	5537249
383181	5537261
383182	5537263
383183	5537267
383184	5537297
383185	5537317
383186	5537351
383187	5537353
383188	5537369
383189	5537377
383190	5537381
383191	5537401
383192	5537423
383193	5537431
383194	5537443
383195	5537447
383196	5537453
383197	5537471
383198	5537479
383199	5537489
383200	5537509
383201	5537533
383202	5537551
383203	5537593
383204	5537603
383205	5537611
383206	5537629
383207	5537639
383208	5537647
383209	5537657
383210	5537689
383211	5537713
383212	5537731
383213	5537737
383214	5537743
383215	5537761
383216	5537771
383217	5537783
383218	5537789
383219	5537837
383220	5537839
383221	5537849
383222	5537863
383223	5537879
383224	5537881
383225	5537891
383226	5537893
383227	5537897
383228	5537941
383229	5537947
383230	5537953
383231	5537957
383232	5537981
383233	5538011
383234	5538031
383235	5538037
383236	5538041
383237	5538053
383238	5538059
383239	5538079
383240	5538083
383241	5538097
383242	5538103
383243	5538109
383244	5538131
383245	5538149
383246	5538161
383247	5538167
383248	5538179
383249	5538191
383250	5538199
383251	5538223
383252	5538233
383253	5538241
383254	5538257
383255	5538259
383256	5538263
383257	5538283
383258	5538289
383259	5538301
383260	5538317
383261	5538359
383262	5538361
383263	5538371
383264	5538431
383265	5538451
383266	5538473
383267	5538487
383268	5538509
383269	5538523
383270	5538541
383271	5538551
383272	5538569
383273	5538571
383274	5538581
383275	5538647
383276	5538661
383277	5538667
383278	5538679
383279	5538683
383280	5538691
383281	5538703
383282	5538707
383283	5538721
383284	5538727
383285	5538749
383286	5538763
383287	5538853
383288	5538857
383289	5538859
383290	5538877
383291	5538887
383292	5538893
383293	5538901
383294	5538919
383295	5538931
383296	5538943
383297	5538947
383298	5538989
383299	5539019
383300	5539033
383301	5539057
383302	5539063
383303	5539081
383304	5539123
383305	5539129
383306	5539181
383307	5539187
383308	5539199
383309	5539211
383310	5539231
383311	5539249
383312	5539253
383313	5539267
383314	5539273
383315	5539277
383316	5539309
383317	5539327
383318	5539361
383319	5539363
383320	5539367
383321	5539397
383322	5539403
383323	5539409
383324	5539427
383325	5539439
383326	5539477
383327	5539531
383328	5539537
383329	5539553
383330	5539571
383331	5539577
383332	5539579
383333	5539591
383334	5539601
383335	5539631
383336	5539657
383337	5539661
383338	5539663
383339	5539673
383340	5539727
383341	5539753
383342	5539799
383343	5539801
383344	5539817
383345	5539829
383346	5539847
383347	5539861
383348	5539873
383349	5539883
383350	5539889
383351	5539901
383352	5539903
383353	5539907
383354	5539913
383355	5539921
383356	5539927
383357	5539949
383358	5539967
383359	5539981
383360	5539997
383361	5539999
383362	5540023
383363	5540027
383364	5540057
383365	5540063
383366	5540069
383367	5540083
383368	5540099
383369	5540107
383370	5540111
383371	5540137
383372	5540141
383373	5540173
383374	5540177
383375	5540179
383376	5540221
383377	5540237
383378	5540239
383379	5540243
383380	5540251
383381	5540257
383382	5540273
383383	5540279
383384	5540281
383385	5540287
383386	5540299
383387	5540321
383388	5540347
383389	5540357
383390	5540377
383391	5540387
383392	5540393
383393	5540411
383394	5540441
383395	5540443
383396	5540449
383397	5540459
383398	5540471
383399	5540489
383400	5540497
383401	5540519
383402	5540531
383403	5540573
383404	5540581
383405	5540597
383406	5540603
383407	5540611
383408	5540641
383409	5540659
383410	5540683
383411	5540701
383412	5540707
383413	5540741
383414	5540753
383415	5540767
383416	5540771
383417	5540789
383418	5540791
383419	5540803
383420	5540807
383421	5540819
383422	5540839
383423	5540849
383424	5540869
383425	5540879
383426	5540891
383427	5540921
383428	5540933
383429	5540939
383430	5540993
383431	5541013
383432	5541037
383433	5541077
383434	5541079
383435	5541121
383436	5541127
383437	5541143
383438	5541149
383439	5541187
383440	5541251
383441	5541287
383442	5541299
383443	5541311
383444	5541317
383445	5541353
383446	5541373
383447	5541377
383448	5541383
383449	5541397
383450	5541421
383451	5541427
383452	5541433
383453	5541443
383454	5541449
383455	5541461
383456	5541469
383457	5541499
383458	5541517
383459	5541533
383460	5541577
383461	5541583
383462	5541587
383463	5541607
383464	5541611
383465	5541617
383466	5541619
383467	5541631
383468	5541671
383469	5541713
383470	5541719
383471	5541721
383472	5541737
383473	5541793
383474	5541799
383475	5541841
383476	5541853
383477	5541857
383478	5541869
383479	5541931
383480	5541947
383481	5541959
383482	5541973
383483	5541979
383484	5542001
383485	5542003
383486	5542013
383487	5542021
383488	5542027
383489	5542063
383490	5542079
383491	5542109
383492	5542127
383493	5542139
383494	5542151
383495	5542169
383496	5542177
383497	5542223
383498	5542237
383499	5542249
383500	5542259
383501	5542309
383502	5542321
383503	5542351
383504	5542367
383505	5542387
383506	5542409
383507	5542417
383508	5542423
383509	5542429
383510	5542447
383511	5542457
383512	5542477
383513	5542499
383514	5542507
383515	5542513
383516	5542529
383517	5542531
383518	5542549
383519	5542553
383520	5542597
383521	5542619
383522	5542627
383523	5542633
383524	5542673
383525	5542679
383526	5542703
383527	5542717
383528	5542721
383529	5542723
383530	5542729
383531	5542753
383532	5542777
383533	5542783
383534	5542787
383535	5542811
383536	5542819
383537	5542853
383538	5542907
383539	5542909
383540	5542937
383541	5542939
383542	5542961
383543	5542967
383544	5542993
383545	5543029
383546	5543033
383547	5543051
383548	5543053
383549	5543063
383550	5543099
383551	5543101
383552	5543107
383553	5543119
383554	5543129
383555	5543143
383556	5543149
383557	5543171
383558	5543191
383559	5543201
383560	5543221
383561	5543243
383562	5543249
383563	5543261
383564	5543297
383565	5543333
383566	5543339
383567	5543387
383568	5543399
383569	5543407
383570	5543443
383571	5543449
383572	5543477
383573	5543491
383574	5543507
383575	5543533
383576	5543537
383577	5543579
383578	5543591
383579	5543597
383580	5543617
383581	5543623
383582	5543701
383583	5543711
383584	5543719
383585	5543729
383586	5543749
383587	5543753
383588	5543771
383589	5543779
383590	5543831
383591	5543833
383592	5543873
383593	5543903
383594	5543917
383595	5543927
383596	5543929
383597	5543939
383598	5543963
383599	5543971
383600	5543977
383601	5543981
383602	5544001
383603	5544031
383604	5544047
383605	5544079
383606	5544101
383607	5544103
383608	5544109
383609	5544137
383610	5544139
383611	5544163
383612	5544179
383613	5544221
383614	5544223
383615	5544239
383616	5544241
383617	5544247
383618	5544281
383619	5544283
383620	5544337
383621	5544347
383622	5544349
383623	5544353
383624	5544361
383625	5544373
383626	5544401
383627	5544421
383628	5544437
383629	5544479
383630	5544493
383631	5544509
383632	5544521
383633	5544529
383634	5544547
383635	5544557
383636	5544559
383637	5544577
383638	5544607
383639	5544613
383640	5544619
383641	5544631
383642	5544641
383643	5544653
383644	5544659
383645	5544667
383646	5544673
383647	5544677
383648	5544683
383649	5544689
383650	5544743
383651	5544757
383652	5544767
383653	5544779
383654	5544793
383655	5544809
383656	5544821
383657	5544859
383658	5544911
383659	5544923
383660	5544949
383661	5544953
383662	5544971
383663	5544977
383664	5544983
383665	5544989
383666	5545021
383667	5545027
383668	5545037
383669	5545049
383670	5545069
383671	5545073
383672	5545081
383673	5545087
383674	5545091
383675	5545109
383676	5545117
383677	5545123
383678	5545193
383679	5545219
383680	5545223
383681	5545229
383682	5545273
383683	5545339
383684	5545357
383685	5545367
383686	5545399
383687	5545403
383688	5545411
383689	5545433
383690	5545439
383691	5545447
383692	5545453
383693	5545459
383694	5545481
383695	5545487
383696	5545493
383697	5545499
383698	5545513
383699	5545531
383700	5545543
383701	5545567
383702	5545609
383703	5545627
383704	5545637
383705	5545643
383706	5545649
383707	5545681
383708	5545697
383709	5545733
383710	5545741
383711	5545751
383712	5545759
383713	5545789
383714	5545801
383715	5545831
383716	5545843
383717	5545849
383718	5545871
383719	5545877
383720	5545889
383721	5545901
383722	5545909
383723	5545913
383724	5545933
383725	5545987
383726	5545997
383727	5545999
383728	5546027
383729	5546039
383730	5546053
383731	5546069
383732	5546071
383733	5546077
383734	5546083
383735	5546089
383736	5546129
383737	5546161
383738	5546173
383739	5546201
383740	5546209
383741	5546249
383742	5546251
383743	5546273
383744	5546287
383745	5546293
383746	5546377
383747	5546389
383748	5546393
383749	5546399
383750	5546419
383751	5546459
383752	5546479
383753	5546483
383754	5546491
383755	5546509
383756	5546533
383757	5546543
383758	5546561
383759	5546587
383760	5546599
383761	5546621
383762	5546623
383763	5546647
383764	5546663
383765	5546677
383766	5546687
383767	5546711
383768	5546713
383769	5546741
383770	5546753
383771	5546771
383772	5546789
383773	5546833
383774	5546837
383775	5546843
383776	5546867
383777	5546869
383778	5546897
383779	5546903
383780	5546911
383781	5546921
383782	5546941
383783	5546953
383784	5546963
383785	5546971
383786	5546977
383787	5546999
383788	5547001
383789	5547007
383790	5547011
383791	5547019
383792	5547089
383793	5547133
383794	5547167
383795	5547169
383796	5547187
383797	5547193
383798	5547211
383799	5547247
383800	5547251
383801	5547257
383802	5547263
383803	5547277
383804	5547293
383805	5547317
383806	5547319
383807	5547329
383808	5547359
383809	5547371
383810	5547391
383811	5547397
383812	5547403
383813	5547431
383814	5547433
383815	5547467
383816	5547499
383817	5547511
383818	5547547
383819	5547557
383820	5547569
383821	5547583
383822	5547599
383823	5547611
383824	5547631
383825	5547691
383826	5547697
383827	5547701
383828	5547709
383829	5547713
383830	5547733
383831	5547749
383832	5547757
383833	5547769
383834	5547779
383835	5547827
383836	5547847
383837	5547851
383838	5547863
383839	5547877
383840	5547887
383841	5547901
383842	5547911
383843	5547923
383844	5547931
383845	5547953
383846	5547959
383847	5547973
383848	5548007
383849	5548013
383850	5548027
383851	5548043
383852	5548063
383853	5548087
383854	5548099
383855	5548141
383856	5548157
383857	5548159
383858	5548177
383859	5548189
383860	5548211
383861	5548217
383862	5548237
383863	5548253
383864	5548259
383865	5548297
383866	5548321
383867	5548331
383868	5548339
383869	5548351
383870	5548369
383871	5548379
383872	5548421
383873	5548423
383874	5548453
383875	5548457
383876	5548469
383877	5548493
383878	5548519
383879	5548531
383880	5548547
383881	5548549
383882	5548559
383883	5548573
383884	5548583
383885	5548601
383886	5548603
383887	5548607
383888	5548619
383889	5548649
383890	5548651
383891	5548661
383892	5548693
383893	5548709
383894	5548733
383895	5548759
383896	5548769
383897	5548771
383898	5548787
383899	5548789
383900	5548793
383901	5548801
383902	5548811
383903	5548813
383904	5548841
383905	5548843
383906	5548847
383907	5548859
383908	5548861
383909	5548871
383910	5548897
383911	5548937
383912	5548951
383913	5548967
383914	5548973
383915	5548979
383916	5548993
383917	5548997
383918	5548999
383919	5549017
383920	5549023
383921	5549051
383922	5549053
383923	5549059
383924	5549069
383925	5549087
383926	5549101
383927	5549111
383928	5549113
383929	5549119
383930	5549129
383931	5549143
383932	5549183
383933	5549189
383934	5549209
383935	5549213
383936	5549221
383937	5549249
383938	5549251
383939	5549261
383940	5549263
383941	5549281
383942	5549303
383943	5549339
383944	5549377
383945	5549381
383946	5549393
383947	5549413
383948	5549437
383949	5549447
383950	5549483
383951	5549561
383952	5549569
383953	5549587
383954	5549591
383955	5549611
383956	5549617
383957	5549657
383958	5549659
383959	5549669
383960	5549681
383961	5549689
383962	5549707
383963	5549711
383964	5549737
383965	5549749
383966	5549771
383967	5549777
383968	5549779
383969	5549813
383970	5549839
383971	5549879
383972	5549891
383973	5549893
383974	5549897
383975	5549909
383976	5549927
383977	5549941
383978	5549977
383979	5549993
383980	5550011
383981	5550019
383982	5550029
383983	5550059
383984	5550073
383985	5550113
383986	5550121
383987	5550133
383988	5550137
383989	5550151
383990	5550157
383991	5550161
383992	5550169
383993	5550179
383994	5550187
383995	5550191
383996	5550203
383997	5550217
383998	5550229
383999	5550257
384000	5550287
