387001	5596949
387002	5596973
387003	5596991
387004	5596999
387005	5597023
387006	5597047
387007	5597051
387008	5597057
387009	5597099
387010	5597149
387011	5597159
387012	5597161
387013	5597167
387014	5597201
387015	5597209
387016	5597219
387017	5597231
387018	5597243
387019	5597281
387020	5597297
387021	5597309
387022	5597311
387023	5597351
387024	5597363
387025	5597407
387026	5597411
387027	5597413
387028	5597461
387029	5597467
387030	5597479
387031	5597497
387032	5597503
387033	5597549
387034	5597561
387035	5597563
387036	5597587
387037	5597597
387038	5597633
387039	5597651
387040	5597659
387041	5597663
387042	5597677
387043	5597687
387044	5597699
387045	5597719
387046	5597737
387047	5597749
387048	5597759
387049	5597797
387050	5597803
387051	5597819
387052	5597821
387053	5597831
387054	5597843
387055	5597849
387056	5597863
387057	5597873
387058	5597897
387059	5597927
387060	5597939
387061	5597941
387062	5597953
387063	5597959
387064	5597971
387065	5597987
387066	5598001
387067	5598013
387068	5598059
387069	5598067
387070	5598071
387071	5598077
387072	5598091
387073	5598119
387074	5598139
387075	5598157
387076	5598163
387077	5598167
387078	5598193
387079	5598199
387080	5598221
387081	5598233
387082	5598251
387083	5598277
387084	5598283
387085	5598289
387086	5598301
387087	5598317
387088	5598323
387089	5598343
387090	5598371
387091	5598379
387092	5598419
387093	5598431
387094	5598449
387095	5598469
387096	5598473
387097	5598487
387098	5598497
387099	5598517
387100	5598533
387101	5598539
387102	5598553
387103	5598577
387104	5598611
387105	5598617
387106	5598623
387107	5598629
387108	5598667
387109	5598679
387110	5598689
387111	5598701
387112	5598709
387113	5598713
387114	5598727
387115	5598739
387116	5598767
387117	5598793
387118	5598823
387119	5598829
387120	5598833
387121	5598841
387122	5598871
387123	5598883
387124	5598889
387125	5598907
387126	5598917
387127	5598947
387128	5598949
387129	5598953
387130	5598961
387131	5598979
387132	5598997
387133	5599019
387134	5599021
387135	5599043
387136	5599081
387137	5599093
387138	5599109
387139	5599147
387140	5599169
387141	5599177
387142	5599193
387143	5599201
387144	5599207
387145	5599219
387146	5599229
387147	5599241
387148	5599249
387149	5599261
387150	5599289
387151	5599301
387152	5599367
387153	5599369
387154	5599379
387155	5599381
387156	5599423
387157	5599427
387158	5599457
387159	5599459
387160	5599463
387161	5599481
387162	5599483
387163	5599501
387164	5599507
387165	5599537
387166	5599549
387167	5599567
387168	5599571
387169	5599577
387170	5599591
387171	5599637
387172	5599651
387173	5599663
387174	5599667
387175	5599669
387176	5599679
387177	5599687
387178	5599703
387179	5599709
387180	5599717
387181	5599723
387182	5599733
387183	5599751
387184	5599771
387185	5599777
387186	5599799
387187	5599807
387188	5599823
387189	5599829
387190	5599831
387191	5599859
387192	5599873
387193	5599877
387194	5599921
387195	5599939
387196	5599943
387197	5599949
387198	5599961
387199	5599967
387200	5599973
387201	5599981
387202	5599999
387203	5600027
387204	5600029
387205	5600039
387206	5600047
387207	5600069
387208	5600083
387209	5600087
387210	5600099
387211	5600107
387212	5600113
387213	5600131
387214	5600143
387215	5600159
387216	5600173
387217	5600237
387218	5600239
387219	5600249
387220	5600261
387221	5600279
387222	5600297
387223	5600299
387224	5600303
387225	5600333
387226	5600359
387227	5600369
387228	5600407
387229	5600411
387230	5600443
387231	5600447
387232	5600453
387233	5600461
387234	5600501
387235	5600521
387236	5600533
387237	5600537
387238	5600549
387239	5600557
387240	5600561
387241	5600587
387242	5600629
387243	5600657
387244	5600659
387245	5600671
387246	5600711
387247	5600717
387248	5600729
387249	5600737
387250	5600743
387251	5600809
387252	5600813
387253	5600867
387254	5600873
387255	5600897
387256	5600899
387257	5600909
387258	5600921
387259	5600951
387260	5600957
387261	5600963
387262	5600989
387263	5600993
387264	5601017
387265	5601061
387266	5601083
387267	5601107
387268	5601139
387269	5601149
387270	5601151
387271	5601161
387272	5601163
387273	5601191
387274	5601227
387275	5601229
387276	5601247
387277	5601251
387278	5601269
387279	5601293
387280	5601307
387281	5601317
387282	5601329
387283	5601361
387284	5601367
387285	5601373
387286	5601377
387287	5601383
387288	5601389
387289	5601391
387290	5601433
387291	5601451
387292	5601469
387293	5601493
387294	5601499
387295	5601503
387296	5601511
387297	5601527
387298	5601593
387299	5601613
387300	5601641
387301	5601643
387302	5601667
387303	5601677
387304	5601697
387305	5601703
387306	5601737
387307	5601767
387308	5601779
387309	5601781
387310	5601787
387311	5601833
387312	5601859
387313	5601863
387314	5601877
387315	5601881
387316	5601887
387317	5601889
387318	5601907
387319	5601923
387320	5601943
387321	5602001
387322	5602007
387323	5602021
387324	5602031
387325	5602033
387326	5602039
387327	5602063
387328	5602099
387329	5602111
387330	5602139
387331	5602151
387332	5602183
387333	5602187
387334	5602189
387335	5602193
387336	5602213
387337	5602217
387338	5602241
387339	5602243
387340	5602253
387341	5602277
387342	5602291
387343	5602309
387344	5602327
387345	5602357
387346	5602381
387347	5602393
387348	5602403
387349	5602411
387350	5602439
387351	5602451
387352	5602489
387353	5602507
387354	5602517
387355	5602523
387356	5602529
387357	5602543
387358	5602559
387359	5602561
387360	5602567
387361	5602573
387362	5602579
387363	5602591
387364	5602613
387365	5602631
387366	5602643
387367	5602657
387368	5602669
387369	5602679
387370	5602693
387371	5602697
387372	5602703
387373	5602711
387374	5602721
387375	5602747
387376	5602769
387377	5602781
387378	5602783
387379	5602811
387380	5602813
387381	5602819
387382	5602871
387383	5602897
387384	5602901
387385	5602931
387386	5602939
387387	5602973
387388	5602991
387389	5602999
387390	5603023
387391	5603027
387392	5603051
387393	5603063
387394	5603069
387395	5603077
387396	5603083
387397	5603111
387398	5603131
387399	5603159
387400	5603161
387401	5603189
387402	5603203
387403	5603207
387404	5603209
387405	5603231
387406	5603239
387407	5603267
387408	5603291
387409	5603341
387410	5603383
387411	5603419
387412	5603441
387413	5603447
387414	5603449
387415	5603497
387416	5603501
387417	5603503
387418	5603519
387419	5603551
387420	5603567
387421	5603569
387422	5603597
387423	5603599
387424	5603603
387425	5603617
387426	5603623
387427	5603627
387428	5603629
387429	5603657
387430	5603677
387431	5603701
387432	5603713
387433	5603729
387434	5603737
387435	5603747
387436	5603753
387437	5603771
387438	5603779
387439	5603791
387440	5603831
387441	5603861
387442	5603867
387443	5603869
387444	5603891
387445	5603903
387446	5603929
387447	5603933
387448	5603957
387449	5603971
387450	5604007
387451	5604013
387452	5604029
387453	5604037
387454	5604043
387455	5604073
387456	5604091
387457	5604097
387458	5604113
387459	5604119
387460	5604121
387461	5604143
387462	5604173
387463	5604199
387464	5604223
387465	5604229
387466	5604239
387467	5604251
387468	5604281
387469	5604289
387470	5604301
387471	5604307
387472	5604329
387473	5604359
387474	5604367
387475	5604451
387476	5604481
387477	5604493
387478	5604499
387479	5604517
387480	5604523
387481	5604559
387482	5604589
387483	5604607
387484	5604623
387485	5604629
387486	5604631
387487	5604653
387488	5604661
387489	5604689
387490	5604719
387491	5604727
387492	5604737
387493	5604763
387494	5604799
387495	5604817
387496	5604827
387497	5604839
387498	5604853
387499	5604881
387500	5604887
387501	5604901
387502	5604923
387503	5604931
387504	5604947
387505	5604959
387506	5604979
387507	5604997
387508	5605037
387509	5605043
387510	5605051
387511	5605099
387512	5605111
387513	5605147
387514	5605163
387515	5605181
387516	5605183
387517	5605217
387518	5605253
387519	5605283
387520	5605331
387521	5605337
387522	5605343
387523	5605349
387524	5605357
387525	5605367
387526	5605387
387527	5605423
387528	5605429
387529	5605433
387530	5605441
387531	5605447
387532	5605459
387533	5605471
387534	5605477
387535	5605489
387536	5605493
387537	5605499
387538	5605553
387539	5605559
387540	5605619
387541	5605661
387542	5605667
387543	5605673
387544	5605679
387545	5605681
387546	5605687
387547	5605697
387548	5605709
387549	5605711
387550	5605739
387551	5605753
387552	5605763
387553	5605771
387554	5605777
387555	5605783
387556	5605799
387557	5605811
387558	5605829
387559	5605841
387560	5605849
387561	5605871
387562	5605877
387563	5605891
387564	5605909
387565	5605913
387566	5605927
387567	5605939
387568	5605949
387569	5605991
387570	5606011
387571	5606033
387572	5606047
387573	5606057
387574	5606093
387575	5606099
387576	5606119
387577	5606137
387578	5606173
387579	5606179
387580	5606189
387581	5606191
387582	5606261
387583	5606267
387584	5606281
387585	5606303
387586	5606323
387587	5606329
387588	5606333
387589	5606339
387590	5606347
387591	5606353
387592	5606369
387593	5606389
387594	5606399
387595	5606417
387596	5606431
387597	5606441
387598	5606453
387599	5606477
387600	5606509
387601	5606519
387602	5606533
387603	5606537
387604	5606543
387605	5606561
387606	5606581
387607	5606591
387608	5606603
387609	5606621
387610	5606681
387611	5606707
387612	5606723
387613	5606749
387614	5606759
387615	5606789
387616	5606801
387617	5606803
387618	5606807
387619	5606833
387620	5606849
387621	5606857
387622	5606863
387623	5606893
387624	5606921
387625	5606927
387626	5606929
387627	5606971
387628	5606987
387629	5606989
387630	5607023
387631	5607031
387632	5607047
387633	5607061
387634	5607073
387635	5607097
387636	5607113
387637	5607131
387638	5607137
387639	5607149
387640	5607167
387641	5607169
387642	5607191
387643	5607197
387644	5607209
387645	5607227
387646	5607233
387647	5607247
387648	5607253
387649	5607257
387650	5607271
387651	5607281
387652	5607289
387653	5607293
387654	5607323
387655	5607361
387656	5607379
387657	5607389
387658	5607391
387659	5607401
387660	5607403
387661	5607409
387662	5607439
387663	5607443
387664	5607457
387665	5607463
387666	5607479
387667	5607487
387668	5607493
387669	5607517
387670	5607541
387671	5607551
387672	5607571
387673	5607577
387674	5607583
387675	5607593
387676	5607599
387677	5607601
387678	5607619
387679	5607631
387680	5607647
387681	5607649
387682	5607659
387683	5607661
387684	5607691
387685	5607703
387686	5607709
387687	5607713
387688	5607731
387689	5607733
387690	5607737
387691	5607751
387692	5607779
387693	5607827
387694	5607839
387695	5607853
387696	5607859
387697	5607871
387698	5607881
387699	5607893
387700	5607911
387701	5607961
387702	5607971
387703	5608003
387704	5608007
387705	5608013
387706	5608033
387707	5608037
387708	5608039
387709	5608051
387710	5608091
387711	5608121
387712	5608123
387713	5608139
387714	5608151
387715	5608153
387716	5608171
387717	5608177
387718	5608199
387719	5608217
387720	5608237
387721	5608243
387722	5608259
387723	5608277
387724	5608307
387725	5608321
387726	5608327
387727	5608331
387728	5608357
387729	5608367
387730	5608403
387731	5608409
387732	5608451
387733	5608469
387734	5608483
387735	5608507
387736	5608531
387737	5608541
387738	5608549
387739	5608567
387740	5608579
387741	5608597
387742	5608601
387743	5608609
387744	5608621
387745	5608627
387746	5608639
387747	5608661
387748	5608697
387749	5608699
387750	5608703
387751	5608721
387752	5608723
387753	5608727
387754	5608741
387755	5608747
387756	5608751
387757	5608753
387758	5608769
387759	5608783
387760	5608829
387761	5608853
387762	5608859
387763	5608871
387764	5608873
387765	5608879
387766	5608901
387767	5608903
387768	5608913
387769	5608931
387770	5608951
387771	5608969
387772	5609053
387773	5609069
387774	5609077
387775	5609083
387776	5609111
387777	5609113
387778	5609117
387779	5609129
387780	5609141
387781	5609143
387782	5609183
387783	5609203
387784	5609231
387785	5609243
387786	5609257
387787	5609281
387788	5609291
387789	5609293
387790	5609321
387791	5609341
387792	5609347
387793	5609353
387794	5609369
387795	5609381
387796	5609399
387797	5609407
387798	5609411
387799	5609423
387800	5609431
387801	5609437
387802	5609449
387803	5609489
387804	5609491
387805	5609501
387806	5609521
387807	5609531
387808	5609587
387809	5609627
387810	5609633
387811	5609647
387812	5609657
387813	5609663
387814	5609683
387815	5609713
387816	5609719
387817	5609741
387818	5609761
387819	5609777
387820	5609783
387821	5609797
387822	5609803
387823	5609809
387824	5609827
387825	5609833
387826	5609837
387827	5609839
387828	5609867
387829	5609911
387830	5609917
387831	5609927
387832	5609939
387833	5609951
387834	5609957
387835	5609993
387836	5610023
387837	5610029
387838	5610043
387839	5610049
387840	5610089
387841	5610097
387842	5610107
387843	5610113
387844	5610131
387845	5610139
387846	5610151
387847	5610161
387848	5610173
387849	5610191
387850	5610193
387851	5610197
387852	5610203
387853	5610211
387854	5610233
387855	5610277
387856	5610313
387857	5610359
387858	5610361
387859	5610389
387860	5610401
387861	5610419
387862	5610433
387863	5610439
387864	5610443
387865	5610461
387866	5610463
387867	5610467
387868	5610469
387869	5610497
387870	5610499
387871	5610503
387872	5610509
387873	5610541
387874	5610571
387875	5610581
387876	5610587
387877	5610593
387878	5610607
387879	5610611
387880	5610613
387881	5610617
387882	5610637
387883	5610641
387884	5610653
387885	5610677
387886	5610743
387887	5610749
387888	5610763
387889	5610767
387890	5610793
387891	5610797
387892	5610821
387893	5610823
387894	5610851
387895	5610863
387896	5610877
387897	5610881
387898	5610887
387899	5610929
387900	5610937
387901	5610953
387902	5610967
387903	5610977
387904	5610991
387905	5611019
387906	5611043
387907	5611051
387908	5611069
387909	5611079
387910	5611091
387911	5611117
387912	5611121
387913	5611127
387914	5611141
387915	5611147
387916	5611157
387917	5611169
387918	5611223
387919	5611231
387920	5611253
387921	5611259
387922	5611271
387923	5611273
387924	5611303
387925	5611321
387926	5611351
387927	5611357
387928	5611369
387929	5611391
387930	5611399
387931	5611423
387932	5611433
387933	5611439
387934	5611447
387935	5611453
387936	5611469
387937	5611477
387938	5611493
387939	5611511
387940	5611519
387941	5611553
387942	5611579
387943	5611591
387944	5611603
387945	5611621
387946	5611637
387947	5611643
387948	5611663
387949	5611681
387950	5611687
387951	5611699
387952	5611709
387953	5611721
387954	5611759
387955	5611763
387956	5611789
387957	5611807
387958	5611813
387959	5611831
387960	5611841
387961	5611843
387962	5611849
387963	5611867
387964	5611871
387965	5611873
387966	5611913
387967	5611933
387968	5611937
387969	5611951
387970	5611981
387971	5611997
387972	5612029
387973	5612063
387974	5612077
387975	5612107
387976	5612111
387977	5612137
387978	5612141
387979	5612143
387980	5612149
387981	5612177
387982	5612179
387983	5612213
387984	5612221
387985	5612237
387986	5612249
387987	5612263
387988	5612281
387989	5612287
387990	5612291
387991	5612303
387992	5612309
387993	5612311
387994	5612339
387995	5612357
387996	5612381
387997	5612393
387998	5612407
387999	5612423
388000	5612441
