388001	5612447
388002	5612461
388003	5612491
388004	5612501
388005	5612507
388006	5612513
388007	5612521
388008	5612527
388009	5612539
388010	5612557
388011	5612569
388012	5612587
388013	5612591
388014	5612609
388015	5612627
388016	5612653
388017	5612699
388018	5612723
388019	5612731
388020	5612741
388021	5612749
388022	5612801
388023	5612807
388024	5612813
388025	5612819
388026	5612837
388027	5612857
388028	5612861
388029	5612879
388030	5612909
388031	5612911
388032	5612927
388033	5612933
388034	5612947
388035	5612951
388036	5612983
388037	5612987
388038	5613031
388039	5613079
388040	5613089
388041	5613103
388042	5613107
388043	5613109
388044	5613161
388045	5613169
388046	5613217
388047	5613259
388048	5613287
388049	5613313
388050	5613317
388051	5613329
388052	5613337
388053	5613347
388054	5613407
388055	5613431
388056	5613457
388057	5613463
388058	5613467
388059	5613469
388060	5613499
388061	5613533
388062	5613547
388063	5613551
388064	5613563
388065	5613571
388066	5613581
388067	5613583
388068	5613589
388069	5613611
388070	5613623
388071	5613637
388072	5613667
388073	5613691
388074	5613701
388075	5613709
388076	5613719
388077	5613731
388078	5613737
388079	5613739
388080	5613763
388081	5613767
388082	5613787
388083	5613799
388084	5613833
388085	5613851
388086	5613857
388087	5613869
388088	5613887
388089	5613889
388090	5613901
388091	5613917
388092	5613929
388093	5613943
388094	5613967
388095	5613991
388096	5614043
388097	5614051
388098	5614057
388099	5614061
388100	5614067
388101	5614073
388102	5614079
388103	5614087
388104	5614111
388105	5614129
388106	5614151
388107	5614153
388108	5614157
388109	5614159
388110	5614201
388111	5614223
388112	5614247
388113	5614283
388114	5614319
388115	5614321
388116	5614327
388117	5614333
388118	5614337
388119	5614339
388120	5614351
388121	5614421
388122	5614447
388123	5614459
388124	5614463
388125	5614523
388126	5614547
388127	5614549
388128	5614579
388129	5614589
388130	5614597
388131	5614657
388132	5614673
388133	5614681
388134	5614703
388135	5614717
388136	5614727
388137	5614729
388138	5614781
388139	5614789
388140	5614831
388141	5614841
388142	5614883
388143	5614891
388144	5614919
388145	5614927
388146	5614933
388147	5614957
388148	5614963
388149	5614993
388150	5615011
388151	5615017
388152	5615023
388153	5615047
388154	5615063
388155	5615081
388156	5615101
388157	5615107
388158	5615131
388159	5615149
388160	5615153
388161	5615167
388162	5615179
388163	5615189
388164	5615201
388165	5615213
388166	5615221
388167	5615261
388168	5615263
388169	5615273
388170	5615303
388171	5615333
388172	5615341
388173	5615347
388174	5615383
388175	5615387
388176	5615411
388177	5615417
388178	5615429
388179	5615437
388180	5615459
388181	5615479
388182	5615497
388183	5615503
388184	5615521
388185	5615537
388186	5615549
388187	5615551
388188	5615563
388189	5615579
388190	5615587
388191	5615609
388192	5615629
388193	5615639
388194	5615641
388195	5615651
388196	5615653
388197	5615669
388198	5615683
388199	5615689
388200	5615699
388201	5615713
388202	5615717
388203	5615723
388204	5615737
388205	5615741
388206	5615747
388207	5615777
388208	5615791
388209	5615803
388210	5615833
388211	5615851
388212	5615861
388213	5615881
388214	5615891
388215	5615917
388216	5615923
388217	5615947
388218	5615957
388219	5615969
388220	5615977
388221	5616011
388222	5616019
388223	5616097
388224	5616113
388225	5616131
388226	5616133
388227	5616161
388228	5616181
388229	5616197
388230	5616199
388231	5616211
388232	5616217
388233	5616223
388234	5616241
388235	5616253
388236	5616271
388237	5616277
388238	5616283
388239	5616287
388240	5616293
388241	5616319
388242	5616329
388243	5616353
388244	5616367
388245	5616379
388246	5616383
388247	5616389
388248	5616407
388249	5616427
388250	5616431
388251	5616433
388252	5616437
388253	5616449
388254	5616469
388255	5616473
388256	5616553
388257	5616557
388258	5616587
388259	5616593
388260	5616601
388261	5616629
388262	5616643
388263	5616659
388264	5616671
388265	5616679
388266	5616707
388267	5616719
388268	5616733
388269	5616757
388270	5616769
388271	5616827
388272	5616833
388273	5616857
388274	5616869
388275	5616883
388276	5616893
388277	5616907
388278	5616911
388279	5616917
388280	5616937
388281	5616967
388282	5616997
388283	5617009
388284	5617013
388285	5617033
388286	5617043
388287	5617067
388288	5617091
388289	5617093
388290	5617109
388291	5617121
388292	5617163
388293	5617181
388294	5617187
388295	5617189
388296	5617193
388297	5617207
388298	5617211
388299	5617237
388300	5617247
388301	5617253
388302	5617291
388303	5617301
388304	5617333
388305	5617349
388306	5617363
388307	5617373
388308	5617421
388309	5617427
388310	5617441
388311	5617457
388312	5617459
388313	5617499
388314	5617511
388315	5617537
388316	5617553
388317	5617613
388318	5617627
388319	5617637
388320	5617639
388321	5617643
388322	5617657
388323	5617679
388324	5617687
388325	5617691
388326	5617693
388327	5617699
388328	5617709
388329	5617739
388330	5617741
388331	5617757
388332	5617771
388333	5617783
388334	5617813
388335	5617817
388336	5617831
388337	5617867
388338	5617877
388339	5617879
388340	5617889
388341	5617897
388342	5617903
388343	5617933
388344	5617961
388345	5617981
388346	5617987
388347	5617999
388348	5618009
388349	5618027
388350	5618029
388351	5618077
388352	5618087
388353	5618089
388354	5618111
388355	5618113
388356	5618131
388357	5618147
388358	5618149
388359	5618183
388360	5618201
388361	5618203
388362	5618209
388363	5618219
388364	5618269
388365	5618287
388366	5618293
388367	5618309
388368	5618311
388369	5618317
388370	5618321
388371	5618323
388372	5618351
388373	5618363
388374	5618377
388375	5618383
388376	5618387
388377	5618429
388378	5618441
388379	5618461
388380	5618479
388381	5618491
388382	5618497
388383	5618537
388384	5618539
388385	5618549
388386	5618567
388387	5618573
388388	5618579
388389	5618581
388390	5618597
388391	5618611
388392	5618633
388393	5618671
388394	5618707
388395	5618713
388396	5618729
388397	5618759
388398	5618777
388399	5618819
388400	5618827
388401	5618839
388402	5618849
388403	5618863
388404	5618881
388405	5618903
388406	5618909
388407	5618911
388408	5618929
388409	5618941
388410	5618957
388411	5618981
388412	5619001
388413	5619037
388414	5619043
388415	5619071
388416	5619073
388417	5619077
388418	5619109
388419	5619139
388420	5619143
388421	5619167
388422	5619169
388423	5619181
388424	5619203
388425	5619217
388426	5619221
388427	5619233
388428	5619241
388429	5619247
388430	5619253
388431	5619281
388432	5619287
388433	5619311
388434	5619323
388435	5619343
388436	5619379
388437	5619389
388438	5619391
388439	5619413
388440	5619443
388441	5619451
388442	5619473
388443	5619487
388444	5619511
388445	5619517
388446	5619527
388447	5619529
388448	5619547
388449	5619553
388450	5619557
388451	5619589
388452	5619599
388453	5619617
388454	5619619
388455	5619637
388456	5619667
388457	5619683
388458	5619701
388459	5619703
388460	5619709
388461	5619739
388462	5619781
388463	5619787
388464	5619827
388465	5619851
388466	5619857
388467	5619919
388468	5619923
388469	5619937
388470	5619941
388471	5619949
388472	5619973
388473	5619983
388474	5620001
388475	5620003
388476	5620009
388477	5620037
388478	5620039
388479	5620061
388480	5620079
388481	5620091
388482	5620103
388483	5620127
388484	5620159
388485	5620169
388486	5620177
388487	5620201
388488	5620247
388489	5620271
388490	5620273
388491	5620283
388492	5620327
388493	5620339
388494	5620369
388495	5620397
388496	5620427
388497	5620451
388498	5620453
388499	5620457
388500	5620469
388501	5620481
388502	5620493
388503	5620499
388504	5620513
388505	5620529
388506	5620543
388507	5620547
388508	5620583
388509	5620609
388510	5620627
388511	5620631
388512	5620669
388513	5620709
388514	5620721
388515	5620787
388516	5620793
388517	5620799
388518	5620801
388519	5620807
388520	5620837
388521	5620841
388522	5620861
388523	5620883
388524	5620891
388525	5620907
388526	5620913
388527	5620933
388528	5620957
388529	5620961
388530	5620963
388531	5620969
388532	5620981
388533	5620987
388534	5620991
388535	5620997
388536	5621023
388537	5621027
388538	5621029
388539	5621051
388540	5621081
388541	5621113
388542	5621117
388543	5621159
388544	5621173
388545	5621179
388546	5621183
388547	5621191
388548	5621197
388549	5621221
388550	5621243
388551	5621249
388552	5621267
388553	5621281
388554	5621303
388555	5621309
388556	5621311
388557	5621327
388558	5621383
388559	5621417
388560	5621419
388561	5621423
388562	5621437
388563	5621443
388564	5621467
388565	5621471
388566	5621479
388567	5621489
388568	5621491
388569	5621503
388570	5621513
388571	5621597
388572	5621599
388573	5621617
388574	5621653
388575	5621687
388576	5621731
388577	5621753
388578	5621767
388579	5621771
388580	5621779
388581	5621809
388582	5621813
388583	5621827
388584	5621857
388585	5621873
388586	5621899
388587	5621921
388588	5621927
388589	5621939
388590	5621953
388591	5621983
388592	5621989
388593	5622007
388594	5622011
388595	5622047
388596	5622059
388597	5622077
388598	5622079
388599	5622103
388600	5622107
388601	5622137
388602	5622167
388603	5622181
388604	5622203
388605	5622247
388606	5622251
388607	5622263
388608	5622301
388609	5622311
388610	5622313
388611	5622319
388612	5622341
388613	5622349
388614	5622391
388615	5622401
388616	5622413
388617	5622443
388618	5622451
388619	5622457
388620	5622473
388621	5622479
388622	5622481
388623	5622497
388624	5622521
388625	5622527
388626	5622559
388627	5622571
388628	5622583
388629	5622587
388630	5622593
388631	5622599
388632	5622601
388633	5622623
388634	5622653
388635	5622691
388636	5622709
388637	5622713
388638	5622719
388639	5622731
388640	5622761
388641	5622763
388642	5622769
388643	5622821
388644	5622829
388645	5622847
388646	5622857
388647	5622871
388648	5622887
388649	5622889
388650	5622899
388651	5622901
388652	5622941
388653	5622943
388654	5622949
388655	5622959
388656	5622961
388657	5622977
388658	5623003
388659	5623021
388660	5623043
388661	5623081
388662	5623087
388663	5623099
388664	5623103
388665	5623133
388666	5623159
388667	5623169
388668	5623193
388669	5623199
388670	5623207
388671	5623213
388672	5623217
388673	5623229
388674	5623279
388675	5623283
388676	5623291
388677	5623301
388678	5623309
388679	5623327
388680	5623351
388681	5623367
388682	5623393
388683	5623403
388684	5623421
388685	5623451
388686	5623463
388687	5623469
388688	5623483
388689	5623507
388690	5623517
388691	5623531
388692	5623537
388693	5623543
388694	5623547
388695	5623561
388696	5623567
388697	5623571
388698	5623573
388699	5623577
388700	5623591
388701	5623609
388702	5623619
388703	5623621
388704	5623627
388705	5623649
388706	5623727
388707	5623747
388708	5623771
388709	5623789
388710	5623811
388711	5623823
388712	5623843
388713	5623853
388714	5623859
388715	5623949
388716	5623951
388717	5623967
388718	5623979
388719	5624023
388720	5624033
388721	5624039
388722	5624041
388723	5624053
388724	5624071
388725	5624083
388726	5624117
388727	5624137
388728	5624141
388729	5624147
388730	5624149
388731	5624183
388732	5624189
388733	5624191
388734	5624207
388735	5624219
388736	5624221
388737	5624243
388738	5624249
388739	5624251
388740	5624273
388741	5624279
388742	5624287
388743	5624317
388744	5624327
388745	5624341
388746	5624369
388747	5624389
388748	5624401
388749	5624417
388750	5624441
388751	5624447
388752	5624459
388753	5624461
388754	5624471
388755	5624473
388756	5624477
388757	5624483
388758	5624527
388759	5624543
388760	5624557
388761	5624561
388762	5624573
388763	5624587
388764	5624611
388765	5624617
388766	5624621
388767	5624651
388768	5624653
388769	5624657
388770	5624677
388771	5624687
388772	5624693
388773	5624713
388774	5624743
388775	5624761
388776	5624783
388777	5624789
388778	5624797
388779	5624803
388780	5624821
388781	5624849
388782	5624881
388783	5624891
388784	5624911
388785	5624917
388786	5624929
388787	5624939
388788	5624947
388789	5624951
388790	5624953
388791	5624963
388792	5624989
388793	5625017
388794	5625029
388795	5625031
388796	5625047
388797	5625071
388798	5625091
388799	5625149
388800	5625157
388801	5625187
388802	5625223
388803	5625233
388804	5625239
388805	5625247
388806	5625251
388807	5625281
388808	5625313
388809	5625331
388810	5625341
388811	5625407
388812	5625421
388813	5625427
388814	5625437
388815	5625439
388816	5625457
388817	5625461
388818	5625493
388819	5625509
388820	5625553
388821	5625563
388822	5625617
388823	5625637
388824	5625649
388825	5625667
388826	5625673
388827	5625701
388828	5625707
388829	5625713
388830	5625721
388831	5625727
388832	5625749
388833	5625769
388834	5625773
388835	5625811
388836	5625857
388837	5625863
388838	5625877
388839	5625937
388840	5625941
388841	5625967
388842	5626001
388843	5626009
388844	5626013
388845	5626021
388846	5626039
388847	5626043
388848	5626051
388849	5626069
388850	5626079
388851	5626129
388852	5626141
388853	5626151
388854	5626171
388855	5626177
388856	5626189
388857	5626193
388858	5626207
388859	5626211
388860	5626217
388861	5626219
388862	5626259
388863	5626267
388864	5626273
388865	5626277
388866	5626289
388867	5626333
388868	5626339
388869	5626343
388870	5626349
388871	5626351
388872	5626363
388873	5626367
388874	5626373
388875	5626391
388876	5626393
388877	5626399
388878	5626429
388879	5626441
388880	5626447
388881	5626499
388882	5626549
388883	5626561
388884	5626567
388885	5626571
388886	5626573
388887	5626583
388888	5626589
388889	5626591
388890	5626601
388891	5626619
388892	5626631
388893	5626633
388894	5626637
388895	5626657
388896	5626693
388897	5626703
388898	5626729
388899	5626741
388900	5626757
388901	5626769
388902	5626807
388903	5626837
388904	5626853
388905	5626867
388906	5626871
388907	5626877
388908	5626879
388909	5626891
388910	5626897
388911	5626909
388912	5626921
388913	5626939
388914	5626961
388915	5626967
388916	5626969
388917	5626979
388918	5626987
388919	5626991
388920	5627009
388921	5627029
388922	5627047
388923	5627053
388924	5627057
388925	5627077
388926	5627081
388927	5627099
388928	5627101
388929	5627143
388930	5627147
388931	5627161
388932	5627177
388933	5627179
388934	5627191
388935	5627197
388936	5627207
388937	5627231
388938	5627257
388939	5627267
388940	5627269
388941	5627327
388942	5627393
388943	5627423
388944	5627437
388945	5627443
388946	5627449
388947	5627467
388948	5627473
388949	5627491
388950	5627509
388951	5627519
388952	5627533
388953	5627543
388954	5627551
388955	5627579
388956	5627599
388957	5627603
388958	5627621
388959	5627627
388960	5627641
388961	5627669
388962	5627681
388963	5627689
388964	5627717
388965	5627719
388966	5627729
388967	5627747
388968	5627753
388969	5627761
388970	5627767
388971	5627773
388972	5627777
388973	5627803
388974	5627813
388975	5627849
388976	5627861
388977	5627873
388978	5627887
388979	5627899
388980	5627903
388981	5627917
388982	5627977
388983	5627983
388984	5627987
388985	5627989
388986	5628041
388987	5628061
388988	5628079
388989	5628089
388990	5628101
388991	5628113
388992	5628127
388993	5628131
388994	5628137
388995	5628151
388996	5628157
388997	5628239
388998	5628247
388999	5628251
389000	5628257
