389001	5628277
389002	5628281
389003	5628283
389004	5628289
389005	5628319
389006	5628331
389007	5628341
389008	5628361
389009	5628367
389010	5628379
389011	5628397
389012	5628421
389013	5628431
389014	5628437
389015	5628443
389016	5628451
389017	5628457
389018	5628461
389019	5628473
389020	5628481
389021	5628499
389022	5628509
389023	5628517
389024	5628533
389025	5628569
389026	5628589
389027	5628593
389028	5628599
389029	5628611
389030	5628613
389031	5628631
389032	5628647
389033	5628661
389034	5628703
389035	5628713
389036	5628719
389037	5628739
389038	5628757
389039	5628793
389040	5628797
389041	5628839
389042	5628841
389043	5628863
389044	5628877
389045	5628899
389046	5628913
389047	5628923
389048	5628937
389049	5628967
389050	5628991
389051	5629003
389052	5629009
389053	5629061
389054	5629079
389055	5629081
389056	5629097
389057	5629109
389058	5629121
389059	5629133
389060	5629147
389061	5629157
389062	5629199
389063	5629207
389064	5629213
389065	5629223
389066	5629229
389067	5629279
389068	5629307
389069	5629313
389070	5629333
389071	5629357
389072	5629387
389073	5629399
389074	5629417
389075	5629441
389076	5629493
389077	5629553
389078	5629571
389079	5629579
389080	5629583
389081	5629609
389082	5629621
389083	5629627
389084	5629649
389085	5629651
389086	5629697
389087	5629699
389088	5629709
389089	5629727
389090	5629747
389091	5629753
389092	5629763
389093	5629769
389094	5629781
389095	5629787
389096	5629823
389097	5629829
389098	5629843
389099	5629847
389100	5629853
389101	5629859
389102	5629867
389103	5629889
389104	5629913
389105	5629919
389106	5629933
389107	5629937
389108	5629951
389109	5629961
389110	5629991
389111	5629993
389112	5630017
389113	5630021
389114	5630029
389115	5630039
389116	5630047
389117	5630069
389118	5630129
389119	5630159
389120	5630167
389121	5630201
389122	5630203
389123	5630227
389124	5630267
389125	5630269
389126	5630279
389127	5630309
389128	5630329
389129	5630333
389130	5630347
389131	5630351
389132	5630353
389133	5630357
389134	5630363
389135	5630369
389136	5630381
389137	5630411
389138	5630419
389139	5630431
389140	5630467
389141	5630477
389142	5630497
389143	5630501
389144	5630503
389145	5630507
389146	5630533
389147	5630539
389148	5630551
389149	5630591
389150	5630617
389151	5630627
389152	5630629
389153	5630633
389154	5630657
389155	5630659
389156	5630663
389157	5630671
389158	5630693
389159	5630719
389160	5630743
389161	5630749
389162	5630759
389163	5630761
389164	5630767
389165	5630777
389166	5630789
389167	5630813
389168	5630827
389169	5630839
389170	5630857
389171	5630861
389172	5630869
389173	5630887
389174	5630917
389175	5630921
389176	5630923
389177	5630953
389178	5630987
389179	5631007
389180	5631013
389181	5631037
389182	5631061
389183	5631071
389184	5631077
389185	5631083
389186	5631107
389187	5631121
389188	5631169
389189	5631173
389190	5631179
389191	5631187
389192	5631193
389193	5631203
389194	5631209
389195	5631221
389196	5631257
389197	5631259
389198	5631271
389199	5631281
389200	5631287
389201	5631299
389202	5631317
389203	5631341
389204	5631349
389205	5631361
389206	5631383
389207	5631401
389208	5631413
389209	5631421
389210	5631427
389211	5631443
389212	5631499
389213	5631523
389214	5631533
389215	5631541
389216	5631569
389217	5631583
389218	5631589
389219	5631599
389220	5631601
389221	5631623
389222	5631629
389223	5631671
389224	5631679
389225	5631683
389226	5631697
389227	5631701
389228	5631707
389229	5631737
389230	5631751
389231	5631761
389232	5631763
389233	5631767
389234	5631781
389235	5631793
389236	5631817
389237	5631823
389238	5631841
389239	5631851
389240	5631889
389241	5631893
389242	5631911
389243	5631943
389244	5631949
389245	5631973
389246	5631979
389247	5631991
389248	5632001
389249	5632007
389250	5632019
389251	5632021
389252	5632027
389253	5632043
389254	5632073
389255	5632093
389256	5632127
389257	5632163
389258	5632181
389259	5632201
389260	5632247
389261	5632267
389262	5632271
389263	5632273
389264	5632279
389265	5632283
389266	5632301
389267	5632327
389268	5632387
389269	5632391
389270	5632439
389271	5632453
389272	5632477
389273	5632519
389274	5632541
389275	5632567
389276	5632573
389277	5632579
389278	5632589
389279	5632597
389280	5632603
389281	5632609
389282	5632637
389283	5632639
389284	5632651
389285	5632687
389286	5632709
389287	5632717
389288	5632733
389289	5632741
389290	5632747
389291	5632751
389292	5632777
389293	5632799
389294	5632807
389295	5632817
389296	5632819
389297	5632829
389298	5632841
389299	5632853
389300	5632859
389301	5632883
389302	5632889
389303	5632909
389304	5632919
389305	5632943
389306	5632969
389307	5632973
389308	5632981
389309	5632993
389310	5633009
389311	5633027
389312	5633039
389313	5633051
389314	5633057
389315	5633059
389316	5633087
389317	5633107
389318	5633119
389319	5633141
389320	5633149
389321	5633153
389322	5633161
389323	5633189
389324	5633219
389325	5633231
389326	5633237
389327	5633249
389328	5633269
389329	5633297
389330	5633311
389331	5633333
389332	5633347
389333	5633363
389334	5633371
389335	5633417
389336	5633437
389337	5633461
389338	5633471
389339	5633479
389340	5633501
389341	5633503
389342	5633513
389343	5633521
389344	5633539
389345	5633543
389346	5633549
389347	5633587
389348	5633591
389349	5633623
389350	5633651
389351	5633699
389352	5633701
389353	5633711
389354	5633717
389355	5633729
389356	5633737
389357	5633753
389358	5633759
389359	5633807
389360	5633813
389361	5633821
389362	5633833
389363	5633867
389364	5633869
389365	5633893
389366	5633923
389367	5633939
389368	5633959
389369	5633977
389370	5633981
389371	5634001
389372	5634007
389373	5634019
389374	5634023
389375	5634029
389376	5634037
389377	5634049
389378	5634061
389379	5634071
389380	5634073
389381	5634107
389382	5634113
389383	5634119
389384	5634131
389385	5634151
389386	5634163
389387	5634193
389388	5634217
389389	5634221
389390	5634227
389391	5634229
389392	5634257
389393	5634269
389394	5634283
389395	5634311
389396	5634329
389397	5634337
389398	5634341
389399	5634373
389400	5634403
389401	5634427
389402	5634443
389403	5634449
389404	5634479
389405	5634481
389406	5634491
389407	5634493
389408	5634511
389409	5634521
389410	5634553
389411	5634557
389412	5634569
389413	5634581
389414	5634611
389415	5634617
389416	5634623
389417	5634637
389418	5634641
389419	5634649
389420	5634661
389421	5634719
389422	5634721
389423	5634731
389424	5634749
389425	5634751
389426	5634779
389427	5634799
389428	5634809
389429	5634817
389430	5634823
389431	5634847
389432	5634851
389433	5634859
389434	5634869
389435	5634883
389436	5634919
389437	5634929
389438	5634949
389439	5634983
389440	5635033
389441	5635037
389442	5635043
389443	5635051
389444	5635103
389445	5635127
389446	5635141
389447	5635151
389448	5635171
389449	5635183
389450	5635187
389451	5635219
389452	5635237
389453	5635243
389454	5635247
389455	5635249
389456	5635261
389457	5635271
389458	5635277
389459	5635283
389460	5635291
389461	5635297
389462	5635321
389463	5635337
389464	5635349
389465	5635361
389466	5635373
389467	5635387
389468	5635393
389469	5635411
389470	5635417
389471	5635429
389472	5635447
389473	5635453
389474	5635493
389475	5635499
389476	5635501
389477	5635519
389478	5635523
389479	5635547
389480	5635549
389481	5635561
389482	5635589
389483	5635601
389484	5635613
389485	5635633
389486	5635661
389487	5635681
389488	5635691
389489	5635697
389490	5635711
389491	5635717
389492	5635727
389493	5635733
389494	5635801
389495	5635807
389496	5635811
389497	5635843
389498	5635849
389499	5635853
389500	5635871
389501	5635873
389502	5635921
389503	5635957
389504	5635961
389505	5635963
389506	5635979
389507	5635999
389508	5636003
389509	5636009
389510	5636039
389511	5636047
389512	5636069
389513	5636077
389514	5636123
389515	5636131
389516	5636149
389517	5636153
389518	5636161
389519	5636171
389520	5636177
389521	5636201
389522	5636207
389523	5636233
389524	5636249
389525	5636251
389526	5636261
389527	5636273
389528	5636291
389529	5636359
389530	5636363
389531	5636383
389532	5636399
389533	5636419
389534	5636437
389535	5636453
389536	5636467
389537	5636471
389538	5636539
389539	5636551
389540	5636567
389541	5636581
389542	5636593
389543	5636621
389544	5636627
389545	5636629
389546	5636651
389547	5636669
389548	5636671
389549	5636677
389550	5636681
389551	5636689
389552	5636693
389553	5636731
389554	5636747
389555	5636773
389556	5636783
389557	5636789
389558	5636791
389559	5636821
389560	5636831
389561	5636849
389562	5636893
389563	5636899
389564	5636923
389565	5636927
389566	5636929
389567	5636957
389568	5636959
389569	5636963
389570	5636971
389571	5636989
389572	5637007
389573	5637011
389574	5637019
389575	5637031
389576	5637041
389577	5637043
389578	5637059
389579	5637067
389580	5637101
389581	5637103
389582	5637109
389583	5637127
389584	5637143
389585	5637161
389586	5637169
389587	5637173
389588	5637221
389589	5637263
389590	5637271
389591	5637299
389592	5637301
389593	5637341
389594	5637347
389595	5637367
389596	5637383
389597	5637389
389598	5637407
389599	5637427
389600	5637439
389601	5637469
389602	5637473
389603	5637479
389604	5637481
389605	5637493
389606	5637521
389607	5637563
389608	5637587
389609	5637631
389610	5637637
389611	5637641
389612	5637647
389613	5637689
389614	5637707
389615	5637733
389616	5637743
389617	5637767
389618	5637811
389619	5637817
389620	5637823
389621	5637833
389622	5637839
389623	5637857
389624	5637871
389625	5637881
389626	5637893
389627	5637899
389628	5637913
389629	5637917
389630	5637953
389631	5637959
389632	5637997
389633	5638019
389634	5638021
389635	5638037
389636	5638043
389637	5638051
389638	5638057
389639	5638103
389640	5638111
389641	5638121
389642	5638133
389643	5638141
389644	5638147
389645	5638159
389646	5638163
389647	5638177
389648	5638183
389649	5638207
389650	5638219
389651	5638223
389652	5638229
389653	5638247
389654	5638253
389655	5638277
389656	5638313
389657	5638327
389658	5638349
389659	5638351
389660	5638357
389661	5638363
389662	5638379
389663	5638397
389664	5638411
389665	5638429
389666	5638433
389667	5638489
389668	5638517
389669	5638531
389670	5638537
389671	5638601
389672	5638603
389673	5638613
389674	5638631
389675	5638639
389676	5638643
389677	5638651
389678	5638663
389679	5638691
389680	5638709
389681	5638751
389682	5638753
389683	5638757
389684	5638769
389685	5638777
389686	5638799
389687	5638811
389688	5638817
389689	5638823
389690	5638859
389691	5638873
389692	5638939
389693	5638949
389694	5638957
389695	5638961
389696	5638967
389697	5639003
389698	5639009
389699	5639027
389700	5639069
389701	5639083
389702	5639167
389703	5639171
389704	5639173
389705	5639191
389706	5639197
389707	5639213
389708	5639243
389709	5639261
389710	5639273
389711	5639287
389712	5639297
389713	5639327
389714	5639357
389715	5639377
389716	5639399
389717	5639411
389718	5639453
389719	5639467
389720	5639479
389721	5639497
389722	5639507
389723	5639521
389724	5639527
389725	5639533
389726	5639549
389727	5639567
389728	5639581
389729	5639587
389730	5639593
389731	5639609
389732	5639611
389733	5639617
389734	5639693
389735	5639707
389736	5639723
389737	5639729
389738	5639741
389739	5639749
389740	5639759
389741	5639773
389742	5639797
389743	5639813
389744	5639831
389745	5639839
389746	5639857
389747	5639867
389748	5639927
389749	5639929
389750	5639939
389751	5639969
389752	5639981
389753	5639983
389754	5639989
389755	5640031
389756	5640043
389757	5640059
389758	5640067
389759	5640071
389760	5640079
389761	5640119
389762	5640149
389763	5640157
389764	5640163
389765	5640211
389766	5640251
389767	5640253
389768	5640281
389769	5640287
389770	5640293
389771	5640331
389772	5640337
389773	5640343
389774	5640347
389775	5640361
389776	5640367
389777	5640373
389778	5640377
389779	5640389
389780	5640403
389781	5640409
389782	5640449
389783	5640457
389784	5640461
389785	5640463
389786	5640527
389787	5640533
389788	5640541
389789	5640559
389790	5640599
389791	5640619
389792	5640623
389793	5640629
389794	5640643
389795	5640659
389796	5640671
389797	5640673
389798	5640683
389799	5640689
389800	5640709
389801	5640721
389802	5640743
389803	5640769
389804	5640779
389805	5640781
389806	5640823
389807	5640839
389808	5640857
389809	5640863
389810	5640871
389811	5640881
389812	5640883
389813	5640917
389814	5640919
389815	5640953
389816	5640961
389817	5640989
389818	5641019
389819	5641033
389820	5641061
389821	5641079
389822	5641121
389823	5641123
389824	5641133
389825	5641159
389826	5641169
389827	5641171
389828	5641189
389829	5641201
389830	5641217
389831	5641241
389832	5641243
389833	5641277
389834	5641291
389835	5641301
389836	5641303
389837	5641327
389838	5641343
389839	5641369
389840	5641379
389841	5641381
389842	5641387
389843	5641393
389844	5641421
389845	5641429
389846	5641453
389847	5641459
389848	5641529
389849	5641541
389850	5641547
389851	5641553
389852	5641577
389853	5641607
389854	5641633
389855	5641661
389856	5641679
389857	5641681
389858	5641687
389859	5641709
389860	5641711
389861	5641781
389862	5641787
389863	5641793
389864	5641819
389865	5641837
389866	5641843
389867	5641847
389868	5641859
389869	5641861
389870	5641897
389871	5641931
389872	5641939
389873	5641997
389874	5642017
389875	5642027
389876	5642033
389877	5642041
389878	5642053
389879	5642057
389880	5642059
389881	5642083
389882	5642099
389883	5642191
389884	5642227
389885	5642233
389886	5642239
389887	5642251
389888	5642261
389889	5642267
389890	5642281
389891	5642293
389892	5642309
389893	5642311
389894	5642321
389895	5642323
389896	5642359
389897	5642363
389898	5642369
389899	5642381
389900	5642387
389901	5642401
389902	5642407
389903	5642459
389904	5642477
389905	5642479
389906	5642489
389907	5642509
389908	5642513
389909	5642531
389910	5642591
389911	5642597
389912	5642599
389913	5642627
389914	5642629
389915	5642633
389916	5642641
389917	5642653
389918	5642669
389919	5642687
389920	5642699
389921	5642711
389922	5642717
389923	5642729
389924	5642743
389925	5642783
389926	5642801
389927	5642803
389928	5642839
389929	5642851
389930	5642863
389931	5642873
389932	5642909
389933	5642911
389934	5642947
389935	5642969
389936	5642977
389937	5642999
389938	5643041
389939	5643047
389940	5643059
389941	5643089
389942	5643091
389943	5643103
389944	5643109
389945	5643137
389946	5643161
389947	5643163
389948	5643181
389949	5643217
389950	5643221
389951	5643227
389952	5643241
389953	5643259
389954	5643263
389955	5643301
389956	5643307
389957	5643317
389958	5643329
389959	5643331
389960	5643347
389961	5643373
389962	5643383
389963	5643389
389964	5643413
389965	5643427
389966	5643479
389967	5643503
389968	5643509
389969	5643529
389970	5643553
389971	5643563
389972	5643569
389973	5643571
389974	5643587
389975	5643593
389976	5643601
389977	5643607
389978	5643613
389979	5643623
389980	5643641
389981	5643653
389982	5643667
389983	5643683
389984	5643709
389985	5643727
389986	5643733
389987	5643769
389988	5643787
389989	5643797
389990	5643821
389991	5643851
389992	5643857
389993	5643877
389994	5643919
389995	5643923
389996	5643961
389997	5643973
389998	5644021
389999	5644027
390000	5644031
