391001	5659781
391002	5659783
391003	5659813
391004	5659837
391005	5659847
391006	5659859
391007	5659873
391008	5659877
391009	5659879
391010	5659883
391011	5659897
391012	5659919
391013	5659921
391014	5659931
391015	5659937
391016	5659943
391017	5659957
391018	5659987
391019	5659993
391020	5660003
391021	5660033
391022	5660059
391023	5660071
391024	5660087
391025	5660101
391026	5660147
391027	5660153
391028	5660177
391029	5660189
391030	5660203
391031	5660209
391032	5660243
391033	5660273
391034	5660279
391035	5660293
391036	5660299
391037	5660327
391038	5660341
391039	5660359
391040	5660363
391041	5660381
391042	5660393
391043	5660411
391044	5660443
391045	5660449
391046	5660471
391047	5660491
391048	5660503
391049	5660513
391050	5660521
391051	5660527
391052	5660531
391053	5660561
391054	5660579
391055	5660581
391056	5660591
391057	5660623
391058	5660653
391059	5660657
391060	5660663
391061	5660717
391062	5660723
391063	5660731
391064	5660749
391065	5660761
391066	5660789
391067	5660797
391068	5660801
391069	5660807
391070	5660833
391071	5660843
391072	5660867
391073	5660869
391074	5660899
391075	5660923
391076	5660927
391077	5660929
391078	5660933
391079	5660951
391080	5660971
391081	5660987
391082	5660989
391083	5660999
391084	5661001
391085	5661041
391086	5661067
391087	5661083
391088	5661113
391089	5661121
391090	5661143
391091	5661163
391092	5661167
391093	5661169
391094	5661179
391095	5661191
391096	5661203
391097	5661209
391098	5661217
391099	5661247
391100	5661277
391101	5661281
391102	5661283
391103	5661287
391104	5661311
391105	5661317
391106	5661319
391107	5661343
391108	5661367
391109	5661389
391110	5661401
391111	5661419
391112	5661421
391113	5661451
391114	5661457
391115	5661497
391116	5661503
391117	5661517
391118	5661521
391119	5661529
391120	5661547
391121	5661559
391122	5661587
391123	5661589
391124	5661613
391125	5661631
391126	5661637
391127	5661647
391128	5661653
391129	5661659
391130	5661673
391131	5661683
391132	5661713
391133	5661727
391134	5661739
391135	5661743
391136	5661779
391137	5661781
391138	5661797
391139	5661811
391140	5661823
391141	5661839
391142	5661893
391143	5661899
391144	5661907
391145	5661911
391146	5661923
391147	5661941
391148	5661961
391149	5661973
391150	5661991
391151	5662039
391152	5662049
391153	5662051
391154	5662087
391155	5662093
391156	5662109
391157	5662121
391158	5662123
391159	5662159
391160	5662169
391161	5662201
391162	5662211
391163	5662229
391164	5662249
391165	5662253
391166	5662273
391167	5662277
391168	5662297
391169	5662313
391170	5662331
391171	5662351
391172	5662357
391173	5662373
391174	5662381
391175	5662409
391176	5662421
391177	5662451
391178	5662471
391179	5662477
391180	5662487
391181	5662499
391182	5662523
391183	5662529
391184	5662561
391185	5662567
391186	5662597
391187	5662609
391188	5662619
391189	5662637
391190	5662663
391191	5662681
391192	5662697
391193	5662729
391194	5662733
391195	5662757
391196	5662759
391197	5662781
391198	5662793
391199	5662823
391200	5662831
391201	5662843
391202	5662847
391203	5662849
391204	5662861
391205	5662873
391206	5662883
391207	5662897
391208	5662903
391209	5662913
391210	5662919
391211	5662927
391212	5662933
391213	5662963
391214	5662967
391215	5662973
391216	5663011
391217	5663017
391218	5663027
391219	5663039
391220	5663051
391221	5663059
391222	5663069
391223	5663071
391224	5663081
391225	5663089
391226	5663093
391227	5663101
391228	5663107
391229	5663123
391230	5663131
391231	5663153
391232	5663201
391233	5663219
391234	5663239
391235	5663263
391236	5663269
391237	5663293
391238	5663303
391239	5663321
391240	5663327
391241	5663347
391242	5663353
391243	5663369
391244	5663377
391245	5663389
391246	5663393
391247	5663407
391248	5663417
391249	5663419
391250	5663429
391251	5663459
391252	5663467
391253	5663477
391254	5663491
391255	5663503
391256	5663513
391257	5663519
391258	5663521
391259	5663549
391260	5663561
391261	5663569
391262	5663579
391263	5663591
391264	5663597
391265	5663611
391266	5663657
391267	5663689
391268	5663759
391269	5663783
391270	5663803
391271	5663807
391272	5663821
391273	5663887
391274	5663893
391275	5663897
391276	5663909
391277	5663929
391278	5663953
391279	5663969
391280	5663989
391281	5663993
391282	5664011
391283	5664013
391284	5664031
391285	5664053
391286	5664067
391287	5664083
391288	5664091
391289	5664101
391290	5664107
391291	5664151
391292	5664157
391293	5664173
391294	5664199
391295	5664203
391296	5664209
391297	5664257
391298	5664271
391299	5664287
391300	5664301
391301	5664311
391302	5664313
391303	5664359
391304	5664377
391305	5664397
391306	5664401
391307	5664419
391308	5664427
391309	5664431
391310	5664443
391311	5664467
391312	5664479
391313	5664493
391314	5664497
391315	5664499
391316	5664511
391317	5664523
391318	5664563
391319	5664611
391320	5664623
391321	5664629
391322	5664653
391323	5664671
391324	5664697
391325	5664707
391326	5664719
391327	5664731
391328	5664779
391329	5664797
391330	5664809
391331	5664817
391332	5664823
391333	5664829
391334	5664851
391335	5664931
391336	5664941
391337	5664943
391338	5664977
391339	5664979
391340	5664991
391341	5665013
391342	5665027
391343	5665039
391344	5665043
391345	5665069
391346	5665073
391347	5665081
391348	5665109
391349	5665123
391350	5665151
391351	5665159
391352	5665183
391353	5665189
391354	5665193
391355	5665213
391356	5665217
391357	5665243
391358	5665259
391359	5665273
391360	5665277
391361	5665313
391362	5665349
391363	5665351
391364	5665367
391365	5665381
391366	5665399
391367	5665417
391368	5665433
391369	5665441
391370	5665447
391371	5665459
391372	5665463
391373	5665483
391374	5665507
391375	5665519
391376	5665531
391377	5665537
391378	5665549
391379	5665559
391380	5665571
391381	5665579
391382	5665601
391383	5665609
391384	5665631
391385	5665661
391386	5665687
391387	5665691
391388	5665703
391389	5665733
391390	5665747
391391	5665783
391392	5665787
391393	5665789
391394	5665837
391395	5665853
391396	5665883
391397	5665903
391398	5665937
391399	5665949
391400	5665967
391401	5665969
391402	5665993
391403	5665997
391404	5666021
391405	5666051
391406	5666053
391407	5666093
391408	5666131
391409	5666189
391410	5666191
391411	5666197
391412	5666203
391413	5666209
391414	5666233
391415	5666249
391416	5666251
391417	5666261
391418	5666263
391419	5666267
391420	5666279
391421	5666317
391422	5666341
391423	5666347
391424	5666377
391425	5666383
391426	5666387
391427	5666393
391428	5666407
391429	5666417
391430	5666431
391431	5666443
391432	5666447
391433	5666467
391434	5666483
391435	5666489
391436	5666501
391437	5666519
391438	5666527
391439	5666539
391440	5666561
391441	5666599
391442	5666621
391443	5666623
391444	5666641
391445	5666677
391446	5666681
391447	5666701
391448	5666711
391449	5666737
391450	5666767
391451	5666777
391452	5666783
391453	5666789
391454	5666819
391455	5666821
391456	5666833
391457	5666849
391458	5666873
391459	5666887
391460	5666911
391461	5666939
391462	5666951
391463	5666953
391464	5666963
391465	5666971
391466	5666981
391467	5666987
391468	5667029
391469	5667047
391470	5667071
391471	5667089
391472	5667091
391473	5667097
391474	5667113
391475	5667133
391476	5667173
391477	5667197
391478	5667199
391479	5667217
391480	5667241
391481	5667247
391482	5667281
391483	5667283
391484	5667287
391485	5667293
391486	5667313
391487	5667317
391488	5667359
391489	5667367
391490	5667371
391491	5667373
391492	5667379
391493	5667421
391494	5667427
391495	5667437
391496	5667461
391497	5667503
391498	5667517
391499	5667523
391500	5667547
391501	5667593
391502	5667601
391503	5667611
391504	5667631
391505	5667667
391506	5667679
391507	5667689
391508	5667691
391509	5667703
391510	5667709
391511	5667737
391512	5667769
391513	5667773
391514	5667803
391515	5667841
391516	5667853
391517	5667863
391518	5667869
391519	5667901
391520	5667911
391521	5667917
391522	5667931
391523	5667941
391524	5667971
391525	5667973
391526	5667983
391527	5667989
391528	5667997
391529	5668027
391530	5668037
391531	5668049
391532	5668063
391533	5668073
391534	5668129
391535	5668139
391536	5668151
391537	5668163
391538	5668177
391539	5668211
391540	5668237
391541	5668241
391542	5668249
391543	5668279
391544	5668283
391545	5668301
391546	5668309
391547	5668339
391548	5668343
391549	5668357
391550	5668387
391551	5668433
391552	5668447
391553	5668451
391554	5668469
391555	5668471
391556	5668477
391557	5668483
391558	5668489
391559	5668493
391560	5668513
391561	5668519
391562	5668549
391563	5668571
391564	5668573
391565	5668577
391566	5668591
391567	5668609
391568	5668627
391569	5668639
391570	5668673
391571	5668681
391572	5668687
391573	5668699
391574	5668727
391575	5668757
391576	5668759
391577	5668771
391578	5668801
391579	5668813
391580	5668823
391581	5668829
391582	5668867
391583	5668903
391584	5668909
391585	5668919
391586	5668951
391587	5668963
391588	5668997
391589	5669021
391590	5669023
391591	5669051
391592	5669089
391593	5669099
391594	5669129
391595	5669159
391596	5669189
391597	5669203
391598	5669207
391599	5669221
391600	5669243
391601	5669263
391602	5669267
391603	5669273
391604	5669291
391605	5669309
391606	5669317
391607	5669327
391608	5669333
391609	5669371
391610	5669387
391611	5669423
391612	5669437
391613	5669441
391614	5669479
391615	5669501
391616	5669513
391617	5669537
391618	5669539
391619	5669561
391620	5669579
391621	5669611
391622	5669617
391623	5669623
391624	5669627
391625	5669639
391626	5669659
391627	5669663
391628	5669681
391629	5669693
391630	5669711
391631	5669717
391632	5669731
391633	5669749
391634	5669759
391635	5669773
391636	5669777
391637	5669791
391638	5669801
391639	5669803
391640	5669821
391641	5669827
391642	5669831
391643	5669861
391644	5669863
391645	5669879
391646	5669893
391647	5669903
391648	5669929
391649	5669933
391650	5669947
391651	5669953
391652	5669969
391653	5669971
391654	5669977
391655	5670031
391656	5670053
391657	5670059
391658	5670089
391659	5670097
391660	5670103
391661	5670149
391662	5670157
391663	5670173
391664	5670193
391665	5670199
391666	5670209
391667	5670229
391668	5670257
391669	5670263
391670	5670307
391671	5670323
391672	5670331
391673	5670337
391674	5670349
391675	5670359
391676	5670373
391677	5670391
391678	5670403
391679	5670419
391680	5670433
391681	5670439
391682	5670451
391683	5670461
391684	5670473
391685	5670479
391686	5670481
391687	5670487
391688	5670491
391689	5670527
391690	5670529
391691	5670547
391692	5670593
391693	5670611
391694	5670619
391695	5670641
391696	5670649
391697	5670653
391698	5670661
391699	5670671
391700	5670697
391701	5670701
391702	5670703
391703	5670757
391704	5670779
391705	5670787
391706	5670803
391707	5670823
391708	5670827
391709	5670829
391710	5670839
391711	5670851
391712	5670853
391713	5670869
391714	5670887
391715	5670937
391716	5670941
391717	5670961
391718	5670989
391719	5671019
391720	5671031
391721	5671033
391722	5671091
391723	5671093
391724	5671097
391725	5671111
391726	5671117
391727	5671147
391728	5671181
391729	5671199
391730	5671207
391731	5671213
391732	5671241
391733	5671261
391734	5671277
391735	5671279
391736	5671361
391737	5671381
391738	5671403
391739	5671411
391740	5671417
391741	5671427
391742	5671429
391743	5671451
391744	5671499
391745	5671507
391746	5671511
391747	5671513
391748	5671517
391749	5671553
391750	5671573
391751	5671579
391752	5671609
391753	5671613
391754	5671621
391755	5671649
391756	5671669
391757	5671681
391758	5671697
391759	5671717
391760	5671739
391761	5671741
391762	5671753
391763	5671763
391764	5671769
391765	5671789
391766	5671793
391767	5671801
391768	5671807
391769	5671811
391770	5671837
391771	5671859
391772	5671871
391773	5671877
391774	5671921
391775	5671927
391776	5671949
391777	5671957
391778	5671969
391779	5671979
391780	5671987
391781	5671993
391782	5672011
391783	5672021
391784	5672057
391785	5672071
391786	5672111
391787	5672123
391788	5672131
391789	5672141
391790	5672159
391791	5672167
391792	5672179
391793	5672189
391794	5672231
391795	5672239
391796	5672263
391797	5672267
391798	5672291
391799	5672299
391800	5672311
391801	5672321
391802	5672327
391803	5672333
391804	5672341
391805	5672351
391806	5672353
391807	5672363
391808	5672369
391809	5672377
391810	5672389
391811	5672399
391812	5672413
391813	5672423
391814	5672449
391815	5672453
391816	5672461
391817	5672501
391818	5672531
391819	5672533
391820	5672539
391821	5672549
391822	5672551
391823	5672561
391824	5672591
391825	5672599
391826	5672609
391827	5672627
391828	5672629
391829	5672633
391830	5672663
391831	5672669
391832	5672671
391833	5672677
391834	5672707
391835	5672731
391836	5672767
391837	5672809
391838	5672813
391839	5672827
391840	5672831
391841	5672833
391842	5672837
391843	5672857
391844	5672869
391845	5672873
391846	5672879
391847	5672923
391848	5672929
391849	5672959
391850	5672977
391851	5672983
391852	5672993
391853	5672999
391854	5673011
391855	5673013
391856	5673023
391857	5673029
391858	5673037
391859	5673043
391860	5673079
391861	5673089
391862	5673097
391863	5673149
391864	5673163
391865	5673179
391866	5673181
391867	5673233
391868	5673259
391869	5673281
391870	5673287
391871	5673319
391872	5673329
391873	5673361
391874	5673373
391875	5673383
391876	5673401
391877	5673407
391878	5673413
391879	5673431
391880	5673443
391881	5673449
391882	5673557
391883	5673587
391884	5673601
391885	5673623
391886	5673637
391887	5673643
391888	5673649
391889	5673653
391890	5673659
391891	5673673
391892	5673677
391893	5673683
391894	5673719
391895	5673727
391896	5673737
391897	5673739
391898	5673743
391899	5673757
391900	5673781
391901	5673827
391902	5673851
391903	5673883
391904	5673901
391905	5673907
391906	5673911
391907	5673929
391908	5673947
391909	5673953
391910	5673959
391911	5673973
391912	5673991
391913	5674033
391914	5674049
391915	5674091
391916	5674093
391917	5674117
391918	5674133
391919	5674177
391920	5674181
391921	5674183
391922	5674199
391923	5674219
391924	5674223
391925	5674231
391926	5674241
391927	5674247
391928	5674259
391929	5674267
391930	5674289
391931	5674309
391932	5674337
391933	5674351
391934	5674381
391935	5674411
391936	5674421
391937	5674439
391938	5674453
391939	5674463
391940	5674489
391941	5674507
391942	5674511
391943	5674547
391944	5674589
391945	5674601
391946	5674607
391947	5674621
391948	5674631
391949	5674661
391950	5674663
391951	5674693
391952	5674703
391953	5674717
391954	5674723
391955	5674759
391956	5674783
391957	5674819
391958	5674831
391959	5674847
391960	5674873
391961	5674897
391962	5674909
391963	5674913
391964	5674927
391965	5674931
391966	5674937
391967	5674961
391968	5674969
391969	5674987
391970	5674993
391971	5675017
391972	5675027
391973	5675029
391974	5675063
391975	5675069
391976	5675071
391977	5675083
391978	5675107
391979	5675119
391980	5675141
391981	5675143
391982	5675147
391983	5675149
391984	5675177
391985	5675191
391986	5675207
391987	5675221
391988	5675233
391989	5675237
391990	5675279
391991	5675287
391992	5675311
391993	5675317
391994	5675333
391995	5675339
391996	5675347
391997	5675359
391998	5675363
391999	5675377
392000	5675381
