392001	5675389
392002	5675401
392003	5675407
392004	5675419
392005	5675429
392006	5675443
392007	5675447
392008	5675473
392009	5675489
392010	5675491
392011	5675513
392012	5675519
392013	5675539
392014	5675543
392015	5675557
392016	5675563
392017	5675587
392018	5675591
392019	5675599
392020	5675633
392021	5675639
392022	5675653
392023	5675711
392024	5675713
392025	5675723
392026	5675729
392027	5675731
392028	5675749
392029	5675801
392030	5675827
392031	5675833
392032	5675843
392033	5675849
392034	5675869
392035	5675881
392036	5675893
392037	5675903
392038	5675933
392039	5675959
392040	5675981
392041	5675983
392042	5675987
392043	5675993
392044	5676001
392045	5676017
392046	5676031
392047	5676037
392048	5676053
392049	5676067
392050	5676089
392051	5676107
392052	5676109
392053	5676127
392054	5676137
392055	5676157
392056	5676179
392057	5676191
392058	5676211
392059	5676217
392060	5676271
392061	5676277
392062	5676313
392063	5676367
392064	5676371
392065	5676401
392066	5676403
392067	5676427
392068	5676439
392069	5676467
392070	5676493
392071	5676499
392072	5676523
392073	5676551
392074	5676557
392075	5676563
392076	5676569
392077	5676571
392078	5676617
392079	5676641
392080	5676647
392081	5676659
392082	5676661
392083	5676667
392084	5676679
392085	5676719
392086	5676733
392087	5676739
392088	5676757
392089	5676761
392090	5676767
392091	5676787
392092	5676823
392093	5676833
392094	5676841
392095	5676851
392096	5676857
392097	5676863
392098	5676887
392099	5676889
392100	5676893
392101	5676917
392102	5676919
392103	5676941
392104	5676943
392105	5676961
392106	5676973
392107	5677003
392108	5677013
392109	5677037
392110	5677057
392111	5677073
392112	5677079
392113	5677081
392114	5677097
392115	5677121
392116	5677129
392117	5677163
392118	5677187
392119	5677193
392120	5677207
392121	5677211
392122	5677213
392123	5677223
392124	5677249
392125	5677253
392126	5677261
392127	5677279
392128	5677289
392129	5677327
392130	5677339
392131	5677349
392132	5677363
392133	5677367
392134	5677403
392135	5677423
392136	5677457
392137	5677489
392138	5677517
392139	5677537
392140	5677543
392141	5677549
392142	5677559
392143	5677571
392144	5677583
392145	5677589
392146	5677601
392147	5677603
392148	5677621
392149	5677663
392150	5677667
392151	5677673
392152	5677699
392153	5677703
392154	5677709
392155	5677723
392156	5677729
392157	5677739
392158	5677753
392159	5677801
392160	5677807
392161	5677817
392162	5677843
392163	5677853
392164	5677873
392165	5677891
392166	5677897
392167	5677913
392168	5677937
392169	5677957
392170	5677963
392171	5677981
392172	5677993
392173	5678003
392174	5678039
392175	5678041
392176	5678069
392177	5678077
392178	5678129
392179	5678143
392180	5678149
392181	5678173
392182	5678191
392183	5678203
392184	5678209
392185	5678227
392186	5678243
392187	5678269
392188	5678273
392189	5678293
392190	5678327
392191	5678329
392192	5678339
392193	5678341
392194	5678347
392195	5678411
392196	5678419
392197	5678423
392198	5678437
392199	5678471
392200	5678483
392201	5678489
392202	5678507
392203	5678521
392204	5678531
392205	5678581
392206	5678593
392207	5678609
392208	5678627
392209	5678641
392210	5678669
392211	5678713
392212	5678737
392213	5678767
392214	5678773
392215	5678779
392216	5678789
392217	5678807
392218	5678821
392219	5678831
392220	5678839
392221	5678843
392222	5678851
392223	5678873
392224	5678899
392225	5678903
392226	5678923
392227	5678941
392228	5678947
392229	5678957
392230	5678989
392231	5678993
392232	5679013
392233	5679017
392234	5679029
392235	5679031
392236	5679101
392237	5679103
392238	5679127
392239	5679131
392240	5679143
392241	5679199
392242	5679211
392243	5679217
392244	5679221
392245	5679251
392246	5679259
392247	5679263
392248	5679269
392249	5679299
392250	5679319
392251	5679337
392252	5679341
392253	5679371
392254	5679383
392255	5679391
392256	5679407
392257	5679419
392258	5679431
392259	5679449
392260	5679451
392261	5679467
392262	5679481
392263	5679511
392264	5679521
392265	5679539
392266	5679559
392267	5679571
392268	5679577
392269	5679589
392270	5679593
392271	5679601
392272	5679617
392273	5679623
392274	5679637
392275	5679673
392276	5679677
392277	5679691
392278	5679701
392279	5679721
392280	5679749
392281	5679769
392282	5679829
392283	5679847
392284	5679899
392285	5679923
392286	5679941
392287	5679943
392288	5679953
392289	5679967
392290	5679977
392291	5679979
392292	5679983
392293	5680001
392294	5680007
392295	5680009
392296	5680019
392297	5680049
392298	5680067
392299	5680079
392300	5680097
392301	5680111
392302	5680133
392303	5680151
392304	5680153
392305	5680163
392306	5680177
392307	5680187
392308	5680189
392309	5680211
392310	5680229
392311	5680231
392312	5680237
392313	5680243
392314	5680249
392315	5680253
392316	5680289
392317	5680319
392318	5680357
392319	5680361
392320	5680369
392321	5680393
392322	5680403
392323	5680453
392324	5680459
392325	5680483
392326	5680489
392327	5680501
392328	5680559
392329	5680613
392330	5680621
392331	5680627
392332	5680643
392333	5680667
392334	5680679
392335	5680681
392336	5680691
392337	5680709
392338	5680733
392339	5680739
392340	5680751
392341	5680783
392342	5680789
392343	5680799
392344	5680813
392345	5680823
392346	5680841
392347	5680847
392348	5680861
392349	5680877
392350	5680891
392351	5680901
392352	5680921
392353	5680963
392354	5681003
392355	5681033
392356	5681059
392357	5681089
392358	5681119
392359	5681141
392360	5681167
392361	5681177
392362	5681191
392363	5681201
392364	5681227
392365	5681231
392366	5681237
392367	5681243
392368	5681279
392369	5681293
392370	5681297
392371	5681309
392372	5681311
392373	5681317
392374	5681327
392375	5681369
392376	5681381
392377	5681413
392378	5681447
392379	5681449
392380	5681453
392381	5681471
392382	5681497
392383	5681503
392384	5681509
392385	5681521
392386	5681531
392387	5681561
392388	5681567
392389	5681579
392390	5681603
392391	5681617
392392	5681623
392393	5681629
392394	5681647
392395	5681693
392396	5681699
392397	5681707
392398	5681717
392399	5681729
392400	5681737
392401	5681743
392402	5681761
392403	5681777
392404	5681803
392405	5681861
392406	5681869
392407	5681899
392408	5681911
392409	5681933
392410	5681939
392411	5681947
392412	5681981
392413	5681983
392414	5682011
392415	5682023
392416	5682031
392417	5682041
392418	5682049
392419	5682073
392420	5682091
392421	5682109
392422	5682119
392423	5682137
392424	5682143
392425	5682151
392426	5682161
392427	5682167
392428	5682217
392429	5682221
392430	5682223
392431	5682239
392432	5682251
392433	5682293
392434	5682319
392435	5682329
392436	5682353
392437	5682371
392438	5682373
392439	5682379
392440	5682401
392441	5682409
392442	5682419
392443	5682451
392444	5682461
392445	5682503
392446	5682529
392447	5682553
392448	5682569
392449	5682581
392450	5682631
392451	5682643
392452	5682647
392453	5682659
392454	5682661
392455	5682667
392456	5682671
392457	5682673
392458	5682689
392459	5682697
392460	5682701
392461	5682731
392462	5682763
392463	5682773
392464	5682779
392465	5682791
392466	5682797
392467	5682829
392468	5682839
392469	5682841
392470	5682851
392471	5682893
392472	5682899
392473	5682907
392474	5682931
392475	5682953
392476	5682961
392477	5682973
392478	5682979
392479	5682983
392480	5682997
392481	5683003
392482	5683037
392483	5683061
392484	5683063
392485	5683081
392486	5683087
392487	5683121
392488	5683127
392489	5683129
392490	5683189
392491	5683213
392492	5683283
392493	5683289
392494	5683291
392495	5683303
392496	5683313
392497	5683319
392498	5683343
392499	5683351
392500	5683357
392501	5683361
392502	5683367
392503	5683387
392504	5683421
392505	5683427
392506	5683453
392507	5683463
392508	5683471
392509	5683481
392510	5683487
392511	5683499
392512	5683501
392513	5683537
392514	5683547
392515	5683549
392516	5683577
392517	5683583
392518	5683609
392519	5683619
392520	5683637
392521	5683651
392522	5683673
392523	5683687
392524	5683703
392525	5683721
392526	5683751
392527	5683753
392528	5683771
392529	5683781
392530	5683801
392531	5683817
392532	5683823
392533	5683841
392534	5683859
392535	5683889
392536	5683901
392537	5683949
392538	5683957
392539	5683961
392540	5683963
392541	5683981
392542	5683987
392543	5684011
392544	5684017
392545	5684033
392546	5684057
392547	5684071
392548	5684083
392549	5684099
392550	5684101
392551	5684111
392552	5684113
392553	5684123
392554	5684131
392555	5684141
392556	5684149
392557	5684167
392558	5684183
392559	5684209
392560	5684233
392561	5684257
392562	5684269
392563	5684279
392564	5684311
392565	5684323
392566	5684353
392567	5684383
392568	5684387
392569	5684389
392570	5684411
392571	5684417
392572	5684423
392573	5684431
392574	5684449
392575	5684479
392576	5684489
392577	5684521
392578	5684533
392579	5684537
392580	5684561
392581	5684593
392582	5684617
392583	5684633
392584	5684639
392585	5684641
392586	5684659
392587	5684663
392588	5684669
392589	5684671
392590	5684699
392591	5684713
392592	5684737
392593	5684741
392594	5684747
392595	5684759
392596	5684771
392597	5684837
392598	5684839
392599	5684849
392600	5684863
392601	5684867
392602	5684881
392603	5684891
392604	5684909
392605	5684927
392606	5684929
392607	5684941
392608	5684947
392609	5684963
392610	5684969
392611	5684981
392612	5684983
392613	5685023
392614	5685037
392615	5685049
392616	5685061
392617	5685067
392618	5685083
392619	5685103
392620	5685137
392621	5685149
392622	5685179
392623	5685203
392624	5685221
392625	5685227
392626	5685241
392627	5685283
392628	5685287
392629	5685311
392630	5685319
392631	5685341
392632	5685343
392633	5685349
392634	5685371
392635	5685373
392636	5685377
392637	5685397
392638	5685403
392639	5685413
392640	5685451
392641	5685481
392642	5685487
392643	5685499
392644	5685523
392645	5685529
392646	5685539
392647	5685557
392648	5685569
392649	5685601
392650	5685607
392651	5685613
392652	5685619
392653	5685643
392654	5685649
392655	5685661
392656	5685677
392657	5685683
392658	5685689
392659	5685697
392660	5685733
392661	5685739
392662	5685763
392663	5685773
392664	5685781
392665	5685791
392666	5685809
392667	5685829
392668	5685833
392669	5685857
392670	5685859
392671	5685863
392672	5685877
392673	5685887
392674	5685961
392675	5685971
392676	5686033
392677	5686063
392678	5686067
392679	5686091
392680	5686099
392681	5686127
392682	5686133
392683	5686139
392684	5686141
392685	5686147
392686	5686151
392687	5686157
392688	5686159
392689	5686169
392690	5686181
392691	5686193
392692	5686217
392693	5686229
392694	5686253
392695	5686259
392696	5686297
392697	5686309
392698	5686333
392699	5686397
392700	5686399
392701	5686403
392702	5686411
392703	5686427
392704	5686433
392705	5686441
392706	5686487
392707	5686501
392708	5686507
392709	5686519
392710	5686531
392711	5686537
392712	5686573
392713	5686591
392714	5686601
392715	5686607
392716	5686613
392717	5686631
392718	5686633
392719	5686649
392720	5686669
392721	5686673
392722	5686691
392723	5686693
392724	5686711
392725	5686717
392726	5686739
392727	5686763
392728	5686777
392729	5686783
392730	5686817
392731	5686829
392732	5686843
392733	5686853
392734	5686861
392735	5686867
392736	5686873
392737	5686921
392738	5686931
392739	5686949
392740	5686963
392741	5686979
392742	5686991
392743	5686997
392744	5686999
392745	5687021
392746	5687053
392747	5687063
392748	5687081
392749	5687089
392750	5687093
392751	5687107
392752	5687111
392753	5687119
392754	5687179
392755	5687191
392756	5687237
392757	5687239
392758	5687249
392759	5687261
392760	5687267
392761	5687273
392762	5687303
392763	5687317
392764	5687369
392765	5687387
392766	5687389
392767	5687413
392768	5687419
392769	5687431
392770	5687449
392771	5687453
392772	5687459
392773	5687471
392774	5687491
392775	5687497
392776	5687501
392777	5687531
392778	5687551
392779	5687599
392780	5687609
392781	5687651
392782	5687657
392783	5687687
392784	5687699
392785	5687711
392786	5687743
392787	5687761
392788	5687767
392789	5687771
392790	5687791
392791	5687813
392792	5687827
392793	5687833
392794	5687837
392795	5687839
392796	5687861
392797	5687863
392798	5687867
392799	5687873
392800	5687887
392801	5687917
392802	5687951
392803	5687959
392804	5687977
392805	5687993
392806	5687999
392807	5688037
392808	5688041
392809	5688043
392810	5688071
392811	5688077
392812	5688091
392813	5688127
392814	5688139
392815	5688143
392816	5688167
392817	5688191
392818	5688247
392819	5688259
392820	5688281
392821	5688313
392822	5688317
392823	5688329
392824	5688359
392825	5688401
392826	5688409
392827	5688443
392828	5688461
392829	5688479
392830	5688493
392831	5688497
392832	5688499
392833	5688503
392834	5688509
392835	5688511
392836	5688517
392837	5688539
392838	5688541
392839	5688547
392840	5688559
392841	5688569
392842	5688577
392843	5688607
392844	5688653
392845	5688667
392846	5688679
392847	5688689
392848	5688701
392849	5688719
392850	5688743
392851	5688757
392852	5688773
392853	5688803
392854	5688811
392855	5688821
392856	5688827
392857	5688871
392858	5688883
392859	5688887
392860	5688899
392861	5688911
392862	5688913
392863	5688919
392864	5688929
392865	5688941
392866	5688971
392867	5688979
392868	5688983
392869	5688989
392870	5688997
392871	5689007
392872	5689039
392873	5689087
392874	5689091
392875	5689097
392876	5689111
392877	5689121
392878	5689127
392879	5689129
392880	5689139
392881	5689141
392882	5689153
392883	5689183
392884	5689207
392885	5689241
392886	5689247
392887	5689289
392888	5689309
392889	5689351
392890	5689361
392891	5689363
392892	5689367
392893	5689381
392894	5689403
392895	5689457
392896	5689483
392897	5689499
392898	5689507
392899	5689513
392900	5689517
392901	5689549
392902	5689591
392903	5689613
392904	5689637
392905	5689639
392906	5689643
392907	5689657
392908	5689661
392909	5689703
392910	5689741
392911	5689753
392912	5689757
392913	5689787
392914	5689793
392915	5689799
392916	5689811
392917	5689813
392918	5689819
392919	5689843
392920	5689847
392921	5689861
392922	5689877
392923	5689891
392924	5689933
392925	5689967
392926	5689973
392927	5689991
392928	5690023
392929	5690051
392930	5690057
392931	5690059
392932	5690071
392933	5690077
392934	5690099
392935	5690129
392936	5690159
392937	5690171
392938	5690197
392939	5690203
392940	5690207
392941	5690213
392942	5690249
392943	5690261
392944	5690273
392945	5690297
392946	5690299
392947	5690303
392948	5690317
392949	5690323
392950	5690339
392951	5690357
392952	5690371
392953	5690381
392954	5690383
392955	5690413
392956	5690429
392957	5690471
392958	5690473
392959	5690483
392960	5690497
392961	5690501
392962	5690527
392963	5690533
392964	5690537
392965	5690539
392966	5690543
392967	5690551
392968	5690561
392969	5690593
392970	5690599
392971	5690611
392972	5690617
392973	5690621
392974	5690623
392975	5690627
392976	5690651
392977	5690669
392978	5690687
392979	5690689
392980	5690693
392981	5690717
392982	5690719
392983	5690723
392984	5690731
392985	5690753
392986	5690761
392987	5690777
392988	5690791
392989	5690813
392990	5690827
392991	5690833
392992	5690837
392993	5690851
392994	5690857
392995	5690891
392996	5690897
392997	5690911
392998	5690917
392999	5690929
393000	5690941
