394001	5706083
394002	5706121
394003	5706131
394004	5706163
394005	5706193
394006	5706221
394007	5706269
394008	5706287
394009	5706299
394010	5706307
394011	5706313
394012	5706319
394013	5706329
394014	5706331
394015	5706343
394016	5706353
394017	5706377
394018	5706383
394019	5706391
394020	5706397
394021	5706409
394022	5706419
394023	5706427
394024	5706443
394025	5706469
394026	5706497
394027	5706529
394028	5706541
394029	5706581
394030	5706583
394031	5706619
394032	5706637
394033	5706641
394034	5706643
394035	5706647
394036	5706653
394037	5706661
394038	5706671
394039	5706677
394040	5706683
394041	5706689
394042	5706709
394043	5706721
394044	5706731
394045	5706773
394046	5706791
394047	5706797
394048	5706853
394049	5706863
394050	5706887
394051	5706901
394052	5706907
394053	5706919
394054	5706931
394055	5706937
394056	5706949
394057	5706959
394058	5706971
394059	5706979
394060	5707001
394061	5707027
394062	5707033
394063	5707043
394064	5707061
394065	5707073
394066	5707133
394067	5707157
394068	5707183
394069	5707231
394070	5707237
394071	5707249
394072	5707259
394073	5707279
394074	5707301
394075	5707307
394076	5707309
394077	5707319
394078	5707357
394079	5707397
394080	5707399
394081	5707447
394082	5707451
394083	5707453
394084	5707459
394085	5707463
394086	5707469
394087	5707501
394088	5707523
394089	5707547
394090	5707549
394091	5707553
394092	5707571
394093	5707573
394094	5707591
394095	5707607
394096	5707613
394097	5707679
394098	5707711
394099	5707721
394100	5707747
394101	5707753
394102	5707759
394103	5707763
394104	5707781
394105	5707811
394106	5707817
394107	5707843
394108	5707853
394109	5707861
394110	5707883
394111	5707901
394112	5707907
394113	5707921
394114	5707939
394115	5707963
394116	5707967
394117	5707997
394118	5708011
394119	5708029
394120	5708033
394121	5708057
394122	5708069
394123	5708077
394124	5708081
394125	5708083
394126	5708093
394127	5708161
394128	5708167
394129	5708173
394130	5708179
394131	5708203
394132	5708231
394133	5708233
394134	5708237
394135	5708251
394136	5708279
394137	5708357
394138	5708359
394139	5708377
394140	5708383
394141	5708399
394142	5708401
394143	5708429
394144	5708431
394145	5708453
394146	5708473
394147	5708501
394148	5708533
394149	5708539
394150	5708543
394151	5708579
394152	5708603
394153	5708609
394154	5708627
394155	5708639
394156	5708641
394157	5708671
394158	5708687
394159	5708701
394160	5708707
394161	5708711
394162	5708779
394163	5708783
394164	5708803
394165	5708831
394166	5708839
394167	5708861
394168	5708887
394169	5708891
394170	5708893
394171	5708903
394172	5708909
394173	5708933
394174	5708939
394175	5708953
394176	5708971
394177	5708977
394178	5708999
394179	5709007
394180	5709013
394181	5709019
394182	5709029
394183	5709061
394184	5709071
394185	5709073
394186	5709089
394187	5709091
394188	5709097
394189	5709103
394190	5709149
394191	5709163
394192	5709169
394193	5709217
394194	5709269
394195	5709281
394196	5709287
394197	5709289
394198	5709293
394199	5709299
394200	5709307
394201	5709349
394202	5709377
394203	5709397
394204	5709421
394205	5709437
394206	5709479
394207	5709493
394208	5709523
394209	5709527
394210	5709533
394211	5709541
394212	5709547
394213	5709559
394214	5709593
394215	5709601
394216	5709623
394217	5709629
394218	5709643
394219	5709647
394220	5709659
394221	5709667
394222	5709677
394223	5709679
394224	5709689
394225	5709719
394226	5709721
394227	5709751
394228	5709757
394229	5709779
394230	5709787
394231	5709799
394232	5709811
394233	5709817
394234	5709857
394235	5709863
394236	5709887
394237	5709901
394238	5709917
394239	5709923
394240	5709929
394241	5709953
394242	5710021
394243	5710031
394244	5710037
394245	5710039
394246	5710043
394247	5710087
394248	5710097
394249	5710109
394250	5710123
394251	5710139
394252	5710163
394253	5710189
394254	5710207
394255	5710219
394256	5710223
394257	5710261
394258	5710333
394259	5710337
394260	5710349
394261	5710363
394262	5710373
394263	5710387
394264	5710391
394265	5710399
394266	5710403
394267	5710409
394268	5710429
394269	5710457
394270	5710493
394271	5710511
394272	5710513
394273	5710517
394274	5710531
394275	5710567
394276	5710631
394277	5710667
394278	5710699
394279	5710711
394280	5710721
394281	5710729
394282	5710741
394283	5710751
394284	5710753
394285	5710769
394286	5710781
394287	5710799
394288	5710801
394289	5710813
394290	5710819
394291	5710823
394292	5710841
394293	5710847
394294	5710853
394295	5710871
394296	5710897
394297	5710919
394298	5710927
394299	5710933
394300	5710937
394301	5710961
394302	5710973
394303	5710979
394304	5710993
394305	5711029
394306	5711051
394307	5711071
394308	5711081
394309	5711087
394310	5711089
394311	5711113
394312	5711149
394313	5711171
394314	5711179
394315	5711197
394316	5711203
394317	5711213
394318	5711257
394319	5711261
394320	5711287
394321	5711297
394322	5711323
394323	5711327
394324	5711351
394325	5711399
394326	5711401
394327	5711411
394328	5711413
394329	5711417
394330	5711437
394331	5711467
394332	5711477
394333	5711483
394334	5711501
394335	5711509
394336	5711527
394337	5711539
394338	5711543
394339	5711551
394340	5711557
394341	5711591
394342	5711597
394343	5711603
394344	5711623
394345	5711627
394346	5711663
394347	5711681
394348	5711747
394349	5711759
394350	5711773
394351	5711777
394352	5711807
394353	5711809
394354	5711821
394355	5711831
394356	5711851
394357	5711891
394358	5711899
394359	5711903
394360	5711911
394361	5711917
394362	5711921
394363	5711933
394364	5711939
394365	5711963
394366	5711971
394367	5711987
394368	5712011
394369	5712013
394370	5712041
394371	5712059
394372	5712061
394373	5712121
394374	5712139
394375	5712149
394376	5712151
394377	5712167
394378	5712169
394379	5712173
394380	5712193
394381	5712199
394382	5712209
394383	5712229
394384	5712241
394385	5712247
394386	5712271
394387	5712283
394388	5712299
394389	5712313
394390	5712337
394391	5712341
394392	5712347
394393	5712359
394394	5712361
394395	5712367
394396	5712373
394397	5712383
394398	5712389
394399	5712431
394400	5712451
394401	5712457
394402	5712479
394403	5712491
394404	5712523
394405	5712529
394406	5712583
394407	5712601
394408	5712611
394409	5712613
394410	5712617
394411	5712631
394412	5712647
394413	5712659
394414	5712677
394415	5712683
394416	5712703
394417	5712713
394418	5712719
394419	5712737
394420	5712743
394421	5712757
394422	5712769
394423	5712823
394424	5712829
394425	5712859
394426	5712869
394427	5712887
394428	5712893
394429	5712919
394430	5712929
394431	5712943
394432	5712953
394433	5712961
394434	5712983
394435	5712989
394436	5713007
394437	5713013
394438	5713049
394439	5713061
394440	5713067
394441	5713069
394442	5713093
394443	5713117
394444	5713121
394445	5713151
394446	5713153
394447	5713159
394448	5713163
394449	5713171
394450	5713181
394451	5713217
394452	5713219
394453	5713229
394454	5713231
394455	5713249
394456	5713259
394457	5713283
394458	5713289
394459	5713297
394460	5713327
394461	5713333
394462	5713369
394463	5713399
394464	5713403
394465	5713427
394466	5713439
394467	5713447
394468	5713457
394469	5713459
394470	5713481
394471	5713507
394472	5713511
394473	5713529
394474	5713531
394475	5713537
394476	5713541
394477	5713549
394478	5713553
394479	5713597
394480	5713601
394481	5713607
394482	5713613
394483	5713633
394484	5713663
394485	5713681
394486	5713709
394487	5713723
394488	5713733
394489	5713739
394490	5713753
394491	5713759
394492	5713769
394493	5713777
394494	5713781
394495	5713787
394496	5713789
394497	5713811
394498	5713843
394499	5713847
394500	5713891
394501	5713901
394502	5713909
394503	5713919
394504	5713933
394505	5713937
394506	5713943
394507	5713949
394508	5713963
394509	5713993
394510	5714029
394511	5714063
394512	5714069
394513	5714077
394514	5714081
394515	5714083
394516	5714087
394517	5714099
394518	5714101
394519	5714123
394520	5714153
394521	5714167
394522	5714171
394523	5714197
394524	5714207
394525	5714249
394526	5714309
394527	5714311
394528	5714321
394529	5714339
394530	5714347
394531	5714353
394532	5714369
394533	5714377
394534	5714389
394535	5714393
394536	5714411
394537	5714417
394538	5714453
394539	5714461
394540	5714483
394541	5714491
394542	5714503
394543	5714507
394544	5714519
394545	5714521
394546	5714531
394547	5714581
394548	5714587
394549	5714591
394550	5714609
394551	5714627
394552	5714641
394553	5714647
394554	5714671
394555	5714689
394556	5714699
394557	5714701
394558	5714747
394559	5714759
394560	5714783
394561	5714803
394562	5714837
394563	5714843
394564	5714851
394565	5714857
394566	5714869
394567	5714893
394568	5714959
394569	5714963
394570	5714987
394571	5715011
394572	5715023
394573	5715037
394574	5715041
394575	5715049
394576	5715053
394577	5715071
394578	5715089
394579	5715091
394580	5715121
394581	5715133
394582	5715163
394583	5715169
394584	5715187
394585	5715209
394586	5715211
394587	5715217
394588	5715221
394589	5715239
394590	5715251
394591	5715299
394592	5715319
394593	5715323
394594	5715329
394595	5715343
394596	5715373
394597	5715379
394598	5715403
394599	5715433
394600	5715449
394601	5715461
394602	5715469
394603	5715473
394604	5715481
394605	5715487
394606	5715497
394607	5715499
394608	5715527
394609	5715547
394610	5715557
394611	5715583
394612	5715601
394613	5715617
394614	5715631
394615	5715641
394616	5715643
394617	5715673
394618	5715683
394619	5715701
394620	5715719
394621	5715727
394622	5715733
394623	5715737
394624	5715739
394625	5715763
394626	5715767
394627	5715793
394628	5715817
394629	5715823
394630	5715839
394631	5715841
394632	5715863
394633	5715901
394634	5715949
394635	5715989
394636	5715991
394637	5716003
394638	5716013
394639	5716021
394640	5716031
394641	5716037
394642	5716043
394643	5716049
394644	5716091
394645	5716133
394646	5716141
394647	5716147
394648	5716153
394649	5716157
394650	5716171
394651	5716181
394652	5716211
394653	5716223
394654	5716231
394655	5716253
394656	5716273
394657	5716289
394658	5716303
394659	5716309
394660	5716327
394661	5716363
394662	5716367
394663	5716379
394664	5716387
394665	5716391
394666	5716409
394667	5716429
394668	5716433
394669	5716441
394670	5716453
394671	5716483
394672	5716517
394673	5716553
394674	5716561
394675	5716583
394676	5716591
394677	5716597
394678	5716619
394679	5716621
394680	5716631
394681	5716639
394682	5716649
394683	5716681
394684	5716691
394685	5716693
394686	5716699
394687	5716717
394688	5716727
394689	5716729
394690	5716757
394691	5716771
394692	5716787
394693	5716801
394694	5716813
394695	5716819
394696	5716829
394697	5716847
394698	5716871
394699	5716897
394700	5716901
394701	5716937
394702	5716943
394703	5716961
394704	5716987
394705	5717021
394706	5717029
394707	5717053
394708	5717059
394709	5717069
394710	5717077
394711	5717111
394712	5717143
394713	5717149
394714	5717161
394715	5717183
394716	5717189
394717	5717191
394718	5717207
394719	5717213
394720	5717227
394721	5717249
394722	5717251
394723	5717281
394724	5717291
394725	5717293
394726	5717297
394727	5717303
394728	5717329
394729	5717339
394730	5717353
394731	5717399
394732	5717401
394733	5717419
394734	5717431
394735	5717441
394736	5717447
394737	5717489
394738	5717521
394739	5717533
394740	5717549
394741	5717563
394742	5717567
394743	5717599
394744	5717603
394745	5717623
394746	5717629
394747	5717641
394748	5717653
394749	5717681
394750	5717683
394751	5717707
394752	5717741
394753	5717743
394754	5717771
394755	5717773
394756	5717809
394757	5717827
394758	5717837
394759	5717849
394760	5717851
394761	5717861
394762	5717863
394763	5717891
394764	5717893
394765	5717897
394766	5717909
394767	5717927
394768	5717939
394769	5717947
394770	5717951
394771	5717963
394772	5717977
394773	5718023
394774	5718029
394775	5718047
394776	5718059
394777	5718061
394778	5718071
394779	5718073
394780	5718101
394781	5718109
394782	5718113
394783	5718121
394784	5718131
394785	5718149
394786	5718151
394787	5718157
394788	5718179
394789	5718211
394790	5718217
394791	5718233
394792	5718241
394793	5718253
394794	5718263
394795	5718277
394796	5718287
394797	5718289
394798	5718301
394799	5718343
394800	5718367
394801	5718379
394802	5718403
394803	5718407
394804	5718413
394805	5718431
394806	5718437
394807	5718439
394808	5718469
394809	5718497
394810	5718499
394811	5718523
394812	5718551
394813	5718569
394814	5718577
394815	5718589
394816	5718593
394817	5718623
394818	5718641
394819	5718649
394820	5718659
394821	5718667
394822	5718673
394823	5718679
394824	5718701
394825	5718703
394826	5718709
394827	5718737
394828	5718763
394829	5718767
394830	5718773
394831	5718793
394832	5718799
394833	5718809
394834	5718827
394835	5718847
394836	5718863
394837	5718899
394838	5718901
394839	5718959
394840	5718971
394841	5718983
394842	5718989
394843	5718991
394844	5719001
394845	5719009
394846	5719013
394847	5719033
394848	5719069
394849	5719073
394850	5719079
394851	5719081
394852	5719099
394853	5719117
394854	5719151
394855	5719163
394856	5719183
394857	5719199
394858	5719211
394859	5719223
394860	5719237
394861	5719243
394862	5719253
394863	5719261
394864	5719267
394865	5719277
394866	5719279
394867	5719291
394868	5719297
394869	5719303
394870	5719333
394871	5719367
394872	5719369
394873	5719381
394874	5719391
394875	5719397
394876	5719403
394877	5719453
394878	5719457
394879	5719481
394880	5719499
394881	5719523
394882	5719561
394883	5719603
394884	5719607
394885	5719619
394886	5719621
394887	5719657
394888	5719661
394889	5719673
394890	5719687
394891	5719691
394892	5719697
394893	5719771
394894	5719783
394895	5719807
394896	5719823
394897	5719829
394898	5719843
394899	5719849
394900	5719859
394901	5719897
394902	5719913
394903	5719921
394904	5719937
394905	5719943
394906	5719949
394907	5719957
394908	5719963
394909	5720017
394910	5720053
394911	5720063
394912	5720087
394913	5720093
394914	5720101
394915	5720107
394916	5720129
394917	5720137
394918	5720147
394919	5720171
394920	5720189
394921	5720201
394922	5720203
394923	5720233
394924	5720243
394925	5720249
394926	5720291
394927	5720293
394928	5720321
394929	5720329
394930	5720369
394931	5720371
394932	5720389
394933	5720401
394934	5720413
394935	5720423
394936	5720431
394937	5720441
394938	5720447
394939	5720471
394940	5720479
394941	5720531
394942	5720543
394943	5720567
394944	5720579
394945	5720597
394946	5720621
394947	5720657
394948	5720707
394949	5720711
394950	5720731
394951	5720747
394952	5720753
394953	5720761
394954	5720773
394955	5720777
394956	5720783
394957	5720807
394958	5720809
394959	5720821
394960	5720837
394961	5720839
394962	5720863
394963	5720893
394964	5720909
394965	5720927
394966	5720971
394967	5720987
394968	5720999
394969	5721011
394970	5721013
394971	5721029
394972	5721031
394973	5721041
394974	5721047
394975	5721059
394976	5721113
394977	5721119
394978	5721127
394979	5721139
394980	5721151
394981	5721161
394982	5721179
394983	5721203
394984	5721211
394985	5721241
394986	5721269
394987	5721271
394988	5721281
394989	5721307
394990	5721343
394991	5721349
394992	5721371
394993	5721389
394994	5721409
394995	5721431
394996	5721433
394997	5721437
394998	5721461
394999	5721479
395000	5721481
