396001	5737397
396002	5737399
396003	5737421
396004	5737427
396005	5737429
396006	5737451
396007	5737469
396008	5737471
396009	5737481
396010	5737493
396011	5737513
396012	5737531
396013	5737549
396014	5737559
396015	5737579
396016	5737583
396017	5737597
396018	5737607
396019	5737631
396020	5737637
396021	5737643
396022	5737703
396023	5737717
396024	5737729
396025	5737751
396026	5737757
396027	5737769
396028	5737783
396029	5737793
396030	5737811
396031	5737817
396032	5737889
396033	5737951
396034	5737961
396035	5737973
396036	5737999
396037	5738009
396038	5738011
396039	5738023
396040	5738041
396041	5738077
396042	5738093
396043	5738101
396044	5738107
396045	5738119
396046	5738123
396047	5738147
396048	5738153
396049	5738167
396050	5738177
396051	5738207
396052	5738251
396053	5738263
396054	5738267
396055	5738269
396056	5738279
396057	5738297
396058	5738329
396059	5738347
396060	5738351
396061	5738353
396062	5738377
396063	5738419
396064	5738449
396065	5738471
396066	5738497
396067	5738501
396068	5738521
396069	5738527
396070	5738531
396071	5738533
396072	5738539
396073	5738543
396074	5738573
396075	5738581
396076	5738587
396077	5738591
396078	5738599
396079	5738611
396080	5738633
396081	5738641
396082	5738683
396083	5738687
396084	5738693
396085	5738699
396086	5738713
396087	5738743
396088	5738767
396089	5738801
396090	5738827
396091	5738833
396092	5738849
396093	5738861
396094	5738867
396095	5738903
396096	5738927
396097	5738939
396098	5738947
396099	5738951
396100	5738981
396101	5739011
396102	5739017
396103	5739031
396104	5739049
396105	5739053
396106	5739073
396107	5739089
396108	5739091
396109	5739101
396110	5739103
396111	5739109
396112	5739127
396113	5739131
396114	5739133
396115	5739161
396116	5739169
396117	5739179
396118	5739191
396119	5739193
396120	5739203
396121	5739229
396122	5739233
396123	5739269
396124	5739281
396125	5739301
396126	5739323
396127	5739347
396128	5739389
396129	5739401
396130	5739407
396131	5739413
396132	5739431
396133	5739439
396134	5739451
396135	5739473
396136	5739491
396137	5739541
396138	5739553
396139	5739563
396140	5739571
396141	5739583
396142	5739589
396143	5739607
396144	5739637
396145	5739641
396146	5739649
396147	5739667
396148	5739677
396149	5739703
396150	5739707
396151	5739731
396152	5739739
396153	5739749
396154	5739779
396155	5739791
396156	5739793
396157	5739803
396158	5739817
396159	5739821
396160	5739827
396161	5739841
396162	5739859
396163	5739869
396164	5739887
396165	5739901
396166	5739907
396167	5739913
396168	5739947
396169	5739971
396170	5739973
396171	5739977
396172	5739983
396173	5740001
396174	5740043
396175	5740073
396176	5740079
396177	5740081
396178	5740093
396179	5740099
396180	5740103
396181	5740117
396182	5740129
396183	5740139
396184	5740159
396185	5740181
396186	5740183
396187	5740193
396188	5740213
396189	5740253
396190	5740277
396191	5740297
396192	5740303
396193	5740307
396194	5740309
396195	5740321
396196	5740327
396197	5740333
396198	5740349
396199	5740367
396200	5740387
396201	5740393
396202	5740417
396203	5740429
396204	5740433
396205	5740453
396206	5740459
396207	5740477
396208	5740481
396209	5740507
396210	5740517
396211	5740519
396212	5740571
396213	5740583
396214	5740597
396215	5740607
396216	5740613
396217	5740619
396218	5740633
396219	5740643
396220	5740663
396221	5740681
396222	5740687
396223	5740699
396224	5740723
396225	5740727
396226	5740741
396227	5740783
396228	5740789
396229	5740799
396230	5740829
396231	5740853
396232	5740873
396233	5740879
396234	5740897
396235	5740919
396236	5740937
396237	5740949
396238	5740967
396239	5740979
396240	5740991
396241	5740997
396242	5741033
396243	5741039
396244	5741051
396245	5741063
396246	5741081
396247	5741089
396248	5741093
396249	5741149
396250	5741201
396251	5741209
396252	5741213
396253	5741227
396254	5741233
396255	5741261
396256	5741279
396257	5741303
396258	5741311
396259	5741321
396260	5741339
396261	5741341
396262	5741369
396263	5741383
396264	5741387
396265	5741389
396266	5741419
396267	5741423
396268	5741443
396269	5741453
396270	5741459
396271	5741509
396272	5741531
396273	5741537
396274	5741569
396275	5741573
396276	5741579
396277	5741587
396278	5741609
396279	5741611
396280	5741621
396281	5741689
396282	5741693
396283	5741707
396284	5741711
396285	5741713
396286	5741737
396287	5741741
396288	5741753
396289	5741759
396290	5741761
396291	5741803
396292	5741831
396293	5741839
396294	5741843
396295	5741873
396296	5741887
396297	5741893
396298	5741917
396299	5741947
396300	5741963
396301	5741969
396302	5741987
396303	5741999
396304	5742007
396305	5742041
396306	5742049
396307	5742053
396308	5742083
396309	5742089
396310	5742103
396311	5742133
396312	5742137
396313	5742167
396314	5742169
396315	5742181
396316	5742193
396317	5742197
396318	5742211
396319	5742221
396320	5742227
396321	5742239
396322	5742257
396323	5742259
396324	5742271
396325	5742281
396326	5742283
396327	5742287
396328	5742361
396329	5742367
396330	5742371
396331	5742383
396332	5742397
396333	5742403
396334	5742421
396335	5742439
396336	5742461
396337	5742467
396338	5742469
396339	5742509
396340	5742523
396341	5742563
396342	5742577
396343	5742599
396344	5742619
396345	5742623
396346	5742631
396347	5742641
396348	5742643
396349	5742673
396350	5742679
396351	5742683
396352	5742689
396353	5742701
396354	5742703
396355	5742707
396356	5742713
396357	5742727
396358	5742743
396359	5742749
396360	5742791
396361	5742799
396362	5742809
396363	5742811
396364	5742833
396365	5742851
396366	5742859
396367	5742871
396368	5742887
396369	5742929
396370	5742937
396371	5742973
396372	5743007
396373	5743009
396374	5743021
396375	5743033
396376	5743051
396377	5743057
396378	5743061
396379	5743069
396380	5743097
396381	5743099
396382	5743121
396383	5743139
396384	5743147
396385	5743201
396386	5743207
396387	5743219
396388	5743253
396389	5743279
396390	5743289
396391	5743291
396392	5743313
396393	5743337
396394	5743343
396395	5743349
396396	5743357
396397	5743369
396398	5743373
396399	5743393
396400	5743411
396401	5743417
396402	5743457
396403	5743459
396404	5743469
396405	5743471
396406	5743477
396407	5743481
396408	5743483
396409	5743489
396410	5743499
396411	5743513
396412	5743519
396413	5743597
396414	5743601
396415	5743607
396416	5743613
396417	5743627
396418	5743651
396419	5743667
396420	5743691
396421	5743697
396422	5743733
396423	5743741
396424	5743747
396425	5743763
396426	5743789
396427	5743799
396428	5743817
396429	5743819
396430	5743831
396431	5743861
396432	5743877
396433	5743879
396434	5743883
396435	5743901
396436	5743939
396437	5743961
396438	5743963
396439	5743967
396440	5743987
396441	5744003
396442	5744017
396443	5744029
396444	5744077
396445	5744093
396446	5744107
396447	5744131
396448	5744143
396449	5744153
396450	5744161
396451	5744171
396452	5744177
396453	5744197
396454	5744201
396455	5744203
396456	5744231
396457	5744239
396458	5744261
396459	5744267
396460	5744279
396461	5744311
396462	5744329
396463	5744339
396464	5744353
396465	5744371
396466	5744377
396467	5744429
396468	5744447
396469	5744461
396470	5744467
396471	5744477
396472	5744507
396473	5744527
396474	5744561
396475	5744569
396476	5744587
396477	5744597
396478	5744603
396479	5744621
396480	5744659
396481	5744663
396482	5744677
396483	5744693
396484	5744699
396485	5744701
396486	5744719
396487	5744729
396488	5744737
396489	5744741
396490	5744749
396491	5744773
396492	5744777
396493	5744803
396494	5744833
396495	5744863
396496	5744867
396497	5744899
396498	5744903
396499	5744911
396500	5744941
396501	5744957
396502	5744971
396503	5744983
396504	5745017
396505	5745023
396506	5745053
396507	5745059
396508	5745071
396509	5745079
396510	5745109
396511	5745119
396512	5745197
396513	5745203
396514	5745211
396515	5745221
396516	5745251
396517	5745263
396518	5745293
396519	5745307
396520	5745347
396521	5745349
396522	5745379
396523	5745403
396524	5745409
396525	5745419
396526	5745431
396527	5745461
396528	5745463
396529	5745491
396530	5745517
396531	5745521
396532	5745539
396533	5745557
396534	5745559
396535	5745563
396536	5745569
396537	5745583
396538	5745599
396539	5745629
396540	5745631
396541	5745647
396542	5745659
396543	5745671
396544	5745673
396545	5745679
396546	5745689
396547	5745697
396548	5745713
396549	5745731
396550	5745743
396551	5745787
396552	5745823
396553	5745827
396554	5745869
396555	5745871
396556	5745877
396557	5745893
396558	5745911
396559	5745931
396560	5745941
396561	5745947
396562	5745953
396563	5745967
396564	5745977
396565	5745979
396566	5745997
396567	5746001
396568	5746033
396569	5746057
396570	5746087
396571	5746093
396572	5746123
396573	5746127
396574	5746157
396575	5746199
396576	5746217
396577	5746231
396578	5746249
396579	5746271
396580	5746283
396581	5746291
396582	5746309
396583	5746319
396584	5746337
396585	5746373
396586	5746397
396587	5746409
396588	5746421
396589	5746427
396590	5746441
396591	5746451
396592	5746453
396593	5746457
396594	5746471
396595	5746511
396596	5746537
396597	5746567
396598	5746583
396599	5746591
396600	5746603
396601	5746613
396602	5746639
396603	5746651
396604	5746673
396605	5746691
396606	5746693
396607	5746703
396608	5746753
396609	5746771
396610	5746787
396611	5746789
396612	5746801
396613	5746817
396614	5746889
396615	5746903
396616	5746913
396617	5746927
396618	5746957
396619	5746963
396620	5746973
396621	5747023
396622	5747029
396623	5747051
396624	5747057
396625	5747069
396626	5747083
396627	5747089
396628	5747107
396629	5747111
396630	5747117
396631	5747123
396632	5747129
396633	5747141
396634	5747143
396635	5747149
396636	5747179
396637	5747201
396638	5747221
396639	5747227
396640	5747239
396641	5747279
396642	5747281
396643	5747303
396644	5747323
396645	5747333
396646	5747341
396647	5747351
396648	5747383
396649	5747387
396650	5747389
396651	5747393
396652	5747407
396653	5747419
396654	5747449
396655	5747459
396656	5747477
396657	5747491
396658	5747537
396659	5747549
396660	5747551
396661	5747563
396662	5747593
396663	5747611
396664	5747629
396665	5747647
396666	5747657
396667	5747669
396668	5747699
396669	5747701
396670	5747737
396671	5747743
396672	5747759
396673	5747773
396674	5747783
396675	5747813
396676	5747837
396677	5747843
396678	5747849
396679	5747857
396680	5747879
396681	5747881
396682	5747909
396683	5747923
396684	5747977
396685	5747983
396686	5747993
396687	5748007
396688	5748019
396689	5748031
396690	5748037
396691	5748047
396692	5748049
396693	5748059
396694	5748073
396695	5748079
396696	5748097
396697	5748103
396698	5748107
396699	5748139
396700	5748143
396701	5748167
396702	5748173
396703	5748187
396704	5748199
396705	5748217
396706	5748233
396707	5748251
396708	5748269
396709	5748287
396710	5748313
396711	5748341
396712	5748349
396713	5748371
396714	5748377
396715	5748403
396716	5748427
396717	5748437
396718	5748451
396719	5748461
396720	5748473
396721	5748481
396722	5748503
396723	5748517
396724	5748529
396725	5748553
396726	5748557
396727	5748559
396728	5748563
396729	5748571
396730	5748577
396731	5748619
396732	5748661
396733	5748679
396734	5748683
396735	5748707
396736	5748719
396737	5748731
396738	5748763
396739	5748767
396740	5748803
396741	5748817
396742	5748851
396743	5748859
396744	5748863
396745	5748877
396746	5748881
396747	5748889
396748	5748893
396749	5748913
396750	5748923
396751	5748929
396752	5748937
396753	5748947
396754	5748959
396755	5748961
396756	5748973
396757	5748983
396758	5748997
396759	5749013
396760	5749027
396761	5749033
396762	5749091
396763	5749127
396764	5749141
396765	5749157
396766	5749169
396767	5749193
396768	5749201
396769	5749231
396770	5749243
396771	5749253
396772	5749259
396773	5749273
396774	5749283
396775	5749297
396776	5749351
396777	5749361
396778	5749397
396779	5749409
396780	5749411
396781	5749421
396782	5749427
396783	5749441
396784	5749501
396785	5749507
396786	5749529
396787	5749531
396788	5749547
396789	5749561
396790	5749577
396791	5749589
396792	5749603
396793	5749607
396794	5749619
396795	5749631
396796	5749633
396797	5749637
396798	5749649
396799	5749661
396800	5749691
396801	5749693
396802	5749703
396803	5749729
396804	5749759
396805	5749771
396806	5749781
396807	5749817
396808	5749819
396809	5749841
396810	5749847
396811	5749867
396812	5749871
396813	5749879
396814	5749883
396815	5749897
396816	5749901
396817	5749903
396818	5749907
396819	5749943
396820	5749949
396821	5749957
396822	5749967
396823	5749981
396824	5749987
396825	5749993
396826	5749999
396827	5750047
396828	5750051
396829	5750057
396830	5750071
396831	5750083
396832	5750093
396833	5750099
396834	5750113
396835	5750117
396836	5750119
396837	5750153
396838	5750167
396839	5750191
396840	5750197
396841	5750203
396842	5750237
396843	5750249
396844	5750263
396845	5750279
396846	5750333
396847	5750351
396848	5750359
396849	5750363
396850	5750377
396851	5750389
396852	5750399
396853	5750441
396854	5750443
396855	5750449
396856	5750509
396857	5750527
396858	5750561
396859	5750581
396860	5750603
396861	5750617
396862	5750623
396863	5750639
396864	5750669
396865	5750681
396866	5750707
396867	5750737
396868	5750747
396869	5750791
396870	5750807
396871	5750809
396872	5750827
396873	5750837
396874	5750861
396875	5750869
396876	5750881
396877	5750887
396878	5750893
396879	5750911
396880	5750917
396881	5750933
396882	5750957
396883	5750993
396884	5751001
396885	5751007
396886	5751023
396887	5751037
396888	5751043
396889	5751047
396890	5751059
396891	5751073
396892	5751101
396893	5751103
396894	5751107
396895	5751113
396896	5751149
396897	5751157
396898	5751197
396899	5751199
396900	5751203
396901	5751209
396902	5751217
396903	5751223
396904	5751247
396905	5751259
396906	5751271
396907	5751283
396908	5751301
396909	5751307
396910	5751329
396911	5751341
396912	5751349
396913	5751359
396914	5751373
396915	5751377
396916	5751407
396917	5751413
396918	5751419
396919	5751443
396920	5751463
396921	5751467
396922	5751479
396923	5751503
396924	5751517
396925	5751527
396926	5751553
396927	5751607
396928	5751611
396929	5751617
396930	5751631
396931	5751643
396932	5751653
396933	5751659
396934	5751673
396935	5751677
396936	5751701
396937	5751727
396938	5751791
396939	5751799
396940	5751841
396941	5751853
396942	5751857
396943	5751859
396944	5751871
396945	5751877
396946	5751881
396947	5751887
396948	5751901
396949	5751913
396950	5751919
396951	5751929
396952	5751937
396953	5751943
396954	5751961
396955	5751971
396956	5751989
396957	5751997
396958	5752031
396959	5752091
396960	5752099
396961	5752111
396962	5752127
396963	5752129
396964	5752141
396965	5752147
396966	5752157
396967	5752163
396968	5752169
396969	5752199
396970	5752223
396971	5752247
396972	5752261
396973	5752301
396974	5752303
396975	5752319
396976	5752321
396977	5752339
396978	5752343
396979	5752363
396980	5752379
396981	5752381
396982	5752387
396983	5752403
396984	5752489
396985	5752499
396986	5752519
396987	5752531
396988	5752547
396989	5752561
396990	5752589
396991	5752601
396992	5752609
396993	5752631
396994	5752661
396995	5752667
396996	5752679
396997	5752697
396998	5752699
396999	5752711
397000	5752739
