397001	5752757
397002	5752771
397003	5752781
397004	5752787
397005	5752823
397006	5752853
397007	5752883
397008	5752907
397009	5752937
397010	5752939
397011	5752961
397012	5752993
397013	5753009
397014	5753051
397015	5753053
397016	5753063
397017	5753087
397018	5753113
397019	5753117
397020	5753119
397021	5753131
397022	5753141
397023	5753179
397024	5753183
397025	5753207
397026	5753213
397027	5753221
397028	5753249
397029	5753273
397030	5753291
397031	5753299
397032	5753323
397033	5753329
397034	5753351
397035	5753353
397036	5753369
397037	5753387
397038	5753399
397039	5753401
397040	5753413
397041	5753417
397042	5753431
397043	5753441
397044	5753453
397045	5753467
397046	5753479
397047	5753483
397048	5753509
397049	5753533
397050	5753549
397051	5753551
397052	5753557
397053	5753563
397054	5753591
397055	5753603
397056	5753609
397057	5753617
397058	5753639
397059	5753647
397060	5753659
397061	5753663
397062	5753669
397063	5753677
397064	5753681
397065	5753717
397066	5753719
397067	5753723
397068	5753731
397069	5753743
397070	5753747
397071	5753767
397072	5753777
397073	5753801
397074	5753819
397075	5753821
397076	5753831
397077	5753843
397078	5753851
397079	5753897
397080	5753927
397081	5753929
397082	5753953
397083	5753971
397084	5753983
397085	5753999
397086	5754013
397087	5754031
397088	5754043
397089	5754059
397090	5754061
397091	5754097
397092	5754103
397093	5754107
397094	5754113
397095	5754149
397096	5754167
397097	5754187
397098	5754197
397099	5754233
397100	5754241
397101	5754247
397102	5754289
397103	5754311
397104	5754317
397105	5754341
397106	5754349
397107	5754373
397108	5754377
397109	5754379
397110	5754407
397111	5754409
397112	5754431
397113	5754443
397114	5754451
397115	5754457
397116	5754467
397117	5754481
397118	5754491
397119	5754493
397120	5754503
397121	5754523
397122	5754547
397123	5754571
397124	5754589
397125	5754607
397126	5754613
397127	5754629
397128	5754631
397129	5754641
397130	5754643
397131	5754659
397132	5754689
397133	5754691
397134	5754709
397135	5754757
397136	5754767
397137	5754769
397138	5754773
397139	5754779
397140	5754799
397141	5754803
397142	5754811
397143	5754817
397144	5754863
397145	5754887
397146	5754893
397147	5754901
397148	5754907
397149	5754911
397150	5754937
397151	5754979
397152	5754989
397153	5754997
397154	5755019
397155	5755031
397156	5755033
397157	5755049
397158	5755051
397159	5755069
397160	5755073
397161	5755133
397162	5755147
397163	5755151
397164	5755153
397165	5755159
397166	5755171
397167	5755187
397168	5755207
397169	5755219
397170	5755237
397171	5755261
397172	5755297
397173	5755307
397174	5755319
397175	5755349
397176	5755357
397177	5755361
397178	5755381
397179	5755433
397180	5755441
397181	5755459
397182	5755483
397183	5755489
397184	5755517
397185	5755531
397186	5755559
397187	5755567
397188	5755577
397189	5755579
397190	5755583
397191	5755649
397192	5755657
397193	5755663
397194	5755691
397195	5755709
397196	5755733
397197	5755753
397198	5755787
397199	5755811
397200	5755817
397201	5755823
397202	5755859
397203	5755907
397204	5755909
397205	5755921
397206	5755931
397207	5755933
397208	5755951
397209	5755973
397210	5755999
397211	5756011
397212	5756017
397213	5756027
397214	5756059
397215	5756063
397216	5756083
397217	5756087
397218	5756089
397219	5756119
397220	5756131
397221	5756147
397222	5756161
397223	5756189
397224	5756197
397225	5756203
397226	5756207
397227	5756209
397228	5756213
397229	5756227
397230	5756237
397231	5756243
397232	5756263
397233	5756287
397234	5756321
397235	5756341
397236	5756347
397237	5756351
397238	5756357
397239	5756363
397240	5756369
397241	5756389
397242	5756447
397243	5756459
397244	5756477
397245	5756501
397246	5756521
397247	5756579
397248	5756581
397249	5756593
397250	5756599
397251	5756623
397252	5756627
397253	5756633
397254	5756717
397255	5756741
397256	5756743
397257	5756749
397258	5756789
397259	5756801
397260	5756833
397261	5756837
397262	5756843
397263	5756857
397264	5756887
397265	5756903
397266	5756939
397267	5756951
397268	5756953
397269	5756957
397270	5756977
397271	5756987
397272	5757001
397273	5757023
397274	5757029
397275	5757049
397276	5757071
397277	5757079
397278	5757091
397279	5757121
397280	5757127
397281	5757131
397282	5757137
397283	5757139
397284	5757173
397285	5757181
397286	5757217
397287	5757221
397288	5757223
397289	5757229
397290	5757239
397291	5757251
397292	5757253
397293	5757259
397294	5757263
397295	5757277
397296	5757281
397297	5757287
397298	5757293
397299	5757317
397300	5757331
397301	5757379
397302	5757403
397303	5757421
397304	5757449
397305	5757467
397306	5757469
397307	5757473
397308	5757481
397309	5757491
397310	5757497
397311	5757523
397312	5757529
397313	5757539
397314	5757541
397315	5757553
397316	5757559
397317	5757569
397318	5757593
397319	5757617
397320	5757623
397321	5757701
397322	5757721
397323	5757727
397324	5757733
397325	5757737
397326	5757767
397327	5757809
397328	5757811
397329	5757821
397330	5757827
397331	5757901
397332	5757907
397333	5757919
397334	5757929
397335	5757943
397336	5757949
397337	5757967
397338	5757989
397339	5758003
397340	5758031
397341	5758061
397342	5758069
397343	5758097
397344	5758099
397345	5758117
397346	5758133
397347	5758139
397348	5758169
397349	5758177
397350	5758229
397351	5758237
397352	5758243
397353	5758253
397354	5758267
397355	5758279
397356	5758283
397357	5758297
397358	5758321
397359	5758381
397360	5758411
397361	5758433
397362	5758439
397363	5758447
397364	5758451
397365	5758469
397366	5758477
397367	5758481
397368	5758513
397369	5758523
397370	5758537
397371	5758549
397372	5758589
397373	5758601
397374	5758607
397375	5758619
397376	5758637
397377	5758639
397378	5758667
397379	5758679
397380	5758681
397381	5758721
397382	5758723
397383	5758741
397384	5758757
397385	5758771
397386	5758811
397387	5758817
397388	5758829
397389	5758853
397390	5758867
397391	5758873
397392	5758889
397393	5758913
397394	5758933
397395	5758943
397396	5758981
397397	5759003
397398	5759009
397399	5759011
397400	5759059
397401	5759077
397402	5759093
397403	5759099
397404	5759111
397405	5759123
397406	5759191
397407	5759203
397408	5759213
397409	5759219
397410	5759249
397411	5759251
397412	5759263
397413	5759267
397414	5759317
397415	5759321
397416	5759339
397417	5759353
397418	5759357
397419	5759359
397420	5759381
397421	5759399
397422	5759401
397423	5759417
397424	5759423
397425	5759431
397426	5759441
397427	5759473
397428	5759477
397429	5759483
397430	5759491
397431	5759503
397432	5759519
397433	5759539
397434	5759543
397435	5759581
397436	5759587
397437	5759597
397438	5759599
397439	5759629
397440	5759647
397441	5759687
397442	5759693
397443	5759713
397444	5759759
397445	5759771
397446	5759779
397447	5759783
397448	5759791
397449	5759797
397450	5759801
397451	5759833
397452	5759837
397453	5759839
397454	5759843
397455	5759851
397456	5759857
397457	5759903
397458	5759911
397459	5759927
397460	5759933
397461	5759953
397462	5759981
397463	5760011
397464	5760071
397465	5760091
397466	5760101
397467	5760103
397468	5760107
397469	5760109
397470	5760121
397471	5760133
397472	5760137
397473	5760163
397474	5760193
397475	5760217
397476	5760233
397477	5760247
397478	5760259
397479	5760269
397480	5760277
397481	5760289
397482	5760311
397483	5760343
397484	5760371
397485	5760383
397486	5760427
397487	5760431
397488	5760437
397489	5760497
397490	5760509
397491	5760523
397492	5760527
397493	5760529
397494	5760551
397495	5760571
397496	5760611
397497	5760613
397498	5760619
397499	5760631
397500	5760659
397501	5760661
397502	5760679
397503	5760691
397504	5760707
397505	5760719
397506	5760749
397507	5760767
397508	5760803
397509	5760817
397510	5760827
397511	5760829
397512	5760877
397513	5760883
397514	5760899
397515	5760907
397516	5760913
397517	5760949
397518	5760959
397519	5760961
397520	5760967
397521	5760973
397522	5760983
397523	5761001
397524	5761003
397525	5761027
397526	5761043
397527	5761057
397528	5761061
397529	5761069
397530	5761081
397531	5761127
397532	5761139
397533	5761157
397534	5761163
397535	5761187
397536	5761193
397537	5761219
397538	5761229
397539	5761253
397540	5761271
397541	5761277
397542	5761289
397543	5761297
397544	5761321
397545	5761331
397546	5761337
397547	5761367
397548	5761373
397549	5761387
397550	5761403
397551	5761417
397552	5761421
397553	5761423
397554	5761433
397555	5761439
397556	5761447
397557	5761451
397558	5761463
397559	5761489
397560	5761493
397561	5761499
397562	5761501
397563	5761507
397564	5761537
397565	5761543
397566	5761559
397567	5761601
397568	5761619
397569	5761621
397570	5761643
397571	5761649
397572	5761673
397573	5761687
397574	5761729
397575	5761741
397576	5761783
397577	5761801
397578	5761813
397579	5761837
397580	5761841
397581	5761867
397582	5761879
397583	5761901
397584	5761909
397585	5761913
397586	5761919
397587	5761927
397588	5761991
397589	5761993
397590	5762011
397591	5762027
397592	5762033
397593	5762041
397594	5762077
397595	5762087
397596	5762089
397597	5762123
397598	5762131
397599	5762137
397600	5762143
397601	5762161
397602	5762173
397603	5762177
397604	5762179
397605	5762203
397606	5762219
397607	5762221
397608	5762231
397609	5762233
397610	5762261
397611	5762287
397612	5762293
397613	5762299
397614	5762321
397615	5762333
397616	5762347
397617	5762359
397618	5762381
397619	5762411
397620	5762413
397621	5762429
397622	5762437
397623	5762459
397624	5762461
397625	5762501
397626	5762513
397627	5762521
397628	5762557
397629	5762597
397630	5762611
397631	5762641
397632	5762651
397633	5762657
397634	5762663
397635	5762689
397636	5762723
397637	5762741
397638	5762749
397639	5762759
397640	5762777
397641	5762831
397642	5762843
397643	5762863
397644	5762891
397645	5762917
397646	5762927
397647	5762941
397648	5762969
397649	5763011
397650	5763013
397651	5763019
397652	5763047
397653	5763059
397654	5763067
397655	5763071
397656	5763073
397657	5763077
397658	5763089
397659	5763143
397660	5763151
397661	5763181
397662	5763229
397663	5763253
397664	5763293
397665	5763299
397666	5763319
397667	5763343
397668	5763347
397669	5763349
397670	5763361
397671	5763371
397672	5763413
397673	5763421
397674	5763467
397675	5763481
397676	5763491
397677	5763497
397678	5763503
397679	5763521
397680	5763529
397681	5763553
397682	5763557
397683	5763577
397684	5763587
397685	5763617
397686	5763619
397687	5763647
397688	5763649
397689	5763673
397690	5763679
397691	5763683
397692	5763689
397693	5763691
397694	5763733
397695	5763743
397696	5763773
397697	5763781
397698	5763787
397699	5763817
397700	5763827
397701	5763839
397702	5763853
397703	5763871
397704	5763889
397705	5763893
397706	5763917
397707	5763929
397708	5763931
397709	5763937
397710	5763959
397711	5763991
397712	5764009
397713	5764013
397714	5764019
397715	5764027
397716	5764061
397717	5764063
397718	5764079
397719	5764081
397720	5764091
397721	5764097
397722	5764103
397723	5764111
397724	5764117
397725	5764133
397726	5764147
397727	5764151
397728	5764217
397729	5764229
397730	5764249
397731	5764259
397732	5764271
397733	5764289
397734	5764303
397735	5764349
397736	5764351
397737	5764379
397738	5764387
397739	5764397
397740	5764399
397741	5764459
397742	5764471
397743	5764501
397744	5764511
397745	5764523
397746	5764531
397747	5764541
397748	5764567
397749	5764579
397750	5764589
397751	5764607
397752	5764609
397753	5764621
397754	5764643
397755	5764663
397756	5764687
397757	5764699
397758	5764721
397759	5764739
397760	5764741
397761	5764763
397762	5764783
397763	5764793
397764	5764799
397765	5764817
397766	5764841
397767	5764873
397768	5764877
397769	5764897
397770	5764903
397771	5764907
397772	5764909
397773	5764943
397774	5764951
397775	5764963
397776	5765003
397777	5765009
397778	5765033
397779	5765041
397780	5765063
397781	5765069
397782	5765077
397783	5765083
397784	5765087
397785	5765093
397786	5765143
397787	5765167
397788	5765191
397789	5765209
397790	5765213
397791	5765231
397792	5765233
397793	5765237
397794	5765269
397795	5765273
397796	5765317
397797	5765323
397798	5765327
397799	5765351
397800	5765401
397801	5765407
397802	5765423
397803	5765449
397804	5765453
397805	5765471
397806	5765491
397807	5765497
397808	5765503
397809	5765521
397810	5765561
397811	5765563
397812	5765579
397813	5765603
397814	5765611
397815	5765623
397816	5765647
397817	5765653
397818	5765671
397819	5765681
397820	5765699
397821	5765701
397822	5765729
397823	5765731
397824	5765779
397825	5765791
397826	5765831
397827	5765833
397828	5765843
397829	5765849
397830	5765857
397831	5765861
397832	5765863
397833	5765869
397834	5765887
397835	5765891
397836	5765933
397837	5765951
397838	5765957
397839	5765959
397840	5766017
397841	5766023
397842	5766037
397843	5766053
397844	5766071
397845	5766083
397846	5766091
397847	5766107
397848	5766109
397849	5766113
397850	5766119
397851	5766121
397852	5766133
397853	5766143
397854	5766161
397855	5766203
397856	5766239
397857	5766287
397858	5766301
397859	5766311
397860	5766317
397861	5766323
397862	5766361
397863	5766373
397864	5766379
397865	5766421
397866	5766433
397867	5766457
397868	5766463
397869	5766469
397870	5766473
397871	5766493
397872	5766499
397873	5766581
397874	5766599
397875	5766611
397876	5766613
397877	5766619
397878	5766641
397879	5766659
397880	5766667
397881	5766701
397882	5766703
397883	5766707
397884	5766727
397885	5766743
397886	5766749
397887	5766779
397888	5766799
397889	5766811
397890	5766829
397891	5766851
397892	5766913
397893	5766919
397894	5766973
397895	5766977
397896	5766989
397897	5766991
397898	5767007
397899	5767039
397900	5767049
397901	5767057
397902	5767061
397903	5767087
397904	5767093
397905	5767109
397906	5767129
397907	5767169
397908	5767171
397909	5767187
397910	5767189
397911	5767207
397912	5767213
397913	5767217
397914	5767247
397915	5767253
397916	5767283
397917	5767297
397918	5767303
397919	5767313
397920	5767331
397921	5767339
397922	5767351
397923	5767357
397924	5767379
397925	5767381
397926	5767397
397927	5767409
397928	5767423
397929	5767439
397930	5767441
397931	5767453
397932	5767477
397933	5767481
397934	5767483
397935	5767493
397936	5767499
397937	5767501
397938	5767529
397939	5767577
397940	5767589
397941	5767603
397942	5767631
397943	5767637
397944	5767649
397945	5767669
397946	5767673
397947	5767681
397948	5767721
397949	5767739
397950	5767789
397951	5767841
397952	5767847
397953	5767873
397954	5767877
397955	5767903
397956	5767943
397957	5767961
397958	5767997
397959	5767999
397960	5768011
397961	5768033
397962	5768047
397963	5768057
397964	5768069
397965	5768089
397966	5768093
397967	5768123
397968	5768137
397969	5768141
397970	5768143
397971	5768159
397972	5768173
397973	5768183
397974	5768197
397975	5768207
397976	5768233
397977	5768317
397978	5768327
397979	5768369
397980	5768383
397981	5768393
397982	5768401
397983	5768443
397984	5768471
397985	5768473
397986	5768479
397987	5768507
397988	5768513
397989	5768519
397990	5768527
397991	5768531
397992	5768549
397993	5768551
397994	5768557
397995	5768569
397996	5768591
397997	5768599
397998	5768629
397999	5768641
398000	5768663
