398001	5768669
398002	5768671
398003	5768677
398004	5768689
398005	5768701
398006	5768731
398007	5768747
398008	5768753
398009	5768779
398010	5768783
398011	5768801
398012	5768803
398013	5768809
398014	5768857
398015	5768863
398016	5768869
398017	5768887
398018	5768897
398019	5768909
398020	5768911
398021	5768957
398022	5768977
398023	5768981
398024	5768993
398025	5769017
398026	5769037
398027	5769041
398028	5769047
398029	5769053
398030	5769073
398031	5769089
398032	5769121
398033	5769143
398034	5769149
398035	5769161
398036	5769199
398037	5769241
398038	5769287
398039	5769311
398040	5769329
398041	5769359
398042	5769367
398043	5769383
398044	5769403
398045	5769419
398046	5769457
398047	5769461
398048	5769469
398049	5769493
398050	5769499
398051	5769541
398052	5769553
398053	5769557
398054	5769581
398055	5769583
398056	5769587
398057	5769649
398058	5769653
398059	5769677
398060	5769691
398061	5769703
398062	5769713
398063	5769719
398064	5769721
398065	5769769
398066	5769791
398067	5769809
398068	5769821
398069	5769823
398070	5769833
398071	5769853
398072	5769857
398073	5769871
398074	5769877
398075	5769887
398076	5769899
398077	5769917
398078	5769943
398079	5769949
398080	5770001
398081	5770003
398082	5770013
398083	5770027
398084	5770031
398085	5770073
398086	5770097
398087	5770103
398088	5770109
398089	5770111
398090	5770117
398091	5770147
398092	5770153
398093	5770183
398094	5770249
398095	5770253
398096	5770267
398097	5770273
398098	5770277
398099	5770279
398100	5770291
398101	5770321
398102	5770343
398103	5770367
398104	5770379
398105	5770393
398106	5770399
398107	5770411
398108	5770439
398109	5770459
398110	5770469
398111	5770477
398112	5770487
398113	5770489
398114	5770511
398115	5770517
398116	5770529
398117	5770537
398118	5770543
398119	5770553
398120	5770559
398121	5770573
398122	5770579
398123	5770601
398124	5770607
398125	5770649
398126	5770651
398127	5770657
398128	5770673
398129	5770697
398130	5770703
398131	5770717
398132	5770727
398133	5770747
398134	5770757
398135	5770759
398136	5770771
398137	5770789
398138	5770811
398139	5770819
398140	5770829
398141	5770841
398142	5770859
398143	5770879
398144	5770903
398145	5770931
398146	5770949
398147	5770979
398148	5770981
398149	5770993
398150	5771057
398151	5771063
398152	5771081
398153	5771089
398154	5771111
398155	5771131
398156	5771167
398157	5771173
398158	5771237
398159	5771251
398160	5771257
398161	5771263
398162	5771267
398163	5771281
398164	5771287
398165	5771291
398166	5771299
398167	5771303
398168	5771309
398169	5771323
398170	5771327
398171	5771351
398172	5771357
398173	5771369
398174	5771387
398175	5771401
398176	5771411
398177	5771461
398178	5771501
398179	5771527
398180	5771543
398181	5771567
398182	5771569
398183	5771587
398184	5771603
398185	5771617
398186	5771627
398187	5771639
398188	5771641
398189	5771663
398190	5771671
398191	5771677
398192	5771681
398193	5771683
398194	5771707
398195	5771723
398196	5771743
398197	5771747
398198	5771749
398199	5771767
398200	5771771
398201	5771833
398202	5771837
398203	5771851
398204	5771861
398205	5771863
398206	5771869
398207	5771879
398208	5771893
398209	5771897
398210	5771951
398211	5771981
398212	5771989
398213	5772007
398214	5772043
398215	5772047
398216	5772059
398217	5772077
398218	5772079
398219	5772097
398220	5772101
398221	5772113
398222	5772119
398223	5772121
398224	5772139
398225	5772157
398226	5772161
398227	5772167
398228	5772187
398229	5772199
398230	5772203
398231	5772209
398232	5772227
398233	5772233
398234	5772269
398235	5772281
398236	5772289
398237	5772301
398238	5772307
398239	5772311
398240	5772317
398241	5772337
398242	5772341
398243	5772343
398244	5772353
398245	5772359
398246	5772391
398247	5772397
398248	5772413
398249	5772427
398250	5772433
398251	5772443
398252	5772457
398253	5772461
398254	5772463
398255	5772467
398256	5772497
398257	5772499
398258	5772509
398259	5772511
398260	5772527
398261	5772539
398262	5772551
398263	5772553
398264	5772581
398265	5772589
398266	5772617
398267	5772631
398268	5772643
398269	5772661
398270	5772709
398271	5772719
398272	5772721
398273	5772731
398274	5772763
398275	5772773
398276	5772799
398277	5772803
398278	5772817
398279	5772829
398280	5772847
398281	5772859
398282	5772863
398283	5772889
398284	5772953
398285	5772961
398286	5772983
398287	5772989
398288	5772997
398289	5773003
398290	5773021
398291	5773049
398292	5773063
398293	5773067
398294	5773109
398295	5773121
398296	5773127
398297	5773129
398298	5773133
398299	5773139
398300	5773199
398301	5773213
398302	5773219
398303	5773249
398304	5773259
398305	5773267
398306	5773279
398307	5773331
398308	5773363
398309	5773367
398310	5773373
398311	5773379
398312	5773393
398313	5773423
398314	5773429
398315	5773447
398316	5773451
398317	5773477
398318	5773501
398319	5773513
398320	5773541
398321	5773543
398322	5773553
398323	5773561
398324	5773577
398325	5773583
398326	5773597
398327	5773631
398328	5773679
398329	5773687
398330	5773709
398331	5773741
398332	5773751
398333	5773763
398334	5773769
398335	5773771
398336	5773793
398337	5773811
398338	5773819
398339	5773837
398340	5773849
398341	5773861
398342	5773877
398343	5773879
398344	5773883
398345	5773913
398346	5773919
398347	5773939
398348	5773969
398349	5773991
398350	5774017
398351	5774023
398352	5774047
398353	5774051
398354	5774059
398355	5774099
398356	5774113
398357	5774117
398358	5774123
398359	5774129
398360	5774141
398361	5774143
398362	5774147
398363	5774149
398364	5774159
398365	5774177
398366	5774179
398367	5774207
398368	5774273
398369	5774287
398370	5774291
398371	5774299
398372	5774323
398373	5774369
398374	5774371
398375	5774387
398376	5774411
398377	5774429
398378	5774453
398379	5774471
398380	5774497
398381	5774521
398382	5774539
398383	5774551
398384	5774569
398385	5774581
398386	5774591
398387	5774597
398388	5774603
398389	5774609
398390	5774641
398391	5774647
398392	5774669
398393	5774677
398394	5774759
398395	5774761
398396	5774767
398397	5774777
398398	5774779
398399	5774819
398400	5774833
398401	5774851
398402	5774893
398403	5774911
398404	5774939
398405	5774953
398406	5774963
398407	5774981
398408	5774983
398409	5774987
398410	5775017
398411	5775037
398412	5775041
398413	5775043
398414	5775059
398415	5775061
398416	5775067
398417	5775101
398418	5775127
398419	5775149
398420	5775191
398421	5775197
398422	5775239
398423	5775241
398424	5775271
398425	5775337
398426	5775349
398427	5775401
398428	5775403
398429	5775409
398430	5775421
398431	5775431
398432	5775439
398433	5775443
398434	5775457
398435	5775481
398436	5775499
398437	5775521
398438	5775527
398439	5775551
398440	5775557
398441	5775571
398442	5775587
398443	5775613
398444	5775617
398445	5775661
398446	5775667
398447	5775673
398448	5775683
398449	5775697
398450	5775701
398451	5775709
398452	5775713
398453	5775739
398454	5775751
398455	5775799
398456	5775821
398457	5775839
398458	5775841
398459	5775851
398460	5775853
398461	5775857
398462	5775863
398463	5775881
398464	5775883
398465	5775893
398466	5775899
398467	5775929
398468	5775947
398469	5775961
398470	5775983
398471	5775989
398472	5775997
398473	5776021
398474	5776027
398475	5776037
398476	5776049
398477	5776079
398478	5776081
398479	5776091
398480	5776093
398481	5776097
398482	5776103
398483	5776109
398484	5776117
398485	5776123
398486	5776129
398487	5776163
398488	5776193
398489	5776201
398490	5776207
398491	5776217
398492	5776241
398493	5776259
398494	5776279
398495	5776301
398496	5776321
398497	5776333
398498	5776357
398499	5776387
398500	5776429
398501	5776439
398502	5776451
398503	5776453
398504	5776457
398505	5776483
398506	5776579
398507	5776591
398508	5776601
398509	5776607
398510	5776619
398511	5776649
398512	5776679
398513	5776721
398514	5776759
398515	5776783
398516	5776811
398517	5776831
398518	5776853
398519	5776861
398520	5776871
398521	5776873
398522	5776877
398523	5776909
398524	5776913
398525	5776919
398526	5776949
398527	5776951
398528	5776963
398529	5776987
398530	5776993
398531	5776999
398532	5777017
398533	5777021
398534	5777047
398535	5777077
398536	5777089
398537	5777111
398538	5777113
398539	5777131
398540	5777137
398541	5777171
398542	5777173
398543	5777183
398544	5777201
398545	5777227
398546	5777237
398547	5777279
398548	5777309
398549	5777323
398550	5777353
398551	5777363
398552	5777407
398553	5777423
398554	5777459
398555	5777461
398556	5777479
398557	5777489
398558	5777491
398559	5777509
398560	5777521
398561	5777533
398562	5777537
398563	5777543
398564	5777549
398565	5777557
398566	5777573
398567	5777593
398568	5777621
398569	5777627
398570	5777633
398571	5777657
398572	5777677
398573	5777711
398574	5777719
398575	5777743
398576	5777747
398577	5777771
398578	5777789
398579	5777797
398580	5777819
398581	5777833
398582	5777857
398583	5777869
398584	5777887
398585	5777903
398586	5777911
398587	5777917
398588	5777927
398589	5777939
398590	5777951
398591	5777963
398592	5777971
398593	5777983
398594	5777987
398595	5778001
398596	5778041
398597	5778043
398598	5778053
398599	5778061
398600	5778077
398601	5778137
398602	5778151
398603	5778161
398604	5778173
398605	5778217
398606	5778229
398607	5778233
398608	5778251
398609	5778259
398610	5778263
398611	5778277
398612	5778287
398613	5778301
398614	5778319
398615	5778329
398616	5778341
398617	5778349
398618	5778361
398619	5778371
398620	5778391
398621	5778407
398622	5778427
398623	5778433
398624	5778439
398625	5778449
398626	5778467
398627	5778491
398628	5778517
398629	5778529
398630	5778551
398631	5778571
398632	5778611
398633	5778629
398634	5778631
398635	5778649
398636	5778653
398637	5778659
398638	5778671
398639	5778673
398640	5778733
398641	5778737
398642	5778757
398643	5778763
398644	5778767
398645	5778769
398646	5778779
398647	5778821
398648	5778847
398649	5778887
398650	5778893
398651	5778931
398652	5778943
398653	5778953
398654	5778973
398655	5779001
398656	5779009
398657	5779043
398658	5779061
398659	5779063
398660	5779069
398661	5779093
398662	5779117
398663	5779121
398664	5779127
398665	5779139
398666	5779153
398667	5779181
398668	5779183
398669	5779199
398670	5779217
398671	5779231
398672	5779253
398673	5779271
398674	5779297
398675	5779307
398676	5779331
398677	5779339
398678	5779343
398679	5779349
398680	5779387
398681	5779399
398682	5779429
398683	5779441
398684	5779447
398685	5779451
398686	5779457
398687	5779493
398688	5779513
398689	5779517
398690	5779537
398691	5779573
398692	5779577
398693	5779583
398694	5779607
398695	5779633
398696	5779649
398697	5779661
398698	5779663
398699	5779681
398700	5779687
398701	5779691
398702	5779717
398703	5779723
398704	5779727
398705	5779769
398706	5779793
398707	5779799
398708	5779841
398709	5779843
398710	5779849
398711	5779867
398712	5779901
398713	5779913
398714	5779967
398715	5779993
398716	5779999
398717	5780087
398718	5780111
398719	5780147
398720	5780179
398721	5780191
398722	5780197
398723	5780207
398724	5780209
398725	5780219
398726	5780227
398727	5780231
398728	5780249
398729	5780261
398730	5780267
398731	5780273
398732	5780287
398733	5780293
398734	5780297
398735	5780317
398736	5780329
398737	5780347
398738	5780387
398739	5780393
398740	5780417
398741	5780419
398742	5780443
398743	5780491
398744	5780507
398745	5780513
398746	5780519
398747	5780531
398748	5780569
398749	5780587
398750	5780603
398751	5780609
398752	5780611
398753	5780623
398754	5780627
398755	5780633
398756	5780681
398757	5780683
398758	5780689
398759	5780699
398760	5780711
398761	5780737
398762	5780743
398763	5780759
398764	5780771
398765	5780779
398766	5780783
398767	5780809
398768	5780821
398769	5780837
398770	5780851
398771	5780857
398772	5780881
398773	5780893
398774	5780923
398775	5780927
398776	5780933
398777	5780939
398778	5780987
398779	5781007
398780	5781011
398781	5781029
398782	5781053
398783	5781059
398784	5781067
398785	5781077
398786	5781091
398787	5781101
398788	5781107
398789	5781131
398790	5781133
398791	5781143
398792	5781151
398793	5781169
398794	5781239
398795	5781247
398796	5781253
398797	5781271
398798	5781277
398799	5781289
398800	5781311
398801	5781313
398802	5781319
398803	5781323
398804	5781331
398805	5781371
398806	5781383
398807	5781409
398808	5781431
398809	5781437
398810	5781439
398811	5781443
398812	5781467
398813	5781499
398814	5781539
398815	5781541
398816	5781553
398817	5781569
398818	5781571
398819	5781599
398820	5781613
398821	5781623
398822	5781637
398823	5781653
398824	5781661
398825	5781689
398826	5781691
398827	5781709
398828	5781733
398829	5781749
398830	5781791
398831	5781793
398832	5781803
398833	5781827
398834	5781829
398835	5781847
398836	5781857
398837	5781859
398838	5781869
398839	5781889
398840	5781911
398841	5781961
398842	5781977
398843	5782001
398844	5782013
398845	5782031
398846	5782037
398847	5782043
398848	5782093
398849	5782103
398850	5782109
398851	5782121
398852	5782157
398853	5782163
398854	5782171
398855	5782181
398856	5782187
398857	5782199
398858	5782201
398859	5782207
398860	5782211
398861	5782219
398862	5782277
398863	5782279
398864	5782291
398865	5782297
398866	5782307
398867	5782319
398868	5782321
398869	5782333
398870	5782349
398871	5782367
398872	5782369
398873	5782379
398874	5782391
398875	5782393
398876	5782409
398877	5782411
398878	5782433
398879	5782451
398880	5782463
398881	5782477
398882	5782489
398883	5782519
398884	5782529
398885	5782547
398886	5782561
398887	5782577
398888	5782603
398889	5782607
398890	5782627
398891	5782639
398892	5782643
398893	5782657
398894	5782663
398895	5782697
398896	5782717
398897	5782753
398898	5782759
398899	5782787
398900	5782793
398901	5782801
398902	5782807
398903	5782853
398904	5782891
398905	5782921
398906	5782939
398907	5782949
398908	5782951
398909	5782969
398910	5782981
398911	5782993
398912	5783017
398913	5783023
398914	5783033
398915	5783039
398916	5783047
398917	5783053
398918	5783069
398919	5783101
398920	5783119
398921	5783123
398922	5783153
398923	5783171
398924	5783177
398925	5783203
398926	5783207
398927	5783233
398928	5783249
398929	5783251
398930	5783269
398931	5783273
398932	5783287
398933	5783321
398934	5783339
398935	5783363
398936	5783369
398937	5783381
398938	5783387
398939	5783389
398940	5783399
398941	5783443
398942	5783461
398943	5783473
398944	5783497
398945	5783509
398946	5783513
398947	5783539
398948	5783549
398949	5783551
398950	5783579
398951	5783677
398952	5783693
398953	5783719
398954	5783737
398955	5783749
398956	5783761
398957	5783779
398958	5783807
398959	5783821
398960	5783839
398961	5783851
398962	5783861
398963	5783891
398964	5783903
398965	5783917
398966	5783941
398967	5783969
398968	5783983
398969	5784001
398970	5784007
398971	5784019
398972	5784047
398973	5784061
398974	5784067
398975	5784071
398976	5784083
398977	5784089
398978	5784091
398979	5784133
398980	5784139
398981	5784161
398982	5784179
398983	5784209
398984	5784211
398985	5784221
398986	5784223
398987	5784257
398988	5784263
398989	5784269
398990	5784271
398991	5784283
398992	5784319
398993	5784323
398994	5784343
398995	5784349
398996	5784391
398997	5784407
398998	5784409
398999	5784421
399000	5784439
