399001	5784461
399002	5784463
399003	5784479
399004	5784497
399005	5784503
399006	5784509
399007	5784529
399008	5784557
399009	5784563
399010	5784577
399011	5784589
399012	5784599
399013	5784613
399014	5784629
399015	5784637
399016	5784671
399017	5784673
399018	5784719
399019	5784749
399020	5784761
399021	5784767
399022	5784781
399023	5784787
399024	5784841
399025	5784853
399026	5784869
399027	5784871
399028	5784893
399029	5784899
399030	5784923
399031	5784929
399032	5784931
399033	5784959
399034	5784967
399035	5784973
399036	5784991
399037	5785001
399038	5785019
399039	5785027
399040	5785051
399041	5785067
399042	5785069
399043	5785079
399044	5785081
399045	5785093
399046	5785097
399047	5785103
399048	5785147
399049	5785193
399050	5785207
399051	5785229
399052	5785271
399053	5785331
399054	5785333
399055	5785337
399056	5785379
399057	5785391
399058	5785399
399059	5785411
399060	5785421
399061	5785433
399062	5785447
399063	5785463
399064	5785477
399065	5785501
399066	5785511
399067	5785513
399068	5785523
399069	5785537
399070	5785541
399071	5785543
399072	5785553
399073	5785589
399074	5785601
399075	5785621
399076	5785643
399077	5785657
399078	5785669
399079	5785691
399080	5785711
399081	5785721
399082	5785757
399083	5785771
399084	5785777
399085	5785783
399086	5785799
399087	5785807
399088	5785837
399089	5785853
399090	5785859
399091	5785873
399092	5785889
399093	5785891
399094	5785973
399095	5785991
399096	5785999
399097	5786017
399098	5786083
399099	5786093
399100	5786113
399101	5786129
399102	5786141
399103	5786159
399104	5786173
399105	5786177
399106	5786213
399107	5786227
399108	5786237
399109	5786257
399110	5786269
399111	5786281
399112	5786293
399113	5786309
399114	5786327
399115	5786329
399116	5786351
399117	5786353
399118	5786359
399119	5786369
399120	5786377
399121	5786387
399122	5786411
399123	5786413
399124	5786419
399125	5786441
399126	5786447
399127	5786461
399128	5786479
399129	5786503
399130	5786509
399131	5786527
399132	5786537
399133	5786551
399134	5786563
399135	5786567
399136	5786569
399137	5786587
399138	5786591
399139	5786603
399140	5786609
399141	5786611
399142	5786629
399143	5786657
399144	5786707
399145	5786761
399146	5786797
399147	5786813
399148	5786827
399149	5786839
399150	5786861
399151	5786867
399152	5786899
399153	5786917
399154	5786927
399155	5786947
399156	5786959
399157	5786971
399158	5786981
399159	5786999
399160	5787013
399161	5787071
399162	5787079
399163	5787091
399164	5787101
399165	5787107
399166	5787121
399167	5787143
399168	5787149
399169	5787151
399170	5787163
399171	5787167
399172	5787169
399173	5787179
399174	5787181
399175	5787193
399176	5787203
399177	5787209
399178	5787217
399179	5787247
399180	5787277
399181	5787317
399182	5787319
399183	5787347
399184	5787349
399185	5787371
399186	5787373
399187	5787389
399188	5787391
399189	5787409
399190	5787427
399191	5787433
399192	5787473
399193	5787479
399194	5787493
399195	5787511
399196	5787541
399197	5787563
399198	5787631
399199	5787637
399200	5787703
399201	5787713
399202	5787739
399203	5787751
399204	5787763
399205	5787767
399206	5787773
399207	5787779
399208	5787781
399209	5787797
399210	5787823
399211	5787827
399212	5787829
399213	5787833
399214	5787851
399215	5787869
399216	5787883
399217	5787889
399218	5787919
399219	5787949
399220	5787961
399221	5787983
399222	5788001
399223	5788033
399224	5788037
399225	5788043
399226	5788051
399227	5788067
399228	5788117
399229	5788121
399230	5788127
399231	5788129
399232	5788147
399233	5788151
399234	5788193
399235	5788201
399236	5788207
399237	5788213
399238	5788241
399239	5788247
399240	5788259
399241	5788267
399242	5788271
399243	5788297
399244	5788301
399245	5788303
399246	5788327
399247	5788357
399248	5788373
399249	5788403
399250	5788423
399251	5788427
399252	5788439
399253	5788441
399254	5788457
399255	5788463
399256	5788477
399257	5788481
399258	5788499
399259	5788513
399260	5788529
399261	5788543
399262	5788553
399263	5788583
399264	5788589
399265	5788609
399266	5788621
399267	5788631
399268	5788639
399269	5788693
399270	5788697
399271	5788729
399272	5788763
399273	5788771
399274	5788793
399275	5788817
399276	5788829
399277	5788837
399278	5788841
399279	5788873
399280	5788897
399281	5788919
399282	5788921
399283	5788931
399284	5788949
399285	5788963
399286	5788967
399287	5788987
399288	5789029
399289	5789059
399290	5789071
399291	5789081
399292	5789089
399293	5789107
399294	5789111
399295	5789117
399296	5789141
399297	5789143
399298	5789153
399299	5789177
399300	5789191
399301	5789221
399302	5789227
399303	5789233
399304	5789249
399305	5789263
399306	5789291
399307	5789309
399308	5789341
399309	5789347
399310	5789359
399311	5789363
399312	5789383
399313	5789423
399314	5789437
399315	5789453
399316	5789461
399317	5789479
399318	5789513
399319	5789519
399320	5789533
399321	5789551
399322	5789573
399323	5789587
399324	5789599
399325	5789617
399326	5789627
399327	5789657
399328	5789659
399329	5789677
399330	5789681
399331	5789683
399332	5789711
399333	5789731
399334	5789743
399335	5789747
399336	5789759
399337	5789779
399338	5789857
399339	5789863
399340	5789869
399341	5789881
399342	5789891
399343	5789893
399344	5789899
399345	5789909
399346	5789921
399347	5789929
399348	5789933
399349	5789947
399350	5789957
399351	5789969
399352	5789981
399353	5789999
399354	5790011
399355	5790017
399356	5790023
399357	5790067
399358	5790077
399359	5790097
399360	5790101
399361	5790119
399362	5790139
399363	5790157
399364	5790203
399365	5790209
399366	5790223
399367	5790247
399368	5790271
399369	5790277
399370	5790299
399371	5790313
399372	5790349
399373	5790359
399374	5790361
399375	5790373
399376	5790377
399377	5790419
399378	5790427
399379	5790439
399380	5790451
399381	5790469
399382	5790481
399383	5790487
399384	5790527
399385	5790529
399386	5790539
399387	5790563
399388	5790569
399389	5790571
399390	5790581
399391	5790599
399392	5790613
399393	5790623
399394	5790643
399395	5790667
399396	5790677
399397	5790683
399398	5790703
399399	5790709
399400	5790739
399401	5790781
399402	5790787
399403	5790793
399404	5790797
399405	5790809
399406	5790847
399407	5790857
399408	5790859
399409	5790887
399410	5790899
399411	5790919
399412	5790943
399413	5790949
399414	5790959
399415	5790971
399416	5790979
399417	5791007
399418	5791013
399419	5791057
399420	5791081
399421	5791091
399422	5791109
399423	5791133
399424	5791153
399425	5791171
399426	5791189
399427	5791207
399428	5791211
399429	5791217
399430	5791229
399431	5791231
399432	5791241
399433	5791249
399434	5791307
399435	5791337
399436	5791361
399437	5791367
399438	5791391
399439	5791397
399440	5791403
399441	5791417
399442	5791427
399443	5791463
399444	5791483
399445	5791493
399446	5791517
399447	5791531
399448	5791549
399449	5791567
399450	5791609
399451	5791633
399452	5791649
399453	5791661
399454	5791673
399455	5791717
399456	5791741
399457	5791757
399458	5791759
399459	5791769
399460	5791771
399461	5791811
399462	5791813
399463	5791817
399464	5791829
399465	5791843
399466	5791847
399467	5791859
399468	5791871
399469	5791873
399470	5791897
399471	5791901
399472	5791913
399473	5791921
399474	5791927
399475	5791931
399476	5791937
399477	5791939
399478	5791963
399479	5791987
399480	5791993
399481	5792023
399482	5792027
399483	5792051
399484	5792063
399485	5792069
399486	5792081
399487	5792099
399488	5792107
399489	5792117
399490	5792153
399491	5792167
399492	5792173
399493	5792177
399494	5792179
399495	5792203
399496	5792219
399497	5792221
399498	5792263
399499	5792273
399500	5792279
399501	5792299
399502	5792309
399503	5792323
399504	5792329
399505	5792333
399506	5792383
399507	5792407
399508	5792417
399509	5792419
399510	5792429
399511	5792441
399512	5792447
399513	5792453
399514	5792459
399515	5792467
399516	5792483
399517	5792491
399518	5792513
399519	5792537
399520	5792551
399521	5792557
399522	5792569
399523	5792581
399524	5792639
399525	5792641
399526	5792651
399527	5792671
399528	5792681
399529	5792713
399530	5792737
399531	5792747
399532	5792789
399533	5792791
399534	5792807
399535	5792821
399536	5792827
399537	5792861
399538	5792863
399539	5792867
399540	5792879
399541	5792881
399542	5792893
399543	5792909
399544	5792923
399545	5792933
399546	5792947
399547	5792959
399548	5792981
399549	5792993
399550	5793019
399551	5793031
399552	5793041
399553	5793077
399554	5793091
399555	5793113
399556	5793133
399557	5793163
399558	5793169
399559	5793181
399560	5793191
399561	5793197
399562	5793223
399563	5793253
399564	5793283
399565	5793299
399566	5793313
399567	5793323
399568	5793329
399569	5793371
399570	5793383
399571	5793391
399572	5793409
399573	5793439
399574	5793443
399575	5793449
399576	5793451
399577	5793467
399578	5793479
399579	5793503
399580	5793511
399581	5793517
399582	5793521
399583	5793523
399584	5793527
399585	5793547
399586	5793553
399587	5793577
399588	5793581
399589	5793607
399590	5793611
399591	5793637
399592	5793653
399593	5793661
399594	5793673
399595	5793679
399596	5793701
399597	5793743
399598	5793757
399599	5793761
399600	5793779
399601	5793847
399602	5793871
399603	5793883
399604	5793899
399605	5793911
399606	5793913
399607	5793919
399608	5793971
399609	5793979
399610	5794001
399611	5794003
399612	5794007
399613	5794027
399614	5794037
399615	5794043
399616	5794099
399617	5794109
399618	5794123
399619	5794133
399620	5794169
399621	5794181
399622	5794193
399623	5794199
399624	5794211
399625	5794219
399626	5794231
399627	5794249
399628	5794253
399629	5794267
399630	5794273
399631	5794279
399632	5794307
399633	5794319
399634	5794343
399635	5794357
399636	5794391
399637	5794417
399638	5794423
399639	5794457
399640	5794469
399641	5794483
399642	5794507
399643	5794511
399644	5794513
399645	5794517
399646	5794541
399647	5794559
399648	5794561
399649	5794609
399650	5794627
399651	5794631
399652	5794669
399653	5794697
399654	5794699
399655	5794703
399656	5794709
399657	5794717
399658	5794721
399659	5794727
399660	5794741
399661	5794757
399662	5794769
399663	5794777
399664	5794783
399665	5794787
399666	5794801
399667	5794819
399668	5794843
399669	5794847
399670	5794849
399671	5794889
399672	5794891
399673	5794907
399674	5794913
399675	5794937
399676	5794951
399677	5794961
399678	5794969
399679	5794993
399680	5795017
399681	5795021
399682	5795059
399683	5795081
399684	5795087
399685	5795107
399686	5795123
399687	5795159
399688	5795161
399689	5795191
399690	5795197
399691	5795213
399692	5795221
399693	5795261
399694	5795263
399695	5795267
399696	5795291
399697	5795329
399698	5795353
399699	5795369
399700	5795381
399701	5795407
399702	5795423
399703	5795507
399704	5795527
399705	5795533
399706	5795579
399707	5795593
399708	5795611
399709	5795633
399710	5795651
399711	5795663
399712	5795681
399713	5795693
399714	5795723
399715	5795743
399716	5795749
399717	5795753
399718	5795767
399719	5795771
399720	5795773
399721	5795813
399722	5795819
399723	5795837
399724	5795849
399725	5795851
399726	5795873
399727	5795887
399728	5795897
399729	5795903
399730	5795917
399731	5795957
399732	5795971
399733	5795987
399734	5796001
399735	5796029
399736	5796053
399737	5796061
399738	5796071
399739	5796073
399740	5796097
399741	5796137
399742	5796157
399743	5796169
399744	5796173
399745	5796191
399746	5796209
399747	5796223
399748	5796229
399749	5796233
399750	5796247
399751	5796251
399752	5796313
399753	5796319
399754	5796347
399755	5796353
399756	5796361
399757	5796367
399758	5796377
399759	5796397
399760	5796431
399761	5796487
399762	5796493
399763	5796503
399764	5796517
399765	5796521
399766	5796551
399767	5796589
399768	5796599
399769	5796601
399770	5796611
399771	5796629
399772	5796631
399773	5796641
399774	5796649
399775	5796673
399776	5796683
399777	5796697
399778	5796709
399779	5796731
399780	5796733
399781	5796797
399782	5796811
399783	5796821
399784	5796823
399785	5796829
399786	5796841
399787	5796859
399788	5796863
399789	5796893
399790	5796913
399791	5796929
399792	5796953
399793	5796977
399794	5796991
399795	5797007
399796	5797009
399797	5797019
399798	5797021
399799	5797037
399800	5797061
399801	5797063
399802	5797111
399803	5797117
399804	5797133
399805	5797139
399806	5797157
399807	5797159
399808	5797177
399809	5797189
399810	5797199
399811	5797201
399812	5797213
399813	5797229
399814	5797241
399815	5797243
399816	5797247
399817	5797283
399818	5797307
399819	5797321
399820	5797327
399821	5797339
399822	5797369
399823	5797373
399824	5797387
399825	5797397
399826	5797409
399827	5797417
399828	5797427
399829	5797433
399830	5797439
399831	5797469
399832	5797481
399833	5797483
399834	5797487
399835	5797507
399836	5797531
399837	5797537
399838	5797543
399839	5797553
399840	5797559
399841	5797579
399842	5797607
399843	5797609
399844	5797619
399845	5797643
399846	5797657
399847	5797661
399848	5797669
399849	5797741
399850	5797751
399851	5797763
399852	5797783
399853	5797801
399854	5797811
399855	5797859
399856	5797903
399857	5797919
399858	5797927
399859	5797943
399860	5797951
399861	5797993
399862	5798017
399863	5798027
399864	5798033
399865	5798063
399866	5798087
399867	5798099
399868	5798101
399869	5798119
399870	5798123
399871	5798137
399872	5798141
399873	5798153
399874	5798161
399875	5798183
399876	5798189
399877	5798197
399878	5798201
399879	5798203
399880	5798213
399881	5798227
399882	5798257
399883	5798267
399884	5798269
399885	5798279
399886	5798281
399887	5798291
399888	5798311
399889	5798327
399890	5798339
399891	5798371
399892	5798389
399893	5798413
399894	5798417
399895	5798431
399896	5798447
399897	5798449
399898	5798459
399899	5798467
399900	5798483
399901	5798489
399902	5798503
399903	5798537
399904	5798539
399905	5798543
399906	5798549
399907	5798567
399908	5798621
399909	5798623
399910	5798627
399911	5798699
399912	5798711
399913	5798729
399914	5798761
399915	5798773
399916	5798791
399917	5798801
399918	5798803
399919	5798809
399920	5798827
399921	5798831
399922	5798839
399923	5798867
399924	5798893
399925	5798929
399926	5798939
399927	5798957
399928	5798959
399929	5798981
399930	5798983
399931	5798987
399932	5798993
399933	5799007
399934	5799011
399935	5799019
399936	5799041
399937	5799083
399938	5799097
399939	5799103
399940	5799113
399941	5799119
399942	5799149
399943	5799179
399944	5799181
399945	5799191
399946	5799203
399947	5799223
399948	5799257
399949	5799259
399950	5799301
399951	5799307
399952	5799317
399953	5799323
399954	5799337
399955	5799341
399956	5799359
399957	5799361
399958	5799401
399959	5799439
399960	5799481
399961	5799487
399962	5799509
399963	5799517
399964	5799529
399965	5799551
399966	5799553
399967	5799557
399968	5799569
399969	5799571
399970	5799583
399971	5799589
399972	5799613
399973	5799637
399974	5799649
399975	5799679
399976	5799691
399977	5799707
399978	5799767
399979	5799793
399980	5799799
399981	5799803
399982	5799811
399983	5799823
399984	5799851
399985	5799853
399986	5799869
399987	5799929
399988	5799931
399989	5799947
399990	5799953
399991	5799961
399992	5799977
399993	5799991
399994	5800019
399995	5800021
399996	5800027
399997	5800037
399998	5800049
399999	5800057
400000	5800079
