200001	2750161
200002	2750171
200003	2750177
200004	2750197
200005	2750201
200006	2750213
200007	2750219
200008	2750249
200009	2750261
200010	2750263
200011	2750287
200012	2750291
200013	2750303
200014	2750339
200015	2750347
200016	2750353
200017	2750357
200018	2750369
200019	2750387
200020	2750399
200021	2750401
200022	2750431
200023	2750437
200024	2750453
200025	2750471
200026	2750479
200027	2750491
200028	2750509
200029	2750513
200030	2750557
200031	2750569
200032	2750597
200033	2750603
200034	2750623
200035	2750641
200036	2750653
200037	2750663
200038	2750677
200039	2750707
200040	2750729
200041	2750743
200042	2750749
200043	2750771
200044	2750773
200045	2750779
200046	2750789
200047	2750791
200048	2750809
200049	2750827
200050	2750831
200051	2750851
200052	2750857
200053	2750861
200054	2750893
200055	2750899
200056	2750903
200057	2750933
200058	2750939
200059	2750959
200060	2750963
200061	2750981
200062	2750983
200063	2750989
200064	2750999
200065	2751041
200066	2751083
200067	2751101
200068	2751103
200069	2751109
200070	2751113
200071	2751137
200072	2751163
200073	2751187
200074	2751193
200075	2751241
200076	2751247
200077	2751251
200078	2751253
200079	2751293
200080	2751299
200081	2751313
200082	2751319
200083	2751323
200084	2751337
200085	2751349
200086	2751361
200087	2751379
200088	2751383
200089	2751391
200090	2751403
200091	2751407
200092	2751449
200093	2751457
200094	2751461
200095	2751479
200096	2751481
200097	2751493
200098	2751509
200099	2751517
200100	2751557
200101	2751571
200102	2751577
200103	2751587
200104	2751611
200105	2751647
200106	2751667
200107	2751677
200108	2751689
200109	2751703
200110	2751733
200111	2751761
200112	2751779
200113	2751787
200114	2751799
200115	2751809
200116	2751811
200117	2751817
200118	2751821
200119	2751823
200120	2751829
200121	2751857
200122	2751863
200123	2751869
200124	2751883
200125	2751887
200126	2751899
200127	2751907
200128	2751953
200129	2751967
200130	2751989
200131	2751997
200132	2752003
200133	2752021
200134	2752033
200135	2752049
200136	2752051
200137	2752069
200138	2752081
200139	2752103
200140	2752109
200141	2752117
200142	2752121
200143	2752151
200144	2752153
200145	2752177
200146	2752199
200147	2752201
200148	2752219
200149	2752223
200150	2752229
200151	2752231
200152	2752247
200153	2752261
200154	2752271
200155	2752307
200156	2752313
200157	2752331
200158	2752349
200159	2752357
200160	2752391
200161	2752403
200162	2752417
200163	2752423
200164	2752447
200165	2752481
200166	2752493
200167	2752499
200168	2752513
200169	2752517
200170	2752523
200171	2752531
200172	2752543
200173	2752591
200174	2752601
200175	2752609
200176	2752613
200177	2752619
200178	2752637
200179	2752639
200180	2752667
200181	2752669
200182	2752679
200183	2752697
200184	2752721
200185	2752723
200186	2752733
200187	2752787
200188	2752811
200189	2752823
200190	2752843
200191	2752877
200192	2752879
200193	2752889
200194	2752901
200195	2752909
200196	2752921
200197	2752933
200198	2752951
200199	2752961
200200	2752987
200201	2752993
200202	2753029
200203	2753033
200204	2753039
200205	2753063
200206	2753111
200207	2753129
200208	2753131
200209	2753137
200210	2753143
200211	2753147
200212	2753189
200213	2753197
200214	2753221
200215	2753237
200216	2753263
200217	2753279
200218	2753287
200219	2753291
200220	2753323
200221	2753351
200222	2753363
200223	2753369
200224	2753407
200225	2753411
200226	2753417
200227	2753441
200228	2753453
200229	2753459
200230	2753467
200231	2753477
200232	2753497
200233	2753501
200234	2753533
200235	2753549
200236	2753551
200237	2753567
200238	2753573
200239	2753581
200240	2753587
200241	2753599
200242	2753693
200243	2753719
200244	2753743
200245	2753759
200246	2753783
200247	2753791
200248	2753809
200249	2753819
200250	2753831
200251	2753851
200252	2753867
200253	2753887
200254	2753897
200255	2753903
200256	2753909
200257	2753921
200258	2753939
200259	2753941
200260	2753957
200261	2753977
200262	2753999
200263	2754001
200264	2754041
200265	2754047
200266	2754049
200267	2754053
200268	2754067
200269	2754083
200270	2754091
200271	2754109
200272	2754113
200273	2754127
200274	2754137
200275	2754151
200276	2754197
200277	2754203
200278	2754239
200279	2754263
200280	2754281
200281	2754299
200282	2754329
200283	2754361
200284	2754379
200285	2754397
200286	2754403
200287	2754407
200288	2754419
200289	2754431
200290	2754467
200291	2754473
200292	2754481
200293	2754491
200294	2754497
200295	2754523
200296	2754541
200297	2754547
200298	2754551
200299	2754599
200300	2754611
200301	2754617
200302	2754649
200303	2754673
200304	2754683
200305	2754701
200306	2754707
200307	2754721
200308	2754743
200309	2754751
200310	2754803
200311	2754847
200312	2754859
200313	2754883
200314	2754889
200315	2754893
200316	2754907
200317	2754911
200318	2754923
200319	2754937
200320	2754949
200321	2754991
200322	2755021
200323	2755031
200324	2755033
200325	2755043
200326	2755073
200327	2755097
200328	2755111
200329	2755117
200330	2755121
200331	2755127
200332	2755141
200333	2755153
200334	2755157
200335	2755163
200336	2755177
200337	2755199
200338	2755201
200339	2755211
200340	2755213
200341	2755219
200342	2755223
200343	2755231
200344	2755237
200345	2755243
200346	2755267
200347	2755289
200348	2755301
200349	2755303
200350	2755307
200351	2755369
200352	2755387
200353	2755393
200354	2755409
200355	2755421
200356	2755429
200357	2755447
200358	2755463
200359	2755471
200360	2755499
200361	2755541
200362	2755549
200363	2755567
200364	2755601
200365	2755619
200366	2755633
200367	2755637
200368	2755661
200369	2755663
200370	2755693
200371	2755721
200372	2755747
200373	2755759
200374	2755769
200375	2755789
200376	2755793
200377	2755801
200378	2755813
200379	2755829
200380	2755859
200381	2755861
200382	2755877
200383	2755891
200384	2755943
200385	2755967
200386	2755981
200387	2755997
200388	2756009
200389	2756011
200390	2756059
200391	2756069
200392	2756071
200393	2756077
200394	2756099
200395	2756101
200396	2756107
200397	2756111
200398	2756119
200399	2756123
200400	2756129
200401	2756147
200402	2756153
200403	2756161
200404	2756191
200405	2756207
200406	2756219
200407	2756249
200408	2756267
200409	2756269
200410	2756279
200411	2756309
200412	2756339
200413	2756357
200414	2756381
200415	2756401
200416	2756417
200417	2756423
200418	2756437
200419	2756441
200420	2756459
200421	2756483
200422	2756491
200423	2756497
200424	2756519
200425	2756521
200426	2756549
200427	2756557
200428	2756561
200429	2756563
200430	2756569
200431	2756587
200432	2756599
200433	2756603
200434	2756609
200435	2756627
200436	2756629
200437	2756639
200438	2756659
200439	2756671
200440	2756681
200441	2756683
200442	2756693
200443	2756707
200444	2756713
200445	2756723
200446	2756731
200447	2756749
200448	2756753
200449	2756777
200450	2756783
200451	2756791
200452	2756797
200453	2756801
200454	2756821
200455	2756869
200456	2756903
200457	2756909
200458	2756933
200459	2756939
200460	2756959
200461	2756977
200462	2756989
200463	2756993
200464	2757019
200465	2757037
200466	2757049
200467	2757061
200468	2757091
200469	2757119
200470	2757121
200471	2757133
200472	2757151
200473	2757163
200474	2757169
200475	2757187
200476	2757191
200477	2757193
200478	2757211
200479	2757221
200480	2757229
200481	2757257
200482	2757259
200483	2757311
200484	2757317
200485	2757319
200486	2757323
200487	2757329
200488	2757347
200489	2757361
200490	2757367
200491	2757371
200492	2757379
200493	2757397
200494	2757437
200495	2757457
200496	2757463
200497	2757529
200498	2757533
200499	2757541
200500	2757563
200501	2757577
200502	2757593
200503	2757607
200504	2757611
200505	2757617
200506	2757649
200507	2757659
200508	2757661
200509	2757691
200510	2757709
200511	2757731
200512	2757743
200513	2757761
200514	2757767
200515	2757773
200516	2757817
200517	2757829
200518	2757851
200519	2757863
200520	2757877
200521	2757883
200522	2757889
200523	2757901
200524	2757917
200525	2758003
200526	2758033
200527	2758037
200528	2758051
200529	2758061
200530	2758069
200531	2758079
200532	2758087
200533	2758099
200534	2758109
200535	2758117
200536	2758121
200537	2758141
200538	2758157
200539	2758169
200540	2758181
200541	2758213
200542	2758241
200543	2758243
200544	2758247
200545	2758253
200546	2758291
200547	2758297
200548	2758307
200549	2758319
200550	2758331
200551	2758337
200552	2758361
200553	2758373
200554	2758397
200555	2758409
200556	2758429
200557	2758447
200558	2758453
200559	2758489
200560	2758499
200561	2758507
200562	2758517
200563	2758519
200564	2758529
200565	2758531
200566	2758537
200567	2758541
200568	2758543
200569	2758589
200570	2758631
200571	2758633
200572	2758661
200573	2758711
200574	2758771
200575	2758787
200576	2758793
200577	2758801
200578	2758807
200579	2758817
200580	2758823
200581	2758829
200582	2758841
200583	2758843
200584	2758871
200585	2758891
200586	2758897
200587	2758901
200588	2758937
200589	2758949
200590	2758957
200591	2758963
200592	2758999
200593	2759023
200594	2759027
200595	2759039
200596	2759059
200597	2759063
200598	2759069
200599	2759087
200600	2759111
200601	2759137
200602	2759153
200603	2759167
200604	2759171
200605	2759173
200606	2759189
200607	2759203
200608	2759227
200609	2759231
200610	2759249
200611	2759257
200612	2759269
200613	2759291
200614	2759293
200615	2759297
200616	2759299
200617	2759303
200618	2759311
200619	2759357
200620	2759369
200621	2759387
200622	2759411
200623	2759413
200624	2759431
200625	2759441
200626	2759443
200627	2759453
200628	2759459
200629	2759461
200630	2759467
200631	2759479
200632	2759483
200633	2759507
200634	2759513
200635	2759521
200636	2759531
200637	2759539
200638	2759599
200639	2759621
200640	2759677
200641	2759683
200642	2759689
200643	2759711
200644	2759717
200645	2759723
200646	2759761
200647	2759789
200648	2759803
200649	2759819
200650	2759821
200651	2759849
200652	2759857
200653	2759873
200654	2759879
200655	2759881
200656	2759891
200657	2759909
200658	2759917
200659	2759929
200660	2759947
200661	2759951
200662	2759957
200663	2759963
200664	2759971
200665	2760013
200666	2760019
200667	2760031
200668	2760049
200669	2760053
200670	2760061
200671	2760077
200672	2760097
200673	2760101
200674	2760113
200675	2760143
200676	2760151
200677	2760179
200678	2760193
200679	2760221
200680	2760223
200681	2760259
200682	2760269
200683	2760283
200684	2760287
200685	2760313
200686	2760319
200687	2760323
200688	2760337
200689	2760361
200690	2760371
200691	2760379
200692	2760403
200693	2760421
200694	2760449
200695	2760463
200696	2760469
200697	2760473
200698	2760487
200699	2760509
200700	2760521
200701	2760559
200702	2760577
200703	2760587
200704	2760617
200705	2760629
200706	2760631
200707	2760649
200708	2760671
200709	2760673
200710	2760683
200711	2760697
200712	2760701
200713	2760721
200714	2760739
200715	2760743
200716	2760761
200717	2760763
200718	2760773
200719	2760781
200720	2760811
200721	2760839
200722	2760847
200723	2760881
200724	2760883
200725	2760889
200726	2760913
200727	2760931
200728	2760937
200729	2760949
200730	2760959
200731	2760983
200732	2760991
200733	2761007
200734	2761009
200735	2761013
200736	2761027
200737	2761039
200738	2761091
200739	2761093
200740	2761097
200741	2761111
200742	2761147
200743	2761151
200744	2761153
200745	2761163
200746	2761169
200747	2761181
200748	2761183
200749	2761189
200750	2761193
200751	2761207
200752	2761217
200753	2761223
200754	2761229
200755	2761267
200756	2761277
200757	2761279
200758	2761301
200759	2761303
200760	2761307
200761	2761333
200762	2761379
200763	2761393
200764	2761397
200765	2761411
200766	2761439
200767	2761453
200768	2761471
200769	2761477
200770	2761481
200771	2761489
200772	2761501
200773	2761529
200774	2761543
200775	2761547
200776	2761553
200777	2761559
200778	2761567
200779	2761571
200780	2761597
200781	2761609
200782	2761621
200783	2761657
200784	2761711
200785	2761721
200786	2761723
200787	2761727
200788	2761729
200789	2761741
200790	2761747
200791	2761751
200792	2761789
200793	2761793
200794	2761819
200795	2761831
200796	2761841
200797	2761853
200798	2761877
200799	2761901
200800	2761903
200801	2761907
200802	2761943
200803	2761961
200804	2761981
200805	2761987
200806	2761999
200807	2762003
200808	2762009
200809	2762027
200810	2762029
200811	2762033
200812	2762063
200813	2762083
200814	2762117
200815	2762119
200816	2762147
200817	2762159
200818	2762167
200819	2762171
200820	2762173
200821	2762183
200822	2762189
200823	2762197
200824	2762213
200825	2762233
200826	2762251
200827	2762261
200828	2762267
200829	2762273
200830	2762281
200831	2762297
200832	2762329
200833	2762339
200834	2762351
200835	2762371
200836	2762401
200837	2762407
200838	2762411
200839	2762423
200840	2762437
200841	2762443
200842	2762447
200843	2762479
200844	2762491
200845	2762497
200846	2762527
200847	2762533
200848	2762537
200849	2762549
200850	2762561
200851	2762567
200852	2762587
200853	2762593
200854	2762647
200855	2762651
200856	2762671
200857	2762699
200858	2762713
200859	2762741
200860	2762759
200861	2762761
200862	2762777
200863	2762779
200864	2762803
200865	2762807
200866	2762819
200867	2762833
200868	2762839
200869	2762849
200870	2762861
200871	2762869
200872	2762909
200873	2762927
200874	2762933
200875	2762939
200876	2762941
200877	2762951
200878	2762953
200879	2762957
200880	2763001
200881	2763011
200882	2763053
200883	2763071
200884	2763097
200885	2763109
200886	2763119
200887	2763127
200888	2763133
200889	2763169
200890	2763179
200891	2763203
200892	2763209
200893	2763221
200894	2763251
200895	2763263
200896	2763287
200897	2763301
200898	2763311
200899	2763317
200900	2763331
200901	2763347
200902	2763353
200903	2763373
200904	2763377
200905	2763407
200906	2763413
200907	2763421
200908	2763443
200909	2763457
200910	2763463
200911	2763487
200912	2763491
200913	2763511
200914	2763529
200915	2763559
200916	2763577
200917	2763583
200918	2763587
200919	2763589
200920	2763599
200921	2763601
200922	2763617
200923	2763623
200924	2763643
200925	2763659
200926	2763661
200927	2763667
200928	2763679
200929	2763751
200930	2763757
200931	2763763
200932	2763773
200933	2763779
200934	2763781
200935	2763793
200936	2763811
200937	2763823
200938	2763829
200939	2763833
200940	2763881
200941	2763883
200942	2763931
200943	2763947
200944	2763967
200945	2763977
200946	2763989
200947	2764001
200948	2764007
200949	2764033
200950	2764039
200951	2764049
200952	2764057
200953	2764087
200954	2764121
200955	2764123
200956	2764127
200957	2764129
200958	2764133
200959	2764147
200960	2764171
200961	2764187
200962	2764199
200963	2764207
200964	2764213
200965	2764247
200966	2764271
200967	2764277
200968	2764283
200969	2764313
200970	2764331
200971	2764361
200972	2764369
200973	2764373
200974	2764423
200975	2764441
200976	2764453
200977	2764469
200978	2764499
200979	2764537
200980	2764543
200981	2764561
200982	2764579
200983	2764609
200984	2764637
200985	2764649
200986	2764651
200987	2764667
200988	2764679
200989	2764687
200990	2764711
200991	2764739
200992	2764757
200993	2764787
200994	2764789
200995	2764819
200996	2764837
200997	2764841
200998	2764847
200999	2764871
201000	2764873
