203001	2794739
203002	2794747
203003	2794763
203004	2794769
203005	2794787
203006	2794789
203007	2794807
203008	2794811
203009	2794879
203010	2794907
203011	2794921
203012	2794931
203013	2794963
203014	2794993
203015	2794997
203016	2795003
203017	2795027
203018	2795047
203019	2795059
203020	2795063
203021	2795069
203022	2795077
203023	2795083
203024	2795101
203025	2795119
203026	2795159
203027	2795189
203028	2795201
203029	2795209
203030	2795227
203031	2795237
203032	2795267
203033	2795269
203034	2795279
203035	2795291
203036	2795297
203037	2795311
203038	2795321
203039	2795323
203040	2795381
203041	2795383
203042	2795393
203043	2795399
203044	2795411
203045	2795417
203046	2795423
203047	2795431
203048	2795437
203049	2795453
203050	2795459
203051	2795467
203052	2795477
203053	2795491
203054	2795501
203055	2795521
203056	2795537
203057	2795543
203058	2795557
203059	2795561
203060	2795563
203061	2795567
203062	2795593
203063	2795621
203064	2795647
203065	2795659
203066	2795677
203067	2795693
203068	2795713
203069	2795753
203070	2795777
203071	2795791
203072	2795809
203073	2795873
203074	2795879
203075	2795887
203076	2795899
203077	2795911
203078	2795917
203079	2795927
203080	2795963
203081	2795971
203082	2795981
203083	2795993
203084	2795999
203085	2796011
203086	2796019
203087	2796037
203088	2796043
203089	2796083
203090	2796091
203091	2796103
203092	2796139
203093	2796163
203094	2796181
203095	2796203
203096	2796221
203097	2796223
203098	2796229
203099	2796259
203100	2796329
203101	2796337
203102	2796341
203103	2796361
203104	2796373
203105	2796397
203106	2796403
203107	2796427
203108	2796433
203109	2796467
203110	2796503
203111	2796509
203112	2796523
203113	2796527
203114	2796529
203115	2796559
203116	2796583
203117	2796587
203118	2796611
203119	2796617
203120	2796623
203121	2796649
203122	2796701
203123	2796707
203124	2796709
203125	2796737
203126	2796751
203127	2796767
203128	2796779
203129	2796797
203130	2796803
203131	2796817
203132	2796839
203133	2796877
203134	2796883
203135	2796901
203136	2796919
203137	2796929
203138	2796943
203139	2796949
203140	2796967
203141	2796977
203142	2797019
203143	2797031
203144	2797043
203145	2797057
203146	2797063
203147	2797073
203148	2797117
203149	2797121
203150	2797133
203151	2797159
203152	2797169
203153	2797211
203154	2797213
203155	2797217
203156	2797229
203157	2797241
203158	2797247
203159	2797259
203160	2797273
203161	2797303
203162	2797309
203163	2797337
203164	2797339
203165	2797357
203166	2797363
203167	2797373
203168	2797381
203169	2797387
203170	2797391
203171	2797411
203172	2797439
203173	2797441
203174	2797447
203175	2797453
203176	2797463
203177	2797477
203178	2797481
203179	2797489
203180	2797493
203181	2797507
203182	2797517
203183	2797523
203184	2797549
203185	2797567
203186	2797589
203187	2797637
203188	2797667
203189	2797679
203190	2797699
203191	2797723
203192	2797727
203193	2797733
203194	2797757
203195	2797783
203196	2797793
203197	2797813
203198	2797819
203199	2797841
203200	2797849
203201	2797867
203202	2797889
203203	2797901
203204	2797913
203205	2797919
203206	2797939
203207	2797961
203208	2797999
203209	2798011
203210	2798023
203211	2798069
203212	2798083
203213	2798087
203214	2798093
203215	2798099
203216	2798113
203217	2798119
203218	2798129
203219	2798137
203220	2798141
203221	2798143
203222	2798161
203223	2798167
203224	2798171
203225	2798177
203226	2798207
203227	2798233
203228	2798261
203229	2798269
203230	2798281
203231	2798293
203232	2798303
203233	2798317
203234	2798321
203235	2798329
203236	2798351
203237	2798359
203238	2798363
203239	2798381
203240	2798437
203241	2798449
203242	2798459
203243	2798461
203244	2798503
203245	2798513
203246	2798519
203247	2798527
203248	2798539
203249	2798597
203250	2798599
203251	2798603
203252	2798611
203253	2798623
203254	2798639
203255	2798641
203256	2798647
203257	2798651
203258	2798669
203259	2798687
203260	2798707
203261	2798713
203262	2798729
203263	2798737
203264	2798743
203265	2798759
203266	2798767
203267	2798777
203268	2798821
203269	2798837
203270	2798849
203271	2798867
203272	2798869
203273	2798899
203274	2798903
203275	2798921
203276	2798923
203277	2798927
203278	2798933
203279	2798941
203280	2798951
203281	2798963
203282	2798969
203283	2798981
203284	2798989
203285	2799001
203286	2799037
203287	2799053
203288	2799073
203289	2799091
203290	2799103
203291	2799113
203292	2799119
203293	2799131
203294	2799133
203295	2799143
203296	2799149
203297	2799151
203298	2799157
203299	2799163
203300	2799187
203301	2799197
203302	2799211
203303	2799217
203304	2799221
203305	2799233
203306	2799239
203307	2799253
203308	2799259
203309	2799281
203310	2799299
203311	2799361
203312	2799371
203313	2799397
203314	2799409
203315	2799413
203316	2799431
203317	2799443
203318	2799449
203319	2799451
203320	2799463
203321	2799469
203322	2799493
203323	2799497
203324	2799499
203325	2799529
203326	2799539
203327	2799551
203328	2799557
203329	2799581
203330	2799607
203331	2799637
203332	2799647
203333	2799661
203334	2799733
203335	2799749
203336	2799751
203337	2799757
203338	2799779
203339	2799787
203340	2799791
203341	2799793
203342	2799803
203343	2799809
203344	2799817
203345	2799829
203346	2799833
203347	2799847
203348	2799857
203349	2799871
203350	2799887
203351	2799893
203352	2799899
203353	2799911
203354	2799913
203355	2799919
203356	2799941
203357	2799947
203358	2799959
203359	2799967
203360	2799977
203361	2799989
203362	2799991
203363	2800001
203364	2800003
203365	2800033
203366	2800051
203367	2800069
203368	2800073
203369	2800079
203370	2800103
203371	2800139
203372	2800141
203373	2800159
203374	2800219
203375	2800241
203376	2800247
203377	2800249
203378	2800267
203379	2800283
203380	2800309
203381	2800321
203382	2800331
203383	2800333
203384	2800339
203385	2800373
203386	2800379
203387	2800397
203388	2800403
203389	2800439
203390	2800451
203391	2800459
203392	2800481
203393	2800489
203394	2800507
203395	2800513
203396	2800519
203397	2800531
203398	2800541
203399	2800561
203400	2800583
203401	2800601
203402	2800607
203403	2800621
203404	2800627
203405	2800639
203406	2800643
203407	2800663
203408	2800703
203409	2800709
203410	2800729
203411	2800769
203412	2800781
203413	2800783
203414	2800799
203415	2800823
203416	2800843
203417	2800859
203418	2800873
203419	2800877
203420	2800883
203421	2800921
203422	2800927
203423	2800949
203424	2800951
203425	2800957
203426	2800969
203427	2800979
203428	2800981
203429	2800991
203430	2801003
203431	2801017
203432	2801041
203433	2801047
203434	2801087
203435	2801111
203436	2801119
203437	2801137
203438	2801179
203439	2801219
203440	2801221
203441	2801237
203442	2801251
203443	2801257
203444	2801273
203445	2801287
203446	2801299
203447	2801317
203448	2801339
203449	2801347
203450	2801353
203451	2801363
203452	2801369
203453	2801401
203454	2801431
203455	2801441
203456	2801443
203457	2801459
203458	2801473
203459	2801479
203460	2801483
203461	2801509
203462	2801543
203463	2801573
203464	2801587
203465	2801593
203466	2801597
203467	2801599
203468	2801611
203469	2801621
203470	2801641
203471	2801681
203472	2801693
203473	2801707
203474	2801713
203475	2801737
203476	2801741
203477	2801767
203478	2801783
203479	2801789
203480	2801801
203481	2801803
203482	2801819
203483	2801833
203484	2801857
203485	2801863
203486	2801891
203487	2801917
203488	2801921
203489	2801927
203490	2801941
203491	2801971
203492	2801977
203493	2802011
203494	2802013
203495	2802017
203496	2802029
203497	2802053
203498	2802077
203499	2802083
203500	2802089
203501	2802091
203502	2802097
203503	2802109
203504	2802131
203505	2802143
203506	2802169
203507	2802179
203508	2802193
203509	2802199
203510	2802211
203511	2802257
203512	2802277
203513	2802301
203514	2802311
203515	2802313
203516	2802337
203517	2802341
203518	2802347
203519	2802377
203520	2802383
203521	2802403
203522	2802407
203523	2802451
203524	2802479
203525	2802487
203526	2802497
203527	2802511
203528	2802551
203529	2802571
203530	2802581
203531	2802593
203532	2802599
203533	2802601
203534	2802623
203535	2802641
203536	2802643
203537	2802659
203538	2802673
203539	2802707
203540	2802743
203541	2802749
203542	2802797
203543	2802847
203544	2802853
203545	2802857
203546	2802859
203547	2802871
203548	2802881
203549	2802893
203550	2802901
203551	2802907
203552	2802911
203553	2802923
203554	2802929
203555	2802931
203556	2802949
203557	2802959
203558	2802967
203559	2802973
203560	2802979
203561	2802983
203562	2802991
203563	2802997
203564	2803001
203565	2803019
203566	2803037
203567	2803057
203568	2803061
203569	2803067
203570	2803069
203571	2803081
203572	2803091
203573	2803103
203574	2803109
203575	2803121
203576	2803123
203577	2803139
203578	2803183
203579	2803187
203580	2803193
203581	2803201
203582	2803253
203583	2803259
203584	2803291
203585	2803303
203586	2803327
203587	2803331
203588	2803337
203589	2803357
203590	2803369
203591	2803399
203592	2803403
203593	2803421
203594	2803433
203595	2803441
203596	2803477
203597	2803511
203598	2803519
203599	2803543
203600	2803561
203601	2803571
203602	2803573
203603	2803579
203604	2803607
203605	2803637
203606	2803639
203607	2803649
203608	2803651
203609	2803663
203610	2803667
203611	2803673
203612	2803679
203613	2803687
203614	2803693
203615	2803699
203616	2803727
203617	2803741
203618	2803751
203619	2803771
203620	2803777
203621	2803781
203622	2803783
203623	2803799
203624	2803813
203625	2803817
203626	2803819
203627	2803837
203628	2803847
203629	2803873
203630	2803877
203631	2803891
203632	2803903
203633	2803909
203634	2803937
203635	2803939
203636	2803967
203637	2803991
203638	2804023
203639	2804027
203640	2804029
203641	2804041
203642	2804051
203643	2804057
203644	2804059
203645	2804069
203646	2804083
203647	2804111
203648	2804117
203649	2804129
203650	2804141
203651	2804143
203652	2804147
203653	2804171
203654	2804189
203655	2804203
203656	2804209
203657	2804227
203658	2804237
203659	2804239
203660	2804251
203661	2804257
203662	2804273
203663	2804293
203664	2804299
203665	2804309
203666	2804311
203667	2804323
203668	2804327
203669	2804377
203670	2804383
203671	2804407
203672	2804411
203673	2804437
203674	2804449
203675	2804471
203676	2804497
203677	2804509
203678	2804519
203679	2804521
203680	2804531
203681	2804567
203682	2804569
203683	2804573
203684	2804591
203685	2804617
203686	2804639
203687	2804693
203688	2804699
203689	2804717
203690	2804729
203691	2804731
203692	2804749
203693	2804759
203694	2804807
203695	2804831
203696	2804833
203697	2804839
203698	2804843
203699	2804861
203700	2804887
203701	2804891
203702	2804899
203703	2804917
203704	2804927
203705	2804939
203706	2804941
203707	2804953
203708	2804959
203709	2804993
203710	2805001
203711	2805031
203712	2805041
203713	2805043
203714	2805071
203715	2805091
203716	2805107
203717	2805113
203718	2805137
203719	2805157
203720	2805161
203721	2805163
203722	2805167
203723	2805169
203724	2805181
203725	2805193
203726	2805203
203727	2805227
203728	2805233
203729	2805247
203730	2805251
203731	2805259
203732	2805263
203733	2805311
203734	2805353
203735	2805367
203736	2805371
203737	2805389
203738	2805403
203739	2805443
203740	2805457
203741	2805461
203742	2805487
203743	2805497
203744	2805511
203745	2805529
203746	2805533
203747	2805577
203748	2805587
203749	2805601
203750	2805619
203751	2805631
203752	2805637
203753	2805643
203754	2805653
203755	2805659
203756	2805683
203757	2805689
203758	2805703
203759	2805709
203760	2805713
203761	2805757
203762	2805763
203763	2805773
203764	2805791
203765	2805809
203766	2805827
203767	2805851
203768	2805899
203769	2805911
203770	2805923
203771	2805949
203772	2805967
203773	2805973
203774	2805989
203775	2806007
203776	2806021
203777	2806031
203778	2806049
203779	2806073
203780	2806087
203781	2806093
203782	2806109
203783	2806121
203784	2806123
203785	2806157
203786	2806169
203787	2806187
203788	2806201
203789	2806211
203790	2806231
203791	2806247
203792	2806249
203793	2806261
203794	2806267
203795	2806277
203796	2806283
203797	2806291
203798	2806333
203799	2806351
203800	2806361
203801	2806367
203802	2806369
203803	2806373
203804	2806379
203805	2806381
203806	2806387
203807	2806439
203808	2806457
203809	2806459
203810	2806469
203811	2806493
203812	2806499
203813	2806519
203814	2806537
203815	2806543
203816	2806589
203817	2806597
203818	2806603
203819	2806607
203820	2806613
203821	2806619
203822	2806651
203823	2806663
203824	2806673
203825	2806679
203826	2806691
203827	2806693
203828	2806711
203829	2806757
203830	2806781
203831	2806787
203832	2806789
203833	2806801
203834	2806829
203835	2806847
203836	2806849
203837	2806861
203838	2806907
203839	2806913
203840	2806919
203841	2806961
203842	2806963
203843	2806987
203844	2807009
203845	2807017
203846	2807027
203847	2807071
203848	2807087
203849	2807089
203850	2807111
203851	2807131
203852	2807141
203853	2807177
203854	2807179
203855	2807191
203856	2807197
203857	2807209
203858	2807213
203859	2807239
203860	2807303
203861	2807323
203862	2807353
203863	2807369
203864	2807381
203865	2807407
203866	2807443
203867	2807473
203868	2807477
203869	2807479
203870	2807521
203871	2807527
203872	2807531
203873	2807537
203874	2807549
203875	2807551
203876	2807561
203877	2807591
203878	2807593
203879	2807603
203880	2807657
203881	2807659
203882	2807663
203883	2807689
203884	2807729
203885	2807741
203886	2807767
203887	2807789
203888	2807821
203889	2807851
203890	2807879
203891	2807881
203892	2807899
203893	2807927
203894	2807929
203895	2807933
203896	2807947
203897	2807969
203898	2807971
203899	2807977
203900	2808007
203901	2808017
203902	2808023
203903	2808031
203904	2808059
203905	2808061
203906	2808079
203907	2808083
203908	2808101
203909	2808107
203910	2808119
203911	2808149
203912	2808161
203913	2808187
203914	2808193
203915	2808229
203916	2808241
203917	2808251
203918	2808269
203919	2808293
203920	2808301
203921	2808307
203922	2808313
203923	2808319
203924	2808329
203925	2808347
203926	2808353
203927	2808359
203928	2808361
203929	2808397
203930	2808413
203931	2808419
203932	2808427
203933	2808433
203934	2808437
203935	2808469
203936	2808479
203937	2808497
203938	2808499
203939	2808511
203940	2808517
203941	2808521
203942	2808527
203943	2808551
203944	2808571
203945	2808583
203946	2808593
203947	2808601
203948	2808607
203949	2808647
203950	2808661
203951	2808667
203952	2808677
203953	2808683
203954	2808697
203955	2808703
203956	2808719
203957	2808721
203958	2808733
203959	2808739
203960	2808761
203961	2808763
203962	2808779
203963	2808797
203964	2808809
203965	2808811
203966	2808833
203967	2808847
203968	2808863
203969	2808877
203970	2808881
203971	2808901
203972	2808917
203973	2808919
203974	2808959
203975	2808977
203976	2808983
203977	2808997
203978	2809007
203979	2809019
203980	2809069
203981	2809073
203982	2809087
203983	2809091
203984	2809099
203985	2809117
203986	2809141
203987	2809181
203988	2809187
203989	2809211
203990	2809223
203991	2809241
203992	2809249
203993	2809253
203994	2809271
203995	2809273
203996	2809277
203997	2809291
203998	2809297
203999	2809307
204000	2809309
