204001	2809327
204002	2809343
204003	2809349
204004	2809351
204005	2809363
204006	2809409
204007	2809423
204008	2809439
204009	2809451
204010	2809453
204011	2809483
204012	2809487
204013	2809489
204014	2809493
204015	2809507
204016	2809523
204017	2809529
204018	2809537
204019	2809553
204020	2809559
204021	2809567
204022	2809603
204023	2809619
204024	2809627
204025	2809637
204026	2809643
204027	2809649
204028	2809661
204029	2809673
204030	2809679
204031	2809687
204032	2809691
204033	2809699
204034	2809711
204035	2809717
204036	2809727
204037	2809759
204038	2809769
204039	2809783
204040	2809787
204041	2809813
204042	2809823
204043	2809831
204044	2809837
204045	2809847
204046	2809867
204047	2809883
204048	2809889
204049	2809903
204050	2809931
204051	2809973
204052	2809987
204053	2810009
204054	2810011
204055	2810021
204056	2810029
204057	2810051
204058	2810069
204059	2810077
204060	2810089
204061	2810107
204062	2810147
204063	2810153
204064	2810161
204065	2810167
204066	2810173
204067	2810191
204068	2810201
204069	2810207
204070	2810221
204071	2810231
204072	2810237
204073	2810257
204074	2810279
204075	2810299
204076	2810317
204077	2810323
204078	2810329
204079	2810333
204080	2810341
204081	2810359
204082	2810369
204083	2810371
204084	2810399
204085	2810407
204086	2810411
204087	2810413
204088	2810471
204089	2810501
204090	2810503
204091	2810513
204092	2810539
204093	2810579
204094	2810581
204095	2810597
204096	2810617
204097	2810641
204098	2810653
204099	2810657
204100	2810663
204101	2810671
204102	2810683
204103	2810693
204104	2810699
204105	2810707
204106	2810711
204107	2810713
204108	2810737
204109	2810747
204110	2810827
204111	2810833
204112	2810849
204113	2810861
204114	2810881
204115	2810893
204116	2810897
204117	2810909
204118	2810911
204119	2810921
204120	2810957
204121	2810959
204122	2810981
204123	2810989
204124	2811013
204125	2811041
204126	2811073
204127	2811079
204128	2811089
204129	2811091
204130	2811097
204131	2811113
204132	2811131
204133	2811161
204134	2811163
204135	2811169
204136	2811181
204137	2811187
204138	2811191
204139	2811197
204140	2811203
204141	2811209
204142	2811217
204143	2811227
204144	2811229
204145	2811241
204146	2811257
204147	2811269
204148	2811283
204149	2811287
204150	2811299
204151	2811311
204152	2811317
204153	2811331
204154	2811337
204155	2811343
204156	2811349
204157	2811353
204158	2811379
204159	2811397
204160	2811407
204161	2811427
204162	2811439
204163	2811503
204164	2811509
204165	2811517
204166	2811533
204167	2811539
204168	2811559
204169	2811569
204170	2811583
204171	2811617
204172	2811619
204173	2811623
204174	2811629
204175	2811631
204176	2811649
204177	2811659
204178	2811661
204179	2811691
204180	2811707
204181	2811709
204182	2811719
204183	2811761
204184	2811803
204185	2811833
204186	2811841
204187	2811863
204188	2811871
204189	2811877
204190	2811883
204191	2811931
204192	2811947
204193	2811959
204194	2811973
204195	2811983
204196	2811989
204197	2812001
204198	2812013
204199	2812031
204200	2812063
204201	2812099
204202	2812129
204203	2812153
204204	2812169
204205	2812181
204206	2812189
204207	2812193
204208	2812207
204209	2812211
204210	2812219
204211	2812223
204212	2812237
204213	2812241
204214	2812261
204215	2812267
204216	2812291
204217	2812297
204218	2812301
204219	2812307
204220	2812319
204221	2812331
204222	2812343
204223	2812357
204224	2812379
204225	2812393
204226	2812421
204227	2812423
204228	2812441
204229	2812451
204230	2812493
204231	2812499
204232	2812519
204233	2812541
204234	2812549
204235	2812553
204236	2812571
204237	2812577
204238	2812583
204239	2812597
204240	2812609
204241	2812619
204242	2812631
204243	2812639
204244	2812643
204245	2812651
204246	2812679
204247	2812687
204248	2812697
204249	2812717
204250	2812729
204251	2812751
204252	2812753
204253	2812801
204254	2812811
204255	2812813
204256	2812819
204257	2812829
204258	2812853
204259	2812867
204260	2812883
204261	2812897
204262	2812907
204263	2812919
204264	2812937
204265	2812961
204266	2812967
204267	2812993
204268	2813011
204269	2813039
204270	2813047
204271	2813053
204272	2813071
204273	2813077
204274	2813099
204275	2813117
204276	2813123
204277	2813131
204278	2813141
204279	2813149
204280	2813171
204281	2813183
204282	2813191
204283	2813207
204284	2813227
204285	2813249
204286	2813257
204287	2813267
204288	2813287
204289	2813299
204290	2813309
204291	2813323
204292	2813329
204293	2813333
204294	2813339
204295	2813341
204296	2813353
204297	2813401
204298	2813411
204299	2813413
204300	2813423
204301	2813441
204302	2813453
204303	2813477
204304	2813479
204305	2813497
204306	2813507
204307	2813509
204308	2813513
204309	2813519
204310	2813549
204311	2813563
204312	2813579
204313	2813581
204314	2813593
204315	2813627
204316	2813633
204317	2813641
204318	2813647
204319	2813663
204320	2813669
204321	2813677
204322	2813683
204323	2813693
204324	2813711
204325	2813719
204326	2813731
204327	2813737
204328	2813807
204329	2813809
204330	2813819
204331	2813821
204332	2813827
204333	2813849
204334	2813851
204335	2813879
204336	2813897
204337	2813903
204338	2813917
204339	2813927
204340	2813947
204341	2813969
204342	2813977
204343	2813983
204344	2813989
204345	2814001
204346	2814013
204347	2814017
204348	2814041
204349	2814083
204350	2814089
204351	2814103
204352	2814127
204353	2814139
204354	2814143
204355	2814151
204356	2814167
204357	2814169
204358	2814173
204359	2814179
204360	2814233
204361	2814277
204362	2814311
204363	2814319
204364	2814341
204365	2814347
204366	2814389
204367	2814403
204368	2814419
204369	2814431
204370	2814433
204371	2814439
204372	2814481
204373	2814499
204374	2814509
204375	2814541
204376	2814551
204377	2814557
204378	2814563
204379	2814569
204380	2814587
204381	2814599
204382	2814607
204383	2814629
204384	2814683
204385	2814697
204386	2814709
204387	2814719
204388	2814727
204389	2814733
204390	2814739
204391	2814743
204392	2814751
204393	2814761
204394	2814787
204395	2814811
204396	2814817
204397	2814821
204398	2814829
204399	2814839
204400	2814841
204401	2814857
204402	2814863
204403	2814881
204404	2814899
204405	2814913
204406	2814941
204407	2814991
204408	2815003
204409	2815009
204410	2815049
204411	2815061
204412	2815069
204413	2815073
204414	2815091
204415	2815103
204416	2815123
204417	2815129
204418	2815157
204419	2815171
204420	2815187
204421	2815207
204422	2815237
204423	2815247
204424	2815259
204425	2815271
204426	2815289
204427	2815301
204428	2815313
204429	2815331
204430	2815343
204431	2815369
204432	2815399
204433	2815403
204434	2815411
204435	2815427
204436	2815447
204437	2815457
204438	2815469
204439	2815493
204440	2815507
204441	2815517
204442	2815529
204443	2815559
204444	2815573
204445	2815607
204446	2815613
204447	2815627
204448	2815633
204449	2815649
204450	2815669
204451	2815691
204452	2815733
204453	2815739
204454	2815741
204455	2815759
204456	2815763
204457	2815793
204458	2815807
204459	2815843
204460	2815853
204461	2815861
204462	2815877
204463	2815889
204464	2815903
204465	2815927
204466	2815937
204467	2815963
204468	2815973
204469	2815979
204470	2815993
204471	2815997
204472	2816017
204473	2816029
204474	2816053
204475	2816057
204476	2816059
204477	2816083
204478	2816087
204479	2816089
204480	2816131
204481	2816141
204482	2816147
204483	2816171
204484	2816173
204485	2816197
204486	2816213
204487	2816221
204488	2816239
204489	2816243
204490	2816251
204491	2816263
204492	2816269
204493	2816291
204494	2816293
204495	2816311
204496	2816353
204497	2816377
204498	2816399
204499	2816453
204500	2816459
204501	2816501
204502	2816507
204503	2816519
204504	2816531
204505	2816533
204506	2816537
204507	2816549
204508	2816563
204509	2816573
204510	2816581
204511	2816623
204512	2816633
204513	2816647
204514	2816651
204515	2816657
204516	2816701
204517	2816707
204518	2816711
204519	2816717
204520	2816767
204521	2816777
204522	2816809
204523	2816819
204524	2816831
204525	2816839
204526	2816861
204527	2816873
204528	2816899
204529	2816909
204530	2816927
204531	2816941
204532	2816953
204533	2816963
204534	2816969
204535	2816981
204536	2817007
204537	2817011
204538	2817029
204539	2817043
204540	2817077
204541	2817079
204542	2817083
204543	2817091
204544	2817127
204545	2817137
204546	2817161
204547	2817167
204548	2817169
204549	2817173
204550	2817181
204551	2817197
204552	2817211
204553	2817229
204554	2817239
204555	2817251
204556	2817253
204557	2817259
204558	2817271
204559	2817299
204560	2817307
204561	2817337
204562	2817341
204563	2817361
204564	2817371
204565	2817383
204566	2817389
204567	2817421
204568	2817433
204569	2817443
204570	2817449
204571	2817467
204572	2817469
204573	2817481
204574	2817487
204575	2817499
204576	2817511
204577	2817517
204578	2817539
204579	2817547
204580	2817557
204581	2817583
204582	2817593
204583	2817599
204584	2817613
204585	2817623
204586	2817629
204587	2817649
204588	2817667
204589	2817671
204590	2817673
204591	2817677
204592	2817701
204593	2817709
204594	2817713
204595	2817721
204596	2817743
204597	2817769
204598	2817779
204599	2817797
204600	2817817
204601	2817821
204602	2817847
204603	2817877
204604	2817887
204605	2817907
204606	2817917
204607	2817929
204608	2817943
204609	2817967
204610	2817973
204611	2818027
204612	2818033
204613	2818043
204614	2818103
204615	2818111
204616	2818147
204617	2818157
204618	2818159
204619	2818163
204620	2818171
204621	2818181
204622	2818219
204623	2818223
204624	2818229
204625	2818237
204626	2818267
204627	2818271
204628	2818279
204629	2818297
204630	2818337
204631	2818357
204632	2818369
204633	2818391
204634	2818393
204635	2818399
204636	2818411
204637	2818421
204638	2818429
204639	2818451
204640	2818469
204641	2818471
204642	2818499
204643	2818507
204644	2818513
204645	2818523
204646	2818531
204647	2818537
204648	2818547
204649	2818553
204650	2818561
204651	2818577
204652	2818609
204653	2818619
204654	2818639
204655	2818643
204656	2818649
204657	2818657
204658	2818661
204659	2818667
204660	2818687
204661	2818729
204662	2818733
204663	2818789
204664	2818817
204665	2818841
204666	2818853
204667	2818867
204668	2818877
204669	2818883
204670	2818909
204671	2818939
204672	2818967
204673	2818987
204674	2818997
204675	2818999
204676	2819009
204677	2819021
204678	2819023
204679	2819039
204680	2819051
204681	2819053
204682	2819099
204683	2819101
204684	2819137
204685	2819143
204686	2819147
204687	2819149
204688	2819153
204689	2819189
204690	2819203
204691	2819221
204692	2819231
204693	2819269
204694	2819281
204695	2819287
204696	2819303
204697	2819309
204698	2819329
204699	2819347
204700	2819371
204701	2819387
204702	2819393
204703	2819407
204704	2819413
204705	2819423
204706	2819449
204707	2819471
204708	2819473
204709	2819477
204710	2819489
204711	2819491
204712	2819497
204713	2819519
204714	2819521
204715	2819549
204716	2819587
204717	2819599
204718	2819627
204719	2819629
204720	2819633
204721	2819647
204722	2819651
204723	2819681
204724	2819683
204725	2819701
204726	2819711
204727	2819717
204728	2819723
204729	2819741
204730	2819743
204731	2819749
204732	2819753
204733	2819767
204734	2819779
204735	2819783
204736	2819797
204737	2819801
204738	2819827
204739	2819867
204740	2819899
204741	2819903
204742	2819911
204743	2819933
204744	2819951
204745	2819959
204746	2819981
204747	2819987
204748	2820001
204749	2820017
204750	2820019
204751	2820031
204752	2820043
204753	2820071
204754	2820089
204755	2820109
204756	2820119
204757	2820127
204758	2820131
204759	2820179
204760	2820193
204761	2820197
204762	2820211
204763	2820229
204764	2820239
204765	2820263
204766	2820271
204767	2820313
204768	2820319
204769	2820331
204770	2820343
204771	2820347
204772	2820359
204773	2820361
204774	2820373
204775	2820383
204776	2820401
204777	2820403
204778	2820407
204779	2820479
204780	2820481
204781	2820491
204782	2820509
204783	2820527
204784	2820541
204785	2820553
204786	2820557
204787	2820563
204788	2820619
204789	2820641
204790	2820667
204791	2820673
204792	2820679
204793	2820689
204794	2820703
204795	2820707
204796	2820709
204797	2820733
204798	2820737
204799	2820749
204800	2820751
204801	2820773
204802	2820781
204803	2820787
204804	2820791
204805	2820803
204806	2820809
204807	2820817
204808	2820821
204809	2820833
204810	2820863
204811	2820869
204812	2820877
204813	2820887
204814	2820889
204815	2820899
204816	2820913
204817	2820919
204818	2820941
204819	2820943
204820	2820947
204821	2820971
204822	2820977
204823	2821001
204824	2821009
204825	2821057
204826	2821073
204827	2821079
204828	2821097
204829	2821103
204830	2821109
204831	2821141
204832	2821151
204833	2821153
204834	2821163
204835	2821183
204836	2821229
204837	2821267
204838	2821277
204839	2821289
204840	2821319
204841	2821331
204842	2821369
204843	2821393
204844	2821411
204845	2821421
204846	2821451
204847	2821459
204848	2821463
204849	2821471
204850	2821477
204851	2821493
204852	2821501
204853	2821513
204854	2821517
204855	2821537
204856	2821543
204857	2821549
204858	2821573
204859	2821591
204860	2821601
204861	2821607
204862	2821627
204863	2821649
204864	2821681
204865	2821699
204866	2821717
204867	2821733
204868	2821759
204869	2821769
204870	2821771
204871	2821807
204872	2821811
204873	2821817
204874	2821829
204875	2821831
204876	2821849
204877	2821859
204878	2821867
204879	2821877
204880	2821909
204881	2821913
204882	2821919
204883	2821933
204884	2821957
204885	2821969
204886	2821979
204887	2821981
204888	2821991
204889	2821997
204890	2821999
204891	2822003
204892	2822009
204893	2822011
204894	2822033
204895	2822069
204896	2822093
204897	2822129
204898	2822137
204899	2822143
204900	2822159
204901	2822189
204902	2822191
204903	2822201
204904	2822207
204905	2822213
204906	2822233
204907	2822263
204908	2822269
204909	2822297
204910	2822299
204911	2822311
204912	2822371
204913	2822377
204914	2822381
204915	2822387
204916	2822411
204917	2822423
204918	2822429
204919	2822441
204920	2822447
204921	2822461
204922	2822473
204923	2822503
204924	2822513
204925	2822539
204926	2822543
204927	2822557
204928	2822569
204929	2822579
204930	2822587
204931	2822593
204932	2822609
204933	2822623
204934	2822641
204935	2822669
204936	2822681
204937	2822689
204938	2822707
204939	2822711
204940	2822713
204941	2822717
204942	2822719
204943	2822723
204944	2822741
204945	2822761
204946	2822791
204947	2822819
204948	2822851
204949	2822857
204950	2822879
204951	2822881
204952	2822893
204953	2822899
204954	2822903
204955	2822909
204956	2822917
204957	2822923
204958	2822929
204959	2822933
204960	2822959
204961	2822971
204962	2822987
204963	2823047
204964	2823053
204965	2823059
204966	2823101
204967	2823109
204968	2823113
204969	2823133
204970	2823143
204971	2823167
204972	2823193
204973	2823203
204974	2823217
204975	2823221
204976	2823269
204977	2823277
204978	2823283
204979	2823287
204980	2823311
204981	2823329
204982	2823361
204983	2823371
204984	2823389
204985	2823407
204986	2823437
204987	2823439
204988	2823451
204989	2823463
204990	2823467
204991	2823473
204992	2823487
204993	2823493
204994	2823497
204995	2823517
204996	2823521
204997	2823523
204998	2823529
204999	2823559
205000	2823589
