205001	2823607
205002	2823617
205003	2823631
205004	2823637
205005	2823661
205006	2823671
205007	2823673
205008	2823679
205009	2823721
205010	2823731
205011	2823749
205012	2823763
205013	2823773
205014	2823791
205015	2823809
205016	2823811
205017	2823823
205018	2823829
205019	2823833
205020	2823839
205021	2823857
205022	2823869
205023	2823889
205024	2823911
205025	2823923
205026	2823943
205027	2823971
205028	2823973
205029	2824021
205030	2824043
205031	2824067
205032	2824079
205033	2824097
205034	2824109
205035	2824123
205036	2824127
205037	2824139
205038	2824163
205039	2824177
205040	2824181
205041	2824187
205042	2824189
205043	2824201
205044	2824207
205045	2824259
205046	2824291
205047	2824303
205048	2824307
205049	2824313
205050	2824319
205051	2824333
205052	2824337
205053	2824351
205054	2824373
205055	2824387
205056	2824399
205057	2824411
205058	2824417
205059	2824421
205060	2824429
205061	2824433
205062	2824439
205063	2824447
205064	2824463
205065	2824477
205066	2824553
205067	2824579
205068	2824583
205069	2824603
205070	2824609
205071	2824621
205072	2824631
205073	2824637
205074	2824643
205075	2824649
205076	2824651
205077	2824681
205078	2824697
205079	2824709
205080	2824721
205081	2824733
205082	2824781
205083	2824793
205084	2824807
205085	2824819
205086	2824823
205087	2824853
205088	2824879
205089	2824889
205090	2824903
205091	2824909
205092	2824933
205093	2824967
205094	2824973
205095	2824993
205096	2825003
205097	2825033
205098	2825047
205099	2825051
205100	2825063
205101	2825083
205102	2825099
205103	2825101
205104	2825117
205105	2825131
205106	2825149
205107	2825153
205108	2825191
205109	2825227
205110	2825239
205111	2825261
205112	2825287
205113	2825293
205114	2825299
205115	2825353
205116	2825363
205117	2825387
205118	2825411
205119	2825413
205120	2825419
205121	2825423
205122	2825429
205123	2825447
205124	2825461
205125	2825467
205126	2825477
205127	2825479
205128	2825489
205129	2825491
205130	2825497
205131	2825503
205132	2825521
205133	2825551
205134	2825561
205135	2825567
205136	2825639
205137	2825651
205138	2825657
205139	2825671
205140	2825701
205141	2825741
205142	2825749
205143	2825759
205144	2825773
205145	2825777
205146	2825783
205147	2825819
205148	2825821
205149	2825827
205150	2825833
205151	2825857
205152	2825861
205153	2825863
205154	2825869
205155	2825891
205156	2825939
205157	2825951
205158	2825957
205159	2825959
205160	2825981
205161	2825983
205162	2826037
205163	2826059
205164	2826071
205165	2826073
205166	2826091
205167	2826101
205168	2826107
205169	2826113
205170	2826121
205171	2826143
205172	2826149
205173	2826151
205174	2826167
205175	2826179
205176	2826181
205177	2826211
205178	2826281
205179	2826293
205180	2826323
205181	2826337
205182	2826361
205183	2826367
205184	2826371
205185	2826379
205186	2826413
205187	2826431
205188	2826443
205189	2826457
205190	2826463
205191	2826491
205192	2826521
205193	2826553
205194	2826559
205195	2826563
205196	2826613
205197	2826623
205198	2826643
205199	2826661
205200	2826667
205201	2826671
205202	2826683
205203	2826701
205204	2826727
205205	2826737
205206	2826739
205207	2826757
205208	2826773
205209	2826793
205210	2826821
205211	2826829
205212	2826847
205213	2826851
205214	2826853
205215	2826883
205216	2826899
205217	2826917
205218	2826919
205219	2826979
205220	2826997
205221	2827031
205222	2827043
205223	2827051
205224	2827061
205225	2827079
205226	2827087
205227	2827109
205228	2827159
205229	2827211
205230	2827213
205231	2827241
205232	2827267
205233	2827277
205234	2827327
205235	2827337
205236	2827369
205237	2827381
205238	2827387
205239	2827393
205240	2827397
205241	2827403
205242	2827421
205243	2827427
205244	2827439
205245	2827469
205246	2827481
205247	2827493
205248	2827499
205249	2827507
205250	2827519
205251	2827547
205252	2827549
205253	2827553
205254	2827571
205255	2827621
205256	2827631
205257	2827633
205258	2827639
205259	2827667
205260	2827673
205261	2827679
205262	2827681
205263	2827687
205264	2827753
205265	2827793
205266	2827813
205267	2827823
205268	2827901
205269	2827907
205270	2827927
205271	2827931
205272	2827939
205273	2827961
205274	2827969
205275	2827973
205276	2827987
205277	2828053
205278	2828083
205279	2828107
205280	2828113
205281	2828123
205282	2828129
205283	2828141
205284	2828173
205285	2828179
205286	2828183
205287	2828191
205288	2828197
205289	2828209
205290	2828219
205291	2828237
205292	2828257
205293	2828281
205294	2828291
205295	2828297
205296	2828299
205297	2828311
205298	2828327
205299	2828339
205300	2828351
205301	2828363
205302	2828383
205303	2828389
205304	2828429
205305	2828431
205306	2828453
205307	2828461
205308	2828491
205309	2828521
205310	2828543
205311	2828593
205312	2828597
205313	2828599
205314	2828611
205315	2828627
205316	2828629
205317	2828633
205318	2828641
205319	2828717
205320	2828731
205321	2828741
205322	2828743
205323	2828767
205324	2828779
205325	2828797
205326	2828809
205327	2828857
205328	2828867
205329	2828869
205330	2828879
205331	2828887
205332	2828893
205333	2828897
205334	2828923
205335	2828939
205336	2828951
205337	2828971
205338	2828989
205339	2828993
205340	2828999
205341	2829007
205342	2829011
205343	2829049
205344	2829061
205345	2829083
205346	2829097
205347	2829103
205348	2829107
205349	2829121
205350	2829133
205351	2829139
205352	2829143
205353	2829173
205354	2829217
205355	2829223
205356	2829247
205357	2829251
205358	2829257
205359	2829263
205360	2829289
205361	2829301
205362	2829311
205363	2829317
205364	2829329
205365	2829341
205366	2829349
205367	2829367
205368	2829373
205369	2829383
205370	2829397
205371	2829403
205372	2829413
205373	2829439
205374	2829467
205375	2829473
205376	2829479
205377	2829487
205378	2829493
205379	2829503
205380	2829509
205381	2829527
205382	2829539
205383	2829557
205384	2829569
205385	2829571
205386	2829583
205387	2829641
205388	2829653
205389	2829661
205390	2829677
205391	2829679
205392	2829683
205393	2829691
205394	2829703
205395	2829707
205396	2829709
205397	2829737
205398	2829751
205399	2829767
205400	2829793
205401	2829809
205402	2829821
205403	2829839
205404	2829863
205405	2829877
205406	2829881
205407	2829887
205408	2829889
205409	2829899
205410	2829913
205411	2829923
205412	2829949
205413	2829961
205414	2829977
205415	2830027
205416	2830033
205417	2830039
205418	2830049
205419	2830067
205420	2830073
205421	2830097
205422	2830099
205423	2830123
205424	2830129
205425	2830133
205426	2830141
205427	2830151
205428	2830153
205429	2830181
205430	2830187
205431	2830229
205432	2830237
205433	2830249
205434	2830277
205435	2830291
205436	2830301
205437	2830349
205438	2830351
205439	2830361
205440	2830367
205441	2830379
205442	2830391
205443	2830397
205444	2830433
205445	2830439
205446	2830469
205447	2830489
205448	2830501
205449	2830507
205450	2830511
205451	2830523
205452	2830547
205453	2830559
205454	2830567
205455	2830573
205456	2830577
205457	2830591
205458	2830609
205459	2830613
205460	2830627
205461	2830631
205462	2830637
205463	2830651
205464	2830657
205465	2830741
205466	2830781
205467	2830787
205468	2830801
205469	2830813
205470	2830837
205471	2830843
205472	2830853
205473	2830859
205474	2830871
205475	2830873
205476	2830897
205477	2830913
205478	2830921
205479	2830937
205480	2830939
205481	2830963
205482	2830967
205483	2830969
205484	2830973
205485	2830979
205486	2831011
205487	2831039
205488	2831051
205489	2831069
205490	2831089
205491	2831141
205492	2831167
205493	2831177
205494	2831189
205495	2831221
205496	2831237
205497	2831263
205498	2831273
205499	2831293
205500	2831317
205501	2831321
205502	2831329
205503	2831341
205504	2831347
205505	2831359
205506	2831377
205507	2831393
205508	2831407
205509	2831417
205510	2831429
205511	2831449
205512	2831459
205513	2831467
205514	2831471
205515	2831489
205516	2831497
205517	2831533
205518	2831539
205519	2831557
205520	2831561
205521	2831603
205522	2831617
205523	2831623
205524	2831641
205525	2831651
205526	2831657
205527	2831659
205528	2831663
205529	2831669
205530	2831671
205531	2831677
205532	2831683
205533	2831687
205534	2831701
205535	2831729
205536	2831749
205537	2831753
205538	2831767
205539	2831789
205540	2831791
205541	2831839
205542	2831849
205543	2831861
205544	2831863
205545	2831903
205546	2831909
205547	2831947
205548	2831951
205549	2831953
205550	2831971
205551	2831999
205552	2832001
205553	2832019
205554	2832031
205555	2832041
205556	2832073
205557	2832077
205558	2832097
205559	2832103
205560	2832113
205561	2832127
205562	2832131
205563	2832133
205564	2832143
205565	2832163
205566	2832187
205567	2832211
205568	2832223
205569	2832257
205570	2832259
205571	2832283
205572	2832287
205573	2832329
205574	2832331
205575	2832359
205576	2832371
205577	2832383
205578	2832391
205579	2832419
205580	2832433
205581	2832443
205582	2832449
205583	2832457
205584	2832491
205585	2832503
205586	2832509
205587	2832527
205588	2832553
205589	2832569
205590	2832589
205591	2832593
205592	2832601
205593	2832617
205594	2832623
205595	2832629
205596	2832631
205597	2832637
205598	2832667
205599	2832679
205600	2832701
205601	2832719
205602	2832743
205603	2832787
205604	2832793
205605	2832799
205606	2832803
205607	2832847
205608	2832853
205609	2832857
205610	2832871
205611	2832877
205612	2832889
205613	2832917
205614	2832941
205615	2832953
205616	2832967
205617	2832983
205618	2833001
205619	2833007
205620	2833013
205621	2833021
205622	2833027
205623	2833031
205624	2833043
205625	2833049
205626	2833063
205627	2833069
205628	2833073
205629	2833081
205630	2833093
205631	2833099
205632	2833111
205633	2833123
205634	2833133
205635	2833139
205636	2833157
205637	2833189
205638	2833199
205639	2833211
205640	2833231
205641	2833241
205642	2833247
205643	2833279
205644	2833283
205645	2833291
205646	2833309
205647	2833319
205648	2833321
205649	2833331
205650	2833333
205651	2833343
205652	2833381
205653	2833403
205654	2833409
205655	2833421
205656	2833447
205657	2833463
205658	2833471
205659	2833477
205660	2833483
205661	2833487
205662	2833507
205663	2833517
205664	2833529
205665	2833541
205666	2833549
205667	2833553
205668	2833559
205669	2833573
205670	2833591
205671	2833601
205672	2833609
205673	2833613
205674	2833627
205675	2833637
205676	2833643
205677	2833667
205678	2833687
205679	2833709
205680	2833723
205681	2833729
205682	2833739
205683	2833759
205684	2833763
205685	2833769
205686	2833777
205687	2833799
205688	2833801
205689	2833811
205690	2833813
205691	2833837
205692	2833843
205693	2833889
205694	2833903
205695	2833921
205696	2833937
205697	2833969
205698	2833973
205699	2833993
205700	2833997
205701	2834011
205702	2834017
205703	2834047
205704	2834057
205705	2834063
205706	2834077
205707	2834093
205708	2834101
205709	2834123
205710	2834131
205711	2834159
205712	2834171
205713	2834179
205714	2834191
205715	2834197
205716	2834203
205717	2834213
205718	2834233
205719	2834261
205720	2834263
205721	2834269
205722	2834309
205723	2834317
205724	2834329
205725	2834339
205726	2834347
205727	2834369
205728	2834399
205729	2834411
205730	2834413
205731	2834417
205732	2834443
205733	2834449
205734	2834467
205735	2834473
205736	2834479
205737	2834483
205738	2834501
205739	2834509
205740	2834521
205741	2834527
205742	2834539
205743	2834551
205744	2834567
205745	2834581
205746	2834639
205747	2834647
205748	2834651
205749	2834653
205750	2834659
205751	2834677
205752	2834683
205753	2834693
205754	2834701
205755	2834707
205756	2834717
205757	2834719
205758	2834729
205759	2834737
205760	2834747
205761	2834749
205762	2834753
205763	2834759
205764	2834789
205765	2834807
205766	2834813
205767	2834833
205768	2834849
205769	2834873
205770	2834893
205771	2834921
205772	2834939
205773	2834983
205774	2834989
205775	2835037
205776	2835061
205777	2835071
205778	2835089
205779	2835103
205780	2835113
205781	2835121
205782	2835137
205783	2835139
205784	2835149
205785	2835163
205786	2835169
205787	2835211
205788	2835221
205789	2835223
205790	2835241
205791	2835253
205792	2835269
205793	2835271
205794	2835289
205795	2835293
205796	2835307
205797	2835319
205798	2835323
205799	2835331
205800	2835367
205801	2835383
205802	2835397
205803	2835401
205804	2835409
205805	2835419
205806	2835433
205807	2835439
205808	2835479
205809	2835491
205810	2835499
205811	2835517
205812	2835523
205813	2835563
205814	2835587
205815	2835589
205816	2835593
205817	2835653
205818	2835661
205819	2835667
205820	2835671
205821	2835673
205822	2835689
205823	2835691
205824	2835697
205825	2835733
205826	2835737
205827	2835751
205828	2835779
205829	2835793
205830	2835841
205831	2835851
205832	2835857
205833	2835869
205834	2835887
205835	2835901
205836	2835913
205837	2835941
205838	2835967
205839	2835971
205840	2836003
205841	2836007
205842	2836033
205843	2836069
205844	2836079
205845	2836081
205846	2836103
205847	2836109
205848	2836117
205849	2836129
205850	2836139
205851	2836201
205852	2836241
205853	2836243
205854	2836259
205855	2836261
205856	2836271
205857	2836279
205858	2836303
205859	2836313
205860	2836321
205861	2836343
205862	2836357
205863	2836367
205864	2836369
205865	2836381
205866	2836387
205867	2836391
205868	2836397
205869	2836423
205870	2836447
205871	2836481
205872	2836487
205873	2836489
205874	2836549
205875	2836553
205876	2836597
205877	2836601
205878	2836607
205879	2836609
205880	2836619
205881	2836621
205882	2836627
205883	2836633
205884	2836651
205885	2836699
205886	2836703
205887	2836711
205888	2836721
205889	2836727
205890	2836733
205891	2836741
205892	2836747
205893	2836759
205894	2836763
205895	2836777
205896	2836781
205897	2836789
205898	2836793
205899	2836817
205900	2836849
205901	2836861
205902	2836879
205903	2836919
205904	2836937
205905	2836949
205906	2836961
205907	2836963
205908	2836973
205909	2836991
205910	2836993
205911	2837017
205912	2837033
205913	2837039
205914	2837047
205915	2837057
205916	2837059
205917	2837063
205918	2837069
205919	2837071
205920	2837083
205921	2837101
205922	2837111
205923	2837141
205924	2837167
205925	2837173
205926	2837179
205927	2837201
205928	2837209
205929	2837221
205930	2837227
205931	2837239
205932	2837243
205933	2837279
205934	2837281
205935	2837287
205936	2837297
205937	2837309
205938	2837339
205939	2837353
205940	2837357
205941	2837363
205942	2837371
205943	2837377
205944	2837381
205945	2837431
205946	2837459
205947	2837473
205948	2837477
205949	2837491
205950	2837501
205951	2837503
205952	2837519
205953	2837551
205954	2837557
205955	2837581
205956	2837599
205957	2837609
205958	2837617
205959	2837629
205960	2837633
205961	2837677
205962	2837693
205963	2837711
205964	2837713
205965	2837741
205966	2837773
205967	2837777
205968	2837801
205969	2837803
205970	2837839
205971	2837843
205972	2837851
205973	2837867
205974	2837873
205975	2837881
205976	2837909
205977	2837927
205978	2837951
205979	2837953
205980	2837977
205981	2837981
205982	2837983
205983	2837987
205984	2838007
205985	2838013
205986	2838023
205987	2838037
205988	2838047
205989	2838067
205990	2838071
205991	2838079
205992	2838091
205993	2838103
205994	2838109
205995	2838119
205996	2838137
205997	2838139
205998	2838149
205999	2838151
206000	2838169
