206001	2838191
206002	2838211
206003	2838217
206004	2838247
206005	2838271
206006	2838281
206007	2838287
206008	2838289
206009	2838293
206010	2838359
206011	2838373
206012	2838397
206013	2838401
206014	2838421
206015	2838443
206016	2838449
206017	2838457
206018	2838461
206019	2838463
206020	2838481
206021	2838487
206022	2838547
206023	2838557
206024	2838569
206025	2838587
206026	2838593
206027	2838601
206028	2838611
206029	2838617
206030	2838629
206031	2838631
206032	2838697
206033	2838713
206034	2838721
206035	2838727
206036	2838743
206037	2838749
206038	2838767
206039	2838769
206040	2838827
206041	2838841
206042	2838851
206043	2838853
206044	2838859
206045	2838863
206046	2838889
206047	2838907
206048	2838911
206049	2838917
206050	2838919
206051	2838931
206052	2838937
206053	2839007
206054	2839019
206055	2839049
206056	2839063
206057	2839069
206058	2839087
206059	2839099
206060	2839117
206061	2839141
206062	2839159
206063	2839171
206064	2839183
206065	2839201
206066	2839217
206067	2839271
206068	2839283
206069	2839301
206070	2839307
206071	2839313
206072	2839337
206073	2839349
206074	2839363
206075	2839381
206076	2839399
206077	2839409
206078	2839429
206079	2839433
206080	2839451
206081	2839457
206082	2839469
206083	2839471
206084	2839483
206085	2839519
206086	2839541
206087	2839547
206088	2839549
206089	2839553
206090	2839567
206091	2839589
206092	2839601
206093	2839621
206094	2839657
206095	2839691
206096	2839699
206097	2839747
206098	2839757
206099	2839769
206100	2839789
206101	2839801
206102	2839819
206103	2839831
206104	2839841
206105	2839843
206106	2839853
206107	2839871
206108	2839913
206109	2839927
206110	2839931
206111	2839933
206112	2839937
206113	2839939
206114	2839943
206115	2839951
206116	2839957
206117	2839961
206118	2839981
206119	2840023
206120	2840027
206121	2840039
206122	2840041
206123	2840059
206124	2840077
206125	2840087
206126	2840093
206127	2840113
206128	2840119
206129	2840161
206130	2840171
206131	2840179
206132	2840183
206133	2840191
206134	2840203
206135	2840209
206136	2840237
206137	2840239
206138	2840249
206139	2840261
206140	2840263
206141	2840267
206142	2840269
206143	2840273
206144	2840281
206145	2840303
206146	2840353
206147	2840359
206148	2840393
206149	2840417
206150	2840419
206151	2840447
206152	2840449
206153	2840459
206154	2840483
206155	2840507
206156	2840549
206157	2840627
206158	2840647
206159	2840653
206160	2840657
206161	2840681
206162	2840687
206163	2840689
206164	2840699
206165	2840723
206166	2840731
206167	2840741
206168	2840759
206169	2840771
206170	2840777
206171	2840779
206172	2840801
206173	2840857
206174	2840911
206175	2840917
206176	2840939
206177	2840951
206178	2840987
206179	2841011
206180	2841019
206181	2841031
206182	2841067
206183	2841071
206184	2841073
206185	2841079
206186	2841109
206187	2841131
206188	2841133
206189	2841151
206190	2841161
206191	2841187
206192	2841199
206193	2841211
206194	2841283
206195	2841287
206196	2841301
206197	2841313
206198	2841337
206199	2841347
206200	2841353
206201	2841361
206202	2841373
206203	2841401
206204	2841407
206205	2841413
206206	2841427
206207	2841437
206208	2841439
206209	2841451
206210	2841457
206211	2841463
206212	2841467
206213	2841473
206214	2841493
206215	2841497
206216	2841511
206217	2841523
206218	2841529
206219	2841541
206220	2841547
206221	2841557
206222	2841589
206223	2841593
206224	2841653
206225	2841679
206226	2841691
206227	2841733
206228	2841749
206229	2841757
206230	2841763
206231	2841767
206232	2841781
206233	2841793
206234	2841799
206235	2841803
206236	2841821
206237	2841823
206238	2841847
206239	2841851
206240	2841869
206241	2841893
206242	2841911
206243	2841931
206244	2841961
206245	2841967
206246	2841973
206247	2841989
206248	2842031
206249	2842033
206250	2842061
206251	2842069
206252	2842097
206253	2842127
206254	2842139
206255	2842157
206256	2842159
206257	2842181
206258	2842187
206259	2842193
206260	2842199
206261	2842211
206262	2842219
206263	2842223
206264	2842237
206265	2842253
206266	2842283
206267	2842291
206268	2842309
206269	2842331
206270	2842351
206271	2842361
206272	2842373
206273	2842397
206274	2842403
206275	2842439
206276	2842459
206277	2842487
206278	2842517
206279	2842529
206280	2842531
206281	2842537
206282	2842559
206283	2842573
206284	2842579
206285	2842583
206286	2842589
206287	2842591
206288	2842597
206289	2842603
206290	2842643
206291	2842649
206292	2842663
206293	2842681
206294	2842691
206295	2842711
206296	2842717
206297	2842727
206298	2842729
206299	2842733
206300	2842739
206301	2842751
206302	2842753
206303	2842781
206304	2842787
206305	2842789
206306	2842811
206307	2842813
206308	2842843
206309	2842849
206310	2842871
206311	2842891
206312	2842897
206313	2842901
206314	2842937
206315	2842943
206316	2842949
206317	2842963
206318	2842991
206319	2843003
206320	2843017
206321	2843021
206322	2843023
206323	2843039
206324	2843051
206325	2843059
206326	2843081
206327	2843089
206328	2843101
206329	2843107
206330	2843111
206331	2843119
206332	2843143
206333	2843147
206334	2843153
206335	2843177
206336	2843207
206337	2843213
206338	2843219
206339	2843221
206340	2843249
206341	2843257
206342	2843261
206343	2843263
206344	2843273
206345	2843287
206346	2843317
206347	2843327
206348	2843333
206349	2843341
206350	2843353
206351	2843377
206352	2843389
206353	2843411
206354	2843429
206355	2843501
206356	2843507
206357	2843527
206358	2843531
206359	2843549
206360	2843557
206361	2843567
206362	2843587
206363	2843611
206364	2843627
206365	2843671
206366	2843677
206367	2843683
206368	2843689
206369	2843693
206370	2843699
206371	2843717
206372	2843747
206373	2843767
206374	2843791
206375	2843803
206376	2843809
206377	2843831
206378	2843833
206379	2843837
206380	2843851
206381	2843873
206382	2843887
206383	2843899
206384	2843903
206385	2843941
206386	2843969
206387	2843987
206388	2843993
206389	2843999
206390	2844013
206391	2844031
206392	2844043
206393	2844067
206394	2844071
206395	2844103
206396	2844109
206397	2844119
206398	2844133
206399	2844197
206400	2844199
206401	2844221
206402	2844223
206403	2844229
206404	2844239
206405	2844251
206406	2844263
206407	2844269
206408	2844271
206409	2844277
206410	2844311
206411	2844313
206412	2844329
206413	2844337
206414	2844353
206415	2844367
206416	2844379
206417	2844397
206418	2844421
206419	2844427
206420	2844437
206421	2844461
206422	2844469
206423	2844481
206424	2844557
206425	2844587
206426	2844601
206427	2844607
206428	2844629
206429	2844641
206430	2844649
206431	2844691
206432	2844701
206433	2844713
206434	2844731
206435	2844739
206436	2844761
206437	2844767
206438	2844833
206439	2844911
206440	2844917
206441	2844931
206442	2844937
206443	2844943
206444	2844953
206445	2844971
206446	2844973
206447	2844983
206448	2845019
206449	2845033
206450	2845043
206451	2845061
206452	2845091
206453	2845097
206454	2845099
206455	2845109
206456	2845127
206457	2845133
206458	2845147
206459	2845151
206460	2845177
206461	2845201
206462	2845207
206463	2845279
206464	2845303
206465	2845309
206466	2845319
206467	2845357
206468	2845361
206469	2845363
206470	2845369
206471	2845373
206472	2845387
206473	2845391
206474	2845417
206475	2845433
206476	2845457
206477	2845463
206478	2845481
206479	2845499
206480	2845519
206481	2845529
206482	2845547
206483	2845553
206484	2845561
206485	2845571
206486	2845603
206487	2845631
206488	2845637
206489	2845639
206490	2845657
206491	2845673
206492	2845693
206493	2845699
206494	2845723
206495	2845727
206496	2845789
206497	2845811
206498	2845823
206499	2845837
206500	2845841
206501	2845853
206502	2845873
206503	2845891
206504	2845903
206505	2845907
206506	2845949
206507	2845963
206508	2845967
206509	2845979
206510	2845981
206511	2846009
206512	2846027
206513	2846033
206514	2846057
206515	2846071
206516	2846083
206517	2846111
206518	2846113
206519	2846119
206520	2846161
206521	2846167
206522	2846183
206523	2846189
206524	2846243
206525	2846287
206526	2846323
206527	2846329
206528	2846339
206529	2846351
206530	2846359
206531	2846377
206532	2846387
206533	2846399
206534	2846401
206535	2846413
206536	2846479
206537	2846491
206538	2846527
206539	2846533
206540	2846537
206541	2846539
206542	2846551
206543	2846593
206544	2846609
206545	2846617
206546	2846621
206547	2846647
206548	2846677
206549	2846693
206550	2846717
206551	2846719
206552	2846731
206553	2846737
206554	2846741
206555	2846749
206556	2846759
206557	2846771
206558	2846773
206559	2846777
206560	2846783
206561	2846791
206562	2846797
206563	2846801
206564	2846813
206565	2846821
206566	2846861
206567	2846863
206568	2846867
206569	2846869
206570	2846873
206571	2846929
206572	2846951
206573	2846953
206574	2846957
206575	2846969
206576	2846981
206577	2846989
206578	2847011
206579	2847043
206580	2847059
206581	2847067
206582	2847079
206583	2847083
206584	2847127
206585	2847139
206586	2847167
206587	2847179
206588	2847181
206589	2847197
206590	2847203
206591	2847209
206592	2847217
206593	2847227
206594	2847253
206595	2847259
206596	2847269
206597	2847277
206598	2847287
206599	2847289
206600	2847293
206601	2847301
206602	2847323
206603	2847337
206604	2847343
206605	2847349
206606	2847379
206607	2847389
206608	2847413
206609	2847431
206610	2847457
206611	2847479
206612	2847497
206613	2847499
206614	2847521
206615	2847527
206616	2847529
206617	2847563
206618	2847583
206619	2847599
206620	2847601
206621	2847623
206622	2847643
206623	2847661
206624	2847671
206625	2847679
206626	2847697
206627	2847707
206628	2847727
206629	2847731
206630	2847749
206631	2847763
206632	2847769
206633	2847787
206634	2847797
206635	2847799
206636	2847833
206637	2847839
206638	2847863
206639	2847893
206640	2847917
206641	2847931
206642	2847937
206643	2847961
206644	2847973
206645	2847991
206646	2848009
206647	2848031
206648	2848033
206649	2848037
206650	2848051
206651	2848057
206652	2848091
206653	2848117
206654	2848121
206655	2848123
206656	2848127
206657	2848133
206658	2848141
206659	2848171
206660	2848193
206661	2848199
206662	2848201
206663	2848207
206664	2848213
206665	2848243
206666	2848283
206667	2848319
206668	2848327
206669	2848337
206670	2848361
206671	2848369
206672	2848381
206673	2848399
206674	2848411
206675	2848421
206676	2848453
206677	2848459
206678	2848471
206679	2848493
206680	2848501
206681	2848507
206682	2848511
206683	2848513
206684	2848541
206685	2848561
206686	2848567
206687	2848577
206688	2848589
206689	2848597
206690	2848603
206691	2848607
206692	2848609
206693	2848627
206694	2848631
206695	2848633
206696	2848663
206697	2848669
206698	2848687
206699	2848691
206700	2848693
206701	2848709
206702	2848723
206703	2848739
206704	2848753
206705	2848771
206706	2848777
206707	2848787
206708	2848789
206709	2848799
206710	2848823
206711	2848829
206712	2848831
206713	2848837
206714	2848847
206715	2848871
206716	2848897
206717	2848913
206718	2848919
206719	2848921
206720	2848927
206721	2848939
206722	2848949
206723	2848957
206724	2848973
206725	2848981
206726	2849009
206727	2849053
206728	2849057
206729	2849087
206730	2849123
206731	2849129
206732	2849153
206733	2849173
206734	2849177
206735	2849201
206736	2849207
206737	2849233
206738	2849291
206739	2849299
206740	2849317
206741	2849321
206742	2849339
206743	2849351
206744	2849389
206745	2849419
206746	2849423
206747	2849461
206748	2849477
206749	2849479
206750	2849491
206751	2849507
206752	2849519
206753	2849537
206754	2849593
206755	2849617
206756	2849633
206757	2849647
206758	2849663
206759	2849669
206760	2849681
206761	2849683
206762	2849687
206763	2849689
206764	2849699
206765	2849713
206766	2849741
206767	2849771
206768	2849773
206769	2849779
206770	2849783
206771	2849797
206772	2849807
206773	2849809
206774	2849813
206775	2849831
206776	2849839
206777	2849843
206778	2849849
206779	2849857
206780	2849887
206781	2849893
206782	2849927
206783	2849929
206784	2849933
206785	2849941
206786	2849947
206787	2849963
206788	2849983
206789	2849989
206790	2850013
206791	2850037
206792	2850041
206793	2850059
206794	2850061
206795	2850079
206796	2850097
206797	2850157
206798	2850161
206799	2850173
206800	2850179
206801	2850187
206802	2850191
206803	2850193
206804	2850223
206805	2850251
206806	2850257
206807	2850259
206808	2850299
206809	2850301
206810	2850311
206811	2850313
206812	2850317
206813	2850329
206814	2850343
206815	2850371
206816	2850377
206817	2850383
206818	2850389
206819	2850401
206820	2850433
206821	2850451
206822	2850461
206823	2850479
206824	2850487
206825	2850493
206826	2850511
206827	2850541
206828	2850563
206829	2850571
206830	2850583
206831	2850619
206832	2850623
206833	2850629
206834	2850647
206835	2850697
206836	2850719
206837	2850737
206838	2850761
206839	2850763
206840	2850767
206841	2850773
206842	2850797
206843	2850811
206844	2850823
206845	2850829
206846	2850851
206847	2850871
206848	2850899
206849	2850929
206850	2850941
206851	2850949
206852	2850959
206853	2850971
206854	2850979
206855	2850989
206856	2850997
206857	2851001
206858	2851049
206859	2851061
206860	2851081
206861	2851091
206862	2851097
206863	2851111
206864	2851141
206865	2851151
206866	2851153
206867	2851169
206868	2851171
206869	2851187
206870	2851231
206871	2851249
206872	2851253
206873	2851267
206874	2851313
206875	2851327
206876	2851337
206877	2851351
206878	2851361
206879	2851391
206880	2851397
206881	2851399
206882	2851403
206883	2851421
206884	2851423
206885	2851441
206886	2851447
206887	2851451
206888	2851469
206889	2851481
206890	2851523
206891	2851543
206892	2851561
206893	2851571
206894	2851601
206895	2851603
206896	2851613
206897	2851621
206898	2851633
206899	2851643
206900	2851661
206901	2851727
206902	2851741
206903	2851777
206904	2851787
206905	2851789
206906	2851799
206907	2851813
206908	2851817
206909	2851829
206910	2851841
206911	2851847
206912	2851853
206913	2851861
206914	2851867
206915	2851873
206916	2851879
206917	2851909
206918	2851921
206919	2851939
206920	2851943
206921	2851949
206922	2851951
206923	2851973
206924	2851991
206925	2852027
206926	2852041
206927	2852051
206928	2852053
206929	2852077
206930	2852081
206931	2852099
206932	2852117
206933	2852149
206934	2852159
206935	2852167
206936	2852189
206937	2852191
206938	2852197
206939	2852249
206940	2852281
206941	2852303
206942	2852309
206943	2852327
206944	2852351
206945	2852371
206946	2852387
206947	2852389
206948	2852401
206949	2852429
206950	2852449
206951	2852467
206952	2852471
206953	2852501
206954	2852503
206955	2852519
206956	2852569
206957	2852581
206958	2852587
206959	2852599
206960	2852609
206961	2852669
206962	2852671
206963	2852677
206964	2852699
206965	2852711
206966	2852743
206967	2852747
206968	2852771
206969	2852779
206970	2852797
206971	2852807
206972	2852809
206973	2852813
206974	2852819
206975	2852833
206976	2852849
206977	2852873
206978	2852879
206979	2852887
206980	2852893
206981	2852917
206982	2852939
206983	2852963
206984	2852977
206985	2852981
206986	2852987
206987	2852999
206988	2853001
206989	2853013
206990	2853017
206991	2853047
206992	2853079
206993	2853083
206994	2853101
206995	2853113
206996	2853121
206997	2853131
206998	2853157
206999	2853167
207000	2853187
