207001	2853197
207002	2853217
207003	2853233
207004	2853241
207005	2853247
207006	2853269
207007	2853307
207008	2853337
207009	2853371
207010	2853373
207011	2853391
207012	2853413
207013	2853427
207014	2853443
207015	2853451
207016	2853481
207017	2853493
207018	2853503
207019	2853509
207020	2853533
207021	2853547
207022	2853577
207023	2853601
207024	2853611
207025	2853647
207026	2853659
207027	2853661
207028	2853673
207029	2853677
207030	2853689
207031	2853701
207032	2853707
207033	2853709
207034	2853737
207035	2853751
207036	2853757
207037	2853761
207038	2853779
207039	2853787
207040	2853791
207041	2853811
207042	2853833
207043	2853853
207044	2853869
207045	2853871
207046	2853881
207047	2853883
207048	2853911
207049	2853913
207050	2853923
207051	2853937
207052	2853973
207053	2853979
207054	2853989
207055	2854003
207056	2854021
207057	2854037
207058	2854043
207059	2854063
207060	2854067
207061	2854073
207062	2854091
207063	2854099
207064	2854127
207065	2854157
207066	2854171
207067	2854207
207068	2854223
207069	2854253
207070	2854259
207071	2854261
207072	2854273
207073	2854289
207074	2854301
207075	2854303
207076	2854309
207077	2854321
207078	2854331
207079	2854337
207080	2854343
207081	2854363
207082	2854367
207083	2854381
207084	2854391
207085	2854399
207086	2854403
207087	2854433
207088	2854447
207089	2854459
207090	2854463
207091	2854517
207092	2854547
207093	2854549
207094	2854561
207095	2854567
207096	2854571
207097	2854591
207098	2854603
207099	2854609
207100	2854627
207101	2854637
207102	2854651
207103	2854703
207104	2854717
207105	2854723
207106	2854729
207107	2854751
207108	2854763
207109	2854781
207110	2854799
207111	2854837
207112	2854843
207113	2854889
207114	2854903
207115	2854919
207116	2854927
207117	2854933
207118	2854939
207119	2854993
207120	2855003
207121	2855009
207122	2855023
207123	2855029
207124	2855033
207125	2855051
207126	2855063
207127	2855077
207128	2855089
207129	2855093
207130	2855101
207131	2855107
207132	2855113
207133	2855119
207134	2855129
207135	2855141
207136	2855159
207137	2855161
207138	2855183
207139	2855189
207140	2855207
207141	2855213
207142	2855221
207143	2855231
207144	2855233
207145	2855239
207146	2855257
207147	2855261
207148	2855267
207149	2855273
207150	2855309
207151	2855323
207152	2855353
207153	2855357
207154	2855383
207155	2855393
207156	2855399
207157	2855429
207158	2855431
207159	2855443
207160	2855459
207161	2855467
207162	2855483
207163	2855497
207164	2855513
207165	2855557
207166	2855581
207167	2855591
207168	2855599
207169	2855603
207170	2855617
207171	2855653
207172	2855683
207173	2855701
207174	2855707
207175	2855729
207176	2855731
207177	2855747
207178	2855761
207179	2855791
207180	2855807
207181	2855819
207182	2855843
207183	2855851
207184	2855857
207185	2855869
207186	2855873
207187	2855893
207188	2855899
207189	2855911
207190	2855927
207191	2855953
207192	2855989
207193	2856001
207194	2856037
207195	2856059
207196	2856079
207197	2856083
207198	2856097
207199	2856107
207200	2856121
207201	2856149
207202	2856167
207203	2856173
207204	2856197
207205	2856229
207206	2856241
207207	2856253
207208	2856283
207209	2856349
207210	2856353
207211	2856377
207212	2856379
207213	2856397
207214	2856409
207215	2856419
207216	2856421
207217	2856431
207218	2856449
207219	2856461
207220	2856473
207221	2856509
207222	2856521
207223	2856547
207224	2856551
207225	2856559
207226	2856599
207227	2856617
207228	2856653
207229	2856673
207230	2856677
207231	2856683
207232	2856773
207233	2856779
207234	2856803
207235	2856809
207236	2856823
207237	2856857
207238	2856863
207239	2856871
207240	2856883
207241	2856923
207242	2856961
207243	2856967
207244	2856977
207245	2857009
207246	2857013
207247	2857039
207248	2857061
207249	2857067
207250	2857073
207251	2857079
207252	2857093
207253	2857097
207254	2857123
207255	2857159
207256	2857181
207257	2857187
207258	2857199
207259	2857219
207260	2857223
207261	2857237
207262	2857247
207263	2857259
207264	2857297
207265	2857303
207266	2857319
207267	2857321
207268	2857333
207269	2857339
207270	2857357
207271	2857369
207272	2857381
207273	2857397
207274	2857403
207275	2857417
207276	2857427
207277	2857433
207278	2857453
207279	2857469
207280	2857471
207281	2857493
207282	2857501
207283	2857507
207284	2857511
207285	2857531
207286	2857541
207287	2857559
207288	2857567
207289	2857571
207290	2857579
207291	2857609
207292	2857633
207293	2857637
207294	2857639
207295	2857643
207296	2857661
207297	2857663
207298	2857693
207299	2857697
207300	2857709
207301	2857711
207302	2857721
207303	2857753
207304	2857759
207305	2857763
207306	2857801
207307	2857831
207308	2857849
207309	2857861
207310	2857867
207311	2857889
207312	2857891
207313	2857903
207314	2857913
207315	2857931
207316	2857937
207317	2857949
207318	2857951
207319	2857973
207320	2857993
207321	2858029
207322	2858041
207323	2858059
207324	2858071
207325	2858101
207326	2858123
207327	2858129
207328	2858161
207329	2858173
207330	2858179
207331	2858183
207332	2858209
207333	2858221
207334	2858243
207335	2858249
207336	2858263
207337	2858309
207338	2858333
207339	2858347
207340	2858357
207341	2858369
207342	2858381
207343	2858393
207344	2858423
207345	2858441
207346	2858447
207347	2858459
207348	2858467
207349	2858483
207350	2858489
207351	2858503
207352	2858519
207353	2858543
207354	2858573
207355	2858579
207356	2858599
207357	2858621
207358	2858623
207359	2858627
207360	2858633
207361	2858641
207362	2858651
207363	2858699
207364	2858701
207365	2858711
207366	2858741
207367	2858747
207368	2858749
207369	2858777
207370	2858803
207371	2858819
207372	2858827
207373	2858833
207374	2858893
207375	2858903
207376	2858927
207377	2858929
207378	2858951
207379	2858959
207380	2858981
207381	2859001
207382	2859019
207383	2859029
207384	2859047
207385	2859049
207386	2859067
207387	2859071
207388	2859097
207389	2859121
207390	2859133
207391	2859137
207392	2859163
207393	2859173
207394	2859187
207395	2859211
207396	2859229
207397	2859251
207398	2859271
207399	2859287
207400	2859289
207401	2859301
207402	2859331
207403	2859341
207404	2859343
207405	2859377
207406	2859391
207407	2859407
207408	2859413
207409	2859427
207410	2859469
207411	2859473
207412	2859491
207413	2859499
207414	2859503
207415	2859551
207416	2859559
207417	2859607
207418	2859617
207419	2859631
207420	2859641
207421	2859673
207422	2859677
207423	2859697
207424	2859707
207425	2859713
207426	2859733
207427	2859743
207428	2859749
207429	2859763
207430	2859793
207431	2859799
207432	2859803
207433	2859847
207434	2859869
207435	2859877
207436	2859919
207437	2859929
207438	2859943
207439	2859949
207440	2859971
207441	2859977
207442	2859979
207443	2859991
207444	2860007
207445	2860019
207446	2860021
207447	2860043
207448	2860057
207449	2860061
207450	2860087
207451	2860103
207452	2860129
207453	2860133
207454	2860141
207455	2860157
207456	2860177
207457	2860181
207458	2860223
207459	2860237
207460	2860259
207461	2860271
207462	2860289
207463	2860307
207464	2860309
207465	2860327
207466	2860331
207467	2860337
207468	2860409
207469	2860411
207470	2860457
207471	2860477
207472	2860483
207473	2860493
207474	2860499
207475	2860523
207476	2860553
207477	2860567
207478	2860577
207479	2860601
207480	2860609
207481	2860631
207482	2860633
207483	2860639
207484	2860643
207485	2860657
207486	2860673
207487	2860679
207488	2860681
207489	2860687
207490	2860691
207491	2860721
207492	2860723
207493	2860751
207494	2860757
207495	2860769
207496	2860771
207497	2860787
207498	2860789
207499	2860799
207500	2860801
207501	2860807
207502	2860817
207503	2860829
207504	2860841
207505	2860853
207506	2860883
207507	2860903
207508	2860931
207509	2860973
207510	2860999
207511	2861009
207512	2861041
207513	2861051
207514	2861059
207515	2861063
207516	2861081
207517	2861107
207518	2861113
207519	2861119
207520	2861129
207521	2861137
207522	2861147
207523	2861161
207524	2861189
207525	2861197
207526	2861203
207527	2861213
207528	2861231
207529	2861233
207530	2861239
207531	2861249
207532	2861251
207533	2861279
207534	2861291
207535	2861297
207536	2861303
207537	2861317
207538	2861347
207539	2861363
207540	2861377
207541	2861387
207542	2861399
207543	2861447
207544	2861461
207545	2861471
207546	2861479
207547	2861483
207548	2861497
207549	2861531
207550	2861539
207551	2861549
207552	2861557
207553	2861561
207554	2861569
207555	2861587
207556	2861603
207557	2861623
207558	2861657
207559	2861659
207560	2861669
207561	2861671
207562	2861699
207563	2861711
207564	2861737
207565	2861741
207566	2861743
207567	2861767
207568	2861777
207569	2861801
207570	2861809
207571	2861849
207572	2861851
207573	2861861
207574	2861869
207575	2861897
207576	2861909
207577	2861917
207578	2861921
207579	2861927
207580	2861941
207581	2861977
207582	2862011
207583	2862017
207584	2862043
207585	2862047
207586	2862049
207587	2862077
207588	2862109
207589	2862113
207590	2862127
207591	2862131
207592	2862163
207593	2862187
207594	2862203
207595	2862221
207596	2862227
207597	2862259
207598	2862289
207599	2862311
207600	2862313
207601	2862337
207602	2862359
207603	2862361
207604	2862367
207605	2862397
207606	2862401
207607	2862413
207608	2862437
207609	2862463
207610	2862469
207611	2862487
207612	2862491
207613	2862493
207614	2862499
207615	2862523
207616	2862529
207617	2862539
207618	2862551
207619	2862569
207620	2862577
207621	2862589
207622	2862593
207623	2862599
207624	2862611
207625	2862617
207626	2862623
207627	2862641
207628	2862683
207629	2862701
207630	2862703
207631	2862731
207632	2862733
207633	2862751
207634	2862803
207635	2862829
207636	2862859
207637	2862883
207638	2862887
207639	2862917
207640	2862929
207641	2862931
207642	2862941
207643	2862947
207644	2862973
207645	2862991
207646	2862997
207647	2863009
207648	2863019
207649	2863031
207650	2863037
207651	2863057
207652	2863061
207653	2863079
207654	2863117
207655	2863121
207656	2863127
207657	2863139
207658	2863169
207659	2863181
207660	2863207
207661	2863229
207662	2863277
207663	2863283
207664	2863291
207665	2863303
207666	2863309
207667	2863313
207668	2863331
207669	2863351
207670	2863363
207671	2863369
207672	2863387
207673	2863391
207674	2863403
207675	2863423
207676	2863453
207677	2863457
207678	2863493
207679	2863517
207680	2863519
207681	2863559
207682	2863573
207683	2863577
207684	2863589
207685	2863591
207686	2863603
207687	2863607
207688	2863649
207689	2863697
207690	2863703
207691	2863733
207692	2863739
207693	2863741
207694	2863771
207695	2863787
207696	2863793
207697	2863823
207698	2863841
207699	2863849
207700	2863853
207701	2863859
207702	2863867
207703	2863877
207704	2863879
207705	2863897
207706	2863907
207707	2863909
207708	2863921
207709	2863943
207710	2863951
207711	2863967
207712	2863969
207713	2863979
207714	2864021
207715	2864023
207716	2864027
207717	2864033
207718	2864051
207719	2864077
207720	2864083
207721	2864087
207722	2864089
207723	2864093
207724	2864129
207725	2864149
207726	2864153
207727	2864159
207728	2864201
207729	2864203
207730	2864209
207731	2864221
207732	2864237
207733	2864249
207734	2864261
207735	2864291
207736	2864293
207737	2864299
207738	2864339
207739	2864341
207740	2864357
207741	2864363
207742	2864371
207743	2864401
207744	2864419
207745	2864423
207746	2864441
207747	2864453
207748	2864467
207749	2864473
207750	2864479
207751	2864527
207752	2864539
207753	2864557
207754	2864569
207755	2864599
207756	2864623
207757	2864633
207758	2864647
207759	2864657
207760	2864671
207761	2864677
207762	2864681
207763	2864683
207764	2864689
207765	2864713
207766	2864717
207767	2864723
207768	2864737
207769	2864749
207770	2864761
207771	2864831
207772	2864833
207773	2864843
207774	2864867
207775	2864879
207776	2864887
207777	2864909
207778	2864963
207779	2864969
207780	2864977
207781	2865001
207782	2865007
207783	2865043
207784	2865059
207785	2865091
207786	2865097
207787	2865131
207788	2865157
207789	2865173
207790	2865193
207791	2865199
207792	2865209
207793	2865211
207794	2865241
207795	2865259
207796	2865277
207797	2865307
207798	2865311
207799	2865319
207800	2865329
207801	2865337
207802	2865383
207803	2865397
207804	2865413
207805	2865427
207806	2865431
207807	2865433
207808	2865439
207809	2865463
207810	2865479
207811	2865481
207812	2865487
207813	2865491
207814	2865493
207815	2865497
207816	2865509
207817	2865521
207818	2865529
207819	2865557
207820	2865559
207821	2865581
207822	2865587
207823	2865589
207824	2865601
207825	2865607
207826	2865617
207827	2865623
207828	2865641
207829	2865659
207830	2865661
207831	2865679
207832	2865683
207833	2865691
207834	2865697
207835	2865701
207836	2865727
207837	2865739
207838	2865743
207839	2865749
207840	2865787
207841	2865803
207842	2865817
207843	2865839
207844	2865871
207845	2865881
207846	2865899
207847	2865901
207848	2865913
207849	2865917
207850	2865923
207851	2865931
207852	2865949
207853	2865953
207854	2865971
207855	2865977
207856	2866001
207857	2866033
207858	2866049
207859	2866051
207860	2866069
207861	2866109
207862	2866117
207863	2866121
207864	2866139
207865	2866147
207866	2866151
207867	2866159
207868	2866163
207869	2866189
207870	2866211
207871	2866223
207872	2866247
207873	2866261
207874	2866267
207875	2866271
207876	2866277
207877	2866289
207878	2866309
207879	2866333
207880	2866343
207881	2866363
207882	2866403
207883	2866417
207884	2866429
207885	2866439
207886	2866441
207887	2866453
207888	2866463
207889	2866469
207890	2866499
207891	2866519
207892	2866529
207893	2866537
207894	2866543
207895	2866553
207896	2866579
207897	2866583
207898	2866603
207899	2866607
207900	2866609
207901	2866613
207902	2866627
207903	2866657
207904	2866667
207905	2866691
207906	2866709
207907	2866711
207908	2866741
207909	2866753
207910	2866781
207911	2866793
207912	2866807
207913	2866811
207914	2866819
207915	2866837
207916	2866841
207917	2866847
207918	2866867
207919	2866873
207920	2866883
207921	2866901
207922	2866907
207923	2866921
207924	2866937
207925	2866943
207926	2866951
207927	2866961
207928	2867003
207929	2867009
207930	2867017
207931	2867021
207932	2867023
207933	2867071
207934	2867077
207935	2867083
207936	2867099
207937	2867107
207938	2867213
207939	2867219
207940	2867231
207941	2867239
207942	2867243
207943	2867269
207944	2867281
207945	2867287
207946	2867297
207947	2867299
207948	2867303
207949	2867321
207950	2867327
207951	2867351
207952	2867357
207953	2867377
207954	2867383
207955	2867429
207956	2867437
207957	2867467
207958	2867471
207959	2867497
207960	2867503
207961	2867507
207962	2867519
207963	2867561
207964	2867569
207965	2867573
207966	2867597
207967	2867629
207968	2867633
207969	2867677
207970	2867699
207971	2867719
207972	2867737
207973	2867741
207974	2867743
207975	2867771
207976	2867783
207977	2867797
207978	2867807
207979	2867819
207980	2867831
207981	2867857
207982	2867861
207983	2867867
207984	2867869
207985	2867873
207986	2867911
207987	2867923
207988	2867929
207989	2867933
207990	2867941
207991	2867947
207992	2867957
207993	2867959
207994	2868001
207995	2868007
207996	2868011
207997	2868017
207998	2868023
207999	2868029
208000	2868043
