208001	2868067
208002	2868083
208003	2868109
208004	2868113
208005	2868119
208006	2868137
208007	2868139
208008	2868149
208009	2868161
208010	2868163
208011	2868181
208012	2868191
208013	2868211
208014	2868251
208015	2868263
208016	2868289
208017	2868293
208018	2868323
208019	2868331
208020	2868343
208021	2868367
208022	2868407
208023	2868409
208024	2868421
208025	2868443
208026	2868451
208027	2868473
208028	2868479
208029	2868493
208030	2868497
208031	2868511
208032	2868527
208033	2868539
208034	2868557
208035	2868571
208036	2868577
208037	2868617
208038	2868673
208039	2868689
208040	2868707
208041	2868713
208042	2868773
208043	2868779
208044	2868787
208045	2868793
208046	2868799
208047	2868809
208048	2868823
208049	2868851
208050	2868857
208051	2868871
208052	2868919
208053	2868947
208054	2868949
208055	2868959
208056	2868961
208057	2868977
208058	2869001
208059	2869033
208060	2869051
208061	2869063
208062	2869079
208063	2869103
208064	2869117
208065	2869123
208066	2869127
208067	2869159
208068	2869187
208069	2869199
208070	2869213
208071	2869219
208072	2869241
208073	2869249
208074	2869253
208075	2869259
208076	2869297
208077	2869301
208078	2869327
208079	2869351
208080	2869369
208081	2869403
208082	2869429
208083	2869441
208084	2869459
208085	2869499
208086	2869541
208087	2869547
208088	2869553
208089	2869567
208090	2869613
208091	2869621
208092	2869649
208093	2869663
208094	2869693
208095	2869721
208096	2869729
208097	2869747
208098	2869751
208099	2869759
208100	2869771
208101	2869781
208102	2869793
208103	2869799
208104	2869807
208105	2869813
208106	2869837
208107	2869859
208108	2869873
208109	2869879
208110	2869883
208111	2869901
208112	2869943
208113	2869967
208114	2869973
208115	2869981
208116	2869987
208117	2870017
208118	2870027
208119	2870039
208120	2870047
208121	2870051
208122	2870081
208123	2870089
208124	2870099
208125	2870107
208126	2870113
208127	2870171
208128	2870183
208129	2870227
208130	2870237
208131	2870249
208132	2870269
208133	2870279
208134	2870323
208135	2870353
208136	2870393
208137	2870401
208138	2870407
208139	2870411
208140	2870429
208141	2870437
208142	2870443
208143	2870447
208144	2870453
208145	2870471
208146	2870473
208147	2870513
208148	2870519
208149	2870531
208150	2870537
208151	2870557
208152	2870573
208153	2870587
208154	2870591
208155	2870597
208156	2870611
208157	2870617
208158	2870627
208159	2870641
208160	2870657
208161	2870663
208162	2870669
208163	2870683
208164	2870689
208165	2870701
208166	2870711
208167	2870717
208168	2870753
208169	2870761
208170	2870789
208171	2870801
208172	2870821
208173	2870831
208174	2870839
208175	2870863
208176	2870893
208177	2870899
208178	2870911
208179	2870953
208180	2870969
208181	2870983
208182	2870993
208183	2871013
208184	2871019
208185	2871031
208186	2871049
208187	2871061
208188	2871091
208189	2871101
208190	2871119
208191	2871133
208192	2871137
208193	2871139
208194	2871173
208195	2871191
208196	2871199
208197	2871221
208198	2871227
208199	2871233
208200	2871257
208201	2871287
208202	2871289
208203	2871293
208204	2871347
208205	2871359
208206	2871361
208207	2871367
208208	2871391
208209	2871409
208210	2871433
208211	2871439
208212	2871457
208213	2871467
208214	2871469
208215	2871503
208216	2871509
208217	2871563
208218	2871587
208219	2871611
208220	2871613
208221	2871629
208222	2871643
208223	2871689
208224	2871719
208225	2871721
208226	2871731
208227	2871749
208228	2871761
208229	2871767
208230	2871797
208231	2871811
208232	2871833
208233	2871853
208234	2871857
208235	2871877
208236	2871881
208237	2871901
208238	2871917
208239	2871919
208240	2871937
208241	2871959
208242	2871961
208243	2871971
208244	2871991
208245	2872003
208246	2872007
208247	2872019
208248	2872027
208249	2872043
208250	2872069
208251	2872081
208252	2872109
208253	2872139
208254	2872141
208255	2872151
208256	2872153
208257	2872183
208258	2872187
208259	2872237
208260	2872277
208261	2872283
208262	2872291
208263	2872301
208264	2872313
208265	2872327
208266	2872333
208267	2872351
208268	2872369
208269	2872379
208270	2872391
208271	2872393
208272	2872409
208273	2872417
208274	2872423
208275	2872427
208276	2872433
208277	2872451
208278	2872453
208279	2872459
208280	2872481
208281	2872523
208282	2872531
208283	2872543
208284	2872559
208285	2872577
208286	2872579
208287	2872601
208288	2872607
208289	2872621
208290	2872669
208291	2872691
208292	2872693
208293	2872697
208294	2872703
208295	2872721
208296	2872729
208297	2872741
208298	2872757
208299	2872763
208300	2872777
208301	2872783
208302	2872789
208303	2872811
208304	2872817
208305	2872823
208306	2872853
208307	2872889
208308	2872897
208309	2872921
208310	2872937
208311	2872967
208312	2872973
208313	2872981
208314	2872997
208315	2873023
208316	2873029
208317	2873033
208318	2873041
208319	2873053
208320	2873069
208321	2873081
208322	2873099
208323	2873107
208324	2873113
208325	2873141
208326	2873149
208327	2873177
208328	2873179
208329	2873203
208330	2873209
208331	2873231
208332	2873249
208333	2873261
208334	2873267
208335	2873279
208336	2873281
208337	2873287
208338	2873293
208339	2873333
208340	2873341
208341	2873347
208342	2873363
208343	2873371
208344	2873393
208345	2873401
208346	2873417
208347	2873447
208348	2873449
208349	2873461
208350	2873471
208351	2873473
208352	2873489
208353	2873491
208354	2873509
208355	2873513
208356	2873537
208357	2873539
208358	2873557
208359	2873573
208360	2873587
208361	2873621
208362	2873623
208363	2873641
208364	2873657
208365	2873659
208366	2873671
208367	2873677
208368	2873701
208369	2873707
208370	2873711
208371	2873723
208372	2873729
208373	2873743
208374	2873749
208375	2873777
208376	2873789
208377	2873797
208378	2873809
208379	2873837
208380	2873839
208381	2873851
208382	2873863
208383	2873879
208384	2873887
208385	2873891
208386	2873911
208387	2873933
208388	2873939
208389	2873947
208390	2873953
208391	2873989
208392	2873999
208393	2874007
208394	2874023
208395	2874029
208396	2874089
208397	2874107
208398	2874119
208399	2874121
208400	2874169
208401	2874181
208402	2874211
208403	2874217
208404	2874251
208405	2874253
208406	2874269
208407	2874281
208408	2874299
208409	2874307
208410	2874317
208411	2874331
208412	2874337
208413	2874353
208414	2874409
208415	2874437
208416	2874449
208417	2874457
208418	2874463
208419	2874467
208420	2874481
208421	2874499
208422	2874511
208423	2874523
208424	2874559
208425	2874569
208426	2874589
208427	2874617
208428	2874629
208429	2874647
208430	2874673
208431	2874691
208432	2874709
208433	2874721
208434	2874727
208435	2874733
208436	2874737
208437	2874743
208438	2874749
208439	2874791
208440	2874811
208441	2874829
208442	2874841
208443	2874877
208444	2874881
208445	2874901
208446	2874917
208447	2874929
208448	2874941
208449	2874979
208450	2875001
208451	2875007
208452	2875013
208453	2875021
208454	2875027
208455	2875049
208456	2875051
208457	2875063
208458	2875079
208459	2875097
208460	2875111
208461	2875127
208462	2875133
208463	2875151
208464	2875163
208465	2875183
208466	2875199
208467	2875211
208468	2875267
208469	2875331
208470	2875333
208471	2875337
208472	2875339
208473	2875349
208474	2875361
208475	2875373
208476	2875387
208477	2875393
208478	2875417
208479	2875421
208480	2875423
208481	2875427
208482	2875447
208483	2875469
208484	2875489
208485	2875519
208486	2875541
208487	2875549
208488	2875577
208489	2875619
208490	2875627
208491	2875633
208492	2875643
208493	2875673
208494	2875681
208495	2875709
208496	2875739
208497	2875753
208498	2875757
208499	2875811
208500	2875813
208501	2875823
208502	2875861
208503	2875871
208504	2875903
208505	2875913
208506	2875921
208507	2875927
208508	2875933
208509	2875937
208510	2875987
208511	2875991
208512	2876021
208513	2876051
208514	2876057
208515	2876117
208516	2876119
208517	2876131
208518	2876143
208519	2876161
208520	2876171
208521	2876207
208522	2876221
208523	2876233
208524	2876261
208525	2876287
208526	2876297
208527	2876299
208528	2876303
208529	2876329
208530	2876339
208531	2876347
208532	2876369
208533	2876387
208534	2876389
208535	2876411
208536	2876443
208537	2876453
208538	2876473
208539	2876479
208540	2876483
208541	2876507
208542	2876509
208543	2876513
208544	2876527
208545	2876537
208546	2876551
208547	2876557
208548	2876567
208549	2876579
208550	2876591
208551	2876593
208552	2876603
208553	2876609
208554	2876611
208555	2876647
208556	2876669
208557	2876717
208558	2876737
208559	2876759
208560	2876761
208561	2876773
208562	2876777
208563	2876789
208564	2876801
208565	2876803
208566	2876813
208567	2876827
208568	2876833
208569	2876869
208570	2876879
208571	2876903
208572	2876911
208573	2876921
208574	2876933
208575	2876941
208576	2876953
208577	2876959
208578	2876971
208579	2876981
208580	2876983
208581	2877013
208582	2877019
208583	2877031
208584	2877053
208585	2877109
208586	2877143
208587	2877167
208588	2877179
208589	2877191
208590	2877197
208591	2877221
208592	2877223
208593	2877229
208594	2877239
208595	2877247
208596	2877263
208597	2877271
208598	2877283
208599	2877307
208600	2877313
208601	2877331
208602	2877349
208603	2877359
208604	2877367
208605	2877373
208606	2877397
208607	2877401
208608	2877419
208609	2877443
208610	2877463
208611	2877473
208612	2877487
208613	2877533
208614	2877547
208615	2877557
208616	2877571
208617	2877593
208618	2877617
208619	2877619
208620	2877631
208621	2877649
208622	2877659
208623	2877661
208624	2877673
208625	2877703
208626	2877713
208627	2877773
208628	2877779
208629	2877803
208630	2877817
208631	2877839
208632	2877841
208633	2877863
208634	2877871
208635	2877877
208636	2877881
208637	2877883
208638	2877887
208639	2877899
208640	2877907
208641	2877929
208642	2877937
208643	2877943
208644	2877983
208645	2878003
208646	2878021
208647	2878027
208648	2878037
208649	2878039
208650	2878067
208651	2878093
208652	2878123
208653	2878147
208654	2878153
208655	2878181
208656	2878229
208657	2878231
208658	2878247
208659	2878297
208660	2878303
208661	2878313
208662	2878331
208663	2878333
208664	2878361
208665	2878373
208666	2878391
208667	2878397
208668	2878409
208669	2878429
208670	2878439
208671	2878451
208672	2878537
208673	2878543
208674	2878573
208675	2878591
208676	2878597
208677	2878613
208678	2878639
208679	2878679
208680	2878693
208681	2878697
208682	2878699
208683	2878717
208684	2878723
208685	2878727
208686	2878741
208687	2878751
208688	2878769
208689	2878783
208690	2878793
208691	2878819
208692	2878847
208693	2878849
208694	2878853
208695	2878867
208696	2878873
208697	2878879
208698	2878903
208699	2878919
208700	2878921
208701	2878957
208702	2878961
208703	2878973
208704	2878999
208705	2879003
208706	2879027
208707	2879039
208708	2879053
208709	2879083
208710	2879087
208711	2879099
208712	2879101
208713	2879111
208714	2879131
208715	2879147
208716	2879161
208717	2879179
208718	2879183
208719	2879189
208720	2879197
208721	2879213
208722	2879243
208723	2879257
208724	2879291
208725	2879293
208726	2879297
208727	2879299
208728	2879351
208729	2879363
208730	2879399
208731	2879411
208732	2879423
208733	2879447
208734	2879449
208735	2879467
208736	2879479
208737	2879491
208738	2879501
208739	2879509
208740	2879521
208741	2879533
208742	2879551
208743	2879563
208744	2879609
208745	2879641
208746	2879651
208747	2879687
208748	2879693
208749	2879699
208750	2879713
208751	2879719
208752	2879741
208753	2879759
208754	2879771
208755	2879791
208756	2879801
208757	2879803
208758	2879819
208759	2879837
208760	2879843
208761	2879857
208762	2879873
208763	2879879
208764	2879893
208765	2879909
208766	2879911
208767	2879927
208768	2879971
208769	2879999
208770	2880029
208771	2880041
208772	2880049
208773	2880067
208774	2880071
208775	2880109
208776	2880121
208777	2880131
208778	2880149
208779	2880167
208780	2880169
208781	2880173
208782	2880181
208783	2880187
208784	2880197
208785	2880223
208786	2880239
208787	2880271
208788	2880281
208789	2880299
208790	2880329
208791	2880331
208792	2880341
208793	2880347
208794	2880379
208795	2880389
208796	2880407
208797	2880421
208798	2880433
208799	2880443
208800	2880461
208801	2880467
208802	2880469
208803	2880473
208804	2880499
208805	2880503
208806	2880509
208807	2880511
208808	2880529
208809	2880569
208810	2880607
208811	2880629
208812	2880641
208813	2880643
208814	2880649
208815	2880659
208816	2880671
208817	2880707
208818	2880719
208819	2880733
208820	2880739
208821	2880763
208822	2880767
208823	2880797
208824	2880809
208825	2880811
208826	2880817
208827	2880827
208828	2880851
208829	2880859
208830	2880863
208831	2880869
208832	2880877
208833	2880881
208834	2880883
208835	2880887
208836	2880901
208837	2880907
208838	2880949
208839	2880991
208840	2881009
208841	2881031
208842	2881057
208843	2881061
208844	2881097
208845	2881117
208846	2881127
208847	2881139
208848	2881159
208849	2881163
208850	2881169
208851	2881181
208852	2881183
208853	2881243
208854	2881253
208855	2881261
208856	2881267
208857	2881271
208858	2881273
208859	2881289
208860	2881303
208861	2881327
208862	2881337
208863	2881343
208864	2881349
208865	2881379
208866	2881391
208867	2881397
208868	2881399
208869	2881409
208870	2881427
208871	2881433
208872	2881441
208873	2881447
208874	2881453
208875	2881471
208876	2881499
208877	2881513
208878	2881531
208879	2881547
208880	2881561
208881	2881573
208882	2881589
208883	2881591
208884	2881621
208885	2881639
208886	2881649
208887	2881657
208888	2881699
208889	2881709
208890	2881717
208891	2881727
208892	2881733
208893	2881783
208894	2881799
208895	2881859
208896	2881861
208897	2881867
208898	2881873
208899	2881883
208900	2881889
208901	2881897
208902	2881937
208903	2881943
208904	2881951
208905	2882021
208906	2882023
208907	2882029
208908	2882057
208909	2882059
208910	2882071
208911	2882081
208912	2882083
208913	2882093
208914	2882111
208915	2882123
208916	2882141
208917	2882149
208918	2882179
208919	2882183
208920	2882203
208921	2882207
208922	2882213
208923	2882221
208924	2882227
208925	2882239
208926	2882251
208927	2882261
208928	2882267
208929	2882279
208930	2882303
208931	2882309
208932	2882323
208933	2882351
208934	2882359
208935	2882371
208936	2882377
208937	2882389
208938	2882413
208939	2882441
208940	2882447
208941	2882449
208942	2882461
208943	2882479
208944	2882483
208945	2882489
208946	2882491
208947	2882497
208948	2882501
208949	2882527
208950	2882533
208951	2882543
208952	2882599
208953	2882603
208954	2882609
208955	2882647
208956	2882653
208957	2882657
208958	2882717
208959	2882729
208960	2882731
208961	2882753
208962	2882767
208963	2882771
208964	2882777
208965	2882801
208966	2882807
208967	2882837
208968	2882857
208969	2882863
208970	2882897
208971	2882923
208972	2882953
208973	2882963
208974	2882993
208975	2883007
208976	2883011
208977	2883017
208978	2883019
208979	2883059
208980	2883061
208981	2883071
208982	2883091
208983	2883109
208984	2883113
208985	2883143
208986	2883157
208987	2883163
208988	2883173
208989	2883187
208990	2883191
208991	2883197
208992	2883229
208993	2883233
208994	2883259
208995	2883289
208996	2883313
208997	2883317
208998	2883323
208999	2883367
209000	2883371
