209001	2883379
209002	2883431
209003	2883437
209004	2883443
209005	2883457
209006	2883467
209007	2883469
209008	2883473
209009	2883509
209010	2883541
209011	2883547
209012	2883553
209013	2883563
209014	2883577
209015	2883593
209016	2883599
209017	2883631
209018	2883641
209019	2883667
209020	2883697
209021	2883733
209022	2883767
209023	2883773
209024	2883781
209025	2883799
209026	2883823
209027	2883827
209028	2883851
209029	2883887
209030	2883893
209031	2883911
209032	2883913
209033	2883929
209034	2883973
209035	2883983
209036	2883989
209037	2883997
209038	2884051
209039	2884069
209040	2884073
209041	2884081
209042	2884087
209043	2884093
209044	2884109
209045	2884117
209046	2884129
209047	2884151
209048	2884153
209049	2884163
209050	2884171
209051	2884183
209052	2884201
209053	2884229
209054	2884243
209055	2884267
209056	2884279
209057	2884289
209058	2884319
209059	2884327
209060	2884337
209061	2884351
209062	2884367
209063	2884379
209064	2884381
209065	2884403
209066	2884411
209067	2884433
209068	2884439
209069	2884471
209070	2884481
209071	2884493
209072	2884513
209073	2884537
209074	2884547
209075	2884559
209076	2884571
209077	2884573
209078	2884589
209079	2884603
209080	2884621
209081	2884627
209082	2884633
209083	2884639
209084	2884649
209085	2884657
209086	2884663
209087	2884681
209088	2884691
209089	2884699
209090	2884709
209091	2884711
209092	2884723
209093	2884733
209094	2884753
209095	2884759
209096	2884769
209097	2884787
209098	2884793
209099	2884799
209100	2884807
209101	2884811
209102	2884823
209103	2884897
209104	2884901
209105	2884919
209106	2884933
209107	2884939
209108	2884957
209109	2884961
209110	2884963
209111	2884967
209112	2884991
209113	2884993
209114	2885021
209115	2885039
209116	2885063
209117	2885089
209118	2885101
209119	2885107
209120	2885111
209121	2885119
209122	2885173
209123	2885177
209124	2885191
209125	2885203
209126	2885209
209127	2885219
209128	2885237
209129	2885243
209130	2885249
209131	2885251
209132	2885261
209133	2885269
209134	2885273
209135	2885279
209136	2885287
209137	2885299
209138	2885341
209139	2885353
209140	2885417
209141	2885423
209142	2885431
209143	2885453
209144	2885497
209145	2885527
209146	2885551
209147	2885569
209148	2885579
209149	2885581
209150	2885591
209151	2885599
209152	2885611
209153	2885627
209154	2885639
209155	2885669
209156	2885677
209157	2885689
209158	2885693
209159	2885713
209160	2885719
209161	2885783
209162	2885789
209163	2885803
209164	2885807
209165	2885837
209166	2885863
209167	2885887
209168	2885893
209169	2885917
209170	2885923
209171	2885933
209172	2885947
209173	2885951
209174	2885977
209175	2885983
209176	2886011
209177	2886019
209178	2886029
209179	2886049
209180	2886053
209181	2886067
209182	2886077
209183	2886083
209184	2886089
209185	2886127
209186	2886139
209187	2886161
209188	2886187
209189	2886197
209190	2886199
209191	2886217
209192	2886227
209193	2886229
209194	2886239
209195	2886251
209196	2886253
209197	2886263
209198	2886281
209199	2886287
209200	2886319
209201	2886353
209202	2886361
209203	2886371
209204	2886383
209205	2886409
209206	2886419
209207	2886451
209208	2886463
209209	2886467
209210	2886487
209211	2886509
209212	2886511
209213	2886517
209214	2886529
209215	2886553
209216	2886557
209217	2886563
209218	2886571
209219	2886593
209220	2886607
209221	2886619
209222	2886643
209223	2886649
209224	2886659
209225	2886673
209226	2886679
209227	2886683
209228	2886743
209229	2886757
209230	2886761
209231	2886773
209232	2886791
209233	2886809
209234	2886833
209235	2886839
209236	2886859
209237	2886899
209238	2886901
209239	2886907
209240	2886911
209241	2886941
209242	2886971
209243	2886973
209244	2886997
209245	2887007
209246	2887009
209247	2887019
209248	2887021
209249	2887033
209250	2887039
209251	2887043
209252	2887051
209253	2887067
209254	2887081
209255	2887117
209256	2887133
209257	2887139
209258	2887141
209259	2887151
209260	2887201
209261	2887207
209262	2887217
209263	2887237
209264	2887279
209265	2887289
209266	2887307
209267	2887319
209268	2887333
209269	2887337
209270	2887349
209271	2887363
209272	2887439
209273	2887441
209274	2887459
209275	2887463
209276	2887481
209277	2887513
209278	2887523
209279	2887537
209280	2887541
209281	2887567
209282	2887583
209283	2887607
209284	2887631
209285	2887649
209286	2887657
209287	2887663
209288	2887669
209289	2887693
209290	2887697
209291	2887699
209292	2887711
209293	2887721
209294	2887741
209295	2887747
209296	2887763
209297	2887771
209298	2887777
209299	2887789
209300	2887793
209301	2887799
209302	2887817
209303	2887847
209304	2887861
209305	2887879
209306	2887883
209307	2887921
209308	2887933
209309	2887939
209310	2887979
209311	2887987
209312	2887993
209313	2888021
209314	2888027
209315	2888029
209316	2888059
209317	2888069
209318	2888071
209319	2888077
209320	2888089
209321	2888117
209322	2888141
209323	2888143
209324	2888189
209325	2888191
209326	2888201
209327	2888213
209328	2888231
209329	2888233
209330	2888243
209331	2888269
209332	2888273
209333	2888287
209334	2888299
209335	2888311
209336	2888321
209337	2888339
209338	2888357
209339	2888381
209340	2888383
209341	2888387
209342	2888441
209343	2888443
209344	2888449
209345	2888467
209346	2888489
209347	2888497
209348	2888507
209349	2888527
209350	2888531
209351	2888539
209352	2888569
209353	2888591
209354	2888597
209355	2888617
209356	2888621
209357	2888629
209358	2888647
209359	2888651
209360	2888653
209361	2888671
209362	2888693
209363	2888723
209364	2888747
209365	2888749
209366	2888773
209367	2888789
209368	2888807
209369	2888843
209370	2888863
209371	2888887
209372	2888891
209373	2888909
209374	2888917
209375	2888953
209376	2888971
209377	2889001
209378	2889011
209379	2889013
209380	2889023
209381	2889049
209382	2889079
209383	2889091
209384	2889113
209385	2889119
209386	2889149
209387	2889151
209388	2889163
209389	2889179
209390	2889181
209391	2889209
209392	2889217
209393	2889221
209394	2889233
209395	2889247
209396	2889251
209397	2889277
209398	2889287
209399	2889317
209400	2889319
209401	2889331
209402	2889343
209403	2889347
209404	2889353
209405	2889361
209406	2889373
209407	2889389
209408	2889427
209409	2889437
209410	2889443
209411	2889449
209412	2889457
209413	2889461
209414	2889493
209415	2889499
209416	2889503
209417	2889511
209418	2889529
209419	2889547
209420	2889569
209421	2889571
209422	2889587
209423	2889599
209424	2889617
209425	2889637
209426	2889641
209427	2889683
209428	2889703
209429	2889707
209430	2889739
209431	2889769
209432	2889781
209433	2889787
209434	2889797
209435	2889823
209436	2889829
209437	2889833
209438	2889839
209439	2889841
209440	2889853
209441	2889863
209442	2889869
209443	2889877
209444	2889883
209445	2889923
209446	2889947
209447	2889979
209448	2890001
209449	2890003
209450	2890031
209451	2890061
209452	2890079
209453	2890081
209454	2890087
209455	2890091
209456	2890093
209457	2890103
209458	2890117
209459	2890127
209460	2890141
209461	2890183
209462	2890189
209463	2890207
209464	2890211
209465	2890231
209466	2890259
209467	2890267
209468	2890271
209469	2890301
209470	2890319
209471	2890369
209472	2890379
209473	2890397
209474	2890399
209475	2890411
209476	2890421
209477	2890423
209478	2890429
209479	2890439
209480	2890441
209481	2890457
209482	2890463
209483	2890483
209484	2890487
209485	2890499
209486	2890507
209487	2890513
209488	2890523
209489	2890529
209490	2890577
209491	2890583
209492	2890597
209493	2890619
209494	2890627
209495	2890637
209496	2890649
209497	2890669
209498	2890687
209499	2890703
209500	2890711
209501	2890739
209502	2890753
209503	2890759
209504	2890763
209505	2890813
209506	2890861
209507	2890871
209508	2890883
209509	2890889
209510	2890897
209511	2890913
209512	2890919
209513	2890949
209514	2890957
209515	2890961
209516	2890997
209517	2890999
209518	2891011
209519	2891023
209520	2891041
209521	2891051
209522	2891081
209523	2891087
209524	2891093
209525	2891101
209526	2891129
209527	2891137
209528	2891171
209529	2891201
209530	2891219
209531	2891233
209532	2891237
209533	2891243
209534	2891257
209535	2891263
209536	2891281
209537	2891293
209538	2891303
209539	2891323
209540	2891341
209541	2891359
209542	2891381
209543	2891389
209544	2891407
209545	2891417
209546	2891419
209547	2891429
209548	2891431
209549	2891453
209550	2891459
209551	2891489
209552	2891501
209553	2891509
209554	2891527
209555	2891543
209556	2891569
209557	2891573
209558	2891597
209559	2891599
209560	2891639
209561	2891657
209562	2891671
209563	2891687
209564	2891701
209565	2891729
209566	2891737
209567	2891741
209568	2891761
209569	2891789
209570	2891821
209571	2891831
209572	2891891
209573	2891893
209574	2891899
209575	2891927
209576	2891929
209577	2891963
209578	2891981
209579	2892013
209580	2892037
209581	2892049
209582	2892053
209583	2892073
209584	2892077
209585	2892079
209586	2892107
209587	2892119
209588	2892133
209589	2892143
209590	2892151
209591	2892191
209592	2892217
209593	2892221
209594	2892251
209595	2892259
209596	2892271
209597	2892277
209598	2892283
209599	2892287
209600	2892289
209601	2892299
209602	2892311
209603	2892341
209604	2892359
209605	2892367
209606	2892371
209607	2892403
209608	2892419
209609	2892473
209610	2892511
209611	2892563
209612	2892569
209613	2892577
209614	2892583
209615	2892619
209616	2892629
209617	2892649
209618	2892667
209619	2892671
209620	2892683
209621	2892689
209622	2892749
209623	2892763
209624	2892781
209625	2892787
209626	2892797
209627	2892811
209628	2892817
209629	2892823
209630	2892847
209631	2892853
209632	2892881
209633	2892887
209634	2892893
209635	2892931
209636	2892937
209637	2892949
209638	2892971
209639	2892973
209640	2892977
209641	2892983
209642	2893003
209643	2893019
209644	2893031
209645	2893057
209646	2893081
209647	2893091
209648	2893097
209649	2893103
209650	2893117
209651	2893129
209652	2893157
209653	2893159
209654	2893201
209655	2893207
209656	2893211
209657	2893229
209658	2893237
209659	2893249
209660	2893279
209661	2893283
209662	2893307
209663	2893309
209664	2893313
209665	2893327
209666	2893351
209667	2893357
209668	2893369
209669	2893379
209670	2893391
209671	2893393
209672	2893399
209673	2893409
209674	2893421
209675	2893439
209676	2893477
209677	2893481
209678	2893483
209679	2893487
209680	2893489
209681	2893507
209682	2893523
209683	2893531
209684	2893543
209685	2893547
209686	2893589
209687	2893619
209688	2893637
209689	2893651
209690	2893661
209691	2893679
209692	2893703
209693	2893717
209694	2893721
209695	2893727
209696	2893741
209697	2893753
209698	2893763
209699	2893777
209700	2893811
209701	2893831
209702	2893843
209703	2893861
209704	2893867
209705	2893879
209706	2893897
209707	2893937
209708	2893951
209709	2893967
209710	2893987
209711	2893993
209712	2894041
209713	2894053
209714	2894069
209715	2894071
209716	2894123
209717	2894153
209718	2894161
209719	2894167
209720	2894179
209721	2894209
209722	2894219
209723	2894239
209724	2894263
209725	2894273
209726	2894279
209727	2894299
209728	2894303
209729	2894321
209730	2894329
209731	2894341
209732	2894351
209733	2894387
209734	2894407
209735	2894413
209736	2894417
209737	2894431
209738	2894443
209739	2894447
209740	2894449
209741	2894453
209742	2894483
209743	2894509
209744	2894513
209745	2894533
209746	2894537
209747	2894543
209748	2894557
209749	2894561
209750	2894579
209751	2894587
209752	2894603
209753	2894627
209754	2894629
209755	2894653
209756	2894657
209757	2894659
209758	2894677
209759	2894719
209760	2894737
209761	2894747
209762	2894753
209763	2894767
209764	2894813
209765	2894831
209766	2894833
209767	2894839
209768	2894861
209769	2894863
209770	2894893
209771	2894909
209772	2894911
209773	2894929
209774	2894939
209775	2894951
209776	2894971
209777	2894989
209778	2894993
209779	2895001
209780	2895023
209781	2895029
209782	2895031
209783	2895037
209784	2895047
209785	2895073
209786	2895077
209787	2895089
209788	2895091
209789	2895103
209790	2895119
209791	2895127
209792	2895169
209793	2895187
209794	2895203
209795	2895229
209796	2895241
209797	2895281
209798	2895293
209799	2895301
209800	2895323
209801	2895329
209802	2895349
209803	2895359
209804	2895371
209805	2895377
209806	2895407
209807	2895419
209808	2895421
209809	2895439
209810	2895449
209811	2895463
209812	2895479
209813	2895511
209814	2895521
209815	2895523
209816	2895533
209817	2895589
209818	2895637
209819	2895643
209820	2895647
209821	2895743
209822	2895757
209823	2895773
209824	2895791
209825	2895799
209826	2895821
209827	2895833
209828	2895857
209829	2895859
209830	2895869
209831	2895881
209832	2895887
209833	2895901
209834	2895913
209835	2895917
209836	2895929
209837	2895943
209838	2895979
209839	2896013
209840	2896031
209841	2896039
209842	2896057
209843	2896063
209844	2896067
209845	2896073
209846	2896087
209847	2896099
209848	2896109
209849	2896111
209850	2896121
209851	2896123
209852	2896139
209853	2896147
209854	2896207
209855	2896213
209856	2896241
209857	2896247
209858	2896253
209859	2896261
209860	2896277
209861	2896297
209862	2896319
209863	2896339
209864	2896349
209865	2896357
209866	2896373
209867	2896393
209868	2896403
209869	2896427
209870	2896447
209871	2896483
209872	2896501
209873	2896507
209874	2896519
209875	2896559
209876	2896561
209877	2896571
209878	2896573
209879	2896601
209880	2896627
209881	2896631
209882	2896637
209883	2896639
209884	2896651
209885	2896661
209886	2896667
209887	2896687
209888	2896703
209889	2896717
209890	2896739
209891	2896741
209892	2896763
209893	2896769
209894	2896787
209895	2896793
209896	2896799
209897	2896813
209898	2896837
209899	2896847
209900	2896849
209901	2896853
209902	2896877
209903	2896903
209904	2896913
209905	2896931
209906	2896963
209907	2896967
209908	2896969
209909	2896973
209910	2896979
209911	2897003
209912	2897023
209913	2897047
209914	2897051
209915	2897053
209916	2897087
209917	2897093
209918	2897107
209919	2897113
209920	2897119
209921	2897131
209922	2897171
209923	2897173
209924	2897179
209925	2897197
209926	2897227
209927	2897249
209928	2897263
209929	2897269
209930	2897273
209931	2897299
209932	2897311
209933	2897341
209934	2897357
209935	2897369
209936	2897371
209937	2897381
209938	2897393
209939	2897417
209940	2897423
209941	2897437
209942	2897449
209943	2897491
209944	2897501
209945	2897527
209946	2897533
209947	2897579
209948	2897611
209949	2897621
209950	2897627
209951	2897689
209952	2897707
209953	2897711
209954	2897717
209955	2897731
209956	2897753
209957	2897789
209958	2897801
209959	2897819
209960	2897827
209961	2897833
209962	2897887
209963	2897893
209964	2897897
209965	2897933
209966	2897959
209967	2897963
209968	2897971
209969	2897981
209970	2897989
209971	2898017
209972	2898029
209973	2898031
209974	2898047
209975	2898053
209976	2898061
209977	2898079
209978	2898083
209979	2898101
209980	2898121
209981	2898131
209982	2898151
209983	2898169
209984	2898187
209985	2898191
209986	2898197
209987	2898227
209988	2898229
209989	2898239
209990	2898359
209991	2898367
209992	2898383
209993	2898409
209994	2898421
209995	2898451
209996	2898479
209997	2898481
209998	2898499
209999	2898503
210000	2898527
