211001	2913263
211002	2913271
211003	2913319
211004	2913329
211005	2913331
211006	2913347
211007	2913353
211008	2913359
211009	2913367
211010	2913371
211011	2913377
211012	2913401
211013	2913413
211014	2913431
211015	2913451
211016	2913457
211017	2913487
211018	2913497
211019	2913509
211020	2913523
211021	2913529
211022	2913541
211023	2913553
211024	2913563
211025	2913587
211026	2913607
211027	2913619
211028	2913641
211029	2913697
211030	2913719
211031	2913727
211032	2913733
211033	2913739
211034	2913751
211035	2913773
211036	2913791
211037	2913797
211038	2913803
211039	2913811
211040	2913863
211041	2913871
211042	2913913
211043	2913929
211044	2913943
211045	2913961
211046	2913979
211047	2913997
211048	2914001
211049	2914013
211050	2914019
211051	2914027
211052	2914033
211053	2914081
211054	2914097
211055	2914103
211056	2914111
211057	2914129
211058	2914133
211059	2914139
211060	2914147
211061	2914151
211062	2914159
211063	2914183
211064	2914189
211065	2914193
211066	2914199
211067	2914211
211068	2914229
211069	2914237
211070	2914267
211071	2914283
211072	2914309
211073	2914313
211074	2914319
211075	2914363
211076	2914369
211077	2914393
211078	2914421
211079	2914441
211080	2914447
211081	2914477
211082	2914481
211083	2914487
211084	2914489
211085	2914501
211086	2914507
211087	2914511
211088	2914553
211089	2914577
211090	2914579
211091	2914607
211092	2914673
211093	2914687
211094	2914693
211095	2914697
211096	2914739
211097	2914741
211098	2914801
211099	2914831
211100	2914843
211101	2914861
211102	2914867
211103	2914883
211104	2914909
211105	2914913
211106	2914921
211107	2914931
211108	2914937
211109	2914957
211110	2914979
211111	2914991
211112	2915027
211113	2915039
211114	2915069
211115	2915071
211116	2915093
211117	2915111
211118	2915123
211119	2915137
211120	2915149
211121	2915161
211122	2915173
211123	2915191
211124	2915201
211125	2915219
211126	2915243
211127	2915257
211128	2915261
211129	2915281
211130	2915293
211131	2915299
211132	2915309
211133	2915317
211134	2915321
211135	2915323
211136	2915327
211137	2915351
211138	2915369
211139	2915413
211140	2915431
211141	2915441
211142	2915453
211143	2915461
211144	2915467
211145	2915491
211146	2915501
211147	2915509
211148	2915527
211149	2915533
211150	2915537
211151	2915543
211152	2915557
211153	2915587
211154	2915597
211155	2915599
211156	2915611
211157	2915623
211158	2915663
211159	2915677
211160	2915681
211161	2915699
211162	2915713
211163	2915719
211164	2915753
211165	2915791
211166	2915807
211167	2915831
211168	2915837
211169	2915849
211170	2915893
211171	2915897
211172	2915903
211173	2915923
211174	2915951
211175	2915977
211176	2915981
211177	2915989
211178	2915999
211179	2916013
211180	2916019
211181	2916031
211182	2916059
211183	2916073
211184	2916103
211185	2916107
211186	2916119
211187	2916143
211188	2916149
211189	2916161
211190	2916167
211191	2916169
211192	2916181
211193	2916203
211194	2916241
211195	2916257
211196	2916271
211197	2916281
211198	2916283
211199	2916293
211200	2916307
211201	2916313
211202	2916317
211203	2916323
211204	2916337
211205	2916343
211206	2916373
211207	2916383
211208	2916391
211209	2916409
211210	2916439
211211	2916457
211212	2916479
211213	2916493
211214	2916497
211215	2916509
211216	2916521
211217	2916523
211218	2916527
211219	2916539
211220	2916553
211221	2916581
211222	2916583
211223	2916587
211224	2916611
211225	2916629
211226	2916649
211227	2916677
211228	2916691
211229	2916701
211230	2916737
211231	2916757
211232	2916763
211233	2916769
211234	2916787
211235	2916799
211236	2916811
211237	2916827
211238	2916841
211239	2916919
211240	2916931
211241	2916941
211242	2916943
211243	2916971
211244	2917001
211245	2917003
211246	2917037
211247	2917049
211248	2917073
211249	2917091
211250	2917097
211251	2917099
211252	2917129
211253	2917147
211254	2917157
211255	2917171
211256	2917181
211257	2917199
211258	2917219
211259	2917223
211260	2917237
211261	2917253
211262	2917259
211263	2917261
211264	2917289
211265	2917303
211266	2917307
211267	2917309
211268	2917333
211269	2917357
211270	2917361
211271	2917403
211272	2917423
211273	2917427
211274	2917433
211275	2917457
211276	2917463
211277	2917477
211278	2917483
211279	2917493
211280	2917511
211281	2917513
211282	2917517
211283	2917529
211284	2917543
211285	2917559
211286	2917567
211287	2917633
211288	2917637
211289	2917639
211290	2917643
211291	2917667
211292	2917723
211293	2917753
211294	2917769
211295	2917771
211296	2917781
211297	2917799
211298	2917801
211299	2917823
211300	2917841
211301	2917853
211302	2917861
211303	2917877
211304	2917891
211305	2917909
211306	2917913
211307	2917927
211308	2917939
211309	2917949
211310	2917969
211311	2917973
211312	2918059
211313	2918107
211314	2918117
211315	2918119
211316	2918129
211317	2918131
211318	2918137
211319	2918141
211320	2918173
211321	2918177
211322	2918207
211323	2918213
211324	2918231
211325	2918239
211326	2918249
211327	2918261
211328	2918273
211329	2918291
211330	2918297
211331	2918303
211332	2918323
211333	2918327
211334	2918329
211335	2918351
211336	2918359
211337	2918369
211338	2918387
211339	2918389
211340	2918393
211341	2918411
211342	2918413
211343	2918417
211344	2918431
211345	2918437
211346	2918471
211347	2918477
211348	2918479
211349	2918491
211350	2918501
211351	2918507
211352	2918519
211353	2918521
211354	2918537
211355	2918561
211356	2918563
211357	2918567
211358	2918569
211359	2918581
211360	2918593
211361	2918603
211362	2918621
211363	2918689
211364	2918717
211365	2918719
211366	2918731
211367	2918737
211368	2918767
211369	2918777
211370	2918779
211371	2918803
211372	2918807
211373	2918809
211374	2918857
211375	2918873
211376	2918887
211377	2918891
211378	2918897
211379	2918899
211380	2918921
211381	2918939
211382	2918959
211383	2918963
211384	2918977
211385	2919011
211386	2919013
211387	2919017
211388	2919031
211389	2919047
211390	2919061
211391	2919071
211392	2919079
211393	2919083
211394	2919097
211395	2919107
211396	2919109
211397	2919113
211398	2919127
211399	2919149
211400	2919157
211401	2919199
211402	2919209
211403	2919211
211404	2919221
211405	2919251
211406	2919269
211407	2919299
211408	2919317
211409	2919341
211410	2919353
211411	2919361
211412	2919377
211413	2919383
211414	2919419
211415	2919443
211416	2919451
211417	2919463
211418	2919473
211419	2919479
211420	2919481
211421	2919491
211422	2919503
211423	2919509
211424	2919541
211425	2919557
211426	2919577
211427	2919589
211428	2919599
211429	2919613
211430	2919619
211431	2919629
211432	2919647
211433	2919667
211434	2919671
211435	2919677
211436	2919701
211437	2919703
211438	2919727
211439	2919757
211440	2919769
211441	2919779
211442	2919803
211443	2919811
211444	2919821
211445	2919841
211446	2919853
211447	2919899
211448	2919907
211449	2919913
211450	2919941
211451	2919949
211452	2919967
211453	2919989
211454	2920013
211455	2920019
211456	2920031
211457	2920037
211458	2920051
211459	2920069
211460	2920079
211461	2920109
211462	2920117
211463	2920123
211464	2920139
211465	2920163
211466	2920171
211467	2920187
211468	2920193
211469	2920201
211470	2920207
211471	2920237
211472	2920249
211473	2920273
211474	2920279
211475	2920289
211476	2920303
211477	2920321
211478	2920327
211479	2920339
211480	2920343
211481	2920349
211482	2920361
211483	2920363
211484	2920367
211485	2920381
211486	2920391
211487	2920397
211488	2920399
211489	2920403
211490	2920409
211491	2920427
211492	2920453
211493	2920457
211494	2920469
211495	2920487
211496	2920501
211497	2920507
211498	2920513
211499	2920523
211500	2920531
211501	2920543
211502	2920571
211503	2920579
211504	2920591
211505	2920633
211506	2920637
211507	2920649
211508	2920691
211509	2920693
211510	2920739
211511	2920751
211512	2920783
211513	2920811
211514	2920829
211515	2920831
211516	2920837
211517	2920871
211518	2920877
211519	2920901
211520	2920903
211521	2920943
211522	2920969
211523	2920979
211524	2920987
211525	2921027
211526	2921029
211527	2921047
211528	2921053
211529	2921057
211530	2921063
211531	2921089
211532	2921111
211533	2921129
211534	2921131
211535	2921137
211536	2921147
211537	2921173
211538	2921179
211539	2921189
211540	2921197
211541	2921203
211542	2921213
211543	2921221
211544	2921227
211545	2921239
211546	2921249
211547	2921273
211548	2921293
211549	2921327
211550	2921329
211551	2921339
211552	2921371
211553	2921417
211554	2921423
211555	2921507
211556	2921509
211557	2921531
211558	2921539
211559	2921561
211560	2921563
211561	2921591
211562	2921593
211563	2921599
211564	2921617
211565	2921623
211566	2921629
211567	2921647
211568	2921689
211569	2921729
211570	2921753
211571	2921761
211572	2921767
211573	2921771
211574	2921777
211575	2921819
211576	2921861
211577	2921869
211578	2921873
211579	2921879
211580	2921881
211581	2921899
211582	2921903
211583	2921911
211584	2921921
211585	2921923
211586	2921929
211587	2921951
211588	2921957
211589	2921981
211590	2921987
211591	2922041
211592	2922043
211593	2922047
211594	2922061
211595	2922077
211596	2922097
211597	2922103
211598	2922107
211599	2922121
211600	2922133
211601	2922167
211602	2922191
211603	2922203
211604	2922209
211605	2922221
211606	2922229
211607	2922247
211608	2922259
211609	2922287
211610	2922307
211611	2922313
211612	2922331
211613	2922341
211614	2922343
211615	2922349
211616	2922373
211617	2922383
211618	2922391
211619	2922407
211620	2922433
211621	2922443
211622	2922457
211623	2922461
211624	2922497
211625	2922509
211626	2922527
211627	2922529
211628	2922539
211629	2922547
211630	2922551
211631	2922553
211632	2922559
211633	2922583
211634	2922613
211635	2922631
211636	2922641
211637	2922653
211638	2922659
211639	2922677
211640	2922697
211641	2922709
211642	2922721
211643	2922737
211644	2922739
211645	2922743
211646	2922749
211647	2922757
211648	2922761
211649	2922769
211650	2922779
211651	2922797
211652	2922809
211653	2922811
211654	2922833
211655	2922841
211656	2922853
211657	2922859
211658	2922893
211659	2922911
211660	2922961
211661	2922967
211662	2922973
211663	2922989
211664	2922991
211665	2923007
211666	2923033
211667	2923043
211668	2923049
211669	2923051
211670	2923069
211671	2923087
211672	2923091
211673	2923103
211674	2923121
211675	2923127
211676	2923147
211677	2923153
211678	2923157
211679	2923163
211680	2923199
211681	2923211
211682	2923213
211683	2923247
211684	2923253
211685	2923279
211686	2923313
211687	2923351
211688	2923367
211689	2923379
211690	2923387
211691	2923409
211692	2923421
211693	2923433
211694	2923457
211695	2923463
211696	2923469
211697	2923471
211698	2923477
211699	2923493
211700	2923499
211701	2923513
211702	2923523
211703	2923559
211704	2923589
211705	2923597
211706	2923619
211707	2923633
211708	2923651
211709	2923727
211710	2923741
211711	2923747
211712	2923763
211713	2923769
211714	2923787
211715	2923799
211716	2923807
211717	2923831
211718	2923859
211719	2923897
211720	2923901
211721	2923903
211722	2923927
211723	2923933
211724	2923961
211725	2923969
211726	2924021
211727	2924023
211728	2924029
211729	2924069
211730	2924087
211731	2924111
211732	2924167
211733	2924171
211734	2924177
211735	2924183
211736	2924189
211737	2924191
211738	2924209
211739	2924213
211740	2924227
211741	2924231
211742	2924237
211743	2924263
211744	2924267
211745	2924269
211746	2924281
211747	2924287
211748	2924303
211749	2924321
211750	2924329
211751	2924351
211752	2924353
211753	2924371
211754	2924393
211755	2924399
211756	2924413
211757	2924431
211758	2924437
211759	2924477
211760	2924491
211761	2924497
211762	2924503
211763	2924513
211764	2924521
211765	2924533
211766	2924557
211767	2924567
211768	2924569
211769	2924573
211770	2924587
211771	2924609
211772	2924627
211773	2924641
211774	2924711
211775	2924717
211776	2924723
211777	2924729
211778	2924777
211779	2924791
211780	2924827
211781	2924839
211782	2924851
211783	2924861
211784	2924869
211785	2924893
211786	2924897
211787	2924921
211788	2924923
211789	2924927
211790	2924939
211791	2924953
211792	2924963
211793	2924983
211794	2925001
211795	2925023
211796	2925029
211797	2925049
211798	2925053
211799	2925077
211800	2925079
211801	2925089
211802	2925103
211803	2925113
211804	2925119
211805	2925127
211806	2925137
211807	2925149
211808	2925151
211809	2925157
211810	2925179
211811	2925193
211812	2925199
211813	2925203
211814	2925211
211815	2925281
211816	2925313
211817	2925353
211818	2925359
211819	2925367
211820	2925383
211821	2925389
211822	2925401
211823	2925407
211824	2925427
211825	2925437
211826	2925443
211827	2925463
211828	2925467
211829	2925469
211830	2925511
211831	2925521
211832	2925523
211833	2925539
211834	2925551
211835	2925583
211836	2925613
211837	2925619
211838	2925631
211839	2925641
211840	2925679
211841	2925691
211842	2925707
211843	2925721
211844	2925731
211845	2925733
211846	2925739
211847	2925773
211848	2925779
211849	2925799
211850	2925809
211851	2925817
211852	2925821
211853	2925827
211854	2925841
211855	2925847
211856	2925851
211857	2925859
211858	2925889
211859	2925893
211860	2925917
211861	2925919
211862	2925931
211863	2925941
211864	2925973
211865	2925977
211866	2926003
211867	2926031
211868	2926039
211869	2926051
211870	2926067
211871	2926069
211872	2926103
211873	2926111
211874	2926117
211875	2926139
211876	2926141
211877	2926151
211878	2926163
211879	2926169
211880	2926177
211881	2926181
211882	2926201
211883	2926271
211884	2926277
211885	2926283
211886	2926291
211887	2926309
211888	2926321
211889	2926327
211890	2926337
211891	2926349
211892	2926379
211893	2926387
211894	2926403
211895	2926411
211896	2926421
211897	2926453
211898	2926481
211899	2926487
211900	2926507
211901	2926519
211902	2926559
211903	2926571
211904	2926579
211905	2926591
211906	2926603
211907	2926633
211908	2926657
211909	2926661
211910	2926673
211911	2926687
211912	2926699
211913	2926717
211914	2926733
211915	2926739
211916	2926751
211917	2926757
211918	2926769
211919	2926783
211920	2926787
211921	2926793
211922	2926799
211923	2926801
211924	2926823
211925	2926843
211926	2926897
211927	2926909
211928	2926919
211929	2926939
211930	2926961
211931	2926981
211932	2927011
211933	2927021
211934	2927027
211935	2927047
211936	2927087
211937	2927101
211938	2927123
211939	2927129
211940	2927131
211941	2927143
211942	2927147
211943	2927149
211944	2927189
211945	2927191
211946	2927219
211947	2927257
211948	2927261
211949	2927263
211950	2927293
211951	2927303
211952	2927339
211953	2927341
211954	2927389
211955	2927459
211956	2927473
211957	2927531
211958	2927537
211959	2927581
211960	2927591
211961	2927593
211962	2927597
211963	2927599
211964	2927611
211965	2927651
211966	2927663
211967	2927669
211968	2927681
211969	2927707
211970	2927711
211971	2927713
211972	2927737
211973	2927747
211974	2927777
211975	2927779
211976	2927789
211977	2927797
211978	2927801
211979	2927803
211980	2927807
211981	2927809
211982	2927861
211983	2927863
211984	2927867
211985	2927891
211986	2927917
211987	2927941
211988	2927971
211989	2927983
211990	2928007
211991	2928017
211992	2928019
211993	2928049
211994	2928059
211995	2928083
211996	2928089
211997	2928113
211998	2928119
211999	2928137
212000	2928151
