212001	2928173
212002	2928181
212003	2928203
212004	2928209
212005	2928227
212006	2928251
212007	2928259
212008	2928271
212009	2928281
212010	2928283
212011	2928287
212012	2928307
212013	2928311
212014	2928319
212015	2928361
212016	2928377
212017	2928397
212018	2928421
212019	2928461
212020	2928463
212021	2928479
212022	2928481
212023	2928491
212024	2928509
212025	2928517
212026	2928529
212027	2928547
212028	2928553
212029	2928559
212030	2928571
212031	2928581
212032	2928647
212033	2928677
212034	2928691
212035	2928713
212036	2928719
212037	2928749
212038	2928769
212039	2928791
212040	2928817
212041	2928823
212042	2928829
212043	2928839
212044	2928851
212045	2928881
212046	2928929
212047	2928931
212048	2928943
212049	2928953
212050	2928967
212051	2928997
212052	2929007
212053	2929009
212054	2929033
212055	2929051
212056	2929061
212057	2929067
212058	2929093
212059	2929099
212060	2929103
212061	2929111
212062	2929133
212063	2929177
212064	2929183
212065	2929187
212066	2929189
212067	2929207
212068	2929231
212069	2929237
212070	2929243
212071	2929259
212072	2929301
212073	2929331
212074	2929337
212075	2929343
212076	2929351
212077	2929357
212078	2929373
212079	2929391
212080	2929393
212081	2929411
212082	2929427
212083	2929453
212084	2929483
212085	2929501
212086	2929513
212087	2929517
212088	2929519
212089	2929523
212090	2929529
212091	2929571
212092	2929601
212093	2929603
212094	2929607
212095	2929621
212096	2929637
212097	2929639
212098	2929643
212099	2929657
212100	2929669
212101	2929687
212102	2929699
212103	2929711
212104	2929723
212105	2929741
212106	2929747
212107	2929753
212108	2929757
212109	2929789
212110	2929793
212111	2929807
212112	2929813
212113	2929859
212114	2929867
212115	2929879
212116	2929921
212117	2929937
212118	2929939
212119	2929943
212120	2929951
212121	2929961
212122	2929963
212123	2929973
212124	2929991
212125	2930003
212126	2930021
212127	2930033
212128	2930071
212129	2930093
212130	2930113
212131	2930119
212132	2930153
212133	2930159
212134	2930167
212135	2930173
212136	2930197
212137	2930201
212138	2930219
212139	2930231
212140	2930243
212141	2930261
212142	2930267
212143	2930281
212144	2930287
212145	2930299
212146	2930303
212147	2930329
212148	2930357
212149	2930359
212150	2930371
212151	2930381
212152	2930401
212153	2930413
212154	2930419
212155	2930449
212156	2930483
212157	2930489
212158	2930491
212159	2930507
212160	2930509
212161	2930519
212162	2930527
212163	2930533
212164	2930539
212165	2930561
212166	2930563
212167	2930593
212168	2930633
212169	2930651
212170	2930657
212171	2930689
212172	2930699
212173	2930713
212174	2930723
212175	2930737
212176	2930743
212177	2930747
212178	2930761
212179	2930773
212180	2930777
212181	2930789
212182	2930791
212183	2930819
212184	2930831
212185	2930839
212186	2930843
212187	2930849
212188	2930861
212189	2930869
212190	2930887
212191	2930897
212192	2930911
212193	2930947
212194	2930969
212195	2930999
212196	2931041
212197	2931043
212198	2931053
212199	2931067
212200	2931079
212201	2931083
212202	2931101
212203	2931113
212204	2931127
212205	2931151
212206	2931161
212207	2931167
212208	2931193
212209	2931197
212210	2931209
212211	2931211
212212	2931217
212213	2931221
212214	2931223
212215	2931241
212216	2931289
212217	2931307
212218	2931319
212219	2931413
212220	2931421
212221	2931427
212222	2931433
212223	2931443
212224	2931457
212225	2931493
212226	2931503
212227	2931527
212228	2931553
212229	2931569
212230	2931583
212231	2931587
212232	2931619
212233	2931629
212234	2931637
212235	2931647
212236	2931653
212237	2931671
212238	2931683
212239	2931707
212240	2931713
212241	2931739
212242	2931751
212243	2931779
212244	2931793
212245	2931823
212246	2931827
212247	2931829
212248	2931847
212249	2931883
212250	2931889
212251	2931919
212252	2931941
212253	2931961
212254	2931983
212255	2931997
212256	2932003
212257	2932021
212258	2932031
212259	2932037
212260	2932043
212261	2932067
212262	2932091
212263	2932117
212264	2932147
212265	2932151
212266	2932169
212267	2932183
212268	2932231
212269	2932271
212270	2932273
212271	2932297
212272	2932301
212273	2932309
212274	2932343
212275	2932351
212276	2932357
212277	2932367
212278	2932373
212279	2932379
212280	2932387
212281	2932399
212282	2932409
212283	2932411
212284	2932429
212285	2932439
212286	2932459
212287	2932481
212288	2932487
212289	2932493
212290	2932499
212291	2932511
212292	2932537
212293	2932541
212294	2932547
212295	2932561
212296	2932577
212297	2932591
212298	2932597
212299	2932609
212300	2932651
212301	2932679
212302	2932681
212303	2932691
212304	2932703
212305	2932711
212306	2932751
212307	2932757
212308	2932777
212309	2932781
212310	2932793
212311	2932807
212312	2932829
212313	2932837
212314	2932841
212315	2932843
212316	2932871
212317	2932883
212318	2932889
212319	2932903
212320	2932913
212321	2932931
212322	2932933
212323	2932957
212324	2932961
212325	2932981
212326	2932997
212327	2932999
212328	2933009
212329	2933023
212330	2933071
212331	2933083
212332	2933093
212333	2933113
212334	2933143
212335	2933171
212336	2933219
212337	2933233
212338	2933257
212339	2933267
212340	2933279
212341	2933291
212342	2933297
212343	2933311
212344	2933339
212345	2933347
212346	2933383
212347	2933393
212348	2933423
212349	2933453
212350	2933479
212351	2933501
212352	2933531
212353	2933549
212354	2933563
212355	2933597
212356	2933629
212357	2933633
212358	2933641
212359	2933647
212360	2933659
212361	2933677
212362	2933681
212363	2933683
212364	2933687
212365	2933713
212366	2933717
212367	2933731
212368	2933743
212369	2933753
212370	2933759
212371	2933773
212372	2933789
212373	2933803
212374	2933807
212375	2933849
212376	2933867
212377	2933869
212378	2933891
212379	2933897
212380	2933927
212381	2933947
212382	2933963
212383	2933971
212384	2933993
212385	2934059
212386	2934067
212387	2934073
212388	2934077
212389	2934079
212390	2934091
212391	2934097
212392	2934103
212393	2934109
212394	2934143
212395	2934167
212396	2934193
212397	2934223
212398	2934229
212399	2934233
212400	2934263
212401	2934289
212402	2934293
212403	2934301
212404	2934311
212405	2934313
212406	2934343
212407	2934361
212408	2934401
212409	2934439
212410	2934461
212411	2934467
212412	2934473
212413	2934479
212414	2934499
212415	2934509
212416	2934511
212417	2934517
212418	2934559
212419	2934563
212420	2934571
212421	2934577
212422	2934583
212423	2934587
212424	2934623
212425	2934629
212426	2934637
212427	2934641
212428	2934647
212429	2934671
212430	2934697
212431	2934703
212432	2934733
212433	2934749
212434	2934751
212435	2934773
212436	2934787
212437	2934809
212438	2934839
212439	2934847
212440	2934859
212441	2934871
212442	2934881
212443	2934901
212444	2934913
212445	2934917
212446	2934923
212447	2934937
212448	2934941
212449	2934973
212450	2934983
212451	2934989
212452	2935013
212453	2935019
212454	2935027
212455	2935039
212456	2935057
212457	2935091
212458	2935109
212459	2935133
212460	2935147
212461	2935157
212462	2935171
212463	2935183
212464	2935189
212465	2935213
212466	2935217
212467	2935241
212468	2935243
212469	2935249
212470	2935267
212471	2935279
212472	2935301
212473	2935327
212474	2935357
212475	2935379
212476	2935391
212477	2935399
212478	2935411
212479	2935417
212480	2935423
212481	2935433
212482	2935447
212483	2935453
212484	2935459
212485	2935463
212486	2935507
212487	2935531
212488	2935547
212489	2935553
212490	2935571
212491	2935589
212492	2935601
212493	2935609
212494	2935613
212495	2935619
212496	2935687
212497	2935703
212498	2935717
212499	2935727
212500	2935729
212501	2935733
212502	2935741
212503	2935753
212504	2935763
212505	2935769
212506	2935799
212507	2935811
212508	2935813
212509	2935817
212510	2935831
212511	2935837
212512	2935871
212513	2935879
212514	2935897
212515	2935903
212516	2935909
212517	2935939
212518	2935957
212519	2935981
212520	2935993
212521	2936023
212522	2936039
212523	2936069
212524	2936071
212525	2936077
212526	2936099
212527	2936107
212528	2936117
212529	2936159
212530	2936161
212531	2936177
212532	2936179
212533	2936183
212534	2936191
212535	2936207
212536	2936233
212537	2936237
212538	2936239
212539	2936251
212540	2936267
212541	2936273
212542	2936293
212543	2936309
212544	2936327
212545	2936369
212546	2936383
212547	2936389
212548	2936407
212549	2936411
212550	2936429
212551	2936441
212552	2936443
212553	2936447
212554	2936459
212555	2936473
212556	2936491
212557	2936503
212558	2936519
212559	2936533
212560	2936539
212561	2936551
212562	2936567
212563	2936573
212564	2936587
212565	2936603
212566	2936611
212567	2936639
212568	2936657
212569	2936683
212570	2936693
212571	2936711
212572	2936719
212573	2936729
212574	2936737
212575	2936741
212576	2936753
212577	2936797
212578	2936803
212579	2936807
212580	2936821
212581	2936831
212582	2936833
212583	2936837
212584	2936851
212585	2936867
212586	2936873
212587	2936929
212588	2936933
212589	2936957
212590	2936959
212591	2936977
212592	2936981
212593	2936987
212594	2936993
212595	2937013
212596	2937019
212597	2937037
212598	2937047
212599	2937049
212600	2937059
212601	2937083
212602	2937113
212603	2937119
212604	2937127
212605	2937167
212606	2937173
212607	2937203
212608	2937217
212609	2937239
212610	2937241
212611	2937269
212612	2937271
212613	2937283
212614	2937329
212615	2937371
212616	2937377
212617	2937391
212618	2937397
212619	2937401
212620	2937409
212621	2937421
212622	2937427
212623	2937437
212624	2937443
212625	2937461
212626	2937463
212627	2937469
212628	2937499
212629	2937509
212630	2937511
212631	2937521
212632	2937523
212633	2937553
212634	2937559
212635	2937563
212636	2937581
212637	2937589
212638	2937601
212639	2937611
212640	2937643
212641	2937667
212642	2937673
212643	2937677
212644	2937679
212645	2937709
212646	2937731
212647	2937733
212648	2937743
212649	2937751
212650	2937757
212651	2937769
212652	2937791
212653	2937793
212654	2937817
212655	2937827
212656	2937853
212657	2937881
212658	2937929
212659	2937947
212660	2937959
212661	2937967
212662	2937971
212663	2937983
212664	2938003
212665	2938009
212666	2938021
212667	2938037
212668	2938057
212669	2938069
212670	2938073
212671	2938079
212672	2938081
212673	2938097
212674	2938123
212675	2938129
212676	2938163
212677	2938189
212678	2938213
212679	2938219
212680	2938223
212681	2938237
212682	2938241
212683	2938261
212684	2938277
212685	2938279
212686	2938291
212687	2938301
212688	2938307
212689	2938333
212690	2938337
212691	2938343
212692	2938357
212693	2938361
212694	2938379
212695	2938381
212696	2938391
212697	2938409
212698	2938423
212699	2938451
212700	2938489
212701	2938493
212702	2938517
212703	2938543
212704	2938547
212705	2938561
212706	2938571
212707	2938589
212708	2938591
212709	2938601
212710	2938609
212711	2938627
212712	2938667
212713	2938669
212714	2938679
212715	2938697
212716	2938703
212717	2938709
212718	2938717
212719	2938729
212720	2938753
212721	2938763
212722	2938777
212723	2938783
212724	2938801
212725	2938813
212726	2938843
212727	2938853
212728	2938861
212729	2938927
212730	2938931
212731	2938951
212732	2938973
212733	2938981
212734	2938987
212735	2938993
212736	2939023
212737	2939039
212738	2939059
212739	2939071
212740	2939081
212741	2939087
212742	2939107
212743	2939117
212744	2939119
212745	2939137
212746	2939143
212747	2939149
212748	2939159
212749	2939171
212750	2939173
212751	2939177
212752	2939191
212753	2939207
212754	2939213
212755	2939219
212756	2939227
212757	2939231
212758	2939257
212759	2939263
212760	2939267
212761	2939269
212762	2939273
212763	2939291
212764	2939297
212765	2939347
212766	2939371
212767	2939393
212768	2939399
212769	2939401
212770	2939449
212771	2939473
212772	2939479
212773	2939533
212774	2939543
212775	2939549
212776	2939567
212777	2939569
212778	2939579
212779	2939591
212780	2939597
212781	2939633
212782	2939639
212783	2939641
212784	2939663
212785	2939683
212786	2939689
212787	2939693
212788	2939707
212789	2939747
212790	2939749
212791	2939753
212792	2939767
212793	2939821
212794	2939869
212795	2939873
212796	2939879
212797	2939891
212798	2939899
212799	2939917
212800	2939941
212801	2939957
212802	2939971
212803	2939977
212804	2939999
212805	2940011
212806	2940013
212807	2940043
212808	2940053
212809	2940059
212810	2940061
212811	2940073
212812	2940083
212813	2940089
212814	2940097
212815	2940101
212816	2940127
212817	2940163
212818	2940169
212819	2940173
212820	2940187
212821	2940229
212822	2940239
212823	2940247
212824	2940263
212825	2940271
212826	2940277
212827	2940313
212828	2940317
212829	2940391
212830	2940401
212831	2940407
212832	2940409
212833	2940419
212834	2940437
212835	2940449
212836	2940517
212837	2940521
212838	2940523
212839	2940551
212840	2940559
212841	2940577
212842	2940593
212843	2940601
212844	2940631
212845	2940667
212846	2940671
212847	2940673
212848	2940689
212849	2940709
212850	2940731
212851	2940733
212852	2940761
212853	2940781
212854	2940787
212855	2940793
212856	2940799
212857	2940853
212858	2940857
212859	2940863
212860	2940887
212861	2940893
212862	2940907
212863	2940911
212864	2940937
212865	2940947
212866	2940989
212867	2941007
212868	2941031
212869	2941039
212870	2941049
212871	2941073
212872	2941087
212873	2941123
212874	2941139
212875	2941199
212876	2941201
212877	2941207
212878	2941223
212879	2941231
212880	2941247
212881	2941283
212882	2941291
212883	2941297
212884	2941313
212885	2941319
212886	2941339
212887	2941349
212888	2941363
212889	2941387
212890	2941397
212891	2941403
212892	2941451
212893	2941453
212894	2941483
212895	2941487
212896	2941531
212897	2941541
212898	2941567
212899	2941571
212900	2941573
212901	2941579
212902	2941607
212903	2941613
212904	2941649
212905	2941651
212906	2941669
212907	2941691
212908	2941699
212909	2941703
212910	2941711
212911	2941733
212912	2941753
212913	2941781
212914	2941811
212915	2941819
212916	2941831
212917	2941837
212918	2941843
212919	2941849
212920	2941859
212921	2941877
212922	2941889
212923	2941891
212924	2941921
212925	2941927
212926	2941943
212927	2941951
212928	2941957
212929	2942011
212930	2942033
212931	2942041
212932	2942063
212933	2942089
212934	2942099
212935	2942113
212936	2942141
212937	2942161
212938	2942221
212939	2942227
212940	2942243
212941	2942249
212942	2942257
212943	2942263
212944	2942273
212945	2942281
212946	2942287
212947	2942293
212948	2942323
212949	2942327
212950	2942383
212951	2942399
212952	2942431
212953	2942441
212954	2942449
212955	2942461
212956	2942477
212957	2942503
212958	2942519
212959	2942521
212960	2942531
212961	2942539
212962	2942561
212963	2942609
212964	2942627
212965	2942629
212966	2942657
212967	2942669
212968	2942677
212969	2942699
212970	2942713
212971	2942729
212972	2942741
212973	2942749
212974	2942759
212975	2942761
212976	2942767
212977	2942783
212978	2942809
212979	2942843
212980	2942881
212981	2942909
212982	2942959
212983	2942977
212984	2942981
212985	2943001
212986	2943079
212987	2943089
212988	2943113
212989	2943121
212990	2943133
212991	2943137
212992	2943167
212993	2943173
212994	2943179
212995	2943191
212996	2943217
212997	2943223
212998	2943229
212999	2943247
213000	2943257
