214001	2958413
214002	2958419
214003	2958427
214004	2958463
214005	2958479
214006	2958481
214007	2958503
214008	2958511
214009	2958521
214010	2958539
214011	2958563
214012	2958569
214013	2958577
214014	2958583
214015	2958607
214016	2958647
214017	2958677
214018	2958707
214019	2958713
214020	2958721
214021	2958727
214022	2958749
214023	2958773
214024	2958793
214025	2958803
214026	2958811
214027	2958821
214028	2958827
214029	2958829
214030	2958859
214031	2958863
214032	2958877
214033	2958887
214034	2958911
214035	2958913
214036	2958941
214037	2958947
214038	2958953
214039	2958961
214040	2958971
214041	2959031
214042	2959051
214043	2959069
214044	2959081
214045	2959091
214046	2959097
214047	2959127
214048	2959133
214049	2959141
214050	2959183
214051	2959213
214052	2959219
214053	2959259
214054	2959267
214055	2959273
214056	2959277
214057	2959283
214058	2959301
214059	2959321
214060	2959391
214061	2959393
214062	2959403
214063	2959409
214064	2959417
214065	2959427
214066	2959447
214067	2959469
214068	2959487
214069	2959501
214070	2959507
214071	2959549
214072	2959559
214073	2959589
214074	2959597
214075	2959609
214076	2959613
214077	2959631
214078	2959633
214079	2959643
214080	2959651
214081	2959661
214082	2959669
214083	2959673
214084	2959681
214085	2959699
214086	2959703
214087	2959739
214088	2959753
214089	2959757
214090	2959771
214091	2959783
214092	2959793
214093	2959823
214094	2959837
214095	2959841
214096	2959843
214097	2959861
214098	2959867
214099	2959937
214100	2959949
214101	2959951
214102	2959961
214103	2959967
214104	2959969
214105	2959981
214106	2960003
214107	2960011
214108	2960017
214109	2960033
214110	2960039
214111	2960047
214112	2960071
214113	2960101
214114	2960129
214115	2960137
214116	2960161
214117	2960171
214118	2960173
214119	2960189
214120	2960197
214121	2960213
214122	2960231
214123	2960267
214124	2960273
214125	2960281
214126	2960297
214127	2960303
214128	2960317
214129	2960327
214130	2960341
214131	2960351
214132	2960357
214133	2960381
214134	2960387
214135	2960393
214136	2960413
214137	2960417
214138	2960423
214139	2960437
214140	2960449
214141	2960453
214142	2960459
214143	2960467
214144	2960471
214145	2960479
214146	2960509
214147	2960543
214148	2960557
214149	2960563
214150	2960597
214151	2960603
214152	2960609
214153	2960621
214154	2960623
214155	2960641
214156	2960647
214157	2960653
214158	2960681
214159	2960687
214160	2960689
214161	2960701
214162	2960719
214163	2960729
214164	2960747
214165	2960753
214166	2960759
214167	2960773
214168	2960791
214169	2960801
214170	2960809
214171	2960819
214172	2960821
214173	2960861
214174	2960869
214175	2960891
214176	2960899
214177	2960917
214178	2960927
214179	2960957
214180	2960977
214181	2960989
214182	2961019
214183	2961037
214184	2961053
214185	2961067
214186	2961083
214187	2961113
214188	2961121
214189	2961137
214190	2961139
214191	2961149
214192	2961187
214193	2961209
214194	2961229
214195	2961239
214196	2961253
214197	2961271
214198	2961289
214199	2961311
214200	2961331
214201	2961373
214202	2961377
214203	2961433
214204	2961437
214205	2961463
214206	2961479
214207	2961499
214208	2961521
214209	2961527
214210	2961533
214211	2961557
214212	2961577
214213	2961583
214214	2961589
214215	2961593
214216	2961599
214217	2961613
214218	2961619
214219	2961659
214220	2961667
214221	2961671
214222	2961677
214223	2961691
214224	2961713
214225	2961727
214226	2961737
214227	2961743
214228	2961769
214229	2961773
214230	2961781
214231	2961787
214232	2961809
214233	2961821
214234	2961823
214235	2961839
214236	2961851
214237	2961863
214238	2961877
214239	2961899
214240	2961901
214241	2961923
214242	2961949
214243	2961953
214244	2961979
214245	2961983
214246	2961989
214247	2961991
214248	2961997
214249	2962007
214250	2962013
214251	2962033
214252	2962039
214253	2962067
214254	2962073
214255	2962093
214256	2962103
214257	2962111
214258	2962133
214259	2962151
214260	2962159
214261	2962163
214262	2962207
214263	2962231
214264	2962237
214265	2962241
214266	2962247
214267	2962249
214268	2962261
214269	2962273
214270	2962277
214271	2962307
214272	2962319
214273	2962327
214274	2962361
214275	2962367
214276	2962381
214277	2962397
214278	2962409
214279	2962411
214280	2962417
214281	2962429
214282	2962441
214283	2962451
214284	2962459
214285	2962481
214286	2962483
214287	2962489
214288	2962493
214289	2962501
214290	2962517
214291	2962549
214292	2962591
214293	2962621
214294	2962637
214295	2962681
214296	2962693
214297	2962697
214298	2962703
214299	2962711
214300	2962717
214301	2962733
214302	2962741
214303	2962787
214304	2962793
214305	2962801
214306	2962819
214307	2962823
214308	2962853
214309	2962871
214310	2962873
214311	2962891
214312	2962903
214313	2962907
214314	2962931
214315	2962933
214316	2962943
214317	2962961
214318	2962963
214319	2962979
214320	2962991
214321	2963027
214322	2963041
214323	2963047
214324	2963101
214325	2963131
214326	2963137
214327	2963161
214328	2963167
214329	2963179
214330	2963189
214331	2963201
214332	2963203
214333	2963231
214334	2963243
214335	2963267
214336	2963269
214337	2963273
214338	2963281
214339	2963299
214340	2963333
214341	2963339
214342	2963347
214343	2963353
214344	2963371
214345	2963377
214346	2963381
214347	2963399
214348	2963407
214349	2963417
214350	2963437
214351	2963453
214352	2963459
214353	2963473
214354	2963479
214355	2963497
214356	2963501
214357	2963509
214358	2963533
214359	2963549
214360	2963551
214361	2963567
214362	2963599
214363	2963617
214364	2963621
214365	2963647
214366	2963657
214367	2963669
214368	2963671
214369	2963683
214370	2963687
214371	2963717
214372	2963743
214373	2963777
214374	2963809
214375	2963833
214376	2963837
214377	2963869
214378	2963881
214379	2963903
214380	2963911
214381	2963923
214382	2963951
214383	2963953
214384	2963957
214385	2963971
214386	2963977
214387	2963999
214388	2964011
214389	2964041
214390	2964067
214391	2964077
214392	2964089
214393	2964097
214394	2964121
214395	2964151
214396	2964161
214397	2964163
214398	2964191
214399	2964211
214400	2964229
214401	2964233
214402	2964253
214403	2964257
214404	2964277
214405	2964289
214406	2964301
214407	2964319
214408	2964331
214409	2964347
214410	2964349
214411	2964359
214412	2964371
214413	2964383
214414	2964397
214415	2964413
214416	2964427
214417	2964433
214418	2964461
214419	2964491
214420	2964497
214421	2964509
214422	2964523
214423	2964527
214424	2964547
214425	2964553
214426	2964557
214427	2964571
214428	2964581
214429	2964601
214430	2964617
214431	2964667
214432	2964671
214433	2964697
214434	2964719
214435	2964727
214436	2964737
214437	2964739
214438	2964743
214439	2964811
214440	2964821
214441	2964823
214442	2964827
214443	2964839
214444	2964853
214445	2964859
214446	2964869
214447	2964881
214448	2964883
214449	2964943
214450	2964947
214451	2964967
214452	2964971
214453	2965003
214454	2965019
214455	2965033
214456	2965037
214457	2965043
214458	2965073
214459	2965087
214460	2965093
214461	2965097
214462	2965099
214463	2965111
214464	2965117
214465	2965139
214466	2965141
214467	2965147
214468	2965153
214469	2965177
214470	2965189
214471	2965199
214472	2965211
214473	2965223
214474	2965247
214475	2965253
214476	2965289
214477	2965307
214478	2965331
214479	2965351
214480	2965357
214481	2965363
214482	2965373
214483	2965379
214484	2965381
214485	2965397
214486	2965411
214487	2965421
214488	2965471
214489	2965477
214490	2965481
214491	2965483
214492	2965499
214493	2965519
214494	2965537
214495	2965541
214496	2965549
214497	2965561
214498	2965579
214499	2965591
214500	2965601
214501	2965603
214502	2965609
214503	2965631
214504	2965681
214505	2965687
214506	2965693
214507	2965717
214508	2965733
214509	2965757
214510	2965763
214511	2965777
214512	2965783
214513	2965793
214514	2965799
214515	2965811
214516	2965819
214517	2965847
214518	2965849
214519	2965861
214520	2965867
214521	2965877
214522	2965891
214523	2965901
214524	2965903
214525	2965909
214526	2965951
214527	2965961
214528	2965979
214529	2965993
214530	2966009
214531	2966017
214532	2966059
214533	2966069
214534	2966081
214535	2966083
214536	2966099
214537	2966113
214538	2966129
214539	2966141
214540	2966153
214541	2966189
214542	2966219
214543	2966221
214544	2966231
214545	2966267
214546	2966321
214547	2966329
214548	2966351
214549	2966389
214550	2966407
214551	2966419
214552	2966479
214553	2966507
214554	2966519
214555	2966531
214556	2966533
214557	2966539
214558	2966581
214559	2966597
214560	2966599
214561	2966617
214562	2966627
214563	2966633
214564	2966651
214565	2966657
214566	2966659
214567	2966681
214568	2966713
214569	2966723
214570	2966737
214571	2966741
214572	2966749
214573	2966759
214574	2966767
214575	2966773
214576	2966783
214577	2966791
214578	2966807
214579	2966809
214580	2966819
214581	2966837
214582	2966861
214583	2966863
214584	2966879
214585	2966881
214586	2966893
214587	2966897
214588	2966911
214589	2966921
214590	2966923
214591	2966963
214592	2966981
214593	2966987
214594	2967011
214595	2967031
214596	2967049
214597	2967073
214598	2967091
214599	2967109
214600	2967119
214601	2967131
214602	2967187
214603	2967199
214604	2967203
214605	2967221
214606	2967241
214607	2967247
214608	2967259
214609	2967269
214610	2967271
214611	2967277
214612	2967317
214613	2967323
214614	2967329
214615	2967331
214616	2967337
214617	2967343
214618	2967347
214619	2967353
214620	2967359
214621	2967361
214622	2967373
214623	2967379
214624	2967383
214625	2967389
214626	2967397
214627	2967403
214628	2967407
214629	2967409
214630	2967421
214631	2967427
214632	2967443
214633	2967491
214634	2967509
214635	2967551
214636	2967583
214637	2967607
214638	2967637
214639	2967647
214640	2967649
214641	2967689
214642	2967691
214643	2967697
214644	2967709
214645	2967737
214646	2967749
214647	2967751
214648	2967779
214649	2967787
214650	2967799
214651	2967803
214652	2967823
214653	2967827
214654	2967893
214655	2967901
214656	2967919
214657	2967953
214658	2967967
214659	2967973
214660	2967977
214661	2967983
214662	2968001
214663	2968019
214664	2968027
214665	2968037
214666	2968039
214667	2968057
214668	2968099
214669	2968111
214670	2968139
214671	2968169
214672	2968181
214673	2968193
214674	2968201
214675	2968213
214676	2968223
214677	2968241
214678	2968243
214679	2968261
214680	2968271
214681	2968279
214682	2968283
214683	2968291
214684	2968307
214685	2968309
214686	2968337
214687	2968367
214688	2968373
214689	2968391
214690	2968409
214691	2968447
214692	2968451
214693	2968453
214694	2968457
214695	2968463
214696	2968487
214697	2968513
214698	2968517
214699	2968519
214700	2968531
214701	2968549
214702	2968573
214703	2968601
214704	2968627
214705	2968631
214706	2968639
214707	2968673
214708	2968681
214709	2968697
214710	2968709
214711	2968711
214712	2968717
214713	2968733
214714	2968747
214715	2968753
214716	2968781
214717	2968783
214718	2968787
214719	2968813
214720	2968831
214721	2968841
214722	2968859
214723	2968871
214724	2968877
214725	2968891
214726	2968907
214727	2968913
214728	2968937
214729	2968961
214730	2968967
214731	2969003
214732	2969009
214733	2969011
214734	2969017
214735	2969023
214736	2969039
214737	2969041
214738	2969059
214739	2969063
214740	2969089
214741	2969137
214742	2969147
214743	2969167
214744	2969171
214745	2969173
214746	2969177
214747	2969189
214748	2969207
214749	2969233
214750	2969249
214751	2969251
214752	2969257
214753	2969303
214754	2969311
214755	2969333
214756	2969359
214757	2969363
214758	2969389
214759	2969423
214760	2969437
214761	2969467
214762	2969471
214763	2969479
214764	2969489
214765	2969497
214766	2969503
214767	2969569
214768	2969573
214769	2969591
214770	2969597
214771	2969609
214772	2969627
214773	2969651
214774	2969669
214775	2969683
214776	2969693
214777	2969699
214778	2969723
214779	2969741
214780	2969767
214781	2969773
214782	2969777
214783	2969779
214784	2969797
214785	2969807
214786	2969809
214787	2969821
214788	2969867
214789	2969887
214790	2969899
214791	2969903
214792	2969927
214793	2969929
214794	2969933
214795	2969959
214796	2969963
214797	2969971
214798	2969983
214799	2969987
214800	2970031
214801	2970047
214802	2970049
214803	2970091
214804	2970109
214805	2970127
214806	2970133
214807	2970157
214808	2970161
214809	2970167
214810	2970179
214811	2970181
214812	2970193
214813	2970217
214814	2970229
214815	2970239
214816	2970263
214817	2970269
214818	2970277
214819	2970281
214820	2970287
214821	2970293
214822	2970299
214823	2970301
214824	2970313
214825	2970329
214826	2970343
214827	2970347
214828	2970371
214829	2970413
214830	2970421
214831	2970433
214832	2970437
214833	2970439
214834	2970467
214835	2970469
214836	2970503
214837	2970509
214838	2970521
214839	2970523
214840	2970533
214841	2970551
214842	2970559
214843	2970599
214844	2970601
214845	2970629
214846	2970659
214847	2970661
214848	2970677
214849	2970679
214850	2970689
214851	2970701
214852	2970719
214853	2970769
214854	2970787
214855	2970791
214856	2970797
214857	2970833
214858	2970857
214859	2970893
214860	2970907
214861	2970923
214862	2970941
214863	2970943
214864	2970959
214865	2970967
214866	2970977
214867	2970991
214868	2971019
214869	2971043
214870	2971051
214871	2971081
214872	2971093
214873	2971099
214874	2971103
214875	2971121
214876	2971123
214877	2971139
214878	2971159
214879	2971169
214880	2971183
214881	2971193
214882	2971223
214883	2971247
214884	2971259
214885	2971261
214886	2971271
214887	2971273
214888	2971307
214889	2971321
214890	2971333
214891	2971337
214892	2971349
214893	2971357
214894	2971363
214895	2971399
214896	2971459
214897	2971469
214898	2971471
214899	2971489
214900	2971499
214901	2971511
214902	2971537
214903	2971541
214904	2971547
214905	2971559
214906	2971597
214907	2971603
214908	2971607
214909	2971663
214910	2971693
214911	2971699
214912	2971741
214913	2971747
214914	2971751
214915	2971777
214916	2971841
214917	2971849
214918	2971873
214919	2971879
214920	2971883
214921	2971897
214922	2971909
214923	2971963
214924	2971973
214925	2971987
214926	2971993
214927	2972027
214928	2972029
214929	2972033
214930	2972041
214931	2972069
214932	2972071
214933	2972107
214934	2972119
214935	2972141
214936	2972149
214937	2972159
214938	2972171
214939	2972183
214940	2972197
214941	2972219
214942	2972251
214943	2972257
214944	2972269
214945	2972279
214946	2972287
214947	2972309
214948	2972323
214949	2972351
214950	2972363
214951	2972369
214952	2972383
214953	2972419
214954	2972429
214955	2972447
214956	2972449
214957	2972483
214958	2972491
214959	2972503
214960	2972507
214961	2972527
214962	2972537
214963	2972549
214964	2972551
214965	2972573
214966	2972639
214967	2972663
214968	2972687
214969	2972693
214970	2972701
214971	2972729
214972	2972731
214973	2972741
214974	2972747
214975	2972771
214976	2972777
214977	2972789
214978	2972791
214979	2972803
214980	2972821
214981	2972831
214982	2972843
214983	2972863
214984	2972881
214985	2972887
214986	2972897
214987	2972899
214988	2972903
214989	2972939
214990	2972947
214991	2972969
214992	2972971
214993	2973001
214994	2973017
214995	2973023
214996	2973029
214997	2973031
214998	2973043
214999	2973053
215000	2973059
