216001	2987849
216002	2987857
216003	2987863
216004	2987911
216005	2987923
216006	2987947
216007	2987969
216008	2987983
216009	2987989
216010	2988019
216011	2988023
216012	2988049
216013	2988053
216014	2988061
216015	2988067
216016	2988071
216017	2988077
216018	2988079
216019	2988101
216020	2988143
216021	2988151
216022	2988169
216023	2988191
216024	2988233
216025	2988253
216026	2988257
216027	2988259
216028	2988281
216029	2988289
216030	2988331
216031	2988341
216032	2988343
216033	2988347
216034	2988373
216035	2988389
216036	2988407
216037	2988439
216038	2988443
216039	2988497
216040	2988499
216041	2988509
216042	2988521
216043	2988523
216044	2988533
216045	2988539
216046	2988571
216047	2988607
216048	2988611
216049	2988619
216050	2988631
216051	2988637
216052	2988647
216053	2988659
216054	2988673
216055	2988677
216056	2988701
216057	2988703
216058	2988707
216059	2988721
216060	2988731
216061	2988761
216062	2988767
216063	2988779
216064	2988841
216065	2988847
216066	2988863
216067	2988877
216068	2988899
216069	2988901
216070	2988907
216071	2988911
216072	2988949
216073	2988961
216074	2989003
216075	2989009
216076	2989031
216077	2989033
216078	2989037
216079	2989039
216080	2989043
216081	2989069
216082	2989073
216083	2989087
216084	2989097
216085	2989139
216086	2989141
216087	2989169
216088	2989177
216089	2989201
216090	2989211
216091	2989219
216092	2989223
216093	2989271
216094	2989279
216095	2989309
216096	2989319
216097	2989321
216098	2989367
216099	2989373
216100	2989391
216101	2989409
216102	2989417
216103	2989429
216104	2989447
216105	2989451
216106	2989487
216107	2989513
216108	2989531
216109	2989537
216110	2989541
216111	2989573
216112	2989579
216113	2989619
216114	2989621
216115	2989633
216116	2989673
216117	2989691
216118	2989757
216119	2989759
216120	2989769
216121	2989771
216122	2989799
216123	2989823
216124	2989849
216125	2989879
216126	2989927
216127	2989937
216128	2989963
216129	2989997
216130	2990017
216131	2990021
216132	2990027
216133	2990033
216134	2990041
216135	2990051
216136	2990059
216137	2990063
216138	2990083
216139	2990123
216140	2990131
216141	2990137
216142	2990189
216143	2990191
216144	2990213
216145	2990227
216146	2990231
216147	2990237
216148	2990279
216149	2990333
216150	2990347
216151	2990359
216152	2990369
216153	2990371
216154	2990381
216155	2990401
216156	2990423
216157	2990441
216158	2990443
216159	2990447
216160	2990459
216161	2990497
216162	2990501
216163	2990513
216164	2990527
216165	2990531
216166	2990551
216167	2990557
216168	2990587
216169	2990609
216170	2990629
216171	2990639
216172	2990677
216173	2990707
216174	2990717
216175	2990719
216176	2990749
216177	2990753
216178	2990761
216179	2990773
216180	2990777
216181	2990783
216182	2990791
216183	2990797
216184	2990831
216185	2990833
216186	2990837
216187	2990839
216188	2990879
216189	2990881
216190	2990893
216191	2990899
216192	2990917
216193	2990927
216194	2990941
216195	2990957
216196	2990983
216197	2990987
216198	2990993
216199	2991041
216200	2991047
216201	2991049
216202	2991067
216203	2991077
216204	2991083
216205	2991091
216206	2991103
216207	2991139
216208	2991143
216209	2991187
216210	2991193
216211	2991199
216212	2991203
216213	2991217
216214	2991229
216215	2991239
216216	2991253
216217	2991277
216218	2991293
216219	2991299
216220	2991353
216221	2991361
216222	2991367
216223	2991377
216224	2991397
216225	2991421
216226	2991431
216227	2991433
216228	2991451
216229	2991463
216230	2991481
216231	2991497
216232	2991511
216233	2991517
216234	2991523
216235	2991551
216236	2991559
216237	2991589
216238	2991601
216239	2991619
216240	2991629
216241	2991631
216242	2991649
216243	2991661
216244	2991671
216245	2991673
216246	2991701
216247	2991707
216248	2991719
216249	2991731
216250	2991733
216251	2991743
216252	2991757
216253	2991761
216254	2991773
216255	2991803
216256	2991853
216257	2991871
216258	2991883
216259	2991887
216260	2991889
216261	2991899
216262	2991907
216263	2991917
216264	2991929
216265	2991971
216266	2992007
216267	2992013
216268	2992037
216269	2992039
216270	2992043
216271	2992049
216272	2992081
216273	2992097
216274	2992109
216275	2992117
216276	2992123
216277	2992141
216278	2992147
216279	2992169
216280	2992183
216281	2992201
216282	2992207
216283	2992219
216284	2992229
216285	2992237
216286	2992243
216287	2992259
216288	2992261
216289	2992267
216290	2992273
216291	2992279
216292	2992321
216293	2992331
216294	2992333
216295	2992361
216296	2992373
216297	2992387
216298	2992393
216299	2992403
216300	2992417
216301	2992453
216302	2992513
216303	2992543
216304	2992559
216305	2992567
216306	2992573
216307	2992589
216308	2992607
216309	2992609
216310	2992621
216311	2992651
216312	2992667
216313	2992679
216314	2992687
216315	2992711
216316	2992723
216317	2992729
216318	2992733
216319	2992739
216320	2992763
216321	2992777
216322	2992789
216323	2992793
216324	2992817
216325	2992837
216326	2992841
216327	2992849
216328	2992853
216329	2992859
216330	2992879
216331	2992903
216332	2992907
216333	2992909
216334	2992919
216335	2992939
216336	2992949
216337	2992973
216338	2992987
216339	2992999
216340	2993027
216341	2993033
216342	2993047
216343	2993057
216344	2993083
216345	2993093
216346	2993099
216347	2993131
216348	2993149
216349	2993153
216350	2993167
216351	2993171
216352	2993213
216353	2993227
216354	2993269
216355	2993297
216356	2993299
216357	2993303
216358	2993311
216359	2993327
216360	2993339
216361	2993357
216362	2993363
216363	2993371
216364	2993399
216365	2993407
216366	2993423
216367	2993437
216368	2993443
216369	2993447
216370	2993491
216371	2993521
216372	2993527
216373	2993563
216374	2993567
216375	2993579
216376	2993591
216377	2993597
216378	2993603
216379	2993609
216380	2993629
216381	2993647
216382	2993651
216383	2993663
216384	2993671
216385	2993681
216386	2993687
216387	2993723
216388	2993791
216389	2993797
216390	2993801
216391	2993813
216392	2993827
216393	2993831
216394	2993839
216395	2993867
216396	2993869
216397	2993891
216398	2993897
216399	2993899
216400	2993909
216401	2993923
216402	2993927
216403	2993951
216404	2993957
216405	2993959
216406	2993981
216407	2993983
216408	2993993
216409	2994031
216410	2994037
216411	2994067
216412	2994083
216413	2994097
216414	2994113
216415	2994119
216416	2994127
216417	2994137
216418	2994149
216419	2994169
216420	2994223
216421	2994281
216422	2994311
216423	2994317
216424	2994319
216425	2994361
216426	2994367
216427	2994377
216428	2994389
216429	2994403
216430	2994413
216431	2994421
216432	2994437
216433	2994443
216434	2994449
216435	2994463
216436	2994469
216437	2994493
216438	2994503
216439	2994527
216440	2994539
216441	2994547
216442	2994581
216443	2994587
216444	2994611
216445	2994637
216446	2994643
216447	2994661
216448	2994671
216449	2994697
216450	2994701
216451	2994713
216452	2994727
216453	2994731
216454	2994757
216455	2994767
216456	2994779
216457	2994809
216458	2994829
216459	2994847
216460	2994857
216461	2994863
216462	2994869
216463	2994877
216464	2994881
216465	2994923
216466	2994947
216467	2994949
216468	2994961
216469	2994973
216470	2994983
216471	2994997
216472	2995001
216473	2995051
216474	2995067
216475	2995081
216476	2995093
216477	2995099
216478	2995121
216479	2995133
216480	2995151
216481	2995159
216482	2995163
216483	2995171
216484	2995193
216485	2995199
216486	2995249
216487	2995271
216488	2995301
216489	2995303
216490	2995309
216491	2995319
216492	2995351
216493	2995367
216494	2995379
216495	2995397
216496	2995411
216497	2995427
216498	2995459
216499	2995463
216500	2995469
216501	2995477
216502	2995481
216503	2995493
216504	2995511
216505	2995513
216506	2995529
216507	2995541
216508	2995571
216509	2995579
216510	2995609
216511	2995627
216512	2995633
216513	2995661
216514	2995667
216515	2995669
216516	2995687
216517	2995691
216518	2995693
216519	2995697
216520	2995709
216521	2995753
216522	2995763
216523	2995781
216524	2995789
216525	2995799
216526	2995801
216527	2995807
216528	2995823
216529	2995831
216530	2995873
216531	2995879
216532	2995891
216533	2995973
216534	2995981
216535	2995997
216536	2995999
216537	2996011
216538	2996017
216539	2996023
216540	2996027
216541	2996033
216542	2996041
216543	2996047
216544	2996087
216545	2996089
216546	2996099
216547	2996113
216548	2996117
216549	2996153
216550	2996171
216551	2996179
216552	2996183
216553	2996207
216554	2996219
216555	2996237
216556	2996263
216557	2996291
216558	2996299
216559	2996317
216560	2996333
216561	2996339
216562	2996341
216563	2996347
216564	2996377
216565	2996387
216566	2996393
216567	2996419
216568	2996443
216569	2996449
216570	2996453
216571	2996479
216572	2996489
216573	2996507
216574	2996527
216575	2996531
216576	2996537
216577	2996557
216578	2996561
216579	2996563
216580	2996603
216581	2996611
216582	2996629
216583	2996633
216584	2996663
216585	2996671
216586	2996681
216587	2996683
216588	2996717
216589	2996729
216590	2996761
216591	2996783
216592	2996789
216593	2996803
216594	2996809
216595	2996827
216596	2996857
216597	2996891
216598	2996893
216599	2996899
216600	2996909
216601	2996933
216602	2997011
216603	2997017
216604	2997019
216605	2997031
216606	2997067
216607	2997077
216608	2997089
216609	2997091
216610	2997101
216611	2997109
216612	2997131
216613	2997133
216614	2997157
216615	2997209
216616	2997221
216617	2997227
216618	2997233
216619	2997263
216620	2997271
216621	2997277
216622	2997283
216623	2997301
216624	2997311
216625	2997329
216626	2997341
216627	2997361
216628	2997373
216629	2997409
216630	2997413
216631	2997419
216632	2997439
216633	2997443
216634	2997451
216635	2997461
216636	2997473
216637	2997499
216638	2997503
216639	2997509
216640	2997523
216641	2997529
216642	2997557
216643	2997563
216644	2997583
216645	2997587
216646	2997619
216647	2997623
216648	2997637
216649	2997641
216650	2997653
216651	2997667
216652	2997689
216653	2997719
216654	2997721
216655	2997727
216656	2997737
216657	2997767
216658	2997769
216659	2997773
216660	2997779
216661	2997811
216662	2997821
216663	2997823
216664	2997829
216665	2997847
216666	2997853
216667	2997857
216668	2997859
216669	2997871
216670	2997887
216671	2997893
216672	2997901
216673	2997913
216674	2997919
216675	2997947
216676	2997949
216677	2997959
216678	2997977
216679	2997997
216680	2998007
216681	2998013
216682	2998019
216683	2998031
216684	2998063
216685	2998081
216686	2998097
216687	2998109
216688	2998111
216689	2998133
216690	2998139
216691	2998141
216692	2998153
216693	2998159
216694	2998169
216695	2998187
216696	2998199
216697	2998201
216698	2998213
216699	2998217
216700	2998231
216701	2998241
216702	2998243
216703	2998253
216704	2998279
216705	2998291
216706	2998301
216707	2998313
216708	2998319
216709	2998337
216710	2998357
216711	2998363
216712	2998381
216713	2998393
216714	2998399
216715	2998403
216716	2998417
216717	2998421
216718	2998423
216719	2998483
216720	2998531
216721	2998549
216722	2998573
216723	2998601
216724	2998631
216725	2998649
216726	2998651
216727	2998657
216728	2998663
216729	2998679
216730	2998693
216731	2998729
216732	2998747
216733	2998753
216734	2998759
216735	2998771
216736	2998811
216737	2998823
216738	2998829
216739	2998837
216740	2998841
216741	2998859
216742	2998867
216743	2998883
216744	2998921
216745	2998927
216746	2998937
216747	2998939
216748	2998981
216749	2998991
216750	2998997
216751	2998999
216752	2999041
216753	2999047
216754	2999063
216755	2999069
216756	2999071
216757	2999099
216758	2999107
216759	2999119
216760	2999141
216761	2999167
216762	2999173
216763	2999189
216764	2999231
216765	2999233
216766	2999251
216767	2999261
216768	2999263
216769	2999287
216770	2999299
216771	2999303
216772	2999333
216773	2999357
216774	2999387
216775	2999401
216776	2999411
216777	2999417
216778	2999443
216779	2999459
216780	2999461
216781	2999483
216782	2999509
216783	2999539
216784	2999543
216785	2999569
216786	2999597
216787	2999603
216788	2999609
216789	2999611
216790	2999617
216791	2999629
216792	2999639
216793	2999651
216794	2999677
216795	2999693
216796	2999707
216797	2999767
216798	2999783
216799	2999807
216800	2999813
216801	2999819
216802	2999827
216803	2999831
216804	2999833
216805	2999851
216806	2999863
216807	2999873
216808	2999879
216809	2999897
216810	2999903
216811	2999911
216812	2999921
216813	2999933
216814	2999951
216815	2999957
216816	2999999
216817	3000017
216818	3000029
216819	3000047
216820	3000061
216821	3000073
216822	3000077
216823	3000089
216824	3000103
216825	3000131
216826	3000133
216827	3000161
216828	3000181
216829	3000199
216830	3000223
216831	3000229
216832	3000251
216833	3000289
216834	3000299
216835	3000301
216836	3000317
216837	3000331
216838	3000343
216839	3000359
216840	3000377
216841	3000379
216842	3000409
216843	3000463
216844	3000469
216845	3000479
216846	3000523
216847	3000539
216848	3000541
216849	3000553
216850	3000607
216851	3000611
216852	3000617
216853	3000637
216854	3000643
216855	3000671
216856	3000677
216857	3000709
216858	3000733
216859	3000743
216860	3000757
216861	3000761
216862	3000779
216863	3000791
216864	3000797
216865	3000821
216866	3000847
216867	3000859
216868	3000869
216869	3000887
216870	3000919
216871	3000929
216872	3000931
216873	3000947
216874	3000953
216875	3000961
216876	3000967
216877	3000979
216878	3000983
216879	3001001
216880	3001003
216881	3001021
216882	3001049
216883	3001057
216884	3001067
216885	3001073
216886	3001081
216887	3001087
216888	3001121
216889	3001127
216890	3001133
216891	3001147
216892	3001151
216893	3001171
216894	3001213
216895	3001217
216896	3001223
216897	3001237
216898	3001253
216899	3001267
216900	3001283
216901	3001291
216902	3001303
216903	3001321
216904	3001351
216905	3001387
216906	3001421
216907	3001423
216908	3001429
216909	3001441
216910	3001459
216911	3001463
216912	3001489
216913	3001499
216914	3001501
216915	3001543
216916	3001547
216917	3001553
216918	3001577
216919	3001591
216920	3001597
216921	3001613
216922	3001631
216923	3001633
216924	3001643
216925	3001657
216926	3001681
216927	3001697
216928	3001711
216929	3001721
216930	3001727
216931	3001759
216932	3001769
216933	3001777
216934	3001811
216935	3001837
216936	3001853
216937	3001879
216938	3001883
216939	3001907
216940	3001909
216941	3001919
216942	3001927
216943	3001931
216944	3001939
216945	3001963
216946	3001991
216947	3002003
216948	3002039
216949	3002089
216950	3002101
216951	3002107
216952	3002113
216953	3002117
216954	3002123
216955	3002147
216956	3002161
216957	3002173
216958	3002177
216959	3002189
216960	3002191
216961	3002221
216962	3002231
216963	3002239
216964	3002243
216965	3002269
216966	3002273
216967	3002281
216968	3002327
216969	3002369
216970	3002393
216971	3002401
216972	3002411
216973	3002413
216974	3002429
216975	3002431
216976	3002449
216977	3002453
216978	3002459
216979	3002473
216980	3002491
216981	3002507
216982	3002509
216983	3002521
216984	3002533
216985	3002537
216986	3002599
216987	3002611
216988	3002617
216989	3002621
216990	3002639
216991	3002641
216992	3002653
216993	3002663
216994	3002669
216995	3002677
216996	3002683
216997	3002723
216998	3002729
216999	3002737
217000	3002743
