218001	3017701
218002	3017717
218003	3017719
218004	3017741
218005	3017743
218006	3017753
218007	3017759
218008	3017771
218009	3017801
218010	3017809
218011	3017821
218012	3017837
218013	3017849
218014	3017851
218015	3017867
218016	3017897
218017	3017921
218018	3017929
218019	3017947
218020	3017957
218021	3017983
218022	3017999
218023	3018013
218024	3018019
218025	3018023
218026	3018031
218027	3018047
218028	3018091
218029	3018121
218030	3018137
218031	3018161
218032	3018173
218033	3018181
218034	3018187
218035	3018217
218036	3018227
218037	3018229
218038	3018241
218039	3018277
218040	3018289
218041	3018307
218042	3018311
218043	3018317
218044	3018329
218045	3018347
218046	3018413
218047	3018427
218048	3018437
218049	3018467
218050	3018479
218051	3018487
218052	3018493
218053	3018517
218054	3018527
218055	3018529
218056	3018539
218057	3018559
218058	3018583
218059	3018593
218060	3018601
218061	3018607
218062	3018629
218063	3018637
218064	3018647
218065	3018649
218066	3018661
218067	3018667
218068	3018679
218069	3018683
218070	3018703
218071	3018709
218072	3018733
218073	3018803
218074	3018881
218075	3018919
218076	3018947
218077	3018949
218078	3018989
218079	3019019
218080	3019031
218081	3019057
218082	3019063
218083	3019067
218084	3019091
218085	3019109
218086	3019111
218087	3019127
218088	3019151
218089	3019153
218090	3019169
218091	3019201
218092	3019213
218093	3019229
218094	3019241
218095	3019243
218096	3019253
218097	3019259
218098	3019273
218099	3019283
218100	3019333
218101	3019337
218102	3019339
218103	3019349
218104	3019351
218105	3019361
218106	3019381
218107	3019391
218108	3019397
218109	3019411
218110	3019453
218111	3019469
218112	3019481
218113	3019501
218114	3019507
218115	3019529
218116	3019571
218117	3019573
218118	3019579
218119	3019603
218120	3019619
218121	3019633
218122	3019657
218123	3019661
218124	3019663
218125	3019697
218126	3019711
218127	3019717
218128	3019721
218129	3019729
218130	3019763
218131	3019769
218132	3019777
218133	3019787
218134	3019801
218135	3019811
218136	3019837
218137	3019853
218138	3019867
218139	3019873
218140	3019883
218141	3019921
218142	3019949
218143	3019957
218144	3019967
218145	3019981
218146	3020021
218147	3020023
218148	3020027
218149	3020077
218150	3020117
218151	3020119
218152	3020123
218153	3020161
218154	3020167
218155	3020177
218156	3020189
218157	3020201
218158	3020219
218159	3020231
218160	3020233
218161	3020239
218162	3020261
218163	3020279
218164	3020309
218165	3020317
218166	3020323
218167	3020327
218168	3020333
218169	3020351
218170	3020357
218171	3020359
218172	3020371
218173	3020389
218174	3020399
218175	3020401
218176	3020431
218177	3020443
218178	3020471
218179	3020491
218180	3020497
218181	3020513
218182	3020527
218183	3020533
218184	3020539
218185	3020551
218186	3020557
218187	3020579
218188	3020581
218189	3020587
218190	3020599
218191	3020617
218192	3020651
218193	3020653
218194	3020657
218195	3020683
218196	3020687
218197	3020701
218198	3020761
218199	3020767
218200	3020779
218201	3020783
218202	3020789
218203	3020803
218204	3020807
218205	3020819
218206	3020827
218207	3020833
218208	3020851
218209	3020869
218210	3020873
218211	3020891
218212	3020893
218213	3020911
218214	3020923
218215	3020929
218216	3020957
218217	3020971
218218	3020989
218219	3020993
218220	3020999
218221	3021001
218222	3021059
218223	3021061
218224	3021077
218225	3021079
218226	3021089
218227	3021091
218228	3021101
218229	3021107
218230	3021131
218231	3021157
218232	3021163
218233	3021169
218234	3021173
218235	3021241
218236	3021313
218237	3021367
218238	3021373
218239	3021377
218240	3021407
218241	3021419
218242	3021439
218243	3021463
218244	3021467
218245	3021479
218246	3021493
218247	3021497
218248	3021503
218249	3021509
218250	3021523
218251	3021527
218252	3021541
218253	3021553
218254	3021569
218255	3021581
218256	3021587
218257	3021611
218258	3021619
218259	3021643
218260	3021649
218261	3021691
218262	3021701
218263	3021719
218264	3021727
218265	3021737
218266	3021751
218267	3021761
218268	3021769
218269	3021773
218270	3021797
218271	3021833
218272	3021839
218273	3021847
218274	3021853
218275	3021871
218276	3021881
218277	3021883
218278	3021913
218279	3021919
218280	3021923
218281	3021929
218282	3021943
218283	3021979
218284	3021983
218285	3021989
218286	3022027
218287	3022031
218288	3022043
218289	3022067
218290	3022079
218291	3022081
218292	3022087
218293	3022091
218294	3022163
218295	3022171
218296	3022181
218297	3022189
218298	3022207
218299	3022211
218300	3022237
218301	3022249
218302	3022259
218303	3022267
218304	3022289
218305	3022297
218306	3022307
218307	3022309
218308	3022339
218309	3022343
218310	3022363
218311	3022373
218312	3022391
218313	3022403
218314	3022441
218315	3022457
218316	3022471
218317	3022477
218318	3022507
218319	3022517
218320	3022543
218321	3022601
218322	3022661
218323	3022667
218324	3022681
218325	3022687
218326	3022693
218327	3022697
218328	3022751
218329	3022759
218330	3022769
218331	3022801
218332	3022813
218333	3022819
218334	3022823
218335	3022837
218336	3022847
218337	3022849
218338	3022853
218339	3022861
218340	3022871
218341	3022883
218342	3022907
218343	3022909
218344	3022933
218345	3022949
218346	3022963
218347	3023017
218348	3023039
218349	3023057
218350	3023077
218351	3023081
218352	3023113
218353	3023123
218354	3023129
218355	3023177
218356	3023183
218357	3023191
218358	3023197
218359	3023257
218360	3023303
218361	3023309
218362	3023329
218363	3023341
218364	3023347
218365	3023351
218366	3023353
218367	3023357
218368	3023401
218369	3023417
218370	3023429
218371	3023437
218372	3023443
218373	3023477
218374	3023479
218375	3023497
218376	3023507
218377	3023513
218378	3023519
218379	3023543
218380	3023549
218381	3023561
218382	3023563
218383	3023599
218384	3023617
218385	3023621
218386	3023623
218387	3023633
218388	3023653
218389	3023659
218390	3023681
218391	3023687
218392	3023689
218393	3023701
218394	3023723
218395	3023729
218396	3023747
218397	3023749
218398	3023759
218399	3023821
218400	3023843
218401	3023849
218402	3023851
218403	3023861
218404	3023887
218405	3023897
218406	3023903
218407	3023921
218408	3023947
218409	3023959
218410	3023963
218411	3023981
218412	3023989
218413	3024013
218414	3024023
218415	3024071
218416	3024083
218417	3024101
218418	3024137
218419	3024157
218420	3024167
218421	3024187
218422	3024191
218423	3024193
218424	3024209
218425	3024221
218426	3024227
218427	3024311
218428	3024337
218429	3024341
218430	3024349
218431	3024377
218432	3024407
218433	3024409
218434	3024433
218435	3024443
218436	3024449
218437	3024451
218438	3024457
218439	3024481
218440	3024493
218441	3024499
218442	3024533
218443	3024547
218444	3024583
218445	3024599
218446	3024607
218447	3024617
218448	3024643
218449	3024649
218450	3024653
218451	3024677
218452	3024683
218453	3024689
218454	3024709
218455	3024733
218456	3024737
218457	3024739
218458	3024767
218459	3024797
218460	3024803
218461	3024809
218462	3024817
218463	3024821
218464	3024829
218465	3024839
218466	3024841
218467	3024863
218468	3024877
218469	3024881
218470	3024899
218471	3024907
218472	3024941
218473	3024943
218474	3024947
218475	3024953
218476	3024977
218477	3024979
218478	3024991
218479	3025003
218480	3025027
218481	3025037
218482	3025049
218483	3025069
218484	3025079
218485	3025109
218486	3025111
218487	3025129
218488	3025153
218489	3025159
218490	3025163
218491	3025177
218492	3025207
218493	3025219
218494	3025241
218495	3025261
218496	3025271
218497	3025277
218498	3025291
218499	3025301
218500	3025307
218501	3025327
218502	3025331
218503	3025357
218504	3025361
218505	3025369
218506	3025387
218507	3025409
218508	3025423
218509	3025459
218510	3025471
218511	3025487
218512	3025499
218513	3025511
218514	3025559
218515	3025567
218516	3025571
218517	3025577
218518	3025619
218519	3025651
218520	3025667
218521	3025669
218522	3025679
218523	3025681
218524	3025691
218525	3025699
218526	3025703
218527	3025709
218528	3025739
218529	3025741
218530	3025747
218531	3025793
218532	3025819
218533	3025837
218534	3025849
218535	3025871
218536	3025909
218537	3025927
218538	3025961
218539	3025963
218540	3025973
218541	3025987
218542	3025999
218543	3026021
218544	3026053
218545	3026057
218546	3026059
218547	3026071
218548	3026077
218549	3026081
218550	3026113
218551	3026123
218552	3026129
218553	3026131
218554	3026143
218555	3026147
218556	3026159
218557	3026173
218558	3026183
218559	3026197
218560	3026203
218561	3026213
218562	3026227
218563	3026249
218564	3026279
218565	3026293
218566	3026299
218567	3026321
218568	3026329
218569	3026351
218570	3026369
218571	3026371
218572	3026389
218573	3026417
218574	3026423
218575	3026431
218576	3026473
218577	3026477
218578	3026483
218579	3026503
218580	3026509
218581	3026521
218582	3026531
218583	3026539
218584	3026549
218585	3026581
218586	3026587
218587	3026609
218588	3026633
218589	3026669
218590	3026677
218591	3026687
218592	3026707
218593	3026717
218594	3026767
218595	3026773
218596	3026783
218597	3026789
218598	3026827
218599	3026831
218600	3026839
218601	3026843
218602	3026851
218603	3026857
218604	3026873
218605	3026879
218606	3026893
218607	3026897
218608	3026911
218609	3026917
218610	3026921
218611	3026929
218612	3026951
218613	3026953
218614	3026957
218615	3026971
218616	3026977
218617	3026987
218618	3026999
218619	3027001
218620	3027041
218621	3027047
218622	3027077
218623	3027083
218624	3027121
218625	3027131
218626	3027133
218627	3027161
218628	3027163
218629	3027169
218630	3027179
218631	3027187
218632	3027221
218633	3027263
218634	3027287
218635	3027293
218636	3027301
218637	3027319
218638	3027337
218639	3027347
218640	3027361
218641	3027371
218642	3027373
218643	3027379
218644	3027389
218645	3027391
218646	3027407
218647	3027419
218648	3027439
218649	3027457
218650	3027461
218651	3027469
218652	3027473
218653	3027487
218654	3027503
218655	3027509
218656	3027523
218657	3027527
218658	3027533
218659	3027539
218660	3027617
218661	3027623
218662	3027637
218663	3027643
218664	3027659
218665	3027719
218666	3027733
218667	3027737
218668	3027749
218669	3027763
218670	3027769
218671	3027793
218672	3027799
218673	3027811
218674	3027823
218675	3027839
218676	3027851
218677	3027901
218678	3027907
218679	3027917
218680	3027971
218681	3028001
218682	3028007
218683	3028021
218684	3028027
218685	3028031
218686	3028033
218687	3028063
218688	3028073
218689	3028099
218690	3028121
218691	3028141
218692	3028147
218693	3028153
218694	3028171
218695	3028177
218696	3028213
218697	3028217
218698	3028229
218699	3028241
218700	3028247
218701	3028271
218702	3028313
218703	3028321
218704	3028331
218705	3028343
218706	3028349
218707	3028357
218708	3028379
218709	3028423
218710	3028427
218711	3028453
218712	3028457
218713	3028469
218714	3028471
218715	3028489
218716	3028507
218717	3028511
218718	3028517
218719	3028523
218720	3028537
218721	3028541
218722	3028559
218723	3028577
218724	3028583
218725	3028591
218726	3028603
218727	3028609
218728	3028621
218729	3028639
218730	3028643
218731	3028651
218732	3028667
218733	3028681
218734	3028691
218735	3028699
218736	3028721
218737	3028747
218738	3028763
218739	3028769
218740	3028799
218741	3028807
218742	3028811
218743	3028813
218744	3028819
218745	3028841
218746	3028867
218747	3028871
218748	3028891
218749	3028903
218750	3028913
218751	3028943
218752	3028969
218753	3028973
218754	3028997
218755	3029017
218756	3029023
218757	3029051
218758	3029071
218759	3029083
218760	3029087
218761	3029099
218762	3029101
218763	3029141
218764	3029167
218765	3029171
218766	3029177
218767	3029183
218768	3029239
218769	3029249
218770	3029263
218771	3029287
218772	3029309
218773	3029329
218774	3029339
218775	3029359
218776	3029381
218777	3029401
218778	3029419
218779	3029447
218780	3029459
218781	3029483
218782	3029501
218783	3029561
218784	3029563
218785	3029581
218786	3029603
218787	3029623
218788	3029633
218789	3029647
218790	3029711
218791	3029713
218792	3029731
218793	3029753
218794	3029771
218795	3029779
218796	3029801
218797	3029837
218798	3029843
218799	3029857
218800	3029861
218801	3029863
218802	3029867
218803	3029947
218804	3029953
218805	3029959
218806	3029963
218807	3029969
218808	3029981
218809	3030017
218810	3030019
218811	3030031
218812	3030037
218813	3030047
218814	3030107
218815	3030113
218816	3030119
218817	3030127
218818	3030143
218819	3030149
218820	3030151
218821	3030163
218822	3030179
218823	3030191
218824	3030193
218825	3030197
218826	3030217
218827	3030221
218828	3030229
218829	3030241
218830	3030259
218831	3030277
218832	3030283
218833	3030289
218834	3030317
218835	3030331
218836	3030353
218837	3030359
218838	3030371
218839	3030373
218840	3030383
218841	3030389
218842	3030407
218843	3030409
218844	3030431
218845	3030463
218846	3030473
218847	3030479
218848	3030497
218849	3030509
218850	3030523
218851	3030551
218852	3030553
218853	3030581
218854	3030619
218855	3030623
218856	3030661
218857	3030667
218858	3030673
218859	3030689
218860	3030691
218861	3030719
218862	3030739
218863	3030749
218864	3030767
218865	3030791
218866	3030799
218867	3030803
218868	3030817
218869	3030821
218870	3030829
218871	3030847
218872	3030857
218873	3030869
218874	3030893
218875	3030931
218876	3030949
218877	3030953
218878	3030971
218879	3030997
218880	3031001
218881	3031019
218882	3031031
218883	3031043
218884	3031069
218885	3031079
218886	3031103
218887	3031121
218888	3031129
218889	3031141
218890	3031157
218891	3031163
218892	3031169
218893	3031177
218894	3031183
218895	3031201
218896	3031247
218897	3031267
218898	3031271
218899	3031291
218900	3031319
218901	3031333
218902	3031337
218903	3031351
218904	3031381
218905	3031387
218906	3031403
218907	3031421
218908	3031463
218909	3031481
218910	3031489
218911	3031519
218912	3031529
218913	3031531
218914	3031537
218915	3031571
218916	3031577
218917	3031579
218918	3031603
218919	3031619
218920	3031657
218921	3031667
218922	3031681
218923	3031687
218924	3031711
218925	3031727
218926	3031753
218927	3031757
218928	3031793
218929	3031799
218930	3031807
218931	3031813
218932	3031823
218933	3031841
218934	3031843
218935	3031867
218936	3031901
218937	3031927
218938	3031937
218939	3031949
218940	3031957
218941	3031969
218942	3031981
218943	3031999
218944	3032033
218945	3032041
218946	3032047
218947	3032063
218948	3032083
218949	3032087
218950	3032089
218951	3032093
218952	3032119
218953	3032143
218954	3032149
218955	3032177
218956	3032179
218957	3032207
218958	3032209
218959	3032213
218960	3032233
218961	3032243
218962	3032279
218963	3032287
218964	3032321
218965	3032333
218966	3032357
218967	3032363
218968	3032369
218969	3032377
218970	3032383
218971	3032399
218972	3032417
218973	3032429
218974	3032431
218975	3032441
218976	3032453
218977	3032459
218978	3032467
218979	3032531
218980	3032537
218981	3032543
218982	3032551
218983	3032567
218984	3032569
218985	3032591
218986	3032593
218987	3032599
218988	3032611
218989	3032641
218990	3032651
218991	3032669
218992	3032677
218993	3032693
218994	3032717
218995	3032759
218996	3032767
218997	3032773
218998	3032789
218999	3032801
219000	3032831
