219001	3032839
219002	3032867
219003	3032879
219004	3032917
219005	3032921
219006	3032933
219007	3032963
219008	3032969
219009	3032971
219010	3032983
219011	3032993
219012	3032999
219013	3033007
219014	3033011
219015	3033053
219016	3033059
219017	3033061
219018	3033067
219019	3033073
219020	3033097
219021	3033101
219022	3033161
219023	3033167
219024	3033169
219025	3033181
219026	3033187
219027	3033229
219028	3033253
219029	3033269
219030	3033281
219031	3033301
219032	3033307
219033	3033323
219034	3033341
219035	3033353
219036	3033383
219037	3033389
219038	3033403
219039	3033409
219040	3033413
219041	3033419
219042	3033431
219043	3033449
219044	3033473
219045	3033509
219046	3033517
219047	3033529
219048	3033533
219049	3033551
219050	3033571
219051	3033581
219052	3033587
219053	3033643
219054	3033647
219055	3033671
219056	3033689
219057	3033697
219058	3033703
219059	3033707
219060	3033727
219061	3033731
219062	3033739
219063	3033757
219064	3033761
219065	3033763
219066	3033781
219067	3033791
219068	3033847
219069	3033851
219070	3033859
219071	3033881
219072	3033883
219073	3033911
219074	3033913
219075	3033917
219076	3033931
219077	3033941
219078	3033971
219079	3033983
219080	3034013
219081	3034019
219082	3034027
219083	3034033
219084	3034049
219085	3034069
219086	3034093
219087	3034117
219088	3034127
219089	3034133
219090	3034151
219091	3034159
219092	3034169
219093	3034189
219094	3034217
219095	3034219
219096	3034253
219097	3034261
219098	3034289
219099	3034301
219100	3034307
219101	3034331
219102	3034349
219103	3034351
219104	3034379
219105	3034403
219106	3034439
219107	3034441
219108	3034453
219109	3034457
219110	3034463
219111	3034487
219112	3034489
219113	3034501
219114	3034511
219115	3034513
219116	3034523
219117	3034529
219118	3034543
219119	3034561
219120	3034573
219121	3034579
219122	3034607
219123	3034613
219124	3034657
219125	3034667
219126	3034679
219127	3034693
219128	3034709
219129	3034711
219130	3034739
219131	3034751
219132	3034769
219133	3034771
219134	3034793
219135	3034819
219136	3034831
219137	3034853
219138	3034859
219139	3034883
219140	3034903
219141	3034907
219142	3034909
219143	3034921
219144	3034951
219145	3034973
219146	3034979
219147	3034987
219148	3035009
219149	3035017
219150	3035029
219151	3035047
219152	3035051
219153	3035059
219154	3035063
219155	3035083
219156	3035099
219157	3035113
219158	3035143
219159	3035183
219160	3035191
219161	3035203
219162	3035239
219163	3035273
219164	3035341
219165	3035371
219166	3035381
219167	3035387
219168	3035407
219169	3035419
219170	3035437
219171	3035441
219172	3035453
219173	3035467
219174	3035477
219175	3035479
219176	3035507
219177	3035531
219178	3035561
219179	3035579
219180	3035581
219181	3035587
219182	3035647
219183	3035653
219184	3035677
219185	3035693
219186	3035713
219187	3035717
219188	3035723
219189	3035731
219190	3035743
219191	3035761
219192	3035771
219193	3035779
219194	3035789
219195	3035803
219196	3035819
219197	3035821
219198	3035833
219199	3035863
219200	3035869
219201	3035873
219202	3035939
219203	3035947
219204	3035957
219205	3035969
219206	3035983
219207	3035993
219208	3036001
219209	3036037
219210	3036043
219211	3036053
219212	3036073
219213	3036119
219214	3036127
219215	3036151
219216	3036167
219217	3036193
219218	3036221
219219	3036269
219220	3036281
219221	3036283
219222	3036287
219223	3036301
219224	3036343
219225	3036349
219226	3036367
219227	3036379
219228	3036401
219229	3036427
219230	3036431
219231	3036433
219232	3036461
219233	3036463
219234	3036491
219235	3036497
219236	3036499
219237	3036511
219238	3036521
219239	3036533
219240	3036547
219241	3036569
219242	3036571
219243	3036577
219244	3036589
219245	3036601
219246	3036613
219247	3036643
219248	3036661
219249	3036731
219250	3036739
219251	3036757
219252	3036797
219253	3036799
219254	3036809
219255	3036823
219256	3036833
219257	3036857
219258	3036871
219259	3036881
219260	3036899
219261	3036919
219262	3036937
219263	3036949
219264	3036959
219265	3036983
219266	3037009
219267	3037031
219268	3037049
219269	3037057
219270	3037079
219271	3037087
219272	3037109
219273	3037121
219274	3037147
219275	3037159
219276	3037183
219277	3037189
219278	3037193
219279	3037201
219280	3037213
219281	3037217
219282	3037231
219283	3037247
219284	3037259
219285	3037267
219286	3037273
219287	3037277
219288	3037297
219289	3037319
219290	3037343
219291	3037369
219292	3037393
219293	3037399
219294	3037417
219295	3037421
219296	3037423
219297	3037429
219298	3037453
219299	3037501
219300	3037513
219301	3037519
219302	3037523
219303	3037561
219304	3037583
219305	3037591
219306	3037607
219307	3037613
219308	3037631
219309	3037637
219310	3037669
219311	3037673
219312	3037681
219313	3037687
219314	3037691
219315	3037703
219316	3037709
219317	3037711
219318	3037753
219319	3037757
219320	3037763
219321	3037789
219322	3037799
219323	3037807
219324	3037819
219325	3037823
219326	3037829
219327	3037843
219328	3037871
219329	3037873
219330	3037889
219331	3037901
219332	3037919
219333	3037921
219334	3037927
219335	3037933
219336	3037963
219337	3037973
219338	3037999
219339	3038003
219340	3038017
219341	3038023
219342	3038027
219343	3038039
219344	3038071
219345	3038089
219346	3038111
219347	3038129
219348	3038131
219349	3038149
219350	3038153
219351	3038171
219352	3038177
219353	3038179
219354	3038183
219355	3038197
219356	3038201
219357	3038207
219358	3038209
219359	3038213
219360	3038219
219361	3038239
219362	3038263
219363	3038267
219364	3038281
219365	3038293
219366	3038311
219367	3038317
219368	3038351
219369	3038353
219370	3038363
219371	3038389
219372	3038429
219373	3038459
219374	3038467
219375	3038501
219376	3038513
219377	3038561
219378	3038579
219379	3038627
219380	3038639
219381	3038647
219382	3038653
219383	3038657
219384	3038687
219385	3038701
219386	3038731
219387	3038741
219388	3038747
219389	3038753
219390	3038779
219391	3038813
219392	3038839
219393	3038843
219394	3038851
219395	3038873
219396	3038887
219397	3038891
219398	3038897
219399	3038927
219400	3038933
219401	3038947
219402	3038951
219403	3038963
219404	3038969
219405	3038999
219406	3039011
219407	3039017
219408	3039037
219409	3039041
219410	3039061
219411	3039077
219412	3039089
219413	3039103
219414	3039109
219415	3039131
219416	3039139
219417	3039163
219418	3039173
219419	3039181
219420	3039193
219421	3039263
219422	3039269
219423	3039293
219424	3039299
219425	3039307
219426	3039313
219427	3039319
219428	3039329
219429	3039341
219430	3039343
219431	3039347
219432	3039353
219433	3039389
219434	3039419
219435	3039467
219436	3039469
219437	3039493
219438	3039499
219439	3039523
219440	3039529
219441	3039551
219442	3039559
219443	3039571
219444	3039623
219445	3039649
219446	3039667
219447	3039671
219448	3039721
219449	3039727
219450	3039737
219451	3039761
219452	3039811
219453	3039823
219454	3039833
219455	3039847
219456	3039851
219457	3039859
219458	3039917
219459	3039919
219460	3039929
219461	3039931
219462	3039937
219463	3039947
219464	3039989
219465	3039997
219466	3040003
219467	3040021
219468	3040043
219469	3040049
219470	3040061
219471	3040087
219472	3040091
219473	3040111
219474	3040153
219475	3040187
219476	3040189
219477	3040217
219478	3040223
219479	3040241
219480	3040243
219481	3040249
219482	3040267
219483	3040277
219484	3040283
219485	3040307
219486	3040313
219487	3040321
219488	3040333
219489	3040343
219490	3040351
219491	3040357
219492	3040369
219493	3040381
219494	3040391
219495	3040409
219496	3040469
219497	3040481
219498	3040483
219499	3040489
219500	3040517
219501	3040547
219502	3040553
219503	3040561
219504	3040579
219505	3040591
219506	3040613
219507	3040633
219508	3040649
219509	3040657
219510	3040691
219511	3040693
219512	3040699
219513	3040711
219514	3040727
219515	3040729
219516	3040733
219517	3040753
219518	3040757
219519	3040777
219520	3040781
219521	3040787
219522	3040811
219523	3040819
219524	3040823
219525	3040861
219526	3040867
219527	3040889
219528	3040907
219529	3040913
219530	3040927
219531	3040949
219532	3040963
219533	3040967
219534	3040979
219535	3040987
219536	3040997
219537	3041029
219538	3041039
219539	3041053
219540	3041057
219541	3041111
219542	3041117
219543	3041149
219544	3041161
219545	3041173
219546	3041177
219547	3041189
219548	3041191
219549	3041231
219550	3041251
219551	3041279
219552	3041303
219553	3041309
219554	3041321
219555	3041327
219556	3041333
219557	3041341
219558	3041371
219559	3041377
219560	3041383
219561	3041393
219562	3041407
219563	3041411
219564	3041429
219565	3041443
219566	3041461
219567	3041473
219568	3041477
219569	3041531
219570	3041551
219571	3041557
219572	3041581
219573	3041587
219574	3041603
219575	3041611
219576	3041651
219577	3041663
219578	3041669
219579	3041671
219580	3041683
219581	3041707
219582	3041713
219583	3041741
219584	3041771
219585	3041789
219586	3041791
219587	3041803
219588	3041809
219589	3041821
219590	3041833
219591	3041849
219592	3041851
219593	3041879
219594	3041893
219595	3041917
219596	3041921
219597	3041923
219598	3041933
219599	3041939
219600	3041947
219601	3041953
219602	3041959
219603	3041971
219604	3041977
219605	3041989
219606	3042007
219607	3042023
219608	3042037
219609	3042059
219610	3042079
219611	3042107
219612	3042157
219613	3042161
219614	3042163
219615	3042173
219616	3042181
219617	3042191
219618	3042203
219619	3042209
219620	3042227
219621	3042229
219622	3042257
219623	3042283
219624	3042307
219625	3042317
219626	3042329
219627	3042349
219628	3042353
219629	3042367
219630	3042397
219631	3042401
219632	3042407
219633	3042437
219634	3042449
219635	3042461
219636	3042467
219637	3042469
219638	3042491
219639	3042493
219640	3042553
219641	3042577
219642	3042581
219643	3042607
219644	3042629
219645	3042653
219646	3042661
219647	3042667
219648	3042701
219649	3042703
219650	3042707
219651	3042719
219652	3042731
219653	3042749
219654	3042757
219655	3042761
219656	3042763
219657	3042803
219658	3042829
219659	3042833
219660	3042839
219661	3042857
219662	3042899
219663	3042901
219664	3042911
219665	3042913
219666	3042937
219667	3042943
219668	3042947
219669	3042959
219670	3042971
219671	3042997
219672	3043009
219673	3043013
219674	3043037
219675	3043049
219676	3043063
219677	3043069
219678	3043081
219679	3043093
219680	3043111
219681	3043121
219682	3043123
219683	3043129
219684	3043133
219685	3043141
219686	3043169
219687	3043193
219688	3043217
219689	3043219
219690	3043223
219691	3043237
219692	3043247
219693	3043267
219694	3043277
219695	3043283
219696	3043303
219697	3043309
219698	3043321
219699	3043331
219700	3043333
219701	3043349
219702	3043367
219703	3043379
219704	3043387
219705	3043393
219706	3043421
219707	3043423
219708	3043427
219709	3043441
219710	3043451
219711	3043457
219712	3043483
219713	3043489
219714	3043507
219715	3043529
219716	3043541
219717	3043543
219718	3043559
219719	3043577
219720	3043597
219721	3043603
219722	3043619
219723	3043627
219724	3043643
219725	3043681
219726	3043687
219727	3043721
219728	3043723
219729	3043739
219730	3043741
219731	3043769
219732	3043783
219733	3043787
219734	3043793
219735	3043823
219736	3043849
219737	3043871
219738	3043883
219739	3043891
219740	3043903
219741	3043907
219742	3043913
219743	3043939
219744	3043951
219745	3043973
219746	3043993
219747	3044017
219748	3044021
219749	3044023
219750	3044029
219751	3044033
219752	3044051
219753	3044057
219754	3044081
219755	3044087
219756	3044089
219757	3044113
219758	3044137
219759	3044147
219760	3044177
219761	3044179
219762	3044183
219763	3044201
219764	3044213
219765	3044221
219766	3044269
219767	3044287
219768	3044299
219769	3044347
219770	3044359
219771	3044369
219772	3044381
219773	3044401
219774	3044407
219775	3044429
219776	3044473
219777	3044491
219778	3044497
219779	3044521
219780	3044527
219781	3044549
219782	3044567
219783	3044597
219784	3044609
219785	3044633
219786	3044641
219787	3044651
219788	3044653
219789	3044663
219790	3044711
219791	3044729
219792	3044737
219793	3044749
219794	3044753
219795	3044759
219796	3044773
219797	3044777
219798	3044791
219799	3044803
219800	3044827
219801	3044831
219802	3044837
219803	3044843
219804	3044857
219805	3044863
219806	3044879
219807	3044891
219808	3044893
219809	3044929
219810	3044983
219811	3045017
219812	3045019
219813	3045041
219814	3045043
219815	3045047
219816	3045067
219817	3045101
219818	3045103
219819	3045109
219820	3045127
219821	3045139
219822	3045157
219823	3045169
219824	3045173
219825	3045179
219826	3045191
219827	3045209
219828	3045241
219829	3045253
219830	3045257
219831	3045281
219832	3045283
219833	3045293
219834	3045311
219835	3045323
219836	3045379
219837	3045421
219838	3045437
219839	3045443
219840	3045451
219841	3045457
219842	3045461
219843	3045503
219844	3045563
219845	3045583
219846	3045589
219847	3045593
219848	3045599
219849	3045611
219850	3045613
219851	3045631
219852	3045661
219853	3045671
219854	3045677
219855	3045697
219856	3045701
219857	3045727
219858	3045739
219859	3045743
219860	3045761
219861	3045773
219862	3045793
219863	3045797
219864	3045811
219865	3045853
219866	3045863
219867	3045869
219868	3045883
219869	3045893
219870	3045901
219871	3045919
219872	3045937
219873	3045949
219874	3045953
219875	3045979
219876	3045989
219877	3046031
219878	3046033
219879	3046039
219880	3046067
219881	3046079
219882	3046081
219883	3046103
219884	3046133
219885	3046139
219886	3046159
219887	3046201
219888	3046231
219889	3046237
219890	3046273
219891	3046297
219892	3046301
219893	3046331
219894	3046333
219895	3046343
219896	3046391
219897	3046427
219898	3046447
219899	3046453
219900	3046471
219901	3046487
219902	3046489
219903	3046501
219904	3046513
219905	3046529
219906	3046531
219907	3046541
219908	3046577
219909	3046579
219910	3046591
219911	3046597
219912	3046601
219913	3046607
219914	3046609
219915	3046627
219916	3046639
219917	3046651
219918	3046657
219919	3046661
219920	3046663
219921	3046709
219922	3046717
219923	3046721
219924	3046733
219925	3046753
219926	3046763
219927	3046789
219928	3046829
219929	3046831
219930	3046837
219931	3046871
219932	3046903
219933	3046909
219934	3046921
219935	3046933
219936	3046949
219937	3046969
219938	3046991
219939	3046993
219940	3047027
219941	3047041
219942	3047047
219943	3047053
219944	3047071
219945	3047089
219946	3047101
219947	3047123
219948	3047141
219949	3047153
219950	3047167
219951	3047183
219952	3047189
219953	3047197
219954	3047203
219955	3047221
219956	3047237
219957	3047251
219958	3047257
219959	3047273
219960	3047299
219961	3047309
219962	3047311
219963	3047323
219964	3047327
219965	3047333
219966	3047351
219967	3047389
219968	3047399
219969	3047411
219970	3047413
219971	3047417
219972	3047419
219973	3047423
219974	3047441
219975	3047479
219976	3047483
219977	3047507
219978	3047509
219979	3047537
219980	3047549
219981	3047557
219982	3047563
219983	3047567
219984	3047587
219985	3047591
219986	3047593
219987	3047599
219988	3047609
219989	3047617
219990	3047623
219991	3047647
219992	3047651
219993	3047669
219994	3047683
219995	3047689
219996	3047699
219997	3047713
219998	3047729
219999	3047731
220000	3047767
