220001	3047773
220002	3047789
220003	3047791
220004	3047819
220005	3047861
220006	3047909
220007	3047911
220008	3047921
220009	3047953
220010	3047963
220011	3047971
220012	3048011
220013	3048041
220014	3048043
220015	3048047
220016	3048053
220017	3048077
220018	3048107
220019	3048139
220020	3048163
220021	3048173
220022	3048197
220023	3048211
220024	3048217
220025	3048247
220026	3048257
220027	3048271
220028	3048289
220029	3048301
220030	3048329
220031	3048337
220032	3048343
220033	3048359
220034	3048413
220035	3048497
220036	3048499
220037	3048503
220038	3048511
220039	3048523
220040	3048533
220041	3048557
220042	3048587
220043	3048599
220044	3048601
220045	3048611
220046	3048623
220047	3048629
220048	3048631
220049	3048653
220050	3048659
220051	3048671
220052	3048679
220053	3048691
220054	3048709
220055	3048713
220056	3048737
220057	3048761
220058	3048767
220059	3048769
220060	3048781
220061	3048823
220062	3048827
220063	3048833
220064	3048863
220065	3048869
220066	3048893
220067	3048901
220068	3048917
220069	3048971
220070	3048977
220071	3048989
220072	3049003
220073	3049009
220074	3049019
220075	3049027
220076	3049073
220077	3049091
220078	3049099
220079	3049127
220080	3049153
220081	3049157
220082	3049181
220083	3049183
220084	3049199
220085	3049201
220086	3049261
220087	3049289
220088	3049301
220089	3049309
220090	3049331
220091	3049349
220092	3049351
220093	3049369
220094	3049381
220095	3049391
220096	3049421
220097	3049427
220098	3049441
220099	3049447
220100	3049463
220101	3049469
220102	3049507
220103	3049523
220104	3049537
220105	3049589
220106	3049591
220107	3049597
220108	3049609
220109	3049643
220110	3049649
220111	3049661
220112	3049667
220113	3049679
220114	3049699
220115	3049723
220116	3049729
220117	3049741
220118	3049751
220119	3049759
220120	3049789
220121	3049801
220122	3049807
220123	3049841
220124	3049859
220125	3049883
220126	3049889
220127	3049903
220128	3049909
220129	3049927
220130	3049931
220131	3049951
220132	3049957
220133	3049967
220134	3049973
220135	3049993
220136	3049999
220137	3050009
220138	3050023
220139	3050027
220140	3050029
220141	3050071
220142	3050083
220143	3050087
220144	3050093
220145	3050101
220146	3050107
220147	3050129
220148	3050141
220149	3050153
220150	3050197
220151	3050213
220152	3050221
220153	3050227
220154	3050233
220155	3050239
220156	3050251
220157	3050261
220158	3050263
220159	3050303
220160	3050321
220161	3050363
220162	3050371
220163	3050381
220164	3050389
220165	3050401
220166	3050419
220167	3050447
220168	3050459
220169	3050473
220170	3050479
220171	3050483
220172	3050533
220173	3050543
220174	3050561
220175	3050573
220176	3050581
220177	3050587
220178	3050591
220179	3050603
220180	3050681
220181	3050683
220182	3050693
220183	3050737
220184	3050759
220185	3050777
220186	3050779
220187	3050783
220188	3050791
220189	3050797
220190	3050809
220191	3050813
220192	3050821
220193	3050833
220194	3050867
220195	3050899
220196	3050917
220197	3050947
220198	3050951
220199	3050953
220200	3050959
220201	3050969
220202	3050977
220203	3051011
220204	3051017
220205	3051029
220206	3051043
220207	3051047
220208	3051071
220209	3051079
220210	3051089
220211	3051091
220212	3051101
220213	3051133
220214	3051149
220215	3051161
220216	3051173
220217	3051227
220218	3051233
220219	3051241
220220	3051253
220221	3051259
220222	3051317
220223	3051337
220224	3051397
220225	3051431
220226	3051439
220227	3051463
220228	3051481
220229	3051487
220230	3051491
220231	3051493
220232	3051511
220233	3051553
220234	3051557
220235	3051563
220236	3051593
220237	3051599
220238	3051611
220239	3051613
220240	3051623
220241	3051637
220242	3051677
220243	3051689
220244	3051703
220245	3051707
220246	3051743
220247	3051749
220248	3051751
220249	3051767
220250	3051773
220251	3051779
220252	3051821
220253	3051833
220254	3051863
220255	3051869
220256	3051877
220257	3051889
220258	3051901
220259	3051929
220260	3051943
220261	3051947
220262	3051953
220263	3051977
220264	3052003
220265	3052033
220266	3052037
220267	3052069
220268	3052073
220269	3052079
220270	3052099
220271	3052117
220272	3052139
220273	3052157
220274	3052177
220275	3052187
220276	3052193
220277	3052211
220278	3052213
220279	3052249
220280	3052253
220281	3052267
220282	3052271
220283	3052297
220284	3052351
220285	3052363
220286	3052373
220287	3052381
220288	3052397
220289	3052403
220290	3052417
220291	3052421
220292	3052447
220293	3052451
220294	3052471
220295	3052499
220296	3052513
220297	3052519
220298	3052529
220299	3052541
220300	3052549
220301	3052561
220302	3052589
220303	3052591
220304	3052607
220305	3052619
220306	3052631
220307	3052633
220308	3052649
220309	3052661
220310	3052669
220311	3052691
220312	3052717
220313	3052727
220314	3052729
220315	3052733
220316	3052739
220317	3052757
220318	3052769
220319	3052781
220320	3052783
220321	3052793
220322	3052873
220323	3052879
220324	3052891
220325	3052897
220326	3052919
220327	3052937
220328	3052943
220329	3052949
220330	3052961
220331	3052963
220332	3052969
220333	3052991
220334	3052993
220335	3053009
220336	3053021
220337	3053041
220338	3053051
220339	3053059
220340	3053101
220341	3053117
220342	3053119
220343	3053131
220344	3053143
220345	3053161
220346	3053173
220347	3053177
220348	3053189
220349	3053201
220350	3053209
220351	3053231
220352	3053249
220353	3053263
220354	3053279
220355	3053291
220356	3053293
220357	3053317
220358	3053329
220359	3053333
220360	3053339
220361	3053341
220362	3053359
220363	3053363
220364	3053389
220365	3053399
220366	3053423
220367	3053431
220368	3053441
220369	3053443
220370	3053467
220371	3053483
220372	3053507
220373	3053521
220374	3053537
220375	3053551
220376	3053563
220377	3053569
220378	3053579
220379	3053629
220380	3053669
220381	3053689
220382	3053707
220383	3053719
220384	3053747
220385	3053749
220386	3053753
220387	3053759
220388	3053767
220389	3053777
220390	3053783
220391	3053789
220392	3053801
220393	3053821
220394	3053833
220395	3053849
220396	3053861
220397	3053873
220398	3053881
220399	3053891
220400	3053909
220401	3053933
220402	3053951
220403	3053959
220404	3053971
220405	3053987
220406	3053993
220407	3054001
220408	3054011
220409	3054043
220410	3054047
220411	3054059
220412	3054097
220413	3054109
220414	3054113
220415	3054119
220416	3054167
220417	3054179
220418	3054187
220419	3054197
220420	3054199
220421	3054211
220422	3054217
220423	3054221
220424	3054229
220425	3054241
220426	3054283
220427	3054299
220428	3054319
220429	3054323
220430	3054353
220431	3054409
220432	3054413
220433	3054437
220434	3054439
220435	3054449
220436	3054517
220437	3054521
220438	3054533
220439	3054551
220440	3054553
220441	3054559
220442	3054563
220443	3054587
220444	3054589
220445	3054613
220446	3054629
220447	3054637
220448	3054643
220449	3054673
220450	3054691
220451	3054703
220452	3054707
220453	3054721
220454	3054769
220455	3054809
220456	3054811
220457	3054827
220458	3054829
220459	3054841
220460	3054847
220461	3054871
220462	3054899
220463	3054913
220464	3054923
220465	3054937
220466	3054949
220467	3054967
220468	3054971
220469	3055043
220470	3055049
220471	3055057
220472	3055093
220473	3055097
220474	3055153
220475	3055163
220476	3055177
220477	3055187
220478	3055211
220479	3055229
220480	3055231
220481	3055249
220482	3055259
220483	3055277
220484	3055309
220485	3055319
220486	3055321
220487	3055331
220488	3055357
220489	3055363
220490	3055369
220491	3055373
220492	3055399
220493	3055417
220494	3055439
220495	3055441
220496	3055457
220497	3055471
220498	3055477
220499	3055487
220500	3055489
220501	3055501
220502	3055513
220503	3055519
220504	3055567
220505	3055583
220506	3055589
220507	3055601
220508	3055603
220509	3055621
220510	3055649
220511	3055651
220512	3055687
220513	3055693
220514	3055721
220515	3055727
220516	3055739
220517	3055753
220518	3055777
220519	3055807
220520	3055831
220521	3055847
220522	3055873
220523	3055901
220524	3055909
220525	3055919
220526	3055931
220527	3055951
220528	3055961
220529	3055963
220530	3055973
220531	3056041
220532	3056047
220533	3056051
220534	3056057
220535	3056069
220536	3056077
220537	3056083
220538	3056111
220539	3056129
220540	3056149
220541	3056173
220542	3056201
220543	3056213
220544	3056227
220545	3056231
220546	3056233
220547	3056239
220548	3056327
220549	3056329
220550	3056341
220551	3056353
220552	3056357
220553	3056371
220554	3056381
220555	3056387
220556	3056393
220557	3056399
220558	3056407
220559	3056411
220560	3056419
220561	3056423
220562	3056429
220563	3056453
220564	3056467
220565	3056489
220566	3056491
220567	3056497
220568	3056519
220569	3056531
220570	3056561
220571	3056579
220572	3056593
220573	3056597
220574	3056611
220575	3056639
220576	3056653
220577	3056657
220578	3056671
220579	3056689
220580	3056699
220581	3056717
220582	3056759
220583	3056789
220584	3056791
220585	3056797
220586	3056813
220587	3056843
220588	3056857
220589	3056863
220590	3056887
220591	3056897
220592	3056939
220593	3056951
220594	3056959
220595	3056969
220596	3056971
220597	3056981
220598	3056983
220599	3056993
220600	3057007
220601	3057011
220602	3057013
220603	3057023
220604	3057037
220605	3057053
220606	3057077
220607	3057079
220608	3057113
220609	3057163
220610	3057227
220611	3057253
220612	3057281
220613	3057283
220614	3057289
220615	3057293
220616	3057317
220617	3057319
220618	3057323
220619	3057361
220620	3057377
220621	3057403
220622	3057427
220623	3057451
220624	3057469
220625	3057479
220626	3057487
220627	3057521
220628	3057533
220629	3057539
220630	3057541
220631	3057547
220632	3057577
220633	3057581
220634	3057611
220635	3057617
220636	3057619
220637	3057631
220638	3057641
220639	3057647
220640	3057661
220641	3057701
220642	3057707
220643	3057709
220644	3057713
220645	3057721
220646	3057763
220647	3057767
220648	3057797
220649	3057811
220650	3057823
220651	3057833
220652	3057839
220653	3057851
220654	3057877
220655	3057881
220656	3057883
220657	3057913
220658	3057931
220659	3057949
220660	3057959
220661	3057983
220662	3057997
220663	3058001
220664	3058007
220665	3058037
220666	3058051
220667	3058127
220668	3058157
220669	3058163
220670	3058171
220671	3058193
220672	3058199
220673	3058201
220674	3058219
220675	3058229
220676	3058267
220677	3058303
220678	3058331
220679	3058339
220680	3058343
220681	3058361
220682	3058387
220683	3058397
220684	3058399
220685	3058403
220686	3058421
220687	3058423
220688	3058441
220689	3058493
220690	3058499
220691	3058511
220692	3058519
220693	3058529
220694	3058537
220695	3058567
220696	3058579
220697	3058597
220698	3058603
220699	3058607
220700	3058613
220701	3058631
220702	3058637
220703	3058661
220704	3058667
220705	3058669
220706	3058681
220707	3058687
220708	3058697
220709	3058703
220710	3058711
220711	3058729
220712	3058763
220713	3058787
220714	3058817
220715	3058837
220716	3058843
220717	3058849
220718	3058859
220719	3058871
220720	3058873
220721	3058877
220722	3058879
220723	3058883
220724	3058889
220725	3058897
220726	3058903
220727	3058907
220728	3058921
220729	3058927
220730	3058933
220731	3058999
220732	3059003
220733	3059009
220734	3059011
220735	3059029
220736	3059033
220737	3059047
220738	3059053
220739	3059059
220740	3059083
220741	3059087
220742	3059113
220743	3059129
220744	3059137
220745	3059141
220746	3059143
220747	3059179
220748	3059219
220749	3059233
220750	3059257
220751	3059261
220752	3059267
220753	3059281
220754	3059291
220755	3059293
220756	3059339
220757	3059341
220758	3059377
220759	3059383
220760	3059387
220761	3059389
220762	3059393
220763	3059401
220764	3059423
220765	3059431
220766	3059447
220767	3059449
220768	3059453
220769	3059467
220770	3059491
220771	3059501
220772	3059509
220773	3059519
220774	3059527
220775	3059549
220776	3059561
220777	3059569
220778	3059597
220779	3059611
220780	3059633
220781	3059659
220782	3059723
220783	3059753
220784	3059803
220785	3059827
220786	3059843
220787	3059857
220788	3059873
220789	3059891
220790	3059911
220791	3059921
220792	3059951
220793	3059963
220794	3060047
220795	3060053
220796	3060067
220797	3060077
220798	3060089
220799	3060097
220800	3060107
220801	3060137
220802	3060139
220803	3060143
220804	3060149
220805	3060151
220806	3060163
220807	3060179
220808	3060191
220809	3060203
220810	3060209
220811	3060241
220812	3060247
220813	3060257
220814	3060259
220815	3060287
220816	3060301
220817	3060329
220818	3060361
220819	3060373
220820	3060383
220821	3060397
220822	3060419
220823	3060427
220824	3060433
220825	3060451
220826	3060461
220827	3060467
220828	3060481
220829	3060487
220830	3060503
220831	3060511
220832	3060517
220833	3060557
220834	3060559
220835	3060569
220836	3060571
220837	3060581
220838	3060583
220839	3060601
220840	3060623
220841	3060637
220842	3060649
220843	3060667
220844	3060683
220845	3060703
220846	3060749
220847	3060763
220848	3060769
220849	3060793
220850	3060809
220851	3060821
220852	3060823
220853	3060839
220854	3060853
220855	3060857
220856	3060859
220857	3060913
220858	3060917
220859	3060923
220860	3060929
220861	3060931
220862	3060947
220863	3060983
220864	3060989
220865	3060997
220866	3061021
220867	3061027
220868	3061049
220869	3061067
220870	3061087
220871	3061099
220872	3061103
220873	3061111
220874	3061117
220875	3061129
220876	3061133
220877	3061141
220878	3061159
220879	3061181
220880	3061187
220881	3061229
220882	3061237
220883	3061243
220884	3061249
220885	3061259
220886	3061271
220887	3061291
220888	3061301
220889	3061313
220890	3061321
220891	3061363
220892	3061367
220893	3061379
220894	3061381
220895	3061391
220896	3061403
220897	3061427
220898	3061433
220899	3061441
220900	3061459
220901	3061463
220902	3061481
220903	3061517
220904	3061523
220905	3061537
220906	3061543
220907	3061561
220908	3061571
220909	3061579
220910	3061609
220911	3061631
220912	3061637
220913	3061661
220914	3061673
220915	3061703
220916	3061739
220917	3061759
220918	3061763
220919	3061781
220920	3061811
220921	3061823
220922	3061837
220923	3061841
220924	3061847
220925	3061859
220926	3061873
220927	3061897
220928	3061913
220929	3061931
220930	3061937
220931	3061939
220932	3061943
220933	3061951
220934	3061973
220935	3061991
220936	3061997
220937	3062011
220938	3062039
220939	3062047
220940	3062051
220941	3062053
220942	3062063
220943	3062077
220944	3062089
220945	3062093
220946	3062107
220947	3062113
220948	3062117
220949	3062123
220950	3062141
220951	3062161
220952	3062177
220953	3062201
220954	3062203
220955	3062207
220956	3062209
220957	3062237
220958	3062239
220959	3062263
220960	3062291
220961	3062317
220962	3062327
220963	3062341
220964	3062359
220965	3062377
220966	3062399
220967	3062407
220968	3062461
220969	3062467
220970	3062483
220971	3062497
220972	3062509
220973	3062531
220974	3062539
220975	3062551
220976	3062557
220977	3062561
220978	3062621
220979	3062641
220980	3062651
220981	3062663
220982	3062671
220983	3062677
220984	3062681
220985	3062693
220986	3062723
220987	3062747
220988	3062779
220989	3062803
220990	3062821
220991	3062833
220992	3062837
220993	3062863
220994	3062879
220995	3062881
220996	3062921
220997	3062929
220998	3062957
220999	3062963
221000	3062989
