221001	3062999
221002	3063013
221003	3063023
221004	3063041
221005	3063059
221006	3063083
221007	3063097
221008	3063121
221009	3063133
221010	3063139
221011	3063149
221012	3063157
221013	3063167
221014	3063169
221015	3063187
221016	3063197
221017	3063217
221018	3063253
221019	3063257
221020	3063287
221021	3063289
221022	3063371
221023	3063373
221024	3063377
221025	3063391
221026	3063407
221027	3063409
221028	3063419
221029	3063433
221030	3063443
221031	3063461
221032	3063491
221033	3063493
221034	3063497
221035	3063499
221036	3063539
221037	3063569
221038	3063581
221039	3063583
221040	3063607
221041	3063629
221042	3063653
221043	3063673
221044	3063677
221045	3063701
221046	3063703
221047	3063713
221048	3063727
221049	3063733
221050	3063799
221051	3063803
221052	3063817
221053	3063829
221054	3063839
221055	3063869
221056	3063913
221057	3063917
221058	3063919
221059	3063923
221060	3063967
221061	3063989
221062	3064013
221063	3064027
221064	3064079
221065	3064109
221066	3064121
221067	3064123
221068	3064141
221069	3064151
221070	3064157
221071	3064177
221072	3064207
221073	3064241
221074	3064247
221075	3064291
221076	3064297
221077	3064307
221078	3064337
221079	3064351
221080	3064361
221081	3064363
221082	3064367
221083	3064417
221084	3064421
221085	3064427
221086	3064429
221087	3064433
221088	3064469
221089	3064493
221090	3064531
221091	3064561
221092	3064571
221093	3064577
221094	3064591
221095	3064601
221096	3064603
221097	3064631
221098	3064651
221099	3064657
221100	3064661
221101	3064679
221102	3064687
221103	3064693
221104	3064703
221105	3064723
221106	3064741
221107	3064751
221108	3064861
221109	3064883
221110	3064903
221111	3064907
221112	3064933
221113	3064949
221114	3064967
221115	3064979
221116	3064987
221117	3064993
221118	3065053
221119	3065059
221120	3065077
221121	3065081
221122	3065131
221123	3065143
221124	3065147
221125	3065159
221126	3065221
221127	3065243
221128	3065261
221129	3065263
221130	3065291
221131	3065299
221132	3065333
221133	3065347
221134	3065353
221135	3065369
221136	3065393
221137	3065401
221138	3065411
221139	3065431
221140	3065449
221141	3065453
221142	3065459
221143	3065477
221144	3065483
221145	3065507
221146	3065519
221147	3065521
221148	3065533
221149	3065539
221150	3065549
221151	3065563
221152	3065591
221153	3065603
221154	3065609
221155	3065617
221156	3065633
221157	3065639
221158	3065641
221159	3065651
221160	3065663
221161	3065681
221162	3065717
221163	3065723
221164	3065737
221165	3065743
221166	3065747
221167	3065749
221168	3065773
221169	3065779
221170	3065789
221171	3065809
221172	3065813
221173	3065833
221174	3065837
221175	3065849
221176	3065861
221177	3065863
221178	3065893
221179	3065917
221180	3065929
221181	3065947
221182	3065971
221183	3065981
221184	3065983
221185	3065989
221186	3065999
221187	3066017
221188	3066067
221189	3066071
221190	3066097
221191	3066109
221192	3066127
221193	3066157
221194	3066169
221195	3066187
221196	3066211
221197	3066223
221198	3066229
221199	3066247
221200	3066251
221201	3066253
221202	3066263
221203	3066293
221204	3066311
221205	3066319
221206	3066347
221207	3066377
221208	3066397
221209	3066451
221210	3066493
221211	3066499
221212	3066517
221213	3066529
221214	3066533
221215	3066541
221216	3066559
221217	3066563
221218	3066571
221219	3066587
221220	3066589
221221	3066599
221222	3066611
221223	3066617
221224	3066641
221225	3066649
221226	3066689
221227	3066691
221228	3066709
221229	3066731
221230	3066743
221231	3066769
221232	3066773
221233	3066787
221234	3066793
221235	3066821
221236	3066823
221237	3066827
221238	3066829
221239	3066853
221240	3066857
221241	3066863
221242	3066881
221243	3066883
221244	3066901
221245	3066911
221246	3066971
221247	3066983
221248	3066989
221249	3066991
221250	3067003
221251	3067007
221252	3067013
221253	3067039
221254	3067049
221255	3067063
221256	3067081
221257	3067111
221258	3067121
221259	3067139
221260	3067153
221261	3067199
221262	3067219
221263	3067223
221264	3067231
221265	3067261
221266	3067279
221267	3067297
221268	3067331
221269	3067367
221270	3067373
221271	3067381
221272	3067391
221273	3067397
221274	3067403
221275	3067409
221276	3067423
221277	3067433
221278	3067439
221279	3067453
221280	3067457
221281	3067459
221282	3067483
221283	3067501
221284	3067511
221285	3067513
221286	3067517
221287	3067553
221288	3067573
221289	3067601
221290	3067621
221291	3067637
221292	3067639
221293	3067657
221294	3067699
221295	3067703
221296	3067709
221297	3067733
221298	3067739
221299	3067747
221300	3067777
221301	3067783
221302	3067789
221303	3067793
221304	3067817
221305	3067829
221306	3067849
221307	3067859
221308	3067861
221309	3067877
221310	3067879
221311	3067891
221312	3067903
221313	3067927
221314	3067931
221315	3067951
221316	3067963
221317	3067969
221318	3067979
221319	3068027
221320	3068029
221321	3068047
221322	3068069
221323	3068081
221324	3068083
221325	3068089
221326	3068099
221327	3068111
221328	3068119
221329	3068137
221330	3068141
221331	3068159
221332	3068161
221333	3068173
221334	3068189
221335	3068201
221336	3068203
221337	3068227
221338	3068231
221339	3068237
221340	3068293
221341	3068297
221342	3068311
221343	3068333
221344	3068353
221345	3068393
221346	3068419
221347	3068423
221348	3068431
221349	3068477
221350	3068479
221351	3068491
221352	3068497
221353	3068503
221354	3068509
221355	3068539
221356	3068561
221357	3068567
221358	3068579
221359	3068581
221360	3068599
221361	3068621
221362	3068627
221363	3068641
221364	3068651
221365	3068699
221366	3068711
221367	3068713
221368	3068717
221369	3068749
221370	3068777
221371	3068827
221372	3068831
221373	3068839
221374	3068851
221375	3068869
221376	3068873
221377	3068887
221378	3068903
221379	3068909
221380	3068911
221381	3068921
221382	3068927
221383	3068929
221384	3068939
221385	3068941
221386	3068951
221387	3068957
221388	3069007
221389	3069019
221390	3069029
221391	3069037
221392	3069047
221393	3069083
221394	3069103
221395	3069107
221396	3069119
221397	3069133
221398	3069161
221399	3069167
221400	3069169
221401	3069173
221402	3069181
221403	3069223
221404	3069233
221405	3069263
221406	3069271
221407	3069277
221408	3069323
221409	3069329
221410	3069347
221411	3069359
221412	3069361
221413	3069379
221414	3069397
221415	3069413
221416	3069421
221417	3069427
221418	3069433
221419	3069439
221420	3069449
221421	3069467
221422	3069481
221423	3069497
221424	3069499
221425	3069529
221426	3069533
221427	3069541
221428	3069551
221429	3069569
221430	3069587
221431	3069607
221432	3069611
221433	3069623
221434	3069637
221435	3069643
221436	3069653
221437	3069667
221438	3069683
221439	3069743
221440	3069757
221441	3069769
221442	3069791
221443	3069797
221444	3069817
221445	3069823
221446	3069841
221447	3069863
221448	3069883
221449	3069889
221450	3069893
221451	3069917
221452	3069923
221453	3069929
221454	3069931
221455	3069949
221456	3069959
221457	3069967
221458	3070003
221459	3070009
221460	3070021
221461	3070031
221462	3070037
221463	3070043
221464	3070049
221465	3070057
221466	3070061
221467	3070073
221468	3070079
221469	3070091
221470	3070117
221471	3070127
221472	3070129
221473	3070139
221474	3070169
221475	3070187
221476	3070213
221477	3070273
221478	3070289
221479	3070321
221480	3070337
221481	3070349
221482	3070351
221483	3070357
221484	3070373
221485	3070391
221486	3070393
221487	3070399
221488	3070427
221489	3070429
221490	3070447
221491	3070451
221492	3070469
221493	3070471
221494	3070481
221495	3070499
221496	3070513
221497	3070541
221498	3070547
221499	3070553
221500	3070559
221501	3070567
221502	3070601
221503	3070619
221504	3070621
221505	3070637
221506	3070657
221507	3070663
221508	3070681
221509	3070699
221510	3070709
221511	3070783
221512	3070787
221513	3070789
221514	3070807
221515	3070817
221516	3070831
221517	3070853
221518	3070861
221519	3070867
221520	3070871
221521	3070877
221522	3070883
221523	3070901
221524	3070939
221525	3070943
221526	3070961
221527	3070973
221528	3070993
221529	3070997
221530	3071011
221531	3071021
221532	3071041
221533	3071053
221534	3071069
221535	3071087
221536	3071093
221537	3071113
221538	3071137
221539	3071143
221540	3071153
221541	3071161
221542	3071177
221543	3071197
221544	3071207
221545	3071219
221546	3071231
221547	3071239
221548	3071251
221549	3071261
221550	3071267
221551	3071279
221552	3071281
221553	3071287
221554	3071317
221555	3071323
221556	3071353
221557	3071359
221558	3071377
221559	3071381
221560	3071429
221561	3071437
221562	3071473
221563	3071501
221564	3071503
221565	3071507
221566	3071513
221567	3071539
221568	3071567
221569	3071569
221570	3071587
221571	3071603
221572	3071617
221573	3071623
221574	3071633
221575	3071641
221576	3071647
221577	3071659
221578	3071669
221579	3071671
221580	3071693
221581	3071701
221582	3071707
221583	3071723
221584	3071741
221585	3071753
221586	3071797
221587	3071801
221588	3071813
221589	3071833
221590	3071837
221591	3071839
221592	3071869
221593	3071879
221594	3071881
221595	3071897
221596	3071909
221597	3071911
221598	3071923
221599	3071927
221600	3071969
221601	3071983
221602	3071987
221603	3071993
221604	3072001
221605	3072029
221606	3072067
221607	3072101
221608	3072107
221609	3072119
221610	3072127
221611	3072137
221612	3072161
221613	3072163
221614	3072169
221615	3072197
221616	3072211
221617	3072227
221618	3072229
221619	3072233
221620	3072239
221621	3072263
221622	3072269
221623	3072283
221624	3072301
221625	3072353
221626	3072373
221627	3072403
221628	3072413
221629	3072431
221630	3072439
221631	3072449
221632	3072451
221633	3072457
221634	3072467
221635	3072469
221636	3072473
221637	3072481
221638	3072523
221639	3072533
221640	3072539
221641	3072541
221642	3072557
221643	3072607
221644	3072611
221645	3072613
221646	3072659
221647	3072677
221648	3072679
221649	3072683
221650	3072701
221651	3072703
221652	3072709
221653	3072749
221654	3072791
221655	3072829
221656	3072841
221657	3072847
221658	3072857
221659	3072859
221660	3072871
221661	3072911
221662	3072929
221663	3072941
221664	3072943
221665	3072947
221666	3072959
221667	3072977
221668	3072983
221669	3073013
221670	3073027
221671	3073033
221672	3073051
221673	3073067
221674	3073069
221675	3073087
221676	3073111
221677	3073121
221678	3073153
221679	3073171
221680	3073181
221681	3073201
221682	3073207
221683	3073229
221684	3073249
221685	3073271
221686	3073289
221687	3073313
221688	3073349
221689	3073351
221690	3073393
221691	3073451
221692	3073453
221693	3073493
221694	3073517
221695	3073529
221696	3073537
221697	3073541
221698	3073547
221699	3073579
221700	3073621
221701	3073633
221702	3073657
221703	3073667
221704	3073669
221705	3073673
221706	3073699
221707	3073703
221708	3073709
221709	3073711
221710	3073727
221711	3073747
221712	3073757
221713	3073771
221714	3073783
221715	3073799
221716	3073813
221717	3073817
221718	3073831
221719	3073853
221720	3073879
221721	3073883
221722	3073891
221723	3073901
221724	3073919
221725	3073921
221726	3073933
221727	3073937
221728	3073943
221729	3073951
221730	3073963
221731	3073979
221732	3073981
221733	3073999
221734	3074009
221735	3074011
221736	3074021
221737	3074023
221738	3074033
221739	3074039
221740	3074041
221741	3074047
221742	3074051
221743	3074063
221744	3074081
221745	3074089
221746	3074101
221747	3074107
221748	3074131
221749	3074153
221750	3074167
221751	3074171
221752	3074173
221753	3074179
221754	3074189
221755	3074213
221756	3074233
221757	3074243
221758	3074251
221759	3074273
221760	3074287
221761	3074299
221762	3074329
221763	3074347
221764	3074353
221765	3074369
221766	3074381
221767	3074389
221768	3074413
221769	3074419
221770	3074459
221771	3074471
221772	3074473
221773	3074497
221774	3074507
221775	3074509
221776	3074521
221777	3074537
221778	3074557
221779	3074567
221780	3074581
221781	3074587
221782	3074593
221783	3074597
221784	3074623
221785	3074627
221786	3074633
221787	3074641
221788	3074651
221789	3074657
221790	3074677
221791	3074681
221792	3074699
221793	3074707
221794	3074711
221795	3074719
221796	3074723
221797	3074741
221798	3074777
221799	3074779
221800	3074791
221801	3074821
221802	3074837
221803	3074849
221804	3074867
221805	3074873
221806	3074879
221807	3074923
221808	3074927
221809	3074969
221810	3074987
221811	3074989
221812	3074993
221813	3075013
221814	3075019
221815	3075029
221816	3075043
221817	3075047
221818	3075049
221819	3075053
221820	3075089
221821	3075091
221822	3075109
221823	3075119
221824	3075151
221825	3075161
221826	3075167
221827	3075173
221828	3075179
221829	3075203
221830	3075209
221831	3075221
221832	3075227
221833	3075251
221834	3075253
221835	3075263
221836	3075299
221837	3075301
221838	3075311
221839	3075313
221840	3075323
221841	3075341
221842	3075343
221843	3075377
221844	3075379
221845	3075383
221846	3075389
221847	3075407
221848	3075409
221849	3075433
221850	3075439
221851	3075467
221852	3075481
221853	3075497
221854	3075547
221855	3075557
221856	3075577
221857	3075581
221858	3075593
221859	3075601
221860	3075607
221861	3075617
221862	3075619
221863	3075671
221864	3075679
221865	3075703
221866	3075713
221867	3075797
221868	3075817
221869	3075829
221870	3075857
221871	3075869
221872	3075881
221873	3075899
221874	3075901
221875	3075911
221876	3075949
221877	3075953
221878	3075959
221879	3075971
221880	3075979
221881	3076013
221882	3076019
221883	3076039
221884	3076049
221885	3076057
221886	3076093
221887	3076097
221888	3076109
221889	3076111
221890	3076127
221891	3076141
221892	3076153
221893	3076163
221894	3076193
221895	3076211
221896	3076219
221897	3076231
221898	3076237
221899	3076243
221900	3076259
221901	3076261
221902	3076289
221903	3076313
221904	3076327
221905	3076331
221906	3076363
221907	3076369
221908	3076373
221909	3076387
221910	3076391
221911	3076393
221912	3076397
221913	3076399
221914	3076417
221915	3076421
221916	3076427
221917	3076429
221918	3076433
221919	3076483
221920	3076511
221921	3076529
221922	3076543
221923	3076559
221924	3076589
221925	3076621
221926	3076631
221927	3076649
221928	3076679
221929	3076691
221930	3076699
221931	3076709
221932	3076721
221933	3076741
221934	3076751
221935	3076753
221936	3076757
221937	3076783
221938	3076789
221939	3076807
221940	3076811
221941	3076817
221942	3076823
221943	3076859
221944	3076861
221945	3076867
221946	3076891
221947	3076897
221948	3076903
221949	3076921
221950	3076933
221951	3076939
221952	3076973
221953	3076991
221954	3077033
221955	3077047
221956	3077057
221957	3077071
221958	3077093
221959	3077111
221960	3077143
221961	3077149
221962	3077159
221963	3077171
221964	3077203
221965	3077251
221966	3077257
221967	3077273
221968	3077279
221969	3077281
221970	3077293
221971	3077299
221972	3077303
221973	3077311
221974	3077317
221975	3077341
221976	3077351
221977	3077359
221978	3077383
221979	3077407
221980	3077413
221981	3077429
221982	3077443
221983	3077453
221984	3077479
221985	3077483
221986	3077489
221987	3077491
221988	3077507
221989	3077533
221990	3077539
221991	3077573
221992	3077579
221993	3077593
221994	3077597
221995	3077609
221996	3077611
221997	3077621
221998	3077647
221999	3077681
222000	3077687
