224001	3107639
224002	3107647
224003	3107701
224004	3107711
224005	3107729
224006	3107743
224007	3107747
224008	3107749
224009	3107789
224010	3107803
224011	3107809
224012	3107813
224013	3107827
224014	3107831
224015	3107833
224016	3107861
224017	3107869
224018	3107873
224019	3107891
224020	3107893
224021	3107899
224022	3107903
224023	3107927
224024	3107933
224025	3107947
224026	3107971
224027	3107981
224028	3107983
224029	3107989
224030	3108019
224031	3108023
224032	3108031
224033	3108041
224034	3108043
224035	3108047
224036	3108067
224037	3108103
224038	3108109
224039	3108139
224040	3108163
224041	3108173
224042	3108199
224043	3108221
224044	3108227
224045	3108239
224046	3108253
224047	3108257
224048	3108269
224049	3108283
224050	3108293
224051	3108317
224052	3108319
224053	3108337
224054	3108349
224055	3108359
224056	3108361
224057	3108367
224058	3108373
224059	3108379
224060	3108383
224061	3108409
224062	3108431
224063	3108449
224064	3108461
224065	3108487
224066	3108491
224067	3108493
224068	3108509
224069	3108529
224070	3108541
224071	3108551
224072	3108557
224073	3108577
224074	3108583
224075	3108607
224076	3108613
224077	3108689
224078	3108691
224079	3108697
224080	3108701
224081	3108719
224082	3108727
224083	3108731
224084	3108737
224085	3108751
224086	3108779
224087	3108793
224088	3108797
224089	3108817
224090	3108823
224091	3108827
224092	3108839
224093	3108863
224094	3108869
224095	3108893
224096	3108901
224097	3108949
224098	3108961
224099	3108967
224100	3108991
224101	3109031
224102	3109069
224103	3109081
224104	3109091
224105	3109111
224106	3109121
224107	3109157
224108	3109159
224109	3109187
224110	3109193
224111	3109199
224112	3109213
224113	3109247
224114	3109259
224115	3109273
224116	3109279
224117	3109297
224118	3109307
224119	3109319
224120	3109333
224121	3109343
224122	3109349
224123	3109367
224124	3109387
224125	3109391
224126	3109397
224127	3109411
224128	3109427
224129	3109441
224130	3109451
224131	3109471
224132	3109501
224133	3109511
224134	3109523
224135	3109541
224136	3109549
224137	3109553
224138	3109607
224139	3109619
224140	3109621
224141	3109633
224142	3109637
224143	3109649
224144	3109651
224145	3109681
224146	3109693
224147	3109697
224148	3109709
224149	3109747
224150	3109751
224151	3109781
224152	3109783
224153	3109789
224154	3109801
224155	3109811
224156	3109817
224157	3109819
224158	3109823
224159	3109829
224160	3109837
224161	3109859
224162	3109867
224163	3109913
224164	3109921
224165	3109937
224166	3109969
224167	3109979
224168	3109999
224169	3110011
224170	3110027
224171	3110033
224172	3110057
224173	3110059
224174	3110069
224175	3110101
224176	3110143
224177	3110153
224178	3110179
224179	3110213
224180	3110227
224181	3110231
224182	3110249
224183	3110251
224184	3110273
224185	3110287
224186	3110293
224187	3110299
224188	3110321
224189	3110339
224190	3110353
224191	3110369
224192	3110377
224193	3110381
224194	3110399
224195	3110417
224196	3110423
224197	3110431
224198	3110477
224199	3110489
224200	3110519
224201	3110531
224202	3110537
224203	3110561
224204	3110563
224205	3110567
224206	3110579
224207	3110593
224208	3110617
224209	3110621
224210	3110647
224211	3110651
224212	3110669
224213	3110671
224214	3110683
224215	3110689
224216	3110707
224217	3110717
224218	3110741
224219	3110753
224220	3110759
224221	3110761
224222	3110771
224223	3110791
224224	3110797
224225	3110803
224226	3110837
224227	3110843
224228	3110867
224229	3110879
224230	3110903
224231	3110929
224232	3110953
224233	3110963
224234	3110981
224235	3110993
224236	3110999
224237	3111001
224238	3111013
224239	3111023
224240	3111029
224241	3111037
224242	3111077
224243	3111083
224244	3111107
224245	3111131
224246	3111137
224247	3111151
224248	3111161
224249	3111169
224250	3111197
224251	3111217
224252	3111223
224253	3111271
224254	3111281
224255	3111287
224256	3111299
224257	3111301
224258	3111313
224259	3111319
224260	3111331
224261	3111337
224262	3111341
224263	3111343
224264	3111349
224265	3111397
224266	3111403
224267	3111419
224268	3111431
224269	3111457
224270	3111481
224271	3111487
224272	3111491
224273	3111539
224274	3111569
224275	3111593
224276	3111599
224277	3111607
224278	3111631
224279	3111653
224280	3111659
224281	3111673
224282	3111677
224283	3111679
224284	3111721
224285	3111727
224286	3111743
224287	3111769
224288	3111803
224289	3111809
224290	3111817
224291	3111821
224292	3111827
224293	3111847
224294	3111853
224295	3111863
224296	3111931
224297	3111973
224298	3112007
224299	3112069
224300	3112091
224301	3112093
224302	3112099
224303	3112103
224304	3112111
224305	3112117
224306	3112127
224307	3112129
224308	3112141
224309	3112147
224310	3112237
224311	3112247
224312	3112253
224313	3112259
224314	3112267
224315	3112271
224316	3112279
224317	3112283
224318	3112301
224319	3112303
224320	3112313
224321	3112321
224322	3112327
224323	3112331
224324	3112357
224325	3112381
224326	3112391
224327	3112399
224328	3112423
224329	3112441
224330	3112463
224331	3112471
224332	3112489
224333	3112507
224334	3112519
224335	3112609
224336	3112621
224337	3112639
224338	3112661
224339	3112667
224340	3112687
224341	3112693
224342	3112709
224343	3112721
224344	3112729
224345	3112757
224346	3112771
224347	3112783
224348	3112787
224349	3112801
224350	3112807
224351	3112829
224352	3112859
224353	3112873
224354	3112909
224355	3112913
224356	3112919
224357	3112933
224358	3112943
224359	3112973
224360	3112987
224361	3113009
224362	3113039
224363	3113053
224364	3113059
224365	3113083
224366	3113087
224367	3113101
224368	3113111
224369	3113129
224370	3113147
224371	3113177
224372	3113189
224373	3113197
224374	3113213
224375	3113221
224376	3113239
224377	3113249
224378	3113267
224379	3113269
224380	3113281
224381	3113317
224382	3113333
224383	3113339
224384	3113387
224385	3113389
224386	3113393
224387	3113399
224388	3113401
224389	3113437
224390	3113443
224391	3113447
224392	3113449
224393	3113459
224394	3113471
224395	3113483
224396	3113497
224397	3113521
224398	3113531
224399	3113569
224400	3113573
224401	3113611
224402	3113633
224403	3113639
224404	3113641
224405	3113647
224406	3113683
224407	3113687
224408	3113707
224409	3113723
224410	3113767
224411	3113783
224412	3113801
224413	3113819
224414	3113821
224415	3113833
224416	3113837
224417	3113861
224418	3113863
224419	3113881
224420	3113893
224421	3113897
224422	3113899
224423	3113917
224424	3113921
224425	3113923
224426	3113927
224427	3113939
224428	3113963
224429	3113969
224430	3113977
224431	3113983
224432	3113987
224433	3114019
224434	3114029
224435	3114047
224436	3114091
224437	3114109
224438	3114143
224439	3114161
224440	3114169
224441	3114191
224442	3114203
224443	3114211
224444	3114277
224445	3114283
224446	3114289
224447	3114299
224448	3114301
224449	3114313
224450	3114317
224451	3114329
224452	3114343
224453	3114359
224454	3114367
224455	3114389
224456	3114403
224457	3114431
224458	3114437
224459	3114473
224460	3114479
224461	3114487
224462	3114493
224463	3114497
224464	3114509
224465	3114521
224466	3114523
224467	3114541
224468	3114563
224469	3114577
224470	3114589
224471	3114593
224472	3114607
224473	3114611
224474	3114673
224475	3114679
224476	3114701
224477	3114719
224478	3114731
224479	3114743
224480	3114781
224481	3114809
224482	3114817
224483	3114833
224484	3114847
224485	3114857
224486	3114869
224487	3114871
224488	3114889
224489	3114899
224490	3114931
224491	3114949
224492	3114953
224493	3114967
224494	3114971
224495	3114989
224496	3114997
224497	3115003
224498	3115009
224499	3115027
224500	3115033
224501	3115061
224502	3115103
224503	3115109
224504	3115117
224505	3115153
224506	3115157
224507	3115169
224508	3115171
224509	3115187
224510	3115193
224511	3115201
224512	3115237
224513	3115241
224514	3115249
224515	3115253
224516	3115261
224517	3115271
224518	3115279
224519	3115291
224520	3115319
224521	3115361
224522	3115379
224523	3115381
224524	3115397
224525	3115417
224526	3115423
224527	3115429
224528	3115439
224529	3115451
224530	3115457
224531	3115477
224532	3115481
224533	3115493
224534	3115529
224535	3115537
224536	3115559
224537	3115561
224538	3115577
224539	3115579
224540	3115591
224541	3115597
224542	3115621
224543	3115627
224544	3115633
224545	3115643
224546	3115657
224547	3115667
224548	3115727
224549	3115729
224550	3115751
224551	3115769
224552	3115781
224553	3115799
224554	3115813
224555	3115831
224556	3115873
224557	3115883
224558	3115897
224559	3115907
224560	3115919
224561	3115921
224562	3115927
224563	3115933
224564	3115991
224565	3115993
224566	3115999
224567	3116011
224568	3116033
224569	3116039
224570	3116051
224571	3116077
224572	3116093
224573	3116111
224574	3116129
224575	3116131
224576	3116149
224577	3116159
224578	3116173
224579	3116189
224580	3116207
224581	3116227
224582	3116233
224583	3116257
224584	3116263
224585	3116273
224586	3116299
224587	3116303
224588	3116317
224589	3116327
224590	3116341
224591	3116353
224592	3116381
224593	3116417
224594	3116447
224595	3116459
224596	3116497
224597	3116501
224598	3116507
224599	3116521
224600	3116537
224601	3116549
224602	3116563
224603	3116573
224604	3116587
224605	3116591
224606	3116609
224607	3116611
224608	3116623
224609	3116651
224610	3116657
224611	3116669
224612	3116671
224613	3116689
224614	3116693
224615	3116699
224616	3116719
224617	3116747
224618	3116749
224619	3116761
224620	3116767
224621	3116777
224622	3116783
224623	3116807
224624	3116809
224625	3116819
224626	3116837
224627	3116849
224628	3116851
224629	3116857
224630	3116863
224631	3116873
224632	3116947
224633	3116951
224634	3116959
224635	3116977
224636	3116999
224637	3117011
224638	3117013
224639	3117031
224640	3117043
224641	3117053
224642	3117071
224643	3117097
224644	3117109
224645	3117119
224646	3117151
224647	3117187
224648	3117203
224649	3117209
224650	3117211
224651	3117217
224652	3117221
224653	3117223
224654	3117241
224655	3117251
224656	3117269
224657	3117281
224658	3117293
224659	3117299
224660	3117421
224661	3117431
224662	3117437
224663	3117451
224664	3117461
224665	3117467
224666	3117479
224667	3117481
224668	3117487
224669	3117493
224670	3117497
224671	3117503
224672	3117523
224673	3117553
224674	3117559
224675	3117571
224676	3117589
224677	3117593
224678	3117601
224679	3117623
224680	3117637
224681	3117661
224682	3117679
224683	3117683
224684	3117713
224685	3117721
224686	3117739
224687	3117781
224688	3117787
224689	3117791
224690	3117797
224691	3117799
224692	3117809
224693	3117827
224694	3117833
224695	3117847
224696	3117853
224697	3117889
224698	3117899
224699	3117901
224700	3117911
224701	3117923
224702	3117941
224703	3117943
224704	3117967
224705	3117991
224706	3117997
224707	3118007
224708	3118013
224709	3118067
224710	3118069
224711	3118081
224712	3118099
224713	3118139
224714	3118151
224715	3118153
224716	3118169
224717	3118183
224718	3118201
224719	3118207
224720	3118211
224721	3118229
224722	3118237
224723	3118243
224724	3118253
224725	3118267
224726	3118289
224727	3118307
224728	3118319
224729	3118333
224730	3118343
224731	3118387
224732	3118411
224733	3118417
224734	3118433
224735	3118439
224736	3118441
224737	3118459
224738	3118469
224739	3118481
224740	3118499
224741	3118513
224742	3118519
224743	3118523
224744	3118537
224745	3118541
224746	3118553
224747	3118561
224748	3118567
224749	3118579
224750	3118597
224751	3118601
224752	3118607
224753	3118637
224754	3118651
224755	3118657
224756	3118663
224757	3118669
224758	3118673
224759	3118691
224760	3118697
224761	3118699
224762	3118721
224763	3118723
224764	3118727
224765	3118733
224766	3118741
224767	3118757
224768	3118763
224769	3118789
224770	3118807
224771	3118847
224772	3118849
224773	3118853
224774	3118859
224775	3118861
224776	3118867
224777	3118883
224778	3118889
224779	3118897
224780	3118901
224781	3118909
224782	3118931
224783	3118933
224784	3118937
224785	3118949
224786	3118987
224787	3119009
224788	3119023
224789	3119069
224790	3119087
224791	3119089
224792	3119107
224793	3119111
224794	3119117
224795	3119131
224796	3119161
224797	3119167
224798	3119197
224799	3119201
224800	3119219
224801	3119257
224802	3119267
224803	3119293
224804	3119309
224805	3119317
224806	3119341
224807	3119377
224808	3119383
224809	3119387
224810	3119407
224811	3119411
224812	3119429
224813	3119447
224814	3119491
224815	3119497
224816	3119533
224817	3119537
224818	3119563
224819	3119569
224820	3119573
224821	3119647
224822	3119659
224823	3119663
224824	3119681
224825	3119707
224826	3119713
224827	3119737
224828	3119749
224829	3119759
224830	3119761
224831	3119771
224832	3119783
224833	3119797
224834	3119807
224835	3119821
224836	3119843
224837	3119863
224838	3119869
224839	3119899
224840	3119903
224841	3119923
224842	3119929
224843	3119957
224844	3119981
224845	3119999
224846	3120011
224847	3120017
224848	3120067
224849	3120071
224850	3120077
224851	3120079
224852	3120083
224853	3120107
224854	3120127
224855	3120137
224856	3120217
224857	3120233
224858	3120253
224859	3120277
224860	3120281
224861	3120287
224862	3120311
224863	3120317
224864	3120319
224865	3120323
224866	3120331
224867	3120373
224868	3120407
224869	3120413
224870	3120437
224871	3120443
224872	3120457
224873	3120461
224874	3120463
224875	3120473
224876	3120493
224877	3120497
224878	3120499
224879	3120527
224880	3120529
224881	3120539
224882	3120547
224883	3120563
224884	3120589
224885	3120599
224886	3120613
224887	3120619
224888	3120629
224889	3120643
224890	3120647
224891	3120653
224892	3120671
224893	3120697
224894	3120703
224895	3120713
224896	3120727
224897	3120757
224898	3120763
224899	3120791
224900	3120827
224901	3120833
224902	3120841
224903	3120857
224904	3120881
224905	3120889
224906	3120899
224907	3120907
224908	3120919
224909	3120937
224910	3120973
224911	3120977
224912	3120989
224913	3120991
224914	3121007
224915	3121033
224916	3121037
224917	3121039
224918	3121051
224919	3121057
224920	3121087
224921	3121091
224922	3121109
224923	3121121
224924	3121163
224925	3121177
224926	3121189
224927	3121193
224928	3121199
224929	3121201
224930	3121219
224931	3121229
224932	3121249
224933	3121253
224934	3121259
224935	3121267
224936	3121273
224937	3121291
224938	3121303
224939	3121333
224940	3121361
224941	3121367
224942	3121379
224943	3121409
224944	3121423
224945	3121427
224946	3121429
224947	3121441
224948	3121457
224949	3121487
224950	3121493
224951	3121519
224952	3121543
224953	3121561
224954	3121571
224955	3121603
224956	3121609
224957	3121619
224958	3121627
224959	3121633
224960	3121663
224961	3121667
224962	3121691
224963	3121711
224964	3121717
224965	3121739
224966	3121747
224967	3121771
224968	3121817
224969	3121831
224970	3121837
224971	3121841
224972	3121873
224973	3121891
224974	3121901
224975	3121913
224976	3121927
224977	3121933
224978	3121961
224979	3121973
224980	3121981
224981	3122003
224982	3122017
224983	3122059
224984	3122107
224985	3122113
224986	3122117
224987	3122143
224988	3122149
224989	3122173
224990	3122179
224991	3122183
224992	3122201
224993	3122219
224994	3122233
224995	3122261
224996	3122279
224997	3122281
224998	3122299
224999	3122309
225000	3122321
