225001	3122341
225002	3122347
225003	3122381
225004	3122419
225005	3122447
225006	3122453
225007	3122461
225008	3122473
225009	3122489
225010	3122491
225011	3122513
225012	3122533
225013	3122551
225014	3122563
225015	3122569
225016	3122579
225017	3122597
225018	3122627
225019	3122657
225020	3122671
225021	3122711
225022	3122719
225023	3122729
225024	3122731
225025	3122737
225026	3122761
225027	3122771
225028	3122797
225029	3122809
225030	3122827
225031	3122851
225032	3122863
225033	3122869
225034	3122879
225035	3122881
225036	3122893
225037	3122927
225038	3122939
225039	3122947
225040	3122953
225041	3122957
225042	3122969
225043	3122983
225044	3122989
225045	3122993
225046	3123007
225047	3123023
225048	3123037
225049	3123061
225050	3123073
225051	3123089
225052	3123091
225053	3123137
225054	3123143
225055	3123149
225056	3123151
225057	3123167
225058	3123173
225059	3123181
225060	3123187
225061	3123203
225062	3123209
225063	3123217
225064	3123221
225065	3123227
225066	3123233
225067	3123287
225068	3123317
225069	3123349
225070	3123403
225071	3123413
225072	3123431
225073	3123481
225074	3123493
225075	3123499
225076	3123509
225077	3123511
225078	3123521
225079	3123541
225080	3123553
225081	3123557
225082	3123583
225083	3123587
225084	3123599
225085	3123611
225086	3123623
225087	3123629
225088	3123641
225089	3123643
225090	3123671
225091	3123683
225092	3123689
225093	3123709
225094	3123713
225095	3123721
225096	3123727
225097	3123751
225098	3123773
225099	3123779
225100	3123781
225101	3123797
225102	3123803
225103	3123823
225104	3123833
225105	3123853
225106	3123859
225107	3123863
225108	3123881
225109	3123893
225110	3123931
225111	3123959
225112	3123973
225113	3123977
225114	3123983
225115	3123997
225116	3124001
225117	3124013
225118	3124019
225119	3124027
225120	3124057
225121	3124061
225122	3124063
225123	3124103
225124	3124117
225125	3124123
225126	3124127
225127	3124129
225128	3124171
225129	3124193
225130	3124217
225131	3124279
225132	3124291
225133	3124301
225134	3124307
225135	3124313
225136	3124321
225137	3124361
225138	3124367
225139	3124393
225140	3124399
225141	3124409
225142	3124421
225143	3124427
225144	3124441
225145	3124469
225146	3124519
225147	3124543
225148	3124567
225149	3124571
225150	3124577
225151	3124579
225152	3124609
225153	3124631
225154	3124633
225155	3124657
225156	3124673
225157	3124691
225158	3124717
225159	3124727
225160	3124729
225161	3124741
225162	3124747
225163	3124801
225164	3124811
225165	3124829
225166	3124843
225167	3124861
225168	3124871
225169	3124883
225170	3124903
225171	3124943
225172	3124963
225173	3124967
225174	3124997
225175	3124999
225176	3125009
225177	3125021
225178	3125027
225179	3125029
225180	3125051
225181	3125099
225182	3125113
225183	3125117
225184	3125147
225185	3125153
225186	3125159
225187	3125173
225188	3125179
225189	3125183
225190	3125189
225191	3125191
225192	3125209
225193	3125219
225194	3125257
225195	3125261
225196	3125293
225197	3125299
225198	3125323
225199	3125341
225200	3125351
225201	3125387
225202	3125449
225203	3125459
225204	3125461
225205	3125497
225206	3125503
225207	3125527
225208	3125537
225209	3125561
225210	3125587
225211	3125593
225212	3125611
225213	3125651
225214	3125659
225215	3125669
225216	3125711
225217	3125719
225218	3125729
225219	3125737
225220	3125753
225221	3125767
225222	3125777
225223	3125779
225224	3125789
225225	3125803
225226	3125809
225227	3125819
225228	3125821
225229	3125831
225230	3125833
225231	3125839
225232	3125867
225233	3125873
225234	3125893
225235	3125921
225236	3125957
225237	3125959
225238	3125989
225239	3126001
225240	3126007
225241	3126023
225242	3126031
225243	3126061
225244	3126077
225245	3126083
225246	3126103
225247	3126121
225248	3126131
225249	3126139
225250	3126163
225251	3126173
225252	3126187
225253	3126191
225254	3126199
225255	3126223
225256	3126239
225257	3126269
225258	3126293
225259	3126307
225260	3126313
225261	3126323
225262	3126353
225263	3126377
225264	3126379
225265	3126397
225266	3126427
225267	3126437
225268	3126449
225269	3126451
225270	3126457
225271	3126491
225272	3126509
225273	3126511
225274	3126533
225275	3126547
225276	3126553
225277	3126559
225278	3126653
225279	3126661
225280	3126667
225281	3126679
225282	3126713
225283	3126727
225284	3126731
225285	3126733
225286	3126737
225287	3126743
225288	3126749
225289	3126779
225290	3126791
225291	3126797
225292	3126803
225293	3126821
225294	3126847
225295	3126857
225296	3126869
225297	3126881
225298	3126901
225299	3126961
225300	3126973
225301	3126979
225302	3127009
225303	3127013
225304	3127021
225305	3127037
225306	3127079
225307	3127081
225308	3127087
225309	3127097
225310	3127109
225311	3127123
225312	3127127
225313	3127139
225314	3127141
225315	3127147
225316	3127181
225317	3127213
225318	3127219
225319	3127237
225320	3127253
225321	3127259
225322	3127279
225323	3127291
225324	3127297
225325	3127301
225326	3127339
225327	3127387
225328	3127403
225329	3127417
225330	3127429
225331	3127441
225332	3127451
225333	3127459
225334	3127469
225335	3127483
225336	3127489
225337	3127513
225338	3127529
225339	3127543
225340	3127561
225341	3127567
225342	3127577
225343	3127601
225344	3127613
225345	3127633
225346	3127637
225347	3127669
225348	3127673
225349	3127681
225350	3127687
225351	3127693
225352	3127699
225353	3127703
225354	3127753
225355	3127757
225356	3127759
225357	3127771
225358	3127781
225359	3127783
225360	3127819
225361	3127823
225362	3127829
225363	3127841
225364	3127843
225365	3127877
225366	3127879
225367	3127889
225368	3127903
225369	3127907
225370	3127909
225371	3127919
225372	3127921
225373	3127937
225374	3127979
225375	3127981
225376	3127987
225377	3127997
225378	3128009
225379	3128011
225380	3128033
225381	3128039
225382	3128053
225383	3128057
225384	3128101
225385	3128107
225386	3128129
225387	3128131
225388	3128159
225389	3128171
225390	3128173
225391	3128197
225392	3128227
225393	3128233
225394	3128249
225395	3128291
225396	3128311
225397	3128329
225398	3128339
225399	3128381
225400	3128393
225401	3128399
225402	3128401
225403	3128443
225404	3128453
225405	3128501
225406	3128533
225407	3128579
225408	3128581
225409	3128599
225410	3128611
225411	3128623
225412	3128633
225413	3128641
225414	3128647
225415	3128651
225416	3128659
225417	3128687
225418	3128689
225419	3128693
225420	3128701
225421	3128729
225422	3128747
225423	3128761
225424	3128767
225425	3128779
225426	3128789
225427	3128791
225428	3128803
225429	3128813
225430	3128819
225431	3128821
225432	3128843
225433	3128849
225434	3128869
225435	3128887
225436	3128891
225437	3128893
225438	3128921
225439	3128927
225440	3128933
225441	3128941
225442	3128987
225443	3129011
225444	3129019
225445	3129023
225446	3129031
225447	3129043
225448	3129059
225449	3129073
225450	3129089
225451	3129103
225452	3129121
225453	3129169
225454	3129193
225455	3129199
225456	3129209
225457	3129221
225458	3129223
225459	3129253
225460	3129257
225461	3129263
225462	3129271
225463	3129289
225464	3129323
225465	3129383
225466	3129391
225467	3129421
225468	3129431
225469	3129439
225470	3129443
225471	3129461
225472	3129463
225473	3129487
225474	3129517
225475	3129521
225476	3129523
225477	3129557
225478	3129559
225479	3129601
225480	3129611
225481	3129613
225482	3129617
225483	3129619
225484	3129629
225485	3129641
225486	3129677
225487	3129689
225488	3129691
225489	3129701
225490	3129733
225491	3129757
225492	3129769
225493	3129781
225494	3129787
225495	3129799
225496	3129803
225497	3129811
225498	3129821
225499	3129827
225500	3129839
225501	3129859
225502	3129911
225503	3129913
225504	3129923
225505	3129937
225506	3129943
225507	3129947
225508	3129953
225509	3129961
225510	3129967
225511	3129991
225512	3130007
225513	3130019
225514	3130027
225515	3130031
225516	3130037
225517	3130087
225518	3130097
225519	3130111
225520	3130129
225521	3130147
225522	3130187
225523	3130199
225524	3130207
225525	3130229
225526	3130241
225527	3130243
225528	3130249
225529	3130279
225530	3130291
225531	3130297
225532	3130327
225533	3130331
225534	3130333
225535	3130367
225536	3130373
225537	3130399
225538	3130403
225539	3130409
225540	3130417
225541	3130427
225542	3130429
225543	3130451
225544	3130453
225545	3130483
225546	3130487
225547	3130493
225548	3130513
225549	3130537
225550	3130541
225551	3130549
225552	3130559
225553	3130571
225554	3130577
225555	3130583
225556	3130619
225557	3130627
225558	3130663
225559	3130667
225560	3130679
225561	3130693
225562	3130711
225563	3130733
225564	3130739
225565	3130759
225566	3130789
225567	3130817
225568	3130819
225569	3130823
225570	3130871
225571	3130901
225572	3130913
225573	3130943
225574	3130949
225575	3130957
225576	3130961
225577	3130979
225578	3130987
225579	3130993
225580	3130997
225581	3131017
225582	3131021
225583	3131027
225584	3131041
225585	3131053
225586	3131057
225587	3131087
225588	3131099
225589	3131113
225590	3131123
225591	3131137
225592	3131153
225593	3131173
225594	3131203
225595	3131209
225596	3131221
225597	3131231
225598	3131237
225599	3131239
225600	3131251
225601	3131263
225602	3131267
225603	3131299
225604	3131309
225605	3131311
225606	3131321
225607	3131327
225608	3131329
225609	3131339
225610	3131351
225611	3131353
225612	3131357
225613	3131369
225614	3131377
225615	3131419
225616	3131431
225617	3131437
225618	3131441
225619	3131467
225620	3131477
225621	3131483
225622	3131489
225623	3131497
225624	3131501
225625	3131503
225626	3131537
225627	3131549
225628	3131551
225629	3131593
225630	3131603
225631	3131629
225632	3131641
225633	3131669
225634	3131671
225635	3131699
225636	3131701
225637	3131743
225638	3131747
225639	3131761
225640	3131771
225641	3131833
225642	3131851
225643	3131857
225644	3131861
225645	3131879
225646	3131911
225647	3131917
225648	3131951
225649	3131977
225650	3131981
225651	3131983
225652	3132007
225653	3132037
225654	3132083
225655	3132119
225656	3132121
225657	3132139
225658	3132149
225659	3132179
225660	3132187
225661	3132257
225662	3132263
225663	3132281
225664	3132287
225665	3132299
225666	3132323
225667	3132329
225668	3132331
225669	3132343
225670	3132379
225671	3132407
225672	3132413
225673	3132431
225674	3132443
225675	3132461
225676	3132469
225677	3132499
225678	3132517
225679	3132529
225680	3132541
225681	3132553
225682	3132559
225683	3132599
225684	3132601
225685	3132629
225686	3132631
225687	3132637
225688	3132653
225689	3132659
225690	3132677
225691	3132707
225692	3132737
225693	3132749
225694	3132751
225695	3132763
225696	3132781
225697	3132793
225698	3132799
225699	3132803
225700	3132823
225701	3132839
225702	3132847
225703	3132859
225704	3132881
225705	3132887
225706	3132907
225707	3132917
225708	3132923
225709	3132971
225710	3132977
225711	3132979
225712	3133019
225713	3133027
225714	3133033
225715	3133057
225716	3133111
225717	3133153
225718	3133171
225719	3133177
225720	3133181
225721	3133183
225722	3133211
225723	3133213
225724	3133237
225725	3133243
225726	3133259
225727	3133279
225728	3133283
225729	3133289
225730	3133297
225731	3133303
225732	3133331
225733	3133337
225734	3133357
225735	3133381
225736	3133397
225737	3133399
225738	3133411
225739	3133433
225740	3133439
225741	3133441
225742	3133447
225743	3133463
225744	3133469
225745	3133513
225746	3133531
225747	3133541
225748	3133547
225749	3133583
225750	3133591
225751	3133597
225752	3133607
225753	3133609
225754	3133633
225755	3133639
225756	3133643
225757	3133673
225758	3133699
225759	3133721
225760	3133733
225761	3133751
225762	3133777
225763	3133783
225764	3133787
225765	3133799
225766	3133811
225767	3133843
225768	3133847
225769	3133853
225770	3133861
225771	3133873
225772	3133891
225773	3133901
225774	3133909
225775	3133919
225776	3133927
225777	3133931
225778	3133939
225779	3133961
225780	3133987
225781	3134017
225782	3134023
225783	3134029
225784	3134039
225785	3134041
225786	3134057
225787	3134063
225788	3134071
225789	3134093
225790	3134113
225791	3134123
225792	3134143
225793	3134147
225794	3134203
225795	3134207
225796	3134213
225797	3134231
225798	3134249
225799	3134251
225800	3134267
225801	3134303
225802	3134309
225803	3134321
225804	3134347
225805	3134353
225806	3134357
225807	3134387
225808	3134389
225809	3134413
225810	3134419
225811	3134431
225812	3134447
225813	3134459
225814	3134479
225815	3134497
225816	3134519
225817	3134543
225818	3134557
225819	3134561
225820	3134591
225821	3134597
225822	3134623
225823	3134633
225824	3134671
225825	3134683
225826	3134707
225827	3134713
225828	3134723
225829	3134771
225830	3134773
225831	3134797
225832	3134801
225833	3134821
225834	3134837
225835	3134843
225836	3134881
225837	3134891
225838	3134893
225839	3134903
225840	3134909
225841	3134917
225842	3134921
225843	3134927
225844	3134941
225845	3135017
225846	3135023
225847	3135029
225848	3135031
225849	3135037
225850	3135043
225851	3135049
225852	3135059
225853	3135071
225854	3135073
225855	3135079
225856	3135113
225857	3135127
225858	3135151
225859	3135163
225860	3135211
225861	3135221
225862	3135227
225863	3135283
225864	3135287
225865	3135299
225866	3135313
225867	3135317
225868	3135329
225869	3135373
225870	3135389
225871	3135397
225872	3135401
225873	3135403
225874	3135409
225875	3135413
225876	3135443
225877	3135449
225878	3135469
225879	3135487
225880	3135523
225881	3135527
225882	3135529
225883	3135547
225884	3135553
225885	3135571
225886	3135593
225887	3135607
225888	3135617
225889	3135623
225890	3135641
225891	3135661
225892	3135677
225893	3135707
225894	3135709
225895	3135731
225896	3135739
225897	3135767
225898	3135773
225899	3135809
225900	3135833
225901	3135841
225902	3135859
225903	3135877
225904	3135883
225905	3135943
225906	3135953
225907	3135959
225908	3135961
225909	3135983
225910	3136019
225911	3136037
225912	3136079
225913	3136087
225914	3136097
225915	3136099
225916	3136103
225917	3136123
225918	3136127
225919	3136129
225920	3136163
225921	3136201
225922	3136207
225923	3136223
225924	3136229
225925	3136249
225926	3136253
225927	3136261
225928	3136267
225929	3136307
225930	3136319
225931	3136327
225932	3136333
225933	3136339
225934	3136351
225935	3136361
225936	3136373
225937	3136403
225938	3136409
225939	3136417
225940	3136423
225941	3136429
225942	3136433
225943	3136447
225944	3136457
225945	3136477
225946	3136513
225947	3136531
225948	3136543
225949	3136561
225950	3136571
225951	3136589
225952	3136597
225953	3136603
225954	3136607
225955	3136631
225956	3136633
225957	3136643
225958	3136649
225959	3136657
225960	3136667
225961	3136759
225962	3136769
225963	3136781
225964	3136799
225965	3136817
225966	3136841
225967	3136849
225968	3136867
225969	3136877
225970	3136907
225971	3136909
225972	3136933
225973	3136943
225974	3136949
225975	3136961
225976	3137003
225977	3137051
225978	3137059
225979	3137063
225980	3137081
225981	3137083
225982	3137087
225983	3137093
225984	3137117
225985	3137137
225986	3137143
225987	3137159
225988	3137171
225989	3137179
225990	3137201
225991	3137209
225992	3137243
225993	3137257
225994	3137263
225995	3137311
225996	3137357
225997	3137371
225998	3137389
225999	3137399
226000	3137447
