227001	3152377
227002	3152399
227003	3152441
227004	3152447
227005	3152453
227006	3152467
227007	3152489
227008	3152509
227009	3152519
227010	3152533
227011	3152557
227012	3152573
227013	3152593
227014	3152603
227015	3152609
227016	3152621
227017	3152623
227018	3152627
227019	3152641
227020	3152657
227021	3152671
227022	3152683
227023	3152693
227024	3152707
227025	3152719
227026	3152749
227027	3152753
227028	3152759
227029	3152761
227030	3152767
227031	3152801
227032	3152827
227033	3152833
227034	3152857
227035	3152861
227036	3152867
227037	3152873
227038	3152911
227039	3152927
227040	3152957
227041	3152959
227042	3152977
227043	3152983
227044	3152987
227045	3153011
227046	3153037
227047	3153053
227048	3153071
227049	3153077
227050	3153121
227051	3153131
227052	3153149
227053	3153169
227054	3153173
227055	3153191
227056	3153203
227057	3153209
227058	3153217
227059	3153223
227060	3153281
227061	3153299
227062	3153317
227063	3153331
227064	3153343
227065	3153361
227066	3153377
227067	3153383
227068	3153391
227069	3153401
227070	3153407
227071	3153421
227072	3153439
227073	3153463
227074	3153467
227075	3153481
227076	3153497
227077	3153499
227078	3153529
227079	3153533
227080	3153569
227081	3153571
227082	3153581
227083	3153583
227084	3153587
227085	3153589
227086	3153593
227087	3153629
227088	3153637
227089	3153641
227090	3153643
227091	3153649
227092	3153671
227093	3153707
227094	3153713
227095	3153719
227096	3153739
227097	3153743
227098	3153763
227099	3153767
227100	3153793
227101	3153797
227102	3153809
227103	3153827
227104	3153853
227105	3153863
227106	3153881
227107	3153901
227108	3153907
227109	3153911
227110	3153919
227111	3153923
227112	3153929
227113	3153947
227114	3153949
227115	3153961
227116	3153989
227117	3154001
227118	3154003
227119	3154009
227120	3154031
227121	3154037
227122	3154043
227123	3154079
227124	3154091
227125	3154097
227126	3154103
227127	3154141
227128	3154147
227129	3154153
227130	3154187
227131	3154201
227132	3154211
227133	3154223
227134	3154237
227135	3154241
227136	3154259
227137	3154267
227138	3154271
227139	3154297
227140	3154303
227141	3154321
227142	3154337
227143	3154339
227144	3154357
227145	3154363
227146	3154373
227147	3154379
227148	3154387
227149	3154397
227150	3154409
227151	3154421
227152	3154423
227153	3154429
227154	3154433
227155	3154439
227156	3154441
227157	3154471
227158	3154477
227159	3154483
227160	3154511
227161	3154531
227162	3154573
227163	3154597
227164	3154607
227165	3154631
227166	3154637
227167	3154691
227168	3154693
227169	3154717
227170	3154729
227171	3154757
227172	3154759
227173	3154763
227174	3154769
227175	3154799
227176	3154831
227177	3154849
227178	3154871
227179	3154889
227180	3154903
227181	3154967
227182	3154999
227183	3155003
227184	3155017
227185	3155021
227186	3155029
227187	3155041
227188	3155051
227189	3155057
227190	3155069
227191	3155077
227192	3155137
227193	3155147
227194	3155153
227195	3155203
227196	3155213
227197	3155221
227198	3155239
227199	3155263
227200	3155267
227201	3155281
227202	3155303
227203	3155329
227204	3155333
227205	3155359
227206	3155363
227207	3155371
227208	3155377
227209	3155381
227210	3155389
227211	3155407
227212	3155417
227213	3155429
227214	3155437
227215	3155473
227216	3155513
227217	3155549
227218	3155563
227219	3155573
227220	3155597
227221	3155599
227222	3155609
227223	3155617
227224	3155629
227225	3155651
227226	3155687
227227	3155689
227228	3155699
227229	3155723
227230	3155731
227231	3155741
227232	3155771
227233	3155773
227234	3155777
227235	3155783
227236	3155791
227237	3155819
227238	3155821
227239	3155827
227240	3155837
227241	3155839
227242	3155923
227243	3155939
227244	3155959
227245	3155963
227246	3155987
227247	3155993
227248	3156001
227249	3156019
227250	3156031
227251	3156053
227252	3156059
227253	3156061
227254	3156073
227255	3156091
227256	3156103
227257	3156107
227258	3156113
227259	3156121
227260	3156151
227261	3156161
227262	3156187
227263	3156193
227264	3156199
227265	3156227
227266	3156239
227267	3156259
227268	3156277
227269	3156289
227270	3156311
227271	3156317
227272	3156319
227273	3156341
227274	3156347
227275	3156371
227276	3156383
227277	3156397
227278	3156401
227279	3156409
227280	3156427
227281	3156431
227282	3156443
227283	3156449
227284	3156457
227285	3156463
227286	3156469
227287	3156481
227288	3156493
227289	3156511
227290	3156529
227291	3156533
227292	3156541
227293	3156557
227294	3156583
227295	3156599
227296	3156613
227297	3156619
227298	3156649
227299	3156653
227300	3156667
227301	3156683
227302	3156697
227303	3156701
227304	3156709
227305	3156719
227306	3156743
227307	3156763
227308	3156779
227309	3156787
227310	3156809
227311	3156817
227312	3156841
227313	3156871
227314	3156887
227315	3156929
227316	3156941
227317	3156949
227318	3156971
227319	3156977
227320	3156991
227321	3156997
227322	3157001
227323	3157013
227324	3157057
227325	3157061
227326	3157067
227327	3157081
227328	3157109
227329	3157111
227330	3157117
227331	3157127
227332	3157139
227333	3157151
227334	3157163
227335	3157171
227336	3157181
227337	3157199
227338	3157207
227339	3157213
227340	3157229
227341	3157243
227342	3157277
227343	3157283
227344	3157303
227345	3157309
227346	3157313
227347	3157337
227348	3157339
227349	3157367
227350	3157373
227351	3157379
227352	3157391
227353	3157397
227354	3157411
227355	3157471
227356	3157481
227357	3157487
227358	3157489
227359	3157501
227360	3157537
227361	3157541
227362	3157547
227363	3157571
227364	3157573
227365	3157577
227366	3157579
227367	3157589
227368	3157603
227369	3157613
227370	3157639
227371	3157657
227372	3157669
227373	3157703
227374	3157711
227375	3157751
227376	3157771
227377	3157783
227378	3157807
227379	3157811
227380	3157829
227381	3157837
227382	3157853
227383	3157859
227384	3157873
227385	3157879
227386	3157919
227387	3157927
227388	3157949
227389	3157961
227390	3157981
227391	3157991
227392	3157993
227393	3158033
227394	3158041
227395	3158069
227396	3158081
227397	3158087
227398	3158119
227399	3158131
227400	3158143
227401	3158149
227402	3158167
227403	3158203
227404	3158213
227405	3158227
227406	3158257
227407	3158297
227408	3158299
227409	3158339
227410	3158359
227411	3158377
227412	3158381
227413	3158401
227414	3158443
227415	3158473
227416	3158489
227417	3158509
227418	3158513
227419	3158531
227420	3158537
227421	3158557
227422	3158569
227423	3158591
227424	3158609
227425	3158629
227426	3158633
227427	3158671
227428	3158713
227429	3158717
227430	3158759
227431	3158761
227432	3158791
227433	3158819
227434	3158839
227435	3158851
227436	3158873
227437	3158879
227438	3158887
227439	3158891
227440	3158933
227441	3158951
227442	3158963
227443	3158971
227444	3158989
227445	3159001
227446	3159017
227447	3159029
227448	3159031
227449	3159041
227450	3159043
227451	3159061
227452	3159067
227453	3159089
227454	3159133
227455	3159151
227456	3159157
227457	3159181
227458	3159197
227459	3159203
227460	3159209
227461	3159223
227462	3159227
227463	3159239
227464	3159271
227465	3159307
227466	3159313
227467	3159323
227468	3159353
227469	3159361
227470	3159371
227471	3159397
227472	3159413
227473	3159421
227474	3159437
227475	3159439
227476	3159451
227477	3159461
227478	3159469
227479	3159517
227480	3159553
227481	3159557
227482	3159577
227483	3159619
227484	3159623
227485	3159641
227486	3159647
227487	3159649
227488	3159677
227489	3159691
227490	3159697
227491	3159707
227492	3159721
227493	3159733
227494	3159743
227495	3159749
227496	3159781
227497	3159791
227498	3159797
227499	3159803
227500	3159823
227501	3159853
227502	3159859
227503	3159881
227504	3159883
227505	3159889
227506	3159907
227507	3159917
227508	3159929
227509	3159931
227510	3159953
227511	3159973
227512	3159991
227513	3160007
227514	3160009
227515	3160021
227516	3160033
227517	3160037
227518	3160051
227519	3160063
227520	3160103
227521	3160111
227522	3160117
227523	3160121
227524	3160127
227525	3160151
227526	3160153
227527	3160169
227528	3160187
227529	3160193
227530	3160211
227531	3160219
227532	3160247
227533	3160291
227534	3160303
227535	3160307
227536	3160309
227537	3160331
227538	3160363
227539	3160369
227540	3160379
227541	3160393
227542	3160397
227543	3160411
227544	3160427
227545	3160519
227546	3160541
227547	3160559
227548	3160561
227549	3160583
227550	3160601
227551	3160607
227552	3160613
227553	3160621
227554	3160643
227555	3160687
227556	3160697
227557	3160699
227558	3160709
227559	3160741
227560	3160747
227561	3160753
227562	3160757
227563	3160769
227564	3160777
227565	3160811
227566	3160841
227567	3160877
227568	3160879
227569	3160909
227570	3160919
227571	3160931
227572	3160933
227573	3160943
227574	3160951
227575	3160957
227576	3160979
227577	3161003
227578	3161009
227579	3161017
227580	3161023
227581	3161057
227582	3161071
227583	3161089
227584	3161107
227585	3161129
227586	3161131
227587	3161149
227588	3161159
227589	3161183
227590	3161209
227591	3161227
227592	3161237
227593	3161273
227594	3161293
227595	3161297
227596	3161299
227597	3161309
227598	3161321
227599	3161329
227600	3161339
227601	3161341
227602	3161351
227603	3161407
227604	3161437
227605	3161449
227606	3161453
227607	3161461
227608	3161479
227609	3161491
227610	3161497
227611	3161519
227612	3161567
227613	3161579
227614	3161593
227615	3161611
227616	3161617
227617	3161629
227618	3161647
227619	3161651
227620	3161681
227621	3161689
227622	3161693
227623	3161707
227624	3161749
227625	3161773
227626	3161777
227627	3161801
227628	3161819
227629	3161857
227630	3161867
227631	3161887
227632	3161891
227633	3161897
227634	3161953
227635	3161993
227636	3162001
227637	3162011
227638	3162041
227639	3162059
227640	3162067
227641	3162101
227642	3162143
227643	3162149
227644	3162157
227645	3162167
227646	3162253
227647	3162277
227648	3162283
227649	3162317
227650	3162319
227651	3162331
227652	3162347
227653	3162359
227654	3162373
227655	3162413
227656	3162443
227657	3162463
227658	3162473
227659	3162487
227660	3162499
227661	3162503
227662	3162517
227663	3162529
227664	3162539
227665	3162557
227666	3162587
227667	3162611
227668	3162619
227669	3162623
227670	3162637
227671	3162641
227672	3162647
227673	3162659
227674	3162671
227675	3162673
227676	3162703
227677	3162727
227678	3162739
227679	3162743
227680	3162749
227681	3162763
227682	3162767
227683	3162773
227684	3162787
227685	3162811
227686	3162829
227687	3162839
227688	3162847
227689	3162857
227690	3162877
227691	3162883
227692	3162889
227693	3162893
227694	3162941
227695	3162947
227696	3162977
227697	3162989
227698	3163051
227699	3163067
227700	3163087
227701	3163099
227702	3163103
227703	3163133
227704	3163141
227705	3163157
227706	3163159
227707	3163169
227708	3163201
227709	3163231
227710	3163243
227711	3163247
227712	3163249
227713	3163261
227714	3163283
227715	3163297
227716	3163331
227717	3163357
227718	3163361
227719	3163373
227720	3163387
227721	3163409
227722	3163417
227723	3163423
227724	3163427
227725	3163451
227726	3163453
227727	3163469
227728	3163471
227729	3163483
227730	3163487
227731	3163493
227732	3163499
227733	3163529
227734	3163541
227735	3163543
227736	3163549
227737	3163561
227738	3163571
227739	3163577
227740	3163579
227741	3163583
227742	3163591
227743	3163597
227744	3163603
227745	3163609
227746	3163619
227747	3163631
227748	3163637
227749	3163663
227750	3163681
227751	3163687
227752	3163703
227753	3163723
227754	3163733
227755	3163739
227756	3163753
227757	3163763
227758	3163793
227759	3163799
227760	3163801
227761	3163837
227762	3163841
227763	3163879
227764	3163913
227765	3163933
227766	3163957
227767	3163961
227768	3163967
227769	3163969
227770	3163991
227771	3164003
227772	3164053
227773	3164059
227774	3164071
227775	3164081
227776	3164101
227777	3164123
227778	3164137
227779	3164141
227780	3164143
227781	3164167
227782	3164173
227783	3164177
227784	3164191
227785	3164197
227786	3164221
227787	3164233
227788	3164243
227789	3164251
227790	3164269
227791	3164303
227792	3164323
227793	3164333
227794	3164353
227795	3164377
227796	3164401
227797	3164407
227798	3164419
227799	3164429
227800	3164443
227801	3164479
227802	3164519
227803	3164521
227804	3164531
227805	3164537
227806	3164543
227807	3164549
227808	3164569
227809	3164591
227810	3164627
227811	3164653
227812	3164663
227813	3164677
227814	3164687
227815	3164699
227816	3164719
227817	3164723
227818	3164747
227819	3164761
227820	3164779
227821	3164783
227822	3164801
227823	3164803
227824	3164807
227825	3164813
227826	3164827
227827	3164851
227828	3164867
227829	3164893
227830	3164911
227831	3164921
227832	3164923
227833	3164927
227834	3164939
227835	3164951
227836	3164957
227837	3164969
227838	3164981
227839	3164983
227840	3164989
227841	3165011
227842	3165023
227843	3165049
227844	3165059
227845	3165067
227846	3165073
227847	3165079
227848	3165083
227849	3165133
227850	3165139
227851	3165143
227852	3165163
227853	3165181
227854	3165203
227855	3165209
227856	3165223
227857	3165259
227858	3165269
227859	3165271
227860	3165287
227861	3165289
227862	3165299
227863	3165301
227864	3165307
227865	3165311
227866	3165341
227867	3165367
227868	3165373
227869	3165377
227870	3165389
227871	3165397
227872	3165427
227873	3165439
227874	3165479
227875	3165511
227876	3165517
227877	3165521
227878	3165523
227879	3165541
227880	3165557
227881	3165563
227882	3165577
227883	3165581
227884	3165583
227885	3165599
227886	3165601
227887	3165607
227888	3165619
227889	3165649
227890	3165653
227891	3165661
227892	3165667
227893	3165671
227894	3165707
227895	3165709
227896	3165713
227897	3165739
227898	3165769
227899	3165781
227900	3165797
227901	3165829
227902	3165847
227903	3165853
227904	3165857
227905	3165887
227906	3165889
227907	3165907
227908	3165917
227909	3165919
227910	3165941
227911	3165947
227912	3165971
227913	3165991
227914	3166001
227915	3166013
227916	3166039
227917	3166043
227918	3166049
227919	3166067
227920	3166099
227921	3166129
227922	3166151
227923	3166159
227924	3166169
227925	3166171
227926	3166181
227927	3166183
227928	3166187
227929	3166193
227930	3166211
227931	3166213
227932	3166223
227933	3166231
227934	3166253
227935	3166259
227936	3166271
227937	3166277
227938	3166279
227939	3166283
227940	3166297
227941	3166313
227942	3166321
227943	3166333
227944	3166351
227945	3166357
227946	3166363
227947	3166393
227948	3166409
227949	3166411
227950	3166439
227951	3166441
227952	3166447
227953	3166453
227954	3166463
227955	3166469
227956	3166517
227957	3166519
227958	3166523
227959	3166543
227960	3166547
227961	3166549
227962	3166561
227963	3166577
227964	3166613
227965	3166627
227966	3166637
227967	3166643
227968	3166651
227969	3166661
227970	3166679
227971	3166721
227972	3166729
227973	3166733
227974	3166741
227975	3166747
227976	3166753
227977	3166769
227978	3166781
227979	3166817
227980	3166831
227981	3166859
227982	3166871
227983	3166883
227984	3166897
227985	3166903
227986	3166921
227987	3166949
227988	3166951
227989	3166973
227990	3166979
227991	3166987
227992	3166997
227993	3167009
227994	3167033
227995	3167041
227996	3167081
227997	3167107
227998	3167113
227999	3167137
228000	3167141
