229001	3182351
229002	3182359
229003	3182369
229004	3182371
229005	3182393
229006	3182411
229007	3182423
229008	3182437
229009	3182467
229010	3182471
229011	3182477
229012	3182479
229013	3182483
229014	3182503
229015	3182507
229016	3182521
229017	3182527
229018	3182537
229019	3182549
229020	3182561
229021	3182573
229022	3182591
229023	3182603
229024	3182609
229025	3182623
229026	3182653
229027	3182657
229028	3182659
229029	3182687
229030	3182713
229031	3182719
229032	3182741
229033	3182743
229034	3182759
229035	3182761
229036	3182771
229037	3182807
229038	3182819
229039	3182827
229040	3182833
229041	3182843
229042	3182849
229043	3182857
229044	3182869
229045	3182911
229046	3182917
229047	3182923
229048	3182939
229049	3182941
229050	3182951
229051	3182957
229052	3183023
229053	3183043
229054	3183067
229055	3183071
229056	3183079
229057	3183083
229058	3183091
229059	3183101
229060	3183107
229061	3183119
229062	3183137
229063	3183139
229064	3183151
229065	3183179
229066	3183197
229067	3183211
229068	3183259
229069	3183277
229070	3183287
229071	3183289
229072	3183293
229073	3183307
229074	3183319
229075	3183331
229076	3183337
229077	3183343
229078	3183347
229079	3183353
229080	3183377
229081	3183391
229082	3183409
229083	3183461
229084	3183491
229085	3183503
229086	3183511
229087	3183541
229088	3183559
229089	3183577
229090	3183589
229091	3183599
229092	3183601
229093	3183611
229094	3183613
229095	3183617
229096	3183623
229097	3183643
229098	3183647
229099	3183671
229100	3183673
229101	3183679
229102	3183689
229103	3183703
229104	3183721
229105	3183727
229106	3183737
229107	3183751
229108	3183757
229109	3183767
229110	3183769
229111	3183799
229112	3183809
229113	3183839
229114	3183857
229115	3183863
229116	3183871
229117	3183877
229118	3183883
229119	3183893
229120	3183899
229121	3183911
229122	3183923
229123	3183941
229124	3183953
229125	3183967
229126	3183977
229127	3183989
229128	3183991
229129	3184003
229130	3184007
229131	3184009
229132	3184057
229133	3184063
229134	3184079
229135	3184091
229136	3184099
229137	3184121
229138	3184123
229139	3184133
229140	3184147
229141	3184157
229142	3184163
229143	3184169
229144	3184177
229145	3184241
229146	3184243
229147	3184273
229148	3184277
229149	3184283
229150	3184303
229151	3184319
229152	3184367
229153	3184393
229154	3184397
229155	3184409
229156	3184469
229157	3184471
229158	3184481
229159	3184483
229160	3184501
229161	3184513
229162	3184529
229163	3184541
229164	3184549
229165	3184561
229166	3184613
229167	3184619
229168	3184633
229169	3184637
229170	3184639
229171	3184651
229172	3184697
229173	3184733
229174	3184747
229175	3184789
229176	3184807
229177	3184859
229178	3184901
229179	3184903
229180	3184919
229181	3184927
229182	3184943
229183	3184949
229184	3184957
229185	3184963
229186	3184969
229187	3184999
229188	3185009
229189	3185011
229190	3185023
229191	3185029
229192	3185051
229193	3185081
229194	3185087
229195	3185093
229196	3185101
229197	3185107
229198	3185111
229199	3185123
229200	3185177
229201	3185197
229202	3185207
229203	3185227
229204	3185243
229205	3185251
229206	3185257
229207	3185261
229208	3185263
229209	3185267
229210	3185279
229211	3185317
229212	3185321
229213	3185327
229214	3185363
229215	3185417
229216	3185423
229217	3185437
229218	3185453
229219	3185461
229220	3185473
229221	3185489
229222	3185503
229223	3185513
229224	3185531
229225	3185543
229226	3185551
229227	3185561
229228	3185599
229229	3185627
229230	3185629
229231	3185639
229232	3185669
229233	3185713
229234	3185717
229235	3185723
229236	3185729
229237	3185759
229238	3185773
229239	3185797
229240	3185803
229241	3185821
229242	3185837
229243	3185849
229244	3185857
229245	3185867
229246	3185869
229247	3185873
229248	3185881
229249	3185887
229250	3185899
229251	3185909
229252	3185921
229253	3185929
229254	3185947
229255	3185957
229256	3185981
229257	3186013
229258	3186023
229259	3186037
229260	3186041
229261	3186047
229262	3186061
229263	3186103
229264	3186119
229265	3186133
229266	3186137
229267	3186163
229268	3186187
229269	3186203
229270	3186217
229271	3186223
229272	3186229
229273	3186241
229274	3186263
229275	3186269
229276	3186277
229277	3186283
229278	3186347
229279	3186349
229280	3186367
229281	3186371
229282	3186373
229283	3186389
229284	3186401
229285	3186427
229286	3186437
229287	3186439
229288	3186451
229289	3186461
229290	3186473
229291	3186481
229292	3186517
229293	3186559
229294	3186569
229295	3186571
229296	3186593
229297	3186611
229298	3186637
229299	3186671
229300	3186679
229301	3186683
229302	3186691
229303	3186697
229304	3186709
229305	3186739
229306	3186749
229307	3186761
229308	3186763
229309	3186779
229310	3186791
229311	3186793
229312	3186809
229313	3186877
229314	3186881
229315	3186899
229316	3186901
229317	3186907
229318	3186913
229319	3186917
229320	3186919
229321	3186941
229322	3186959
229323	3186979
229324	3186983
229325	3187021
229326	3187027
229327	3187033
229328	3187039
229329	3187043
229330	3187061
229331	3187073
229332	3187091
229333	3187111
229334	3187127
229335	3187147
229336	3187153
229337	3187159
229338	3187169
229339	3187201
229340	3187213
229341	3187241
229342	3187243
229343	3187267
229344	3187273
229345	3187277
229346	3187309
229347	3187321
229348	3187343
229349	3187397
229350	3187411
229351	3187427
229352	3187441
229353	3187469
229354	3187489
229355	3187507
229356	3187523
229357	3187531
229358	3187537
229359	3187553
229360	3187567
229361	3187601
229362	3187603
229363	3187607
229364	3187609
229365	3187621
229366	3187631
229367	3187643
229368	3187663
229369	3187669
229370	3187703
229371	3187733
229372	3187739
229373	3187753
229374	3187757
229375	3187759
229376	3187787
229377	3187813
229378	3187819
229379	3187831
229380	3187841
229381	3187859
229382	3187879
229383	3187901
229384	3187903
229385	3187907
229386	3187913
229387	3187931
229388	3187939
229389	3187967
229390	3187969
229391	3187973
229392	3187979
229393	3188033
229394	3188077
229395	3188083
229396	3188089
229397	3188093
229398	3188123
229399	3188131
229400	3188161
229401	3188177
229402	3188221
229403	3188239
229404	3188249
229405	3188261
229406	3188291
229407	3188303
229408	3188323
229409	3188369
229410	3188377
229411	3188387
229412	3188399
229413	3188411
229414	3188413
229415	3188417
229416	3188429
229417	3188431
229418	3188459
229419	3188461
229420	3188473
229421	3188483
229422	3188491
229423	3188501
229424	3188509
229425	3188543
229426	3188551
229427	3188557
229428	3188569
229429	3188573
229430	3188587
229431	3188609
229432	3188617
229433	3188641
229434	3188657
229435	3188659
229436	3188687
229437	3188699
229438	3188701
229439	3188711
229440	3188723
229441	3188761
229442	3188767
229443	3188791
229444	3188803
229445	3188807
229446	3188819
229447	3188821
229448	3188831
229449	3188833
229450	3188879
229451	3188893
229452	3188917
229453	3188929
229454	3188947
229455	3188951
229456	3188953
229457	3188963
229458	3188981
229459	3188987
229460	3188989
229461	3189007
229462	3189029
229463	3189037
229464	3189059
229465	3189061
229466	3189083
229467	3189089
229468	3189119
229469	3189139
229470	3189161
229471	3189167
229472	3189191
229473	3189227
229474	3189229
229475	3189239
229476	3189253
229477	3189259
229478	3189269
229479	3189281
229480	3189287
229481	3189293
229482	3189299
229483	3189301
229484	3189313
229485	3189317
229486	3189331
229487	3189343
229488	3189371
229489	3189377
229490	3189379
229491	3189383
229492	3189409
229493	3189413
229494	3189419
229495	3189427
229496	3189451
229497	3189463
229498	3189491
229499	3189499
229500	3189503
229501	3189517
229502	3189539
229503	3189541
229504	3189547
229505	3189551
229506	3189553
229507	3189581
229508	3189583
229509	3189619
229510	3189647
229511	3189653
229512	3189673
229513	3189679
229514	3189689
229515	3189713
229516	3189731
229517	3189737
229518	3189743
229519	3189779
229520	3189793
229521	3189799
229522	3189811
229523	3189821
229524	3189827
229525	3189833
229526	3189839
229527	3189871
229528	3189889
229529	3189899
229530	3189943
229531	3189961
229532	3189973
229533	3189983
229534	3189997
229535	3190001
229536	3190049
229537	3190051
229538	3190069
229539	3190079
229540	3190091
229541	3190093
229542	3190111
229543	3190129
229544	3190139
229545	3190147
229546	3190151
229547	3190153
229548	3190163
229549	3190181
229550	3190183
229551	3190207
229552	3190211
229553	3190217
229554	3190247
229555	3190249
229556	3190267
229557	3190283
229558	3190289
229559	3190301
229560	3190349
229561	3190381
229562	3190393
229563	3190403
229564	3190417
229565	3190457
229566	3190459
229567	3190463
229568	3190519
229569	3190553
229570	3190559
229571	3190571
229572	3190589
229573	3190591
229574	3190597
229575	3190601
229576	3190637
229577	3190673
229578	3190687
229579	3190697
229580	3190699
229581	3190723
229582	3190751
229583	3190753
229584	3190787
229585	3190819
229586	3190829
229587	3190853
229588	3190871
229589	3190909
229590	3190919
229591	3190949
229592	3190961
229593	3190969
229594	3190973
229595	3190981
229596	3191003
229597	3191017
229598	3191021
229599	3191039
229600	3191059
229601	3191099
229602	3191113
229603	3191117
229604	3191137
229605	3191161
229606	3191179
229607	3191191
229608	3191197
229609	3191207
229610	3191219
229611	3191261
229612	3191263
229613	3191281
229614	3191299
229615	3191303
229616	3191323
229617	3191327
229618	3191329
229619	3191333
229620	3191351
229621	3191381
229622	3191389
229623	3191407
229624	3191413
229625	3191423
229626	3191429
229627	3191437
229628	3191443
229629	3191453
229630	3191471
229631	3191477
229632	3191497
229633	3191527
229634	3191533
229635	3191557
229636	3191561
229637	3191569
229638	3191593
229639	3191603
229640	3191609
229641	3191611
229642	3191621
229643	3191623
229644	3191627
229645	3191681
229646	3191693
229647	3191707
229648	3191719
229649	3191737
229650	3191743
229651	3191759
229652	3191777
229653	3191803
229654	3191821
229655	3191831
229656	3191849
229657	3191861
229658	3191893
229659	3191897
229660	3191899
229661	3191921
229662	3191927
229663	3191987
229664	3191999
229665	3192017
229666	3192037
229667	3192041
229668	3192043
229669	3192047
229670	3192061
229671	3192083
229672	3192113
229673	3192121
229674	3192139
229675	3192143
229676	3192149
229677	3192151
229678	3192157
229679	3192169
229680	3192181
229681	3192187
229682	3192221
229683	3192227
229684	3192251
229685	3192253
229686	3192271
229687	3192289
229688	3192347
229689	3192353
229690	3192389
229691	3192391
229692	3192419
229693	3192433
229694	3192439
229695	3192451
229696	3192457
229697	3192463
229698	3192487
229699	3192491
229700	3192499
229701	3192503
229702	3192521
229703	3192529
229704	3192571
229705	3192577
229706	3192599
229707	3192611
229708	3192613
229709	3192647
229710	3192649
229711	3192661
229712	3192677
229713	3192713
229714	3192727
229715	3192731
229716	3192733
229717	3192737
229718	3192769
229719	3192781
229720	3192803
229721	3192809
229722	3192829
229723	3192877
229724	3192881
229725	3192887
229726	3192901
229727	3192919
229728	3192953
229729	3192961
229730	3192967
229731	3192977
229732	3192983
229733	3192997
229734	3193013
229735	3193027
229736	3193033
229737	3193049
229738	3193081
229739	3193087
229740	3193097
229741	3193129
229742	3193147
229743	3193171
229744	3193187
229745	3193189
229746	3193213
229747	3193237
229748	3193241
229749	3193243
229750	3193249
229751	3193261
229752	3193271
229753	3193283
229754	3193313
229755	3193319
229756	3193327
229757	3193339
229758	3193361
229759	3193363
229760	3193381
229761	3193397
229762	3193423
229763	3193429
229764	3193439
229765	3193447
229766	3193453
229767	3193457
229768	3193469
229769	3193471
229770	3193483
229771	3193511
229772	3193513
229773	3193543
229774	3193549
229775	3193559
229776	3193601
229777	3193627
229778	3193633
229779	3193639
229780	3193643
229781	3193667
229782	3193679
229783	3193703
229784	3193709
229785	3193717
229786	3193747
229787	3193759
229788	3193763
229789	3193769
229790	3193789
229791	3193831
229792	3193871
229793	3193873
229794	3193889
229795	3193901
229796	3193903
229797	3193913
229798	3193921
229799	3193937
229800	3193991
229801	3194017
229802	3194041
229803	3194047
229804	3194053
229805	3194069
229806	3194101
229807	3194111
229808	3194119
229809	3194123
229810	3194129
229811	3194131
229812	3194153
229813	3194159
229814	3194161
229815	3194179
229816	3194183
229817	3194189
229818	3194227
229819	3194273
229820	3194291
229821	3194293
229822	3194353
229823	3194357
229824	3194371
229825	3194377
229826	3194381
229827	3194383
229828	3194393
229829	3194417
229830	3194441
229831	3194459
229832	3194461
229833	3194483
229834	3194497
229835	3194507
229836	3194531
229837	3194533
229838	3194537
229839	3194549
229840	3194551
229841	3194557
229842	3194561
229843	3194563
229844	3194567
229845	3194573
229846	3194593
229847	3194629
229848	3194647
229849	3194651
229850	3194683
229851	3194687
229852	3194743
229853	3194773
229854	3194777
229855	3194783
229856	3194797
229857	3194801
229858	3194803
229859	3194813
229860	3194837
229861	3194879
229862	3194881
229863	3194897
229864	3194923
229865	3194927
229866	3194941
229867	3194951
229868	3194981
229869	3195001
229870	3195019
229871	3195037
229872	3195047
229873	3195079
229874	3195103
229875	3195109
229876	3195121
229877	3195131
229878	3195149
229879	3195151
229880	3195161
229881	3195169
229882	3195217
229883	3195223
229884	3195233
229885	3195259
229886	3195271
229887	3195299
229888	3195319
229889	3195323
229890	3195331
229891	3195347
229892	3195377
229893	3195383
229894	3195397
229895	3195403
229896	3195407
229897	3195427
229898	3195433
229899	3195457
229900	3195461
229901	3195487
229902	3195547
229903	3195557
229904	3195571
229905	3195589
229906	3195593
229907	3195601
229908	3195611
229909	3195623
229910	3195637
229911	3195641
229912	3195649
229913	3195679
229914	3195683
229915	3195691
229916	3195707
229917	3195739
229918	3195761
229919	3195763
229920	3195791
229921	3195809
229922	3195817
229923	3195823
229924	3195839
229925	3195869
229926	3195877
229927	3195893
229928	3195911
229929	3195947
229930	3195961
229931	3195977
229932	3196001
229933	3196021
229934	3196031
229935	3196033
229936	3196087
229937	3196093
229938	3196099
229939	3196111
229940	3196129
229941	3196133
229942	3196157
229943	3196163
229944	3196169
229945	3196183
229946	3196189
229947	3196201
229948	3196211
229949	3196223
229950	3196229
229951	3196231
229952	3196243
229953	3196253
229954	3196283
229955	3196301
229956	3196307
229957	3196321
229958	3196343
229959	3196373
229960	3196381
229961	3196397
229962	3196421
229963	3196429
229964	3196433
229965	3196447
229966	3196469
229967	3196477
229968	3196481
229969	3196489
229970	3196499
229971	3196507
229972	3196511
229973	3196559
229974	3196573
229975	3196607
229976	3196631
229977	3196639
229978	3196649
229979	3196651
229980	3196681
229981	3196691
229982	3196703
229983	3196709
229984	3196723
229985	3196741
229986	3196759
229987	3196783
229988	3196789
229989	3196819
229990	3196847
229991	3196849
229992	3196859
229993	3196871
229994	3196877
229995	3196891
229996	3196903
229997	3196909
229998	3196913
229999	3196927
230000	3196933
