232001	3226441
232002	3226469
232003	3226471
232004	3226477
232005	3226493
232006	3226499
232007	3226529
232008	3226537
232009	3226541
232010	3226543
232011	3226547
232012	3226571
232013	3226579
232014	3226603
232015	3226621
232016	3226631
232017	3226649
232018	3226669
232019	3226679
232020	3226711
232021	3226771
232022	3226777
232023	3226781
232024	3226793
232025	3226829
232026	3226837
232027	3226841
232028	3226843
232029	3226871
232030	3226891
232031	3226901
232032	3226907
232033	3226933
232034	3226939
232035	3226967
232036	3226981
232037	3226997
232038	3226999
232039	3227009
232040	3227027
232041	3227039
232042	3227041
232043	3227129
232044	3227137
232045	3227141
232046	3227143
232047	3227171
232048	3227201
232049	3227209
232050	3227219
232051	3227221
232052	3227239
232053	3227243
232054	3227249
232055	3227261
232056	3227267
232057	3227269
232058	3227281
232059	3227293
232060	3227353
232061	3227363
232062	3227369
232063	3227417
232064	3227423
232065	3227431
232066	3227459
232067	3227507
232068	3227509
232069	3227513
232070	3227519
232071	3227551
232072	3227579
232073	3227597
232074	3227611
232075	3227617
232076	3227639
232077	3227641
232078	3227669
232079	3227681
232080	3227683
232081	3227717
232082	3227723
232083	3227743
232084	3227747
232085	3227761
232086	3227767
232087	3227771
232088	3227789
232089	3227801
232090	3227803
232091	3227821
232092	3227827
232093	3227837
232094	3227839
232095	3227849
232096	3227867
232097	3227879
232098	3227893
232099	3227897
232100	3227899
232101	3227911
232102	3227921
232103	3227933
232104	3227947
232105	3227951
232106	3227957
232107	3227963
232108	3227989
232109	3228023
232110	3228037
232111	3228041
232112	3228047
232113	3228097
232114	3228103
232115	3228107
232116	3228109
232117	3228143
232118	3228149
232119	3228151
232120	3228161
232121	3228163
232122	3228179
232123	3228187
232124	3228191
232125	3228209
232126	3228221
232127	3228223
232128	3228227
232129	3228241
232130	3228259
232131	3228293
232132	3228341
232133	3228343
232134	3228359
232135	3228373
232136	3228403
232137	3228413
232138	3228427
232139	3228437
232140	3228439
232141	3228443
232142	3228457
232143	3228469
232144	3228517
232145	3228527
232146	3228559
232147	3228581
232148	3228593
232149	3228661
232150	3228683
232151	3228703
232152	3228713
232153	3228733
232154	3228737
232155	3228739
232156	3228751
232157	3228769
232158	3228779
232159	3228781
232160	3228811
232161	3228829
232162	3228847
232163	3228857
232164	3228871
232165	3228877
232166	3228887
232167	3228899
232168	3228937
232169	3228943
232170	3228959
232171	3228961
232172	3228977
232173	3228983
232174	3229001
232175	3229003
232176	3229021
232177	3229049
232178	3229067
232179	3229081
232180	3229091
232181	3229097
232182	3229103
232183	3229111
232184	3229117
232185	3229123
232186	3229139
232187	3229141
232188	3229169
232189	3229181
232190	3229189
232191	3229207
232192	3229231
232193	3229241
232194	3229243
232195	3229267
232196	3229271
232197	3229309
232198	3229319
232199	3229321
232200	3229327
232201	3229349
232202	3229351
232203	3229357
232204	3229379
232205	3229381
232206	3229393
232207	3229399
232208	3229403
232209	3229409
232210	3229433
232211	3229463
232212	3229481
232213	3229517
232214	3229531
232215	3229537
232216	3229547
232217	3229559
232218	3229573
232219	3229579
232220	3229621
232221	3229627
232222	3229631
232223	3229649
232224	3229663
232225	3229691
232226	3229703
232227	3229741
232228	3229769
232229	3229781
232230	3229783
232231	3229819
232232	3229823
232233	3229843
232234	3229901
232235	3229909
232236	3229927
232237	3229937
232238	3229951
232239	3229957
232240	3229973
232241	3229987
232242	3230023
232243	3230039
232244	3230047
232245	3230053
232246	3230093
232247	3230099
232248	3230113
232249	3230131
232250	3230141
232251	3230167
232252	3230173
232253	3230179
232254	3230207
232255	3230237
232256	3230243
232257	3230257
232258	3230273
232259	3230299
232260	3230321
232261	3230341
232262	3230347
232263	3230363
232264	3230369
232265	3230371
232266	3230387
232267	3230393
232268	3230401
232269	3230411
232270	3230441
232271	3230449
232272	3230477
232273	3230483
232274	3230489
232275	3230501
232276	3230519
232277	3230531
232278	3230537
232279	3230543
232280	3230567
232281	3230573
232282	3230587
232283	3230593
232284	3230599
232285	3230659
232286	3230671
232287	3230681
232288	3230683
232289	3230707
232290	3230723
232291	3230737
232292	3230749
232293	3230791
232294	3230797
232295	3230809
232296	3230813
232297	3230831
232298	3230849
232299	3230873
232300	3230881
232301	3230957
232302	3230963
232303	3230993
232304	3230999
232305	3231001
232306	3231023
232307	3231029
232308	3231049
232309	3231097
232310	3231101
232311	3231103
232312	3231113
232313	3231119
232314	3231127
232315	3231131
232316	3231143
232317	3231187
232318	3231191
232319	3231211
232320	3231227
232321	3231233
232322	3231259
232323	3231269
232324	3231287
232325	3231301
232326	3231313
232327	3231329
232328	3231331
232329	3231367
232330	3231379
232331	3231401
232332	3231413
232333	3231421
232334	3231427
232335	3231433
232336	3231443
232337	3231451
232338	3231511
232339	3231517
232340	3231521
232341	3231541
232342	3231559
232343	3231563
232344	3231583
232345	3231589
232346	3231593
232347	3231619
232348	3231643
232349	3231667
232350	3231671
232351	3231689
232352	3231703
232353	3231727
232354	3231737
232355	3231757
232356	3231773
232357	3231779
232358	3231791
232359	3231803
232360	3231817
232361	3231821
232362	3231829
232363	3231863
232364	3231869
232365	3231871
232366	3231883
232367	3231931
232368	3231947
232369	3231953
232370	3231971
232371	3231973
232372	3231979
232373	3232003
232374	3232027
232375	3232039
232376	3232043
232377	3232063
232378	3232067
232379	3232081
232380	3232093
232381	3232129
232382	3232157
232383	3232189
232384	3232199
232385	3232231
232386	3232247
232387	3232249
232388	3232279
232389	3232291
232390	3232297
232391	3232301
232392	3232319
232393	3232321
232394	3232373
232395	3232379
232396	3232381
232397	3232387
232398	3232393
232399	3232423
232400	3232429
232401	3232441
232402	3232447
232403	3232469
232404	3232477
232405	3232501
232406	3232507
232407	3232511
232408	3232517
232409	3232529
232410	3232547
232411	3232553
232412	3232589
232413	3232597
232414	3232631
232415	3232637
232416	3232643
232417	3232651
232418	3232657
232419	3232661
232420	3232693
232421	3232699
232422	3232729
232423	3232739
232424	3232741
232425	3232751
232426	3232753
232427	3232769
232428	3232777
232429	3232799
232430	3232813
232431	3232819
232432	3232829
232433	3232837
232434	3232847
232435	3232871
232436	3232883
232437	3232927
232438	3232937
232439	3232961
232440	3232963
232441	3232981
232442	3232987
232443	3232991
232444	3232997
232445	3233011
232446	3233029
232447	3233033
232448	3233047
232449	3233051
232450	3233071
232451	3233081
232452	3233093
232453	3233119
232454	3233149
232455	3233201
232456	3233221
232457	3233227
232458	3233231
232459	3233257
232460	3233261
232461	3233291
232462	3233303
232463	3233311
232464	3233323
232465	3233327
232466	3233333
232467	3233339
232468	3233357
232469	3233359
232470	3233369
232471	3233381
232472	3233387
232473	3233407
232474	3233437
232475	3233441
232476	3233443
232477	3233453
232478	3233491
232479	3233509
232480	3233521
232481	3233533
232482	3233561
232483	3233563
232484	3233599
232485	3233609
232486	3233617
232487	3233623
232488	3233651
232489	3233653
232490	3233663
232491	3233683
232492	3233687
232493	3233719
232494	3233753
232495	3233767
232496	3233771
232497	3233773
232498	3233779
232499	3233803
232500	3233809
232501	3233851
232502	3233863
232503	3233873
232504	3233887
232505	3233897
232506	3233903
232507	3233917
232508	3233939
232509	3233941
232510	3233953
232511	3233959
232512	3233969
232513	3233977
232514	3233983
232515	3233999
232516	3234017
232517	3234031
232518	3234041
232519	3234061
232520	3234079
232521	3234103
232522	3234107
232523	3234163
232524	3234193
232525	3234197
232526	3234221
232527	3234227
232528	3234239
232529	3234241
232530	3234251
232531	3234277
232532	3234299
232533	3234307
232534	3234311
232535	3234317
232536	3234337
232537	3234373
232538	3234377
232539	3234379
232540	3234383
232541	3234463
232542	3234481
232543	3234533
232544	3234551
232545	3234599
232546	3234601
232547	3234611
232548	3234619
232549	3234629
232550	3234653
232551	3234667
232552	3234677
232553	3234683
232554	3234691
232555	3234701
232556	3234713
232557	3234719
232558	3234733
232559	3234767
232560	3234773
232561	3234779
232562	3234787
232563	3234797
232564	3234809
232565	3234821
232566	3234823
232567	3234839
232568	3234857
232569	3234871
232570	3234877
232571	3234887
232572	3234893
232573	3234901
232574	3234919
232575	3234923
232576	3234983
232577	3235007
232578	3235027
232579	3235033
232580	3235039
232581	3235069
232582	3235087
232583	3235093
232584	3235109
232585	3235121
232586	3235123
232587	3235159
232588	3235171
232589	3235181
232590	3235189
232591	3235207
232592	3235217
232593	3235223
232594	3235231
232595	3235247
232596	3235261
232597	3235283
232598	3235289
232599	3235319
232600	3235361
232601	3235367
232602	3235369
232603	3235381
232604	3235403
232605	3235409
232606	3235411
232607	3235451
232608	3235459
232609	3235471
232610	3235483
232611	3235487
232612	3235489
232613	3235493
232614	3235499
232615	3235543
232616	3235553
232617	3235577
232618	3235591
232619	3235601
232620	3235607
232621	3235633
232622	3235649
232623	3235651
232624	3235657
232625	3235691
232626	3235693
232627	3235697
232628	3235711
232629	3235717
232630	3235723
232631	3235741
232632	3235747
232633	3235751
232634	3235753
232635	3235769
232636	3235777
232637	3235789
232638	3235807
232639	3235819
232640	3235829
232641	3235889
232642	3235891
232643	3235901
232644	3235961
232645	3235963
232646	3235979
232647	3235987
232648	3235993
232649	3236041
232650	3236047
232651	3236053
232652	3236063
232653	3236071
232654	3236083
232655	3236117
232656	3236147
232657	3236153
232658	3236173
232659	3236201
232660	3236203
232661	3236221
232662	3236231
232663	3236237
232664	3236243
232665	3236249
232666	3236263
232667	3236267
232668	3236269
232669	3236287
232670	3236291
232671	3236297
232672	3236323
232673	3236329
232674	3236333
232675	3236347
232676	3236357
232677	3236377
232678	3236407
232679	3236411
232680	3236413
232681	3236423
232682	3236437
232683	3236447
232684	3236449
232685	3236459
232686	3236483
232687	3236489
232688	3236503
232689	3236507
232690	3236509
232691	3236531
232692	3236539
232693	3236543
232694	3236557
232695	3236587
232696	3236591
232697	3236621
232698	3236633
232699	3236641
232700	3236683
232701	3236689
232702	3236693
232703	3236699
232704	3236711
232705	3236713
232706	3236729
232707	3236743
232708	3236759
232709	3236773
232710	3236789
232711	3236791
232712	3236861
232713	3236873
232714	3236881
232715	3236903
232716	3236923
232717	3236929
232718	3236957
232719	3236963
232720	3236969
232721	3236977
232722	3236983
232723	3236993
232724	3237023
232725	3237029
232726	3237037
232727	3237053
232728	3237061
232729	3237077
232730	3237079
232731	3237097
232732	3237107
232733	3237109
232734	3237127
232735	3237139
232736	3237161
232737	3237193
232738	3237211
232739	3237217
232740	3237233
232741	3237257
232742	3237263
232743	3237287
232744	3237317
232745	3237329
232746	3237347
232747	3237371
232748	3237379
232749	3237383
232750	3237397
232751	3237413
232752	3237419
232753	3237431
232754	3237433
232755	3237461
232756	3237469
232757	3237491
232758	3237523
232759	3237527
232760	3237539
232761	3237551
232762	3237557
232763	3237583
232764	3237593
232765	3237601
232766	3237607
232767	3237617
232768	3237631
232769	3237643
232770	3237653
232771	3237659
232772	3237677
232773	3237679
232774	3237683
232775	3237709
232776	3237719
232777	3237761
232778	3237781
232779	3237799
232780	3237827
232781	3237851
232782	3237859
232783	3237869
232784	3237889
232785	3237901
232786	3237947
232787	3237967
232788	3237977
232789	3237991
232790	3238019
232791	3238021
232792	3238031
232793	3238033
232794	3238049
232795	3238051
232796	3238093
232797	3238099
232798	3238117
232799	3238121
232800	3238127
232801	3238133
232802	3238153
232803	3238163
232804	3238171
232805	3238181
232806	3238187
232807	3238199
232808	3238219
232809	3238223
232810	3238231
232811	3238237
232812	3238243
232813	3238267
232814	3238273
232815	3238309
232816	3238337
232817	3238349
232818	3238357
232819	3238393
232820	3238397
232821	3238399
232822	3238409
232823	3238421
232824	3238453
232825	3238463
232826	3238471
232827	3238481
232828	3238489
232829	3238507
232830	3238511
232831	3238513
232832	3238537
232833	3238541
232834	3238553
232835	3238567
232836	3238583
232837	3238589
232838	3238591
232839	3238597
232840	3238643
232841	3238649
232842	3238661
232843	3238667
232844	3238679
232845	3238681
232846	3238727
232847	3238751
232848	3238769
232849	3238771
232850	3238801
232851	3238811
232852	3238819
232853	3238831
232854	3238843
232855	3238853
232856	3238861
232857	3238867
232858	3238901
232859	3238913
232860	3238931
232861	3238951
232862	3238957
232863	3238979
232864	3238999
232865	3239003
232866	3239011
232867	3239023
232868	3239051
232869	3239053
232870	3239059
232871	3239077
232872	3239081
232873	3239107
232874	3239141
232875	3239143
232876	3239183
232877	3239191
232878	3239219
232879	3239261
232880	3239267
232881	3239279
232882	3239293
232883	3239303
232884	3239309
232885	3239311
232886	3239347
232887	3239351
232888	3239377
232889	3239393
232890	3239417
232891	3239419
232892	3239429
232893	3239449
232894	3239459
232895	3239473
232896	3239479
232897	3239507
232898	3239539
232899	3239549
232900	3239563
232901	3239591
232902	3239603
232903	3239617
232904	3239627
232905	3239629
232906	3239641
232907	3239647
232908	3239669
232909	3239681
232910	3239693
232911	3239699
232912	3239713
232913	3239723
232914	3239729
232915	3239737
232916	3239759
232917	3239773
232918	3239783
232919	3239791
232920	3239839
232921	3239857
232922	3239927
232923	3239947
232924	3239953
232925	3239963
232926	3239969
232927	3239983
232928	3239989
232929	3240019
232930	3240031
232931	3240037
232932	3240043
232933	3240073
232934	3240101
232935	3240113
232936	3240119
232937	3240131
232938	3240143
232939	3240161
232940	3240163
232941	3240169
232942	3240191
232943	3240197
232944	3240247
232945	3240253
232946	3240269
232947	3240283
232948	3240299
232949	3240311
232950	3240329
232951	3240359
232952	3240371
232953	3240389
232954	3240407
232955	3240409
232956	3240449
232957	3240451
232958	3240467
232959	3240491
232960	3240499
232961	3240527
232962	3240529
232963	3240551
232964	3240553
232965	3240577
232966	3240581
232967	3240607
232968	3240617
232969	3240619
232970	3240649
232971	3240667
232972	3240683
232973	3240701
232974	3240703
232975	3240707
232976	3240733
232977	3240737
232978	3240739
232979	3240751
232980	3240767
232981	3240841
232982	3240851
232983	3240877
232984	3240911
232985	3240917
232986	3240943
232987	3240947
232988	3240959
232989	3240961
232990	3240967
232991	3240971
232992	3240983
232993	3241093
232994	3241097
232995	3241103
232996	3241123
232997	3241129
232998	3241151
232999	3241159
233000	3241201
