236001	3286369
236002	3286391
236003	3286399
236004	3286427
236005	3286429
236006	3286441
236007	3286453
236008	3286471
236009	3286501
236010	3286511
236011	3286513
236012	3286529
236013	3286531
236014	3286553
236015	3286561
236016	3286567
236017	3286571
236018	3286573
236019	3286579
236020	3286603
236021	3286607
236022	3286643
236023	3286649
236024	3286667
236025	3286669
236026	3286687
236027	3286691
236028	3286693
236029	3286697
236030	3286721
236031	3286739
236032	3286771
236033	3286781
236034	3286799
236035	3286807
236036	3286823
236037	3286841
236038	3286849
236039	3286873
236040	3286891
236041	3286909
236042	3286937
236043	3286939
236044	3286951
236045	3286957
236046	3286991
236047	3286993
236048	3287003
236049	3287017
236050	3287027
236051	3287029
236052	3287033
236053	3287047
236054	3287051
236055	3287059
236056	3287071
236057	3287077
236058	3287083
236059	3287099
236060	3287101
236061	3287143
236062	3287149
236063	3287177
236064	3287189
236065	3287261
236066	3287267
236067	3287293
236068	3287309
236069	3287311
236070	3287327
236071	3287329
236072	3287359
236073	3287429
236074	3287441
236075	3287447
236076	3287461
236077	3287467
236078	3287483
236079	3287491
236080	3287497
236081	3287507
236082	3287521
236083	3287533
236084	3287563
236085	3287567
236086	3287573
236087	3287587
236088	3287593
236089	3287617
236090	3287629
236091	3287639
236092	3287653
236093	3287677
236094	3287699
236095	3287719
236096	3287747
236097	3287761
236098	3287771
236099	3287773
236100	3287777
236101	3287803
236102	3287807
236103	3287813
236104	3287819
236105	3287821
236106	3287833
236107	3287861
236108	3287881
236109	3287887
236110	3287897
236111	3287899
236112	3287917
236113	3287941
236114	3287957
236115	3287959
236116	3287989
236117	3288023
236118	3288029
236119	3288037
236120	3288053
236121	3288091
236122	3288097
236123	3288113
236124	3288143
236125	3288151
236126	3288163
236127	3288169
236128	3288179
236129	3288193
236130	3288209
236131	3288269
236132	3288317
236133	3288319
236134	3288343
236135	3288347
236136	3288353
236137	3288359
236138	3288367
236139	3288371
236140	3288403
236141	3288419
236142	3288433
236143	3288437
236144	3288451
236145	3288457
236146	3288473
236147	3288479
236148	3288499
236149	3288503
236150	3288529
236151	3288541
236152	3288547
236153	3288559
236154	3288587
236155	3288611
236156	3288613
236157	3288619
236158	3288631
236159	3288673
236160	3288707
236161	3288713
236162	3288721
236163	3288737
236164	3288751
236165	3288757
236166	3288763
236167	3288781
236168	3288787
236169	3288797
236170	3288811
236171	3288823
236172	3288827
236173	3288833
236174	3288841
236175	3288847
236176	3288889
236177	3288899
236178	3288911
236179	3288917
236180	3288947
236181	3288949
236182	3288953
236183	3288983
236184	3288997
236185	3289001
236186	3289019
236187	3289037
236188	3289043
236189	3289067
236190	3289087
236191	3289123
236192	3289141
236193	3289159
236194	3289163
236195	3289171
236196	3289229
236197	3289241
236198	3289243
236199	3289259
236200	3289277
236201	3289283
236202	3289291
236203	3289327
236204	3289331
236205	3289361
236206	3289369
236207	3289387
236208	3289393
236209	3289397
236210	3289423
236211	3289439
236212	3289459
236213	3289463
236214	3289493
236215	3289513
236216	3289519
236217	3289523
236218	3289549
236219	3289567
236220	3289571
236221	3289579
236222	3289591
236223	3289597
236224	3289613
236225	3289631
236226	3289651
236227	3289661
236228	3289691
236229	3289697
236230	3289709
236231	3289711
236232	3289723
236233	3289739
236234	3289753
236235	3289757
236236	3289777
236237	3289787
236238	3289817
236239	3289843
236240	3289849
236241	3289861
236242	3289877
236243	3289879
236244	3289889
236245	3289931
236246	3289933
236247	3289961
236248	3289967
236249	3289969
236250	3289981
236251	3289987
236252	3289997
236253	3290009
236254	3290029
236255	3290039
236256	3290041
236257	3290051
236258	3290057
236259	3290083
236260	3290087
236261	3290093
236262	3290107
236263	3290117
236264	3290149
236265	3290153
236266	3290159
236267	3290167
236268	3290171
236269	3290179
236270	3290201
236271	3290207
236272	3290213
236273	3290237
236274	3290239
236275	3290257
236276	3290263
236277	3290267
236278	3290281
236279	3290321
236280	3290323
236281	3290341
236282	3290347
236283	3290377
236284	3290389
236285	3290411
236286	3290431
236287	3290453
236288	3290459
236289	3290473
236290	3290509
236291	3290519
236292	3290533
236293	3290549
236294	3290561
236295	3290579
236296	3290593
236297	3290641
236298	3290647
236299	3290653
236300	3290657
236301	3290663
236302	3290671
236303	3290687
236304	3290689
236305	3290699
236306	3290711
236307	3290723
236308	3290737
236309	3290773
236310	3290789
236311	3290797
236312	3290801
236313	3290803
236314	3290821
236315	3290827
236316	3290831
236317	3290849
236318	3290873
236319	3290879
236320	3290887
236321	3290927
236322	3290977
236323	3290981
236324	3290983
236325	3291017
236326	3291031
236327	3291073
236328	3291083
236329	3291109
236330	3291137
236331	3291143
236332	3291163
236333	3291179
236334	3291221
236335	3291227
236336	3291259
236337	3291271
236338	3291283
236339	3291293
236340	3291311
236341	3291317
236342	3291331
236343	3291341
236344	3291359
236345	3291361
236346	3291367
236347	3291371
236348	3291373
236349	3291383
236350	3291391
236351	3291401
236352	3291437
236353	3291469
236354	3291481
236355	3291493
236356	3291511
236357	3291539
236358	3291569
236359	3291581
236360	3291583
236361	3291593
236362	3291647
236363	3291653
236364	3291661
236365	3291667
236366	3291679
236367	3291683
236368	3291689
236369	3291707
236370	3291709
236371	3291719
236372	3291721
236373	3291733
236374	3291749
236375	3291751
236376	3291763
236377	3291781
236378	3291791
236379	3291793
236380	3291817
236381	3291823
236382	3291839
236383	3291881
236384	3291901
236385	3291907
236386	3291917
236387	3291919
236388	3291923
236389	3291929
236390	3291943
236391	3291947
236392	3291949
236393	3291979
236394	3291991
236395	3292019
236396	3292027
236397	3292031
236398	3292039
236399	3292043
236400	3292049
236401	3292063
236402	3292087
236403	3292103
236404	3292129
236405	3292147
236406	3292183
236407	3292213
236408	3292217
236409	3292229
236410	3292241
236411	3292249
236412	3292279
236413	3292309
236414	3292327
236415	3292337
236416	3292343
236417	3292349
236418	3292351
236419	3292369
236420	3292391
236421	3292403
236422	3292411
236423	3292433
236424	3292439
236425	3292451
236426	3292463
236427	3292489
236428	3292501
236429	3292507
236430	3292511
236431	3292537
236432	3292561
236433	3292579
236434	3292589
236435	3292609
236436	3292633
236437	3292637
236438	3292673
236439	3292687
236440	3292691
236441	3292697
236442	3292717
236443	3292753
236444	3292759
236445	3292769
236446	3292787
236447	3292801
236448	3292813
236449	3292843
236450	3292873
236451	3292907
236452	3292931
236453	3292969
236454	3292973
236455	3292981
236456	3293009
236457	3293021
236458	3293029
236459	3293033
236460	3293047
236461	3293057
236462	3293113
236463	3293123
236464	3293167
236465	3293177
236466	3293183
236467	3293197
236468	3293221
236469	3293231
236470	3293233
236471	3293239
236472	3293281
236473	3293287
236474	3293299
236475	3293309
236476	3293351
236477	3293363
236478	3293387
236479	3293399
236480	3293419
236481	3293429
236482	3293447
236483	3293449
236484	3293453
236485	3293497
236486	3293503
236487	3293527
236488	3293551
236489	3293561
236490	3293603
236491	3293621
236492	3293639
236493	3293651
236494	3293681
236495	3293683
236496	3293701
236497	3293737
236498	3293749
236499	3293789
236500	3293813
236501	3293819
236502	3293839
236503	3293861
236504	3293863
236505	3293867
236506	3293879
236507	3293881
236508	3293893
236509	3293923
236510	3293957
236511	3293959
236512	3293977
236513	3293987
236514	3293989
236515	3293993
236516	3294007
236517	3294013
236518	3294041
236519	3294077
236520	3294079
236521	3294097
236522	3294103
236523	3294127
236524	3294143
236525	3294169
236526	3294173
236527	3294191
236528	3294233
236529	3294251
236530	3294259
236531	3294281
236532	3294287
236533	3294293
236534	3294299
236535	3294301
236536	3294337
236537	3294349
236538	3294373
236539	3294397
236540	3294407
236541	3294437
236542	3294449
236543	3294461
236544	3294479
236545	3294491
236546	3294493
236547	3294503
236548	3294509
236549	3294523
236550	3294527
236551	3294541
236552	3294553
236553	3294593
236554	3294631
236555	3294659
236556	3294667
236557	3294677
236558	3294679
236559	3294689
236560	3294701
236561	3294749
236562	3294751
236563	3294763
236564	3294769
236565	3294791
236566	3294817
236567	3294827
236568	3294829
236569	3294833
236570	3294857
236571	3294871
236572	3294881
236573	3294899
236574	3294901
236575	3294913
236576	3294917
236577	3294919
236578	3294931
236579	3294953
236580	3294979
236581	3294983
236582	3294989
236583	3295007
236584	3295013
236585	3295027
236586	3295069
236587	3295111
236588	3295121
236589	3295199
236590	3295213
236591	3295223
236592	3295249
236593	3295267
236594	3295277
236595	3295291
236596	3295307
236597	3295309
236598	3295321
236599	3295333
236600	3295337
236601	3295339
236602	3295343
236603	3295351
236604	3295361
236605	3295363
236606	3295367
236607	3295441
236608	3295447
236609	3295451
236610	3295471
236611	3295483
236612	3295489
236613	3295507
236614	3295541
236615	3295543
236616	3295547
236617	3295549
236618	3295559
236619	3295561
236620	3295583
236621	3295597
236622	3295657
236623	3295661
236624	3295673
236625	3295679
236626	3295709
236627	3295711
236628	3295723
236629	3295729
236630	3295741
236631	3295751
236632	3295753
236633	3295757
236634	3295771
236635	3295783
236636	3295793
236637	3295811
236638	3295843
236639	3295883
236640	3295913
236641	3295939
236642	3295967
236643	3295991
236644	3296003
236645	3296021
236646	3296039
236647	3296047
236648	3296077
236649	3296081
236650	3296089
236651	3296093
236652	3296119
236653	3296129
236654	3296143
236655	3296149
236656	3296207
236657	3296213
236658	3296221
236659	3296231
236660	3296233
236661	3296263
236662	3296281
236663	3296287
236664	3296311
236665	3296339
236666	3296347
236667	3296369
236668	3296387
236669	3296393
236670	3296399
236671	3296417
236672	3296437
236673	3296473
236674	3296477
236675	3296479
236676	3296497
236677	3296537
236678	3296551
236679	3296561
236680	3296569
236681	3296581
236682	3296593
236683	3296597
236684	3296599
236685	3296603
236686	3296641
236687	3296647
236688	3296651
236689	3296669
236690	3296693
236691	3296701
236692	3296707
236693	3296723
236694	3296729
236695	3296731
236696	3296771
236697	3296773
236698	3296779
236699	3296789
236700	3296791
236701	3296801
236702	3296831
236703	3296837
236704	3296849
236705	3296863
236706	3296897
236707	3296903
236708	3296983
236709	3296999
236710	3297011
236711	3297017
236712	3297029
236713	3297037
236714	3297043
236715	3297059
236716	3297061
236717	3297071
236718	3297083
236719	3297101
236720	3297103
236721	3297109
236722	3297113
236723	3297143
236724	3297149
236725	3297163
236726	3297187
236727	3297193
236728	3297199
236729	3297209
236730	3297251
236731	3297263
236732	3297293
236733	3297299
236734	3297313
236735	3297319
236736	3297323
236737	3297331
236738	3297353
236739	3297367
236740	3297383
236741	3297397
236742	3297421
236743	3297433
236744	3297449
236745	3297457
236746	3297461
236747	3297467
236748	3297479
236749	3297493
236750	3297499
236751	3297509
236752	3297517
236753	3297521
236754	3297527
236755	3297557
236756	3297571
236757	3297587
236758	3297601
236759	3297611
236760	3297617
236761	3297647
236762	3297683
236763	3297691
236764	3297731
236765	3297733
236766	3297739
236767	3297743
236768	3297769
236769	3297781
236770	3297787
236771	3297803
236772	3297823
236773	3297841
236774	3297857
236775	3297859
236776	3297869
236777	3297871
236778	3297883
236779	3297907
236780	3297911
236781	3297913
236782	3297919
236783	3297937
236784	3297989
236785	3298003
236786	3298007
236787	3298019
236788	3298033
236789	3298049
236790	3298091
236791	3298103
236792	3298111
236793	3298117
236794	3298129
236795	3298151
236796	3298181
236797	3298189
236798	3298193
236799	3298201
236800	3298247
236801	3298259
236802	3298261
236803	3298279
236804	3298297
236805	3298313
236806	3298367
236807	3298387
236808	3298403
236809	3298411
236810	3298423
236811	3298441
236812	3298481
236813	3298483
236814	3298511
236815	3298517
236816	3298523
236817	3298543
236818	3298577
236819	3298579
236820	3298597
236821	3298613
236822	3298619
236823	3298621
236824	3298627
236825	3298639
236826	3298643
236827	3298657
236828	3298681
236829	3298699
236830	3298717
236831	3298739
236832	3298769
236833	3298807
236834	3298811
236835	3298817
236836	3298843
236837	3298847
236838	3298849
236839	3298853
236840	3298861
236841	3298871
236842	3298877
236843	3298891
236844	3298907
236845	3298909
236846	3298921
236847	3298979
236848	3299017
236849	3299033
236850	3299057
236851	3299059
236852	3299081
236853	3299117
236854	3299123
236855	3299129
236856	3299137
236857	3299161
236858	3299183
236859	3299201
236860	3299213
236861	3299239
236862	3299251
236863	3299267
236864	3299269
236865	3299273
236866	3299279
236867	3299291
236868	3299297
236869	3299323
236870	3299357
236871	3299363
236872	3299383
236873	3299389
236874	3299437
236875	3299459
236876	3299477
236877	3299489
236878	3299503
236879	3299509
236880	3299537
236881	3299563
236882	3299579
236883	3299617
236884	3299633
236885	3299641
236886	3299651
236887	3299677
236888	3299687
236889	3299689
236890	3299761
236891	3299789
236892	3299797
236893	3299827
236894	3299837
236895	3299851
236896	3299869
236897	3299927
236898	3299941
236899	3299957
236900	3299969
236901	3300001
236902	3300007
236903	3300019
236904	3300029
236905	3300041
236906	3300061
236907	3300071
236908	3300097
236909	3300103
236910	3300127
236911	3300133
236912	3300139
236913	3300149
236914	3300169
236915	3300179
236916	3300181
236917	3300191
236918	3300203
236919	3300211
236920	3300217
236921	3300233
236922	3300263
236923	3300301
236924	3300313
236925	3300331
236926	3300337
236927	3300343
236928	3300359
236929	3300389
236930	3300413
236931	3300419
236932	3300443
236933	3300449
236934	3300491
236935	3300503
236936	3300529
236937	3300559
236938	3300571
236939	3300593
236940	3300613
236941	3300679
236942	3300683
236943	3300691
236944	3300697
236945	3300721
236946	3300749
236947	3300757
236948	3300767
236949	3300779
236950	3300811
236951	3300821
236952	3300823
236953	3300853
236954	3300859
236955	3300863
236956	3300883
236957	3300887
236958	3300917
236959	3300923
236960	3300943
236961	3300949
236962	3300953
236963	3300959
236964	3300961
236965	3300967
236966	3300971
236967	3300989
236968	3301019
236969	3301027
236970	3301037
236971	3301073
236972	3301091
236973	3301093
236974	3301147
236975	3301163
236976	3301169
236977	3301187
236978	3301217
236979	3301229
236980	3301237
236981	3301267
236982	3301303
236983	3301321
236984	3301343
236985	3301357
236986	3301369
236987	3301379
236988	3301391
236989	3301409
236990	3301427
236991	3301471
236992	3301477
236993	3301481
236994	3301499
236995	3301511
236996	3301513
236997	3301541
236998	3301561
236999	3301579
237000	3301591
