237001	3301601
237002	3301603
237003	3301631
237004	3301637
237005	3301663
237006	3301681
237007	3301709
237008	3301733
237009	3301751
237010	3301759
237011	3301777
237012	3301787
237013	3301789
237014	3301799
237015	3301807
237016	3301819
237017	3301861
237018	3301901
237019	3301919
237020	3301931
237021	3301933
237022	3301943
237023	3301957
237024	3301981
237025	3301999
237026	3302003
237027	3302011
237028	3302069
237029	3302071
237030	3302081
237031	3302083
237032	3302107
237033	3302119
237034	3302129
237035	3302137
237036	3302149
237037	3302153
237038	3302161
237039	3302177
237040	3302183
237041	3302191
237042	3302197
237043	3302203
237044	3302207
237045	3302209
237046	3302237
237047	3302251
237048	3302261
237049	3302269
237050	3302291
237051	3302303
237052	3302329
237053	3302339
237054	3302353
237055	3302359
237056	3302389
237057	3302393
237058	3302413
237059	3302449
237060	3302459
237061	3302473
237062	3302477
237063	3302503
237064	3302527
237065	3302531
237066	3302557
237067	3302567
237068	3302569
237069	3302603
237070	3302617
237071	3302681
237072	3302683
237073	3302693
237074	3302711
237075	3302749
237076	3302797
237077	3302807
237078	3302813
237079	3302821
237080	3302843
237081	3302851
237082	3302857
237083	3302861
237084	3302891
237085	3302917
237086	3302921
237087	3302927
237088	3302939
237089	3302987
237090	3302993
237091	3303011
237092	3303023
237093	3303059
237094	3303109
237095	3303127
237096	3303137
237097	3303149
237098	3303161
237099	3303163
237100	3303173
237101	3303193
237102	3303199
237103	3303229
237104	3303259
237105	3303263
237106	3303269
237107	3303271
237108	3303281
237109	3303319
237110	3303337
237111	3303341
237112	3303343
237113	3303347
237114	3303353
237115	3303371
237116	3303373
237117	3303379
237118	3303383
237119	3303401
237120	3303403
237121	3303409
237122	3303439
237123	3303449
237124	3303499
237125	3303523
237126	3303533
237127	3303539
237128	3303541
237129	3303551
237130	3303557
237131	3303571
237132	3303607
237133	3303617
237134	3303623
237135	3303637
237136	3303667
237137	3303673
237138	3303679
237139	3303683
237140	3303691
237141	3303719
237142	3303731
237143	3303737
237144	3303749
237145	3303799
237146	3303809
237147	3303827
237148	3303829
237149	3303857
237150	3303871
237151	3303889
237152	3303893
237153	3303953
237154	3303961
237155	3303977
237156	3304003
237157	3304033
237158	3304061
237159	3304079
237160	3304087
237161	3304097
237162	3304099
237163	3304123
237164	3304129
237165	3304151
237166	3304153
237167	3304181
237168	3304219
237169	3304237
237170	3304243
237171	3304253
237172	3304261
237173	3304277
237174	3304291
237175	3304297
237176	3304319
237177	3304331
237178	3304349
237179	3304361
237180	3304363
237181	3304369
237182	3304397
237183	3304403
237184	3304451
237185	3304487
237186	3304489
237187	3304493
237188	3304513
237189	3304529
237190	3304541
237191	3304589
237192	3304597
237193	3304601
237194	3304607
237195	3304627
237196	3304633
237197	3304643
237198	3304657
237199	3304661
237200	3304669
237201	3304673
237202	3304687
237203	3304751
237204	3304757
237205	3304759
237206	3304787
237207	3304813
237208	3304823
237209	3304843
237210	3304849
237211	3304853
237212	3304859
237213	3304871
237214	3304883
237215	3304891
237216	3304897
237217	3304901
237218	3304913
237219	3304933
237220	3304943
237221	3304949
237222	3304957
237223	3304963
237224	3304981
237225	3304991
237226	3305009
237227	3305011
237228	3305017
237229	3305033
237230	3305039
237231	3305047
237232	3305063
237233	3305111
237234	3305117
237235	3305119
237236	3305147
237237	3305149
237238	3305171
237239	3305179
237240	3305201
237241	3305209
237242	3305227
237243	3305233
237244	3305249
237245	3305257
237246	3305273
237247	3305279
237248	3305287
237249	3305299
237250	3305303
237251	3305317
237252	3305329
237253	3305377
237254	3305381
237255	3305389
237256	3305417
237257	3305447
237258	3305459
237259	3305473
237260	3305479
237261	3305483
237262	3305501
237263	3305503
237264	3305509
237265	3305527
237266	3305573
237267	3305581
237268	3305587
237269	3305591
237270	3305611
237271	3305657
237272	3305671
237273	3305693
237274	3305699
237275	3305717
237276	3305719
237277	3305749
237278	3305759
237279	3305761
237280	3305777
237281	3305779
237282	3305821
237283	3305833
237284	3305851
237285	3305873
237286	3305879
237287	3305891
237288	3305917
237289	3305923
237290	3305927
237291	3305941
237292	3305959
237293	3305963
237294	3305983
237295	3305989
237296	3305999
237297	3306001
237298	3306011
237299	3306013
237300	3306049
237301	3306059
237302	3306091
237303	3306131
237304	3306137
237305	3306151
237306	3306157
237307	3306169
237308	3306179
237309	3306217
237310	3306223
237311	3306239
237312	3306253
237313	3306269
237314	3306271
237315	3306287
237316	3306293
237317	3306341
237318	3306343
237319	3306349
237320	3306371
237321	3306379
237322	3306397
237323	3306427
237324	3306451
237325	3306461
237326	3306467
237327	3306469
237328	3306473
237329	3306481
237330	3306487
237331	3306509
237332	3306521
237333	3306529
237334	3306533
237335	3306539
237336	3306547
237337	3306557
237338	3306559
237339	3306587
237340	3306593
237341	3306599
237342	3306601
237343	3306607
237344	3306623
237345	3306629
237346	3306631
237347	3306643
237348	3306647
237349	3306659
237350	3306679
237351	3306701
237352	3306707
237353	3306713
237354	3306731
237355	3306763
237356	3306791
237357	3306799
237358	3306811
237359	3306839
237360	3306847
237361	3306851
237362	3306859
237363	3306869
237364	3306883
237365	3306907
237366	3306911
237367	3306913
237368	3306943
237369	3306971
237370	3306977
237371	3306991
237372	3307033
237373	3307067
237374	3307099
237375	3307141
237376	3307153
237377	3307201
237378	3307211
237379	3307219
237380	3307223
237381	3307229
237382	3307267
237383	3307277
237384	3307279
237385	3307289
237386	3307307
237387	3307327
237388	3307351
237389	3307361
237390	3307373
237391	3307379
237392	3307399
237393	3307417
237394	3307439
237395	3307457
237396	3307459
237397	3307487
237398	3307489
237399	3307523
237400	3307529
237401	3307559
237402	3307567
237403	3307573
237404	3307609
237405	3307613
237406	3307621
237407	3307627
237408	3307631
237409	3307643
237410	3307663
237411	3307679
237412	3307693
237413	3307721
237414	3307727
237415	3307739
237416	3307747
237417	3307753
237418	3307781
237419	3307789
237420	3307807
237421	3307831
237422	3307853
237423	3307859
237424	3307873
237425	3307891
237426	3307903
237427	3307939
237428	3307973
237429	3308027
237430	3308057
237431	3308077
237432	3308083
237433	3308087
237434	3308089
237435	3308093
237436	3308153
237437	3308161
237438	3308203
237439	3308209
237440	3308237
237441	3308243
237442	3308267
237443	3308273
237444	3308303
237445	3308309
237446	3308321
237447	3308323
237448	3308341
237449	3308359
237450	3308369
237451	3308381
237452	3308399
237453	3308423
237454	3308447
237455	3308449
237456	3308467
237457	3308483
237458	3308497
237459	3308507
237460	3308509
237461	3308519
237462	3308521
237463	3308531
237464	3308533
237465	3308551
237466	3308563
237467	3308567
237468	3308587
237469	3308593
237470	3308609
237471	3308611
237472	3308621
237473	3308623
237474	3308633
237475	3308653
237476	3308663
237477	3308677
237478	3308713
237479	3308719
237480	3308749
237481	3308759
237482	3308777
237483	3308783
237484	3308791
237485	3308801
237486	3308819
237487	3308867
237488	3308881
237489	3308887
237490	3308891
237491	3308911
237492	3308917
237493	3308923
237494	3308927
237495	3308939
237496	3308951
237497	3308953
237498	3308957
237499	3308959
237500	3308989
237501	3308993
237502	3309001
237503	3309011
237504	3309013
237505	3309037
237506	3309041
237507	3309071
237508	3309077
237509	3309083
237510	3309091
237511	3309107
237512	3309121
237513	3309139
237514	3309143
237515	3309149
237516	3309167
237517	3309179
237518	3309193
237519	3309209
237520	3309221
237521	3309227
237522	3309247
237523	3309253
237524	3309269
237525	3309301
237526	3309307
237527	3309347
237528	3309353
237529	3309359
237530	3309367
237531	3309377
237532	3309379
237533	3309413
237534	3309437
237535	3309461
237536	3309463
237537	3309469
237538	3309473
237539	3309491
237540	3309499
237541	3309511
237542	3309517
237543	3309541
237544	3309563
237545	3309571
237546	3309583
237547	3309623
237548	3309637
237549	3309659
237550	3309661
237551	3309673
237552	3309689
237553	3309701
237554	3309703
237555	3309721
237556	3309739
237557	3309749
237558	3309751
237559	3309763
237560	3309809
237561	3309811
237562	3309827
237563	3309829
237564	3309833
237565	3309847
237566	3309851
237567	3309869
237568	3309919
237569	3309923
237570	3309961
237571	3309979
237572	3309991
237573	3309997
237574	3310049
237575	3310061
237576	3310063
237577	3310079
237578	3310117
237579	3310127
237580	3310129
237581	3310133
237582	3310141
237583	3310169
237584	3310171
237585	3310187
237586	3310193
237587	3310201
237588	3310207
237589	3310253
237590	3310261
237591	3310267
237592	3310271
237593	3310283
237594	3310297
237595	3310301
237596	3310357
237597	3310387
237598	3310399
237599	3310423
237600	3310429
237601	3310451
237602	3310453
237603	3310457
237604	3310469
237605	3310507
237606	3310547
237607	3310577
237608	3310589
237609	3310609
237610	3310639
237611	3310651
237612	3310663
237613	3310691
237614	3310717
237615	3310721
237616	3310739
237617	3310753
237618	3310757
237619	3310771
237620	3310777
237621	3310789
237622	3310793
237623	3310799
237624	3310819
237625	3310829
237626	3310837
237627	3310849
237628	3310859
237629	3310861
237630	3310877
237631	3310891
237632	3310927
237633	3310933
237634	3310987
237635	3310999
237636	3311027
237637	3311029
237638	3311041
237639	3311051
237640	3311059
237641	3311081
237642	3311089
237643	3311101
237644	3311117
237645	3311123
237646	3311131
237647	3311137
237648	3311173
237649	3311177
237650	3311179
237651	3311183
237652	3311213
237653	3311219
237654	3311233
237655	3311251
237656	3311299
237657	3311303
237658	3311309
237659	3311317
237660	3311359
237661	3311401
237662	3311411
237663	3311419
237664	3311431
237665	3311437
237666	3311467
237667	3311501
237668	3311509
237669	3311519
237670	3311521
237671	3311527
237672	3311531
237673	3311579
237674	3311587
237675	3311591
237676	3311593
237677	3311603
237678	3311621
237679	3311639
237680	3311641
237681	3311647
237682	3311657
237683	3311669
237684	3311683
237685	3311717
237686	3311723
237687	3311741
237688	3311797
237689	3311807
237690	3311809
237691	3311813
237692	3311827
237693	3311831
237694	3311837
237695	3311849
237696	3311851
237697	3311881
237698	3311897
237699	3311899
237700	3311911
237701	3311921
237702	3311927
237703	3311929
237704	3311933
237705	3311941
237706	3311951
237707	3311969
237708	3311983
237709	3311999
237710	3312013
237711	3312019
237712	3312031
237713	3312041
237714	3312053
237715	3312077
237716	3312091
237717	3312097
237718	3312107
237719	3312109
237720	3312139
237721	3312151
237722	3312163
237723	3312167
237724	3312173
237725	3312181
237726	3312187
237727	3312191
237728	3312193
237729	3312209
237730	3312217
237731	3312227
237732	3312307
237733	3312347
237734	3312367
237735	3312383
237736	3312389
237737	3312451
237738	3312457
237739	3312503
237740	3312511
237741	3312527
237742	3312539
237743	3312563
237744	3312571
237745	3312577
237746	3312581
237747	3312587
237748	3312599
237749	3312601
237750	3312623
237751	3312653
237752	3312679
237753	3312689
237754	3312697
237755	3312719
237756	3312731
237757	3312733
237758	3312737
237759	3312761
237760	3312767
237761	3312781
237762	3312811
237763	3312817
237764	3312823
237765	3312833
237766	3312853
237767	3312863
237768	3312887
237769	3312893
237770	3312899
237771	3312919
237772	3312929
237773	3312941
237774	3313003
237775	3313043
237776	3313067
237777	3313099
237778	3313109
237779	3313117
237780	3313139
237781	3313153
237782	3313159
237783	3313183
237784	3313199
237785	3313213
237786	3313223
237787	3313237
237788	3313241
237789	3313253
237790	3313259
237791	3313267
237792	3313291
237793	3313319
237794	3313327
237795	3313361
237796	3313363
237797	3313369
237798	3313399
237799	3313411
237800	3313417
237801	3313421
237802	3313433
237803	3313439
237804	3313477
237805	3313481
237806	3313483
237807	3313489
237808	3313561
237809	3313571
237810	3313573
237811	3313577
237812	3313591
237813	3313603
237814	3313631
237815	3313637
237816	3313649
237817	3313663
237818	3313669
237819	3313697
237820	3313699
237821	3313727
237822	3313741
237823	3313747
237824	3313763
237825	3313769
237826	3313777
237827	3313787
237828	3313823
237829	3313837
237830	3313841
237831	3313867
237832	3313873
237833	3313879
237834	3313883
237835	3313901
237836	3313903
237837	3313913
237838	3313939
237839	3313943
237840	3313949
237841	3313957
237842	3313969
237843	3313987
237844	3314009
237845	3314027
237846	3314029
237847	3314039
237848	3314119
237849	3314137
237850	3314141
237851	3314147
237852	3314159
237853	3314173
237854	3314203
237855	3314219
237856	3314237
237857	3314239
237858	3314243
237859	3314257
237860	3314261
237861	3314281
237862	3314309
237863	3314329
237864	3314347
237865	3314383
237866	3314387
237867	3314401
237868	3314407
237869	3314411
237870	3314413
237871	3314429
237872	3314447
237873	3314459
237874	3314471
237875	3314477
237876	3314501
237877	3314503
237878	3314513
237879	3314527
237880	3314537
237881	3314579
237882	3314593
237883	3314639
237884	3314651
237885	3314657
237886	3314659
237887	3314681
237888	3314687
237889	3314699
237890	3314713
237891	3314747
237892	3314767
237893	3314791
237894	3314819
237895	3314837
237896	3314879
237897	3314893
237898	3314917
237899	3314929
237900	3314933
237901	3314939
237902	3314951
237903	3314953
237904	3314963
237905	3314977
237906	3314981
237907	3315001
237908	3315007
237909	3315031
237910	3315041
237911	3315049
237912	3315071
237913	3315073
237914	3315079
237915	3315107
237916	3315121
237917	3315127
237918	3315131
237919	3315133
237920	3315157
237921	3315173
237922	3315209
237923	3315211
237924	3315223
237925	3315271
237926	3315283
237927	3315287
237928	3315317
237929	3315331
237930	3315337
237931	3315349
237932	3315353
237933	3315371
237934	3315373
237935	3315379
237936	3315401
237937	3315407
237938	3315409
237939	3315421
237940	3315439
237941	3315457
237942	3315461
237943	3315469
237944	3315491
237945	3315509
237946	3315511
237947	3315523
237948	3315577
237949	3315581
237950	3315593
237951	3315619
237952	3315643
237953	3315649
237954	3315661
237955	3315679
237956	3315701
237957	3315721
237958	3315727
237959	3315737
237960	3315757
237961	3315761
237962	3315769
237963	3315779
237964	3315817
237965	3315827
237966	3315857
237967	3315863
237968	3315877
237969	3315883
237970	3315929
237971	3315943
237972	3315971
237973	3315989
237974	3316007
237975	3316057
237976	3316067
237977	3316069
237978	3316073
237979	3316087
237980	3316129
237981	3316147
237982	3316151
237983	3316153
237984	3316169
237985	3316177
237986	3316189
237987	3316223
237988	3316253
237989	3316259
237990	3316267
237991	3316277
237992	3316283
237993	3316297
237994	3316321
237995	3316337
237996	3316361
237997	3316363
237998	3316399
237999	3316403
238000	3316427
