238001	3316441
238002	3316451
238003	3316457
238004	3316459
238005	3316471
238006	3316483
238007	3316487
238008	3316517
238009	3316519
238010	3316529
238011	3316541
238012	3316549
238013	3316553
238014	3316559
238015	3316571
238016	3316589
238017	3316601
238018	3316619
238019	3316627
238020	3316637
238021	3316639
238022	3316661
238023	3316667
238024	3316673
238025	3316681
238026	3316699
238027	3316711
238028	3316723
238029	3316799
238030	3316813
238031	3316823
238032	3316843
238033	3316847
238034	3316867
238035	3316879
238036	3316897
238037	3316903
238038	3316913
238039	3316927
238040	3316949
238041	3316961
238042	3316967
238043	3316981
238044	3316987
238045	3316993
238046	3317009
238047	3317011
238048	3317021
238049	3317033
238050	3317117
238051	3317123
238052	3317147
238053	3317177
238054	3317179
238055	3317183
238056	3317189
238057	3317201
238058	3317203
238059	3317231
238060	3317233
238061	3317239
238062	3317243
238063	3317257
238064	3317263
238065	3317273
238066	3317291
238067	3317299
238068	3317357
238069	3317417
238070	3317423
238071	3317441
238072	3317449
238073	3317507
238074	3317521
238075	3317537
238076	3317551
238077	3317557
238078	3317563
238079	3317569
238080	3317581
238081	3317591
238082	3317599
238083	3317603
238084	3317663
238085	3317689
238086	3317693
238087	3317701
238088	3317707
238089	3317711
238090	3317719
238091	3317779
238092	3317807
238093	3317813
238094	3317849
238095	3317857
238096	3317869
238097	3317879
238098	3317887
238099	3317891
238100	3317903
238101	3317933
238102	3317947
238103	3318001
238104	3318011
238105	3318013
238106	3318031
238107	3318053
238108	3318067
238109	3318083
238110	3318097
238111	3318109
238112	3318137
238113	3318143
238114	3318149
238115	3318157
238116	3318167
238117	3318173
238118	3318193
238119	3318221
238120	3318223
238121	3318229
238122	3318239
238123	3318241
238124	3318251
238125	3318283
238126	3318299
238127	3318307
238128	3318319
238129	3318323
238130	3318373
238131	3318377
238132	3318389
238133	3318409
238134	3318421
238135	3318431
238136	3318433
238137	3318449
238138	3318479
238139	3318503
238140	3318533
238141	3318547
238142	3318569
238143	3318571
238144	3318599
238145	3318613
238146	3318629
238147	3318631
238148	3318671
238149	3318683
238150	3318703
238151	3318709
238152	3318719
238153	3318769
238154	3318793
238155	3318803
238156	3318817
238157	3318841
238158	3318853
238159	3318857
238160	3318911
238161	3318919
238162	3318929
238163	3318943
238164	3318947
238165	3318983
238166	3318989
238167	3319003
238168	3319009
238169	3319031
238170	3319039
238171	3319051
238172	3319067
238173	3319081
238174	3319103
238175	3319109
238176	3319117
238177	3319123
238178	3319133
238179	3319157
238180	3319171
238181	3319177
238182	3319207
238183	3319219
238184	3319229
238185	3319249
238186	3319289
238187	3319313
238188	3319333
238189	3319361
238190	3319363
238191	3319391
238192	3319411
238193	3319417
238194	3319439
238195	3319447
238196	3319489
238197	3319493
238198	3319499
238199	3319513
238200	3319531
238201	3319541
238202	3319553
238203	3319577
238204	3319579
238205	3319583
238206	3319597
238207	3319609
238208	3319619
238209	3319621
238210	3319627
238211	3319633
238212	3319637
238213	3319639
238214	3319703
238215	3319727
238216	3319733
238217	3319741
238218	3319763
238219	3319781
238220	3319807
238221	3319819
238222	3319829
238223	3319831
238224	3319837
238225	3319861
238226	3319919
238227	3319931
238228	3319937
238229	3319951
238230	3319957
238231	3319963
238232	3319969
238233	3319997
238234	3320029
238235	3320059
238236	3320071
238237	3320081
238238	3320089
238239	3320099
238240	3320101
238241	3320129
238242	3320137
238243	3320143
238244	3320189
238245	3320197
238246	3320201
238247	3320237
238248	3320263
238249	3320281
238250	3320299
238251	3320309
238252	3320311
238253	3320341
238254	3320351
238255	3320357
238256	3320363
238257	3320371
238258	3320377
238259	3320381
238260	3320431
238261	3320477
238262	3320509
238263	3320519
238264	3320521
238265	3320539
238266	3320543
238267	3320557
238268	3320561
238269	3320567
238270	3320591
238271	3320623
238272	3320651
238273	3320663
238274	3320683
238275	3320699
238276	3320749
238277	3320753
238278	3320767
238279	3320771
238280	3320773
238281	3320777
238282	3320791
238283	3320803
238284	3320827
238285	3320833
238286	3320869
238287	3320873
238288	3320881
238289	3320887
238290	3320909
238291	3320939
238292	3320969
238293	3320971
238294	3321037
238295	3321049
238296	3321053
238297	3321077
238298	3321089
238299	3321107
238300	3321113
238301	3321119
238302	3321151
238303	3321163
238304	3321179
238305	3321203
238306	3321217
238307	3321229
238308	3321233
238309	3321251
238310	3321259
238311	3321271
238312	3321289
238313	3321293
238314	3321301
238315	3321317
238316	3321319
238317	3321323
238318	3321401
238319	3321403
238320	3321419
238321	3321421
238322	3321467
238323	3321469
238324	3321491
238325	3321497
238326	3321503
238327	3321517
238328	3321529
238329	3321541
238330	3321551
238331	3321553
238332	3321559
238333	3321583
238334	3321589
238335	3321607
238336	3321611
238337	3321623
238338	3321629
238339	3321653
238340	3321667
238341	3321677
238342	3321679
238343	3321709
238344	3321733
238345	3321737
238346	3321739
238347	3321757
238348	3321761
238349	3321763
238350	3321781
238351	3321841
238352	3321859
238353	3321887
238354	3321889
238355	3321911
238356	3321917
238357	3321937
238358	3321947
238359	3321949
238360	3321973
238361	3321977
238362	3322001
238363	3322003
238364	3322009
238365	3322013
238366	3322027
238367	3322043
238368	3322049
238369	3322069
238370	3322073
238371	3322091
238372	3322117
238373	3322129
238374	3322133
238375	3322139
238376	3322141
238377	3322147
238378	3322159
238379	3322171
238380	3322181
238381	3322213
238382	3322217
238383	3322219
238384	3322237
238385	3322261
238386	3322273
238387	3322279
238388	3322337
238389	3322343
238390	3322351
238391	3322357
238392	3322367
238393	3322369
238394	3322379
238395	3322393
238396	3322399
238397	3322421
238398	3322433
238399	3322439
238400	3322441
238401	3322507
238402	3322513
238403	3322519
238404	3322523
238405	3322537
238406	3322547
238407	3322577
238408	3322607
238409	3322621
238410	3322639
238411	3322643
238412	3322679
238413	3322687
238414	3322699
238415	3322721
238416	3322723
238417	3322727
238418	3322747
238419	3322757
238420	3322771
238421	3322783
238422	3322793
238423	3322807
238424	3322831
238425	3322843
238426	3322861
238427	3322867
238428	3322873
238429	3322877
238430	3322889
238431	3322897
238432	3322901
238433	3322903
238434	3322919
238435	3322931
238436	3322961
238437	3322981
238438	3322987
238439	3323003
238440	3323027
238441	3323029
238442	3323051
238443	3323059
238444	3323069
238445	3323093
238446	3323113
238447	3323129
238448	3323137
238449	3323141
238450	3323183
238451	3323189
238452	3323191
238453	3323207
238454	3323213
238455	3323239
238456	3323249
238457	3323311
238458	3323399
238459	3323447
238460	3323473
238461	3323497
238462	3323543
238463	3323549
238464	3323557
238465	3323561
238466	3323563
238467	3323597
238468	3323611
238469	3323623
238470	3323633
238471	3323641
238472	3323659
238473	3323681
238474	3323693
238475	3323711
238476	3323729
238477	3323731
238478	3323783
238479	3323797
238480	3323833
238481	3323843
238482	3323861
238483	3323867
238484	3323869
238485	3323921
238486	3323923
238487	3323933
238488	3323939
238489	3323941
238490	3323977
238491	3323989
238492	3324017
238493	3324019
238494	3324047
238495	3324049
238496	3324053
238497	3324077
238498	3324089
238499	3324091
238500	3324103
238501	3324109
238502	3324127
238503	3324133
238504	3324137
238505	3324143
238506	3324151
238507	3324179
238508	3324187
238509	3324193
238510	3324199
238511	3324203
238512	3324227
238513	3324247
238514	3324257
238515	3324283
238516	3324301
238517	3324311
238518	3324323
238519	3324329
238520	3324341
238521	3324353
238522	3324359
238523	3324361
238524	3324371
238525	3324389
238526	3324407
238527	3324421
238528	3324437
238529	3324457
238530	3324467
238531	3324491
238532	3324499
238533	3324509
238534	3324521
238535	3324523
238536	3324527
238537	3324551
238538	3324569
238539	3324577
238540	3324593
238541	3324599
238542	3324611
238543	3324613
238544	3324619
238545	3324623
238546	3324641
238547	3324661
238548	3324679
238549	3324689
238550	3324697
238551	3324701
238552	3324703
238553	3324721
238554	3324751
238555	3324757
238556	3324779
238557	3324793
238558	3324817
238559	3324847
238560	3324863
238561	3324913
238562	3324929
238563	3324941
238564	3324947
238565	3324961
238566	3324983
238567	3324989
238568	3324991
238569	3325027
238570	3325033
238571	3325039
238572	3325043
238573	3325051
238574	3325067
238575	3325093
238576	3325097
238577	3325099
238578	3325121
238579	3325123
238580	3325159
238581	3325177
238582	3325187
238583	3325211
238584	3325219
238585	3325237
238586	3325243
238587	3325249
238588	3325253
238589	3325261
238590	3325279
238591	3325291
238592	3325303
238593	3325313
238594	3325321
238595	3325327
238596	3325331
238597	3325349
238598	3325351
238599	3325373
238600	3325381
238601	3325393
238602	3325403
238603	3325429
238604	3325433
238605	3325447
238606	3325457
238607	3325519
238608	3325541
238609	3325549
238610	3325573
238611	3325631
238612	3325643
238613	3325657
238614	3325681
238615	3325687
238616	3325709
238617	3325717
238618	3325733
238619	3325739
238620	3325747
238621	3325759
238622	3325769
238623	3325787
238624	3325789
238625	3325793
238626	3325801
238627	3325811
238628	3325831
238629	3325849
238630	3325859
238631	3325867
238632	3325877
238633	3325901
238634	3325913
238635	3325937
238636	3325943
238637	3325957
238638	3325963
238639	3325991
238640	3325997
238641	3326009
238642	3326023
238643	3326047
238644	3326051
238645	3326069
238646	3326107
238647	3326111
238648	3326117
238649	3326119
238650	3326123
238651	3326129
238652	3326153
238653	3326171
238654	3326173
238655	3326177
238656	3326201
238657	3326209
238658	3326249
238659	3326287
238660	3326291
238661	3326299
238662	3326327
238663	3326347
238664	3326363
238665	3326377
238666	3326383
238667	3326399
238668	3326413
238669	3326417
238670	3326423
238671	3326431
238672	3326443
238673	3326471
238674	3326489
238675	3326507
238676	3326549
238677	3326567
238678	3326569
238679	3326573
238680	3326581
238681	3326593
238682	3326621
238683	3326623
238684	3326627
238685	3326629
238686	3326663
238687	3326669
238688	3326671
238689	3326711
238690	3326717
238691	3326753
238692	3326761
238693	3326773
238694	3326783
238695	3326821
238696	3326831
238697	3326857
238698	3326861
238699	3326887
238700	3326891
238701	3326899
238702	3326933
238703	3326941
238704	3326971
238705	3326977
238706	3327011
238707	3327031
238708	3327043
238709	3327061
238710	3327089
238711	3327091
238712	3327101
238713	3327167
238714	3327169
238715	3327173
238716	3327179
238717	3327193
238718	3327227
238719	3327229
238720	3327239
238721	3327251
238722	3327253
238723	3327281
238724	3327283
238725	3327329
238726	3327347
238727	3327349
238728	3327353
238729	3327361
238730	3327371
238731	3327377
238732	3327397
238733	3327403
238734	3327407
238735	3327409
238736	3327419
238737	3327491
238738	3327497
238739	3327517
238740	3327523
238741	3327551
238742	3327607
238743	3327629
238744	3327637
238745	3327673
238746	3327677
238747	3327697
238748	3327707
238749	3327713
238750	3327749
238751	3327761
238752	3327763
238753	3327769
238754	3327773
238755	3327787
238756	3327791
238757	3327803
238758	3327811
238759	3327833
238760	3327839
238761	3327859
238762	3327871
238763	3327901
238764	3327911
238765	3327931
238766	3327941
238767	3327949
238768	3327967
238769	3327991
238770	3328007
238771	3328019
238772	3328037
238773	3328043
238774	3328049
238775	3328063
238776	3328111
238777	3328121
238778	3328133
238779	3328139
238780	3328153
238781	3328159
238782	3328163
238783	3328177
238784	3328201
238785	3328207
238786	3328219
238787	3328229
238788	3328231
238789	3328271
238790	3328291
238791	3328319
238792	3328327
238793	3328373
238794	3328387
238795	3328393
238796	3328411
238797	3328427
238798	3328433
238799	3328441
238800	3328459
238801	3328463
238802	3328469
238803	3328487
238804	3328499
238805	3328513
238806	3328519
238807	3328531
238808	3328541
238809	3328561
238810	3328573
238811	3328597
238812	3328601
238813	3328621
238814	3328679
238815	3328697
238816	3328723
238817	3328729
238818	3328739
238819	3328747
238820	3328763
238821	3328777
238822	3328783
238823	3328789
238824	3328799
238825	3328807
238826	3328837
238827	3328849
238828	3328879
238829	3328883
238830	3328891
238831	3328901
238832	3328903
238833	3328907
238834	3328909
238835	3328961
238836	3328967
238837	3328979
238838	3328987
238839	3328993
238840	3329003
238841	3329023
238842	3329033
238843	3329041
238844	3329083
238845	3329087
238846	3329101
238847	3329129
238848	3329141
238849	3329147
238850	3329173
238851	3329177
238852	3329201
238853	3329231
238854	3329233
238855	3329251
238856	3329257
238857	3329267
238858	3329281
238859	3329303
238860	3329309
238861	3329327
238862	3329341
238863	3329353
238864	3329363
238865	3329377
238866	3329387
238867	3329423
238868	3329437
238869	3329449
238870	3329453
238871	3329477
238872	3329483
238873	3329507
238874	3329531
238875	3329539
238876	3329551
238877	3329561
238878	3329567
238879	3329581
238880	3329587
238881	3329609
238882	3329611
238883	3329629
238884	3329633
238885	3329653
238886	3329657
238887	3329659
238888	3329707
238889	3329713
238890	3329717
238891	3329723
238892	3329737
238893	3329743
238894	3329747
238895	3329759
238896	3329761
238897	3329789
238898	3329801
238899	3329819
238900	3329839
238901	3329861
238902	3329873
238903	3329881
238904	3329899
238905	3329923
238906	3329933
238907	3329939
238908	3329981
238909	3329993
238910	3329999
238911	3330013
238912	3330053
238913	3330083
238914	3330121
238915	3330133
238916	3330139
238917	3330167
238918	3330169
238919	3330179
238920	3330211
238921	3330227
238922	3330247
238923	3330251
238924	3330281
238925	3330287
238926	3330289
238927	3330293
238928	3330311
238929	3330323
238930	3330391
238931	3330401
238932	3330409
238933	3330421
238934	3330427
238935	3330461
238936	3330473
238937	3330493
238938	3330497
238939	3330511
238940	3330527
238941	3330557
238942	3330577
238943	3330583
238944	3330611
238945	3330617
238946	3330641
238947	3330659
238948	3330667
238949	3330697
238950	3330721
238951	3330731
238952	3330739
238953	3330763
238954	3330773
238955	3330781
238956	3330787
238957	3330809
238958	3330863
238959	3330889
238960	3330907
238961	3330913
238962	3330923
238963	3330941
238964	3330949
238965	3330959
238966	3330961
238967	3330967
238968	3330973
238969	3330979
238970	3330983
238971	3331001
238972	3331033
238973	3331037
238974	3331051
238975	3331079
238976	3331087
238977	3331091
238978	3331093
238979	3331109
238980	3331129
238981	3331151
238982	3331157
238983	3331169
238984	3331171
238985	3331177
238986	3331187
238987	3331189
238988	3331217
238989	3331247
238990	3331267
238991	3331301
238992	3331309
238993	3331319
238994	3331331
238995	3331333
238996	3331357
238997	3331381
238998	3331399
238999	3331409
239000	3331423
