239001	3331451
239002	3331453
239003	3331457
239004	3331463
239005	3331487
239006	3331499
239007	3331519
239008	3331561
239009	3331577
239010	3331621
239011	3331639
239012	3331649
239013	3331651
239014	3331661
239015	3331673
239016	3331733
239017	3331747
239018	3331753
239019	3331763
239020	3331799
239021	3331829
239022	3331831
239023	3331837
239024	3331891
239025	3331921
239026	3331927
239027	3331931
239028	3331943
239029	3331957
239030	3331963
239031	3331981
239032	3331997
239033	3332039
239034	3332041
239035	3332053
239036	3332059
239037	3332083
239038	3332089
239039	3332093
239040	3332107
239041	3332137
239042	3332149
239043	3332167
239044	3332191
239045	3332207
239046	3332213
239047	3332233
239048	3332267
239049	3332279
239050	3332281
239051	3332291
239052	3332297
239053	3332321
239054	3332339
239055	3332341
239056	3332363
239057	3332383
239058	3332387
239059	3332389
239060	3332393
239061	3332411
239062	3332431
239063	3332437
239064	3332471
239065	3332489
239066	3332501
239067	3332503
239068	3332507
239069	3332551
239070	3332579
239071	3332591
239072	3332611
239073	3332617
239074	3332687
239075	3332713
239076	3332737
239077	3332741
239078	3332743
239079	3332761
239080	3332807
239081	3332827
239082	3332831
239083	3332843
239084	3332863
239085	3332869
239086	3332897
239087	3332921
239088	3332929
239089	3332933
239090	3332957
239091	3332963
239092	3332983
239093	3333007
239094	3333019
239095	3333047
239096	3333053
239097	3333061
239098	3333067
239099	3333097
239100	3333103
239101	3333119
239102	3333131
239103	3333133
239104	3333163
239105	3333199
239106	3333203
239107	3333217
239108	3333221
239109	3333233
239110	3333251
239111	3333257
239112	3333263
239113	3333277
239114	3333283
239115	3333301
239116	3333307
239117	3333311
239118	3333313
239119	3333331
239120	3333373
239121	3333383
239122	3333391
239123	3333397
239124	3333401
239125	3333419
239126	3333427
239127	3333431
239128	3333433
239129	3333439
239130	3333469
239131	3333481
239132	3333497
239133	3333509
239134	3333511
239135	3333527
239136	3333593
239137	3333601
239138	3333611
239139	3333619
239140	3333641
239141	3333653
239142	3333679
239143	3333697
239144	3333703
239145	3333727
239146	3333739
239147	3333749
239148	3333761
239149	3333767
239150	3333773
239151	3333787
239152	3333791
239153	3333809
239154	3333823
239155	3333893
239156	3333901
239157	3333907
239158	3333917
239159	3333923
239160	3333931
239161	3333943
239162	3333961
239163	3333971
239164	3333977
239165	3334049
239166	3334087
239167	3334099
239168	3334109
239169	3334117
239170	3334127
239171	3334141
239172	3334147
239173	3334153
239174	3334171
239175	3334189
239176	3334223
239177	3334237
239178	3334271
239179	3334273
239180	3334297
239181	3334301
239182	3334307
239183	3334337
239184	3334339
239185	3334351
239186	3334361
239187	3334393
239188	3334399
239189	3334411
239190	3334451
239191	3334493
239192	3334531
239193	3334543
239194	3334549
239195	3334559
239196	3334561
239197	3334579
239198	3334613
239199	3334651
239200	3334663
239201	3334673
239202	3334679
239203	3334711
239204	3334733
239205	3334753
239206	3334787
239207	3334789
239208	3334801
239209	3334811
239210	3334819
239211	3334829
239212	3334841
239213	3334843
239214	3334879
239215	3334889
239216	3334901
239217	3334939
239218	3334943
239219	3334963
239220	3334967
239221	3334973
239222	3334987
239223	3334999
239224	3335021
239225	3335047
239226	3335071
239227	3335081
239228	3335099
239229	3335113
239230	3335119
239231	3335141
239232	3335149
239233	3335159
239234	3335173
239235	3335201
239236	3335221
239237	3335239
239238	3335249
239239	3335251
239240	3335257
239241	3335263
239242	3335273
239243	3335303
239244	3335351
239245	3335359
239246	3335369
239247	3335389
239248	3335413
239249	3335471
239250	3335489
239251	3335503
239252	3335531
239253	3335533
239254	3335537
239255	3335561
239256	3335567
239257	3335573
239258	3335581
239259	3335593
239260	3335597
239261	3335599
239262	3335611
239263	3335623
239264	3335627
239265	3335669
239266	3335671
239267	3335677
239268	3335701
239269	3335707
239270	3335737
239271	3335743
239272	3335747
239273	3335749
239274	3335753
239275	3335771
239276	3335777
239277	3335789
239278	3335803
239279	3335807
239280	3335819
239281	3335821
239282	3335833
239283	3335867
239284	3335903
239285	3335923
239286	3335947
239287	3335951
239288	3335953
239289	3335971
239290	3335999
239291	3336017
239292	3336071
239293	3336089
239294	3336101
239295	3336103
239296	3336161
239297	3336167
239298	3336181
239299	3336209
239300	3336227
239301	3336239
239302	3336269
239303	3336271
239304	3336283
239305	3336299
239306	3336317
239307	3336323
239308	3336341
239309	3336379
239310	3336383
239311	3336409
239312	3336451
239313	3336461
239314	3336467
239315	3336469
239316	3336481
239317	3336491
239318	3336511
239319	3336523
239320	3336547
239321	3336563
239322	3336569
239323	3336583
239324	3336601
239325	3336617
239326	3336629
239327	3336643
239328	3336649
239329	3336659
239330	3336661
239331	3336677
239332	3336689
239333	3336713
239334	3336727
239335	3336731
239336	3336779
239337	3336797
239338	3336803
239339	3336829
239340	3336833
239341	3336887
239342	3336899
239343	3336917
239344	3336923
239345	3336937
239346	3336941
239347	3336967
239348	3336979
239349	3337007
239350	3337013
239351	3337021
239352	3337043
239353	3337051
239354	3337063
239355	3337073
239356	3337109
239357	3337111
239358	3337121
239359	3337123
239360	3337129
239361	3337133
239362	3337171
239363	3337177
239364	3337189
239365	3337199
239366	3337211
239367	3337237
239368	3337261
239369	3337283
239370	3337307
239371	3337309
239372	3337319
239373	3337333
239374	3337339
239375	3337351
239376	3337361
239377	3337379
239378	3337381
239379	3337391
239380	3337393
239381	3337403
239382	3337409
239383	3337421
239384	3337427
239385	3337447
239386	3337469
239387	3337489
239388	3337501
239389	3337561
239390	3337577
239391	3337583
239392	3337591
239393	3337601
239394	3337603
239395	3337619
239396	3337637
239397	3337643
239398	3337669
239399	3337709
239400	3337721
239401	3337723
239402	3337757
239403	3337759
239404	3337777
239405	3337823
239406	3337837
239407	3337847
239408	3337861
239409	3337879
239410	3337883
239411	3337889
239412	3337891
239413	3337903
239414	3337909
239415	3337927
239416	3337931
239417	3337937
239418	3337951
239419	3337969
239420	3337973
239421	3337979
239422	3337991
239423	3338003
239424	3338017
239425	3338033
239426	3338039
239427	3338051
239428	3338057
239429	3338089
239430	3338117
239431	3338119
239432	3338131
239433	3338143
239434	3338147
239435	3338189
239436	3338201
239437	3338213
239438	3338249
239439	3338263
239440	3338329
239441	3338339
239442	3338351
239443	3338369
239444	3338371
239445	3338407
239446	3338429
239447	3338431
239448	3338437
239449	3338441
239450	3338501
239451	3338513
239452	3338527
239453	3338537
239454	3338549
239455	3338557
239456	3338581
239457	3338593
239458	3338597
239459	3338603
239460	3338609
239461	3338617
239462	3338627
239463	3338639
239464	3338651
239465	3338689
239466	3338701
239467	3338717
239468	3338719
239469	3338747
239470	3338759
239471	3338767
239472	3338773
239473	3338791
239474	3338807
239475	3338849
239476	3338861
239477	3338873
239478	3338879
239479	3338893
239480	3338897
239481	3338899
239482	3338903
239483	3338921
239484	3338939
239485	3338963
239486	3338971
239487	3338977
239488	3338981
239489	3338989
239490	3339019
239491	3339029
239492	3339043
239493	3339047
239494	3339067
239495	3339113
239496	3339121
239497	3339131
239498	3339137
239499	3339143
239500	3339151
239501	3339169
239502	3339179
239503	3339221
239504	3339229
239505	3339247
239506	3339257
239507	3339283
239508	3339313
239509	3339317
239510	3339319
239511	3339331
239512	3339353
239513	3339367
239514	3339373
239515	3339403
239516	3339407
239517	3339431
239518	3339449
239519	3339451
239520	3339467
239521	3339487
239522	3339493
239523	3339503
239524	3339521
239525	3339527
239526	3339529
239527	3339563
239528	3339571
239529	3339587
239530	3339601
239531	3339607
239532	3339617
239533	3339629
239534	3339643
239535	3339647
239536	3339653
239537	3339659
239538	3339673
239539	3339709
239540	3339751
239541	3339797
239542	3339857
239543	3339859
239544	3339863
239545	3339881
239546	3339887
239547	3339893
239548	3339913
239549	3339937
239550	3339943
239551	3339949
239552	3339967
239553	3339977
239554	3339979
239555	3339989
239556	3340009
239557	3340021
239558	3340039
239559	3340061
239560	3340079
239561	3340091
239562	3340093
239563	3340097
239564	3340123
239565	3340153
239566	3340159
239567	3340163
239568	3340189
239569	3340193
239570	3340201
239571	3340217
239572	3340223
239573	3340277
239574	3340291
239575	3340297
239576	3340301
239577	3340327
239578	3340331
239579	3340339
239580	3340349
239581	3340367
239582	3340387
239583	3340391
239584	3340411
239585	3340417
239586	3340427
239587	3340429
239588	3340453
239589	3340459
239590	3340487
239591	3340499
239592	3340507
239593	3340511
239594	3340531
239595	3340549
239596	3340577
239597	3340609
239598	3340633
239599	3340657
239600	3340669
239601	3340679
239602	3340691
239603	3340697
239604	3340703
239605	3340709
239606	3340723
239607	3340747
239608	3340769
239609	3340811
239610	3340817
239611	3340837
239612	3340847
239613	3340849
239614	3340853
239615	3340859
239616	3340871
239617	3340873
239618	3340877
239619	3340879
239620	3340907
239621	3340913
239622	3340919
239623	3340927
239624	3340933
239625	3340943
239626	3340949
239627	3340951
239628	3340969
239629	3340973
239630	3341021
239631	3341029
239632	3341033
239633	3341053
239634	3341059
239635	3341069
239636	3341077
239637	3341083
239638	3341099
239639	3341101
239640	3341113
239641	3341161
239642	3341167
239643	3341171
239644	3341179
239645	3341203
239646	3341227
239647	3341237
239648	3341251
239649	3341267
239650	3341269
239651	3341281
239652	3341291
239653	3341309
239654	3341311
239655	3341323
239656	3341341
239657	3341363
239658	3341369
239659	3341389
239660	3341399
239661	3341411
239662	3341413
239663	3341419
239664	3341449
239665	3341483
239666	3341489
239667	3341501
239668	3341531
239669	3341539
239670	3341557
239671	3341561
239672	3341579
239673	3341599
239674	3341603
239675	3341609
239676	3341617
239677	3341627
239678	3341669
239679	3341677
239680	3341687
239681	3341719
239682	3341731
239683	3341743
239684	3341753
239685	3341761
239686	3341773
239687	3341783
239688	3341801
239689	3341813
239690	3341827
239691	3341839
239692	3341857
239693	3341879
239694	3341881
239695	3341903
239696	3341953
239697	3341959
239698	3341971
239699	3341993
239700	3342023
239701	3342037
239702	3342067
239703	3342071
239704	3342077
239705	3342091
239706	3342103
239707	3342113
239708	3342133
239709	3342137
239710	3342139
239711	3342151
239712	3342167
239713	3342179
239714	3342193
239715	3342223
239716	3342239
239717	3342257
239718	3342263
239719	3342277
239720	3342293
239721	3342299
239722	3342301
239723	3342307
239724	3342323
239725	3342331
239726	3342341
239727	3342371
239728	3342379
239729	3342413
239730	3342419
239731	3342439
239732	3342457
239733	3342473
239734	3342481
239735	3342487
239736	3342491
239737	3342503
239738	3342509
239739	3342529
239740	3342539
239741	3342541
239742	3342553
239743	3342571
239744	3342583
239745	3342587
239746	3342589
239747	3342601
239748	3342611
239749	3342623
239750	3342629
239751	3342667
239752	3342671
239753	3342673
239754	3342679
239755	3342683
239756	3342709
239757	3342719
239758	3342721
239759	3342733
239760	3342737
239761	3342793
239762	3342809
239763	3342821
239764	3342847
239765	3342877
239766	3342883
239767	3342887
239768	3342901
239769	3342943
239770	3342959
239771	3342961
239772	3342973
239773	3342979
239774	3343013
239775	3343037
239776	3343051
239777	3343097
239778	3343111
239779	3343127
239780	3343129
239781	3343141
239782	3343147
239783	3343217
239784	3343229
239785	3343243
239786	3343247
239787	3343261
239788	3343273
239789	3343279
239790	3343289
239791	3343309
239792	3343337
239793	3343343
239794	3343369
239795	3343387
239796	3343391
239797	3343397
239798	3343409
239799	3343421
239800	3343433
239801	3343447
239802	3343453
239803	3343469
239804	3343481
239805	3343499
239806	3343511
239807	3343531
239808	3343547
239809	3343553
239810	3343559
239811	3343607
239812	3343631
239813	3343649
239814	3343651
239815	3343661
239816	3343663
239817	3343693
239818	3343699
239819	3343733
239820	3343741
239821	3343751
239822	3343757
239823	3343771
239824	3343777
239825	3343789
239826	3343817
239827	3343831
239828	3343853
239829	3343861
239830	3343871
239831	3343889
239832	3343891
239833	3343897
239834	3343957
239835	3344021
239836	3344027
239837	3344041
239838	3344113
239839	3344119
239840	3344147
239841	3344161
239842	3344213
239843	3344227
239844	3344261
239845	3344267
239846	3344273
239847	3344279
239848	3344287
239849	3344303
239850	3344317
239851	3344321
239852	3344333
239853	3344339
239854	3344351
239855	3344371
239856	3344377
239857	3344387
239858	3344389
239859	3344401
239860	3344417
239861	3344423
239862	3344431
239863	3344441
239864	3344443
239865	3344449
239866	3344491
239867	3344501
239868	3344503
239869	3344507
239870	3344519
239871	3344521
239872	3344527
239873	3344543
239874	3344557
239875	3344587
239876	3344611
239877	3344617
239878	3344629
239879	3344633
239880	3344647
239881	3344681
239882	3344701
239883	3344711
239884	3344717
239885	3344723
239886	3344749
239887	3344791
239888	3344819
239889	3344827
239890	3344833
239891	3344897
239892	3344899
239893	3344909
239894	3344921
239895	3344941
239896	3344951
239897	3344977
239898	3344987
239899	3345029
239900	3345047
239901	3345071
239902	3345091
239903	3345119
239904	3345127
239905	3345137
239906	3345161
239907	3345169
239908	3345187
239909	3345191
239910	3345193
239911	3345217
239912	3345229
239913	3345233
239914	3345247
239915	3345253
239916	3345259
239917	3345263
239918	3345317
239919	3345323
239920	3345361
239921	3345383
239922	3345401
239923	3345409
239924	3345431
239925	3345439
239926	3345451
239927	3345457
239928	3345467
239929	3345479
239930	3345491
239931	3345493
239932	3345509
239933	3345523
239934	3345541
239935	3345581
239936	3345593
239937	3345607
239938	3345611
239939	3345659
239940	3345679
239941	3345703
239942	3345709
239943	3345721
239944	3345739
239945	3345757
239946	3345763
239947	3345781
239948	3345829
239949	3345841
239950	3345847
239951	3345857
239952	3345877
239953	3345893
239954	3345907
239955	3345917
239956	3345929
239957	3345931
239958	3345941
239959	3345961
239960	3345967
239961	3345989
239962	3346003
239963	3346019
239964	3346039
239965	3346061
239966	3346099
239967	3346111
239968	3346139
239969	3346151
239970	3346157
239971	3346199
239972	3346219
239973	3346237
239974	3346241
239975	3346253
239976	3346267
239977	3346279
239978	3346307
239979	3346309
239980	3346327
239981	3346333
239982	3346349
239983	3346351
239984	3346363
239985	3346373
239986	3346417
239987	3346457
239988	3346463
239989	3346471
239990	3346493
239991	3346507
239992	3346517
239993	3346531
239994	3346537
239995	3346547
239996	3346549
239997	3346559
239998	3346589
239999	3346591
240000	3346601
