240001	3346621
240002	3346633
240003	3346649
240004	3346663
240005	3346669
240006	3346709
240007	3346711
240008	3346723
240009	3346751
240010	3346757
240011	3346781
240012	3346801
240013	3346817
240014	3346843
240015	3346859
240016	3346867
240017	3346877
240018	3346883
240019	3346901
240020	3346913
240021	3346921
240022	3346927
240023	3346951
240024	3346961
240025	3346963
240026	3346979
240027	3346999
240028	3347033
240029	3347053
240030	3347081
240031	3347087
240032	3347161
240033	3347171
240034	3347231
240035	3347243
240036	3347251
240037	3347257
240038	3347261
240039	3347263
240040	3347273
240041	3347291
240042	3347297
240043	3347299
240044	3347303
240045	3347327
240046	3347329
240047	3347341
240048	3347369
240049	3347413
240050	3347417
240051	3347423
240052	3347429
240053	3347431
240054	3347447
240055	3347459
240056	3347471
240057	3347503
240058	3347543
240059	3347549
240060	3347551
240061	3347573
240062	3347599
240063	3347633
240064	3347647
240065	3347651
240066	3347653
240067	3347671
240068	3347677
240069	3347683
240070	3347689
240071	3347699
240072	3347713
240073	3347749
240074	3347753
240075	3347767
240076	3347779
240077	3347831
240078	3347833
240079	3347843
240080	3347867
240081	3347873
240082	3347879
240083	3347887
240084	3347891
240085	3347893
240086	3347909
240087	3347921
240088	3347947
240089	3347959
240090	3347983
240091	3347987
240092	3347989
240093	3348001
240094	3348011
240095	3348013
240096	3348017
240097	3348029
240098	3348043
240099	3348053
240100	3348061
240101	3348067
240102	3348083
240103	3348097
240104	3348113
240105	3348119
240106	3348131
240107	3348157
240108	3348223
240109	3348227
240110	3348239
240111	3348263
240112	3348283
240113	3348287
240114	3348307
240115	3348349
240116	3348353
240117	3348361
240118	3348377
240119	3348391
240120	3348407
240121	3348413
240122	3348419
240123	3348461
240124	3348479
240125	3348481
240126	3348493
240127	3348497
240128	3348533
240129	3348551
240130	3348557
240131	3348563
240132	3348571
240133	3348577
240134	3348581
240135	3348599
240136	3348613
240137	3348623
240138	3348641
240139	3348647
240140	3348661
240141	3348673
240142	3348707
240143	3348733
240144	3348767
240145	3348773
240146	3348809
240147	3348811
240148	3348817
240149	3348827
240150	3348841
240151	3348853
240152	3348887
240153	3348893
240154	3348913
240155	3348929
240156	3348937
240157	3348953
240158	3348973
240159	3348977
240160	3348991
240161	3349001
240162	3349013
240163	3349033
240164	3349037
240165	3349039
240166	3349057
240167	3349061
240168	3349069
240169	3349097
240170	3349103
240171	3349109
240172	3349121
240173	3349127
240174	3349139
240175	3349163
240176	3349183
240177	3349189
240178	3349201
240179	3349211
240180	3349217
240181	3349231
240182	3349259
240183	3349273
240184	3349279
240185	3349309
240186	3349321
240187	3349343
240188	3349349
240189	3349393
240190	3349403
240191	3349417
240192	3349427
240193	3349429
240194	3349439
240195	3349447
240196	3349469
240197	3349501
240198	3349517
240199	3349543
240200	3349579
240201	3349597
240202	3349601
240203	3349603
240204	3349613
240205	3349637
240206	3349639
240207	3349649
240208	3349667
240209	3349673
240210	3349691
240211	3349699
240212	3349727
240213	3349733
240214	3349763
240215	3349769
240216	3349771
240217	3349777
240218	3349783
240219	3349793
240220	3349807
240221	3349817
240222	3349847
240223	3349859
240224	3349861
240225	3349873
240226	3349903
240227	3349919
240228	3349921
240229	3349939
240230	3349999
240231	3350021
240232	3350027
240233	3350029
240234	3350107
240235	3350131
240236	3350143
240237	3350147
240238	3350159
240239	3350161
240240	3350209
240241	3350219
240242	3350261
240243	3350273
240244	3350279
240245	3350297
240246	3350299
240247	3350329
240248	3350339
240249	3350351
240250	3350353
240251	3350371
240252	3350381
240253	3350383
240254	3350393
240255	3350407
240256	3350423
240257	3350429
240258	3350453
240259	3350467
240260	3350471
240261	3350519
240262	3350527
240263	3350531
240264	3350549
240265	3350569
240266	3350579
240267	3350591
240268	3350597
240269	3350621
240270	3350629
240271	3350651
240272	3350653
240273	3350657
240274	3350681
240275	3350687
240276	3350719
240277	3350723
240278	3350729
240279	3350741
240280	3350777
240281	3350779
240282	3350803
240283	3350827
240284	3350833
240285	3350839
240286	3350843
240287	3350857
240288	3350881
240289	3350909
240290	3350911
240291	3350923
240292	3350929
240293	3350951
240294	3350953
240295	3350969
240296	3350981
240297	3350983
240298	3350993
240299	3350999
240300	3351001
240301	3351013
240302	3351071
240303	3351083
240304	3351097
240305	3351107
240306	3351109
240307	3351113
240308	3351121
240309	3351191
240310	3351197
240311	3351203
240312	3351209
240313	3351223
240314	3351233
240315	3351251
240316	3351263
240317	3351287
240318	3351289
240319	3351301
240320	3351319
240321	3351331
240322	3351343
240323	3351367
240324	3351371
240325	3351389
240326	3351419
240327	3351421
240328	3351427
240329	3351449
240330	3351451
240331	3351461
240332	3351511
240333	3351521
240334	3351527
240335	3351553
240336	3351589
240337	3351599
240338	3351611
240339	3351631
240340	3351637
240341	3351643
240342	3351653
240343	3351671
240344	3351679
240345	3351683
240346	3351743
240347	3351749
240348	3351763
240349	3351779
240350	3351797
240351	3351823
240352	3351841
240353	3351851
240354	3351869
240355	3351877
240356	3351883
240357	3351947
240358	3351949
240359	3352003
240360	3352031
240361	3352033
240362	3352039
240363	3352067
240364	3352073
240365	3352093
240366	3352099
240367	3352147
240368	3352169
240369	3352177
240370	3352183
240371	3352187
240372	3352199
240373	3352249
240374	3352267
240375	3352277
240376	3352289
240377	3352339
240378	3352343
240379	3352361
240380	3352373
240381	3352381
240382	3352387
240383	3352397
240384	3352403
240385	3352469
240386	3352471
240387	3352477
240388	3352483
240389	3352511
240390	3352537
240391	3352571
240392	3352627
240393	3352633
240394	3352639
240395	3352669
240396	3352703
240397	3352709
240398	3352711
240399	3352729
240400	3352763
240401	3352787
240402	3352807
240403	3352831
240404	3352837
240405	3352841
240406	3352879
240407	3352889
240408	3352901
240409	3352919
240410	3352957
240411	3352967
240412	3352969
240413	3352981
240414	3353003
240415	3353023
240416	3353041
240417	3353047
240418	3353057
240419	3353069
240420	3353081
240421	3353087
240422	3353089
240423	3353093
240424	3353107
240425	3353111
240426	3353113
240427	3353153
240428	3353171
240429	3353191
240430	3353197
240431	3353201
240432	3353209
240433	3353213
240434	3353219
240435	3353221
240436	3353227
240437	3353237
240438	3353243
240439	3353249
240440	3353281
240441	3353293
240442	3353297
240443	3353303
240444	3353321
240445	3353323
240446	3353333
240447	3353341
240448	3353351
240449	3353359
240450	3353381
240451	3353393
240452	3353411
240453	3353429
240454	3353447
240455	3353461
240456	3353477
240457	3353491
240458	3353533
240459	3353579
240460	3353587
240461	3353599
240462	3353617
240463	3353621
240464	3353627
240465	3353663
240466	3353683
240467	3353687
240468	3353711
240469	3353729
240470	3353767
240471	3353773
240472	3353789
240473	3353803
240474	3353807
240475	3353813
240476	3353851
240477	3353869
240478	3353881
240479	3353891
240480	3353927
240481	3354007
240482	3354017
240483	3354031
240484	3354037
240485	3354059
240486	3354073
240487	3354079
240488	3354097
240489	3354119
240490	3354121
240491	3354133
240492	3354149
240493	3354157
240494	3354173
240495	3354187
240496	3354191
240497	3354233
240498	3354269
240499	3354283
240500	3354289
240501	3354313
240502	3354331
240503	3354341
240504	3354349
240505	3354359
240506	3354367
240507	3354371
240508	3354391
240509	3354397
240510	3354409
240511	3354427
240512	3354433
240513	3354443
240514	3354467
240515	3354493
240516	3354503
240517	3354509
240518	3354511
240519	3354521
240520	3354539
240521	3354553
240522	3354581
240523	3354587
240524	3354599
240525	3354613
240526	3354641
240527	3354647
240528	3354649
240529	3354667
240530	3354671
240531	3354683
240532	3354707
240533	3354721
240534	3354733
240535	3354737
240536	3354739
240537	3354761
240538	3354781
240539	3354787
240540	3354809
240541	3354823
240542	3354853
240543	3354881
240544	3354929
240545	3354971
240546	3354973
240547	3354983
240548	3354991
240549	3355013
240550	3355021
240551	3355031
240552	3355057
240553	3355063
240554	3355067
240555	3355073
240556	3355081
240557	3355087
240558	3355127
240559	3355141
240560	3355151
240561	3355181
240562	3355193
240563	3355201
240564	3355207
240565	3355241
240566	3355243
240567	3355259
240568	3355291
240569	3355337
240570	3355349
240571	3355357
240572	3355369
240573	3355403
240574	3355411
240575	3355423
240576	3355439
240577	3355453
240578	3355459
240579	3355487
240580	3355489
240581	3355519
240582	3355529
240583	3355543
240584	3355553
240585	3355577
240586	3355601
240587	3355603
240588	3355621
240589	3355633
240590	3355643
240591	3355661
240592	3355663
240593	3355669
240594	3355699
240595	3355711
240596	3355717
240597	3355733
240598	3355739
240599	3355747
240600	3355757
240601	3355777
240602	3355811
240603	3355813
240604	3355819
240605	3355831
240606	3355853
240607	3355867
240608	3355871
240609	3355873
240610	3355901
240611	3355949
240612	3355991
240613	3355993
240614	3355997
240615	3356039
240616	3356047
240617	3356051
240618	3356053
240619	3356057
240620	3356081
240621	3356117
240622	3356147
240623	3356149
240624	3356161
240625	3356173
240626	3356203
240627	3356209
240628	3356237
240629	3356239
240630	3356263
240631	3356267
240632	3356273
240633	3356303
240634	3356323
240635	3356341
240636	3356347
240637	3356357
240638	3356387
240639	3356389
240640	3356393
240641	3356417
240642	3356447
240643	3356449
240644	3356471
240645	3356513
240646	3356539
240647	3356557
240648	3356567
240649	3356581
240650	3356593
240651	3356641
240652	3356651
240653	3356657
240654	3356699
240655	3356707
240656	3356723
240657	3356741
240658	3356761
240659	3356777
240660	3356783
240661	3356791
240662	3356797
240663	3356833
240664	3356887
240665	3356893
240666	3356921
240667	3356929
240668	3356933
240669	3356971
240670	3356981
240671	3356987
240672	3356993
240673	3356999
240674	3357001
240675	3357019
240676	3357037
240677	3357043
240678	3357061
240679	3357071
240680	3357113
240681	3357157
240682	3357161
240683	3357181
240684	3357199
240685	3357209
240686	3357217
240687	3357223
240688	3357239
240689	3357247
240690	3357251
240691	3357253
240692	3357259
240693	3357293
240694	3357307
240695	3357323
240696	3357337
240697	3357349
240698	3357353
240699	3357407
240700	3357413
240701	3357439
240702	3357443
240703	3357451
240704	3357457
240705	3357469
240706	3357479
240707	3357493
240708	3357511
240709	3357521
240710	3357559
240711	3357577
240712	3357593
240713	3357667
240714	3357677
240715	3357689
240716	3357691
240717	3357719
240718	3357751
240719	3357769
240720	3357779
240721	3357791
240722	3357797
240723	3357799
240724	3357811
240725	3357817
240726	3357829
240727	3357833
240728	3357841
240729	3357847
240730	3357863
240731	3357877
240732	3357899
240733	3357901
240734	3357929
240735	3357943
240736	3357979
240737	3358001
240738	3358031
240739	3358037
240740	3358039
240741	3358057
240742	3358063
240743	3358067
240744	3358099
240745	3358123
240746	3358141
240747	3358151
240748	3358169
240749	3358213
240750	3358217
240751	3358249
240752	3358297
240753	3358301
240754	3358309
240755	3358321
240756	3358337
240757	3358349
240758	3358357
240759	3358373
240760	3358423
240761	3358441
240762	3358463
240763	3358471
240764	3358501
240765	3358507
240766	3358543
240767	3358547
240768	3358549
240769	3358559
240770	3358567
240771	3358591
240772	3358651
240773	3358661
240774	3358669
240775	3358681
240776	3358697
240777	3358703
240778	3358723
240779	3358753
240780	3358787
240781	3358799
240782	3358841
240783	3358847
240784	3358853
240785	3358889
240786	3358903
240787	3358913
240788	3358937
240789	3358963
240790	3358967
240791	3358973
240792	3358987
240793	3358997
240794	3359011
240795	3359021
240796	3359033
240797	3359039
240798	3359063
240799	3359071
240800	3359101
240801	3359107
240802	3359113
240803	3359221
240804	3359243
240805	3359261
240806	3359263
240807	3359281
240808	3359287
240809	3359309
240810	3359327
240811	3359347
240812	3359351
240813	3359359
240814	3359381
240815	3359383
240816	3359393
240817	3359413
240818	3359423
240819	3359431
240820	3359437
240821	3359443
240822	3359459
240823	3359471
240824	3359497
240825	3359509
240826	3359527
240827	3359567
240828	3359569
240829	3359597
240830	3359639
240831	3359641
240832	3359669
240833	3359683
240834	3359689
240835	3359729
240836	3359743
240837	3359747
240838	3359773
240839	3359779
240840	3359803
240841	3359809
240842	3359821
240843	3359843
240844	3359857
240845	3359861
240846	3359869
240847	3359899
240848	3359921
240849	3359927
240850	3359953
240851	3359959
240852	3359987
240853	3359989
240854	3360011
240855	3360013
240856	3360023
240857	3360031
240858	3360037
240859	3360043
240860	3360053
240861	3360061
240862	3360083
240863	3360103
240864	3360113
240865	3360127
240866	3360157
240867	3360163
240868	3360167
240869	3360173
240870	3360197
240871	3360209
240872	3360211
240873	3360223
240874	3360239
240875	3360257
240876	3360299
240877	3360337
240878	3360341
240879	3360347
240880	3360391
240881	3360403
240882	3360419
240883	3360439
240884	3360443
240885	3360449
240886	3360457
240887	3360503
240888	3360523
240889	3360529
240890	3360557
240891	3360563
240892	3360569
240893	3360583
240894	3360601
240895	3360613
240896	3360629
240897	3360649
240898	3360659
240899	3360661
240900	3360667
240901	3360683
240902	3360689
240903	3360697
240904	3360703
240905	3360719
240906	3360727
240907	3360757
240908	3360767
240909	3360769
240910	3360779
240911	3360793
240912	3360809
240913	3360823
240914	3360827
240915	3360857
240916	3360859
240917	3360869
240918	3360937
240919	3360941
240920	3360943
240921	3360947
240922	3360983
240923	3360997
240924	3361031
240925	3361037
240926	3361049
240927	3361063
240928	3361073
240929	3361091
240930	3361093
240931	3361097
240932	3361123
240933	3361133
240934	3361153
240935	3361177
240936	3361229
240937	3361247
240938	3361249
240939	3361273
240940	3361297
240941	3361301
240942	3361327
240943	3361331
240944	3361333
240945	3361357
240946	3361363
240947	3361367
240948	3361373
240949	3361387
240950	3361429
240951	3361433
240952	3361447
240953	3361459
240954	3361469
240955	3361471
240956	3361483
240957	3361489
240958	3361493
240959	3361507
240960	3361511
240961	3361513
240962	3361517
240963	3361601
240964	3361607
240965	3361621
240966	3361627
240967	3361639
240968	3361661
240969	3361667
240970	3361679
240971	3361739
240972	3361741
240973	3361747
240974	3361751
240975	3361753
240976	3361759
240977	3361781
240978	3361793
240979	3361807
240980	3361811
240981	3361819
240982	3361823
240983	3361829
240984	3361847
240985	3361889
240986	3361901
240987	3361907
240988	3361913
240989	3361951
240990	3361973
240991	3361991
240992	3362017
240993	3362059
240994	3362077
240995	3362111
240996	3362113
240997	3362119
240998	3362129
240999	3362143
241000	3362159
