241001	3362207
241002	3362237
241003	3362251
241004	3362263
241005	3362273
241006	3362279
241007	3362327
241008	3362329
241009	3362363
241010	3362371
241011	3362383
241012	3362399
241013	3362417
241014	3362431
241015	3362441
241016	3362461
241017	3362473
241018	3362497
241019	3362519
241020	3362537
241021	3362581
241022	3362591
241023	3362603
241024	3362627
241025	3362633
241026	3362657
241027	3362683
241028	3362693
241029	3362701
241030	3362713
241031	3362717
241032	3362731
241033	3362741
241034	3362809
241035	3362831
241036	3362857
241037	3362917
241038	3362929
241039	3362959
241040	3362971
241041	3362999
241042	3363007
241043	3363011
241044	3363023
241045	3363029
241046	3363049
241047	3363071
241048	3363089
241049	3363091
241050	3363103
241051	3363119
241052	3363131
241053	3363167
241054	3363169
241055	3363181
241056	3363193
241057	3363197
241058	3363203
241059	3363211
241060	3363233
241061	3363257
241062	3363277
241063	3363317
241064	3363343
241065	3363389
241066	3363419
241067	3363421
241068	3363427
241069	3363431
241070	3363443
241071	3363457
241072	3363463
241073	3363473
241074	3363491
241075	3363499
241076	3363527
241077	3363541
241078	3363571
241079	3363587
241080	3363617
241081	3363629
241082	3363641
241083	3363643
241084	3363653
241085	3363667
241086	3363673
241087	3363677
241088	3363691
241089	3363713
241090	3363721
241091	3363733
241092	3363749
241093	3363757
241094	3363769
241095	3363791
241096	3363793
241097	3363803
241098	3363809
241099	3363823
241100	3363839
241101	3363853
241102	3363859
241103	3363883
241104	3363887
241105	3363901
241106	3363937
241107	3363959
241108	3363961
241109	3363979
241110	3364037
241111	3364043
241112	3364061
241113	3364093
241114	3364117
241115	3364133
241116	3364139
241117	3364171
241118	3364199
241119	3364219
241120	3364223
241121	3364237
241122	3364241
241123	3364243
241124	3364253
241125	3364259
241126	3364267
241127	3364297
241128	3364301
241129	3364303
241130	3364313
241131	3364343
241132	3364369
241133	3364379
241134	3364393
241135	3364397
241136	3364409
241137	3364421
241138	3364423
241139	3364429
241140	3364433
241141	3364441
241142	3364451
241143	3364457
241144	3364469
241145	3364489
241146	3364507
241147	3364511
241148	3364513
241149	3364541
241150	3364547
241151	3364553
241152	3364561
241153	3364573
241154	3364579
241155	3364591
241156	3364607
241157	3364633
241158	3364637
241159	3364649
241160	3364651
241161	3364661
241162	3364679
241163	3364681
241164	3364687
241165	3364717
241166	3364723
241167	3364727
241168	3364741
241169	3364763
241170	3364787
241171	3364799
241172	3364813
241173	3364853
241174	3364873
241175	3364897
241176	3364913
241177	3364931
241178	3364937
241179	3364951
241180	3364961
241181	3364973
241182	3364979
241183	3364987
241184	3365003
241185	3365009
241186	3365029
241187	3365041
241188	3365057
241189	3365077
241190	3365093
241191	3365101
241192	3365111
241193	3365161
241194	3365171
241195	3365177
241196	3365191
241197	3365207
241198	3365213
241199	3365233
241200	3365237
241201	3365249
241202	3365251
241203	3365281
241204	3365287
241205	3365311
241206	3365317
241207	3365339
241208	3365377
241209	3365381
241210	3365387
241211	3365389
241212	3365393
241213	3365399
241214	3365423
241215	3365437
241216	3365441
241217	3365443
241218	3365449
241219	3365491
241220	3365533
241221	3365539
241222	3365543
241223	3365563
241224	3365569
241225	3365581
241226	3365587
241227	3365591
241228	3365597
241229	3365599
241230	3365617
241231	3365629
241232	3365633
241233	3365647
241234	3365651
241235	3365671
241236	3365683
241237	3365693
241238	3365699
241239	3365707
241240	3365723
241241	3365741
241242	3365743
241243	3365749
241244	3365759
241245	3365771
241246	3365777
241247	3365801
241248	3365807
241249	3365809
241250	3365819
241251	3365833
241252	3365839
241253	3365849
241254	3365851
241255	3365863
241256	3365867
241257	3365893
241258	3365909
241259	3365917
241260	3365959
241261	3365963
241262	3365969
241263	3365987
241264	3366007
241265	3366019
241266	3366023
241267	3366031
241268	3366037
241269	3366043
241270	3366049
241271	3366053
241272	3366067
241273	3366079
241274	3366089
241275	3366107
241276	3366109
241277	3366131
241278	3366133
241279	3366179
241280	3366193
241281	3366203
241282	3366217
241283	3366239
241284	3366271
241285	3366283
241286	3366299
241287	3366317
241288	3366329
241289	3366347
241290	3366359
241291	3366361
241292	3366367
241293	3366409
241294	3366413
241295	3366437
241296	3366449
241297	3366463
241298	3366497
241299	3366509
241300	3366511
241301	3366557
241302	3366577
241303	3366589
241304	3366611
241305	3366619
241306	3366647
241307	3366659
241308	3366673
241309	3366677
241310	3366679
241311	3366689
241312	3366703
241313	3366707
241314	3366709
241315	3366739
241316	3366767
241317	3366821
241318	3366823
241319	3366827
241320	3366829
241321	3366841
241322	3366859
241323	3366877
241324	3366899
241325	3366911
241326	3366917
241327	3366973
241328	3366977
241329	3366983
241330	3366989
241331	3366991
241332	3367027
241333	3367057
241334	3367069
241335	3367079
241336	3367087
241337	3367097
241338	3367109
241339	3367121
241340	3367129
241341	3367141
241342	3367157
241343	3367159
241344	3367163
241345	3367171
241346	3367181
241347	3367193
241348	3367211
241349	3367213
241350	3367253
241351	3367283
241352	3367291
241353	3367319
241354	3367327
241355	3367339
241356	3367363
241357	3367367
241358	3367369
241359	3367381
241360	3367387
241361	3367421
241362	3367423
241363	3367433
241364	3367447
241365	3367457
241366	3367477
241367	3367517
241368	3367531
241369	3367571
241370	3367577
241371	3367583
241372	3367589
241373	3367603
241374	3367613
241375	3367669
241376	3367681
241377	3367687
241378	3367697
241379	3367711
241380	3367723
241381	3367733
241382	3367757
241383	3367759
241384	3367783
241385	3367787
241386	3367789
241387	3367801
241388	3367811
241389	3367813
241390	3367823
241391	3367829
241392	3367841
241393	3367843
241394	3367901
241395	3367907
241396	3367909
241397	3367919
241398	3367927
241399	3367943
241400	3367951
241401	3367957
241402	3367963
241403	3367981
241404	3368003
241405	3368009
241406	3368011
241407	3368017
241408	3368021
241409	3368041
241410	3368059
241411	3368077
241412	3368081
241413	3368093
241414	3368107
241415	3368117
241416	3368171
241417	3368201
241418	3368207
241419	3368213
241420	3368231
241421	3368257
241422	3368269
241423	3368297
241424	3368303
241425	3368317
241426	3368333
241427	3368353
241428	3368381
241429	3368401
241430	3368411
241431	3368413
241432	3368423
241433	3368461
241434	3368489
241435	3368507
241436	3368509
241437	3368513
241438	3368531
241439	3368543
241440	3368551
241441	3368569
241442	3368581
241443	3368593
241444	3368609
241445	3368623
241446	3368633
241447	3368641
241448	3368657
241449	3368707
241450	3368747
241451	3368753
241452	3368773
241453	3368777
241454	3368779
241455	3368789
241456	3368791
241457	3368803
241458	3368809
241459	3368837
241460	3368851
241461	3368857
241462	3368881
241463	3368899
241464	3368903
241465	3368923
241466	3368951
241467	3368957
241468	3368993
241469	3369001
241470	3369019
241471	3369029
241472	3369031
241473	3369059
241474	3369073
241475	3369083
241476	3369089
241477	3369097
241478	3369131
241479	3369143
241480	3369161
241481	3369167
241482	3369181
241483	3369187
241484	3369193
241485	3369199
241486	3369203
241487	3369209
241488	3369227
241489	3369283
241490	3369287
241491	3369319
241492	3369329
241493	3369341
241494	3369347
241495	3369367
241496	3369371
241497	3369389
241498	3369391
241499	3369397
241500	3369409
241501	3369419
241502	3369433
241503	3369463
241504	3369469
241505	3369473
241506	3369491
241507	3369493
241508	3369511
241509	3369529
241510	3369533
241511	3369563
241512	3369577
241513	3369599
241514	3369617
241515	3369623
241516	3369637
241517	3369643
241518	3369647
241519	3369649
241520	3369659
241521	3369679
241522	3369697
241523	3369703
241524	3369727
241525	3369739
241526	3369761
241527	3369767
241528	3369787
241529	3369797
241530	3369803
241531	3369809
241532	3369811
241533	3369827
241534	3369841
241535	3369869
241536	3369929
241537	3369931
241538	3369941
241539	3369943
241540	3369959
241541	3369991
241542	3370001
241543	3370009
241544	3370013
241545	3370043
241546	3370051
241547	3370069
241548	3370093
241549	3370109
241550	3370117
241551	3370127
241552	3370141
241553	3370151
241554	3370153
241555	3370181
241556	3370183
241557	3370243
241558	3370249
241559	3370253
241560	3370261
241561	3370273
241562	3370291
241563	3370309
241564	3370313
241565	3370327
241566	3370331
241567	3370357
241568	3370361
241569	3370363
241570	3370387
241571	3370421
241572	3370457
241573	3370481
241574	3370501
241575	3370517
241576	3370531
241577	3370541
241578	3370567
241579	3370571
241580	3370597
241581	3370621
241582	3370637
241583	3370639
241584	3370649
241585	3370667
241586	3370669
241587	3370687
241588	3370691
241589	3370711
241590	3370739
241591	3370751
241592	3370769
241593	3370781
241594	3370789
241595	3370817
241596	3370819
241597	3370823
241598	3370831
241599	3370841
241600	3370849
241601	3370877
241602	3370883
241603	3370907
241604	3370919
241605	3370933
241606	3370937
241607	3370943
241608	3370951
241609	3370957
241610	3370963
241611	3370967
241612	3370973
241613	3370987
241614	3370993
241615	3371059
241616	3371063
241617	3371089
241618	3371101
241619	3371111
241620	3371119
241621	3371149
241622	3371153
241623	3371183
241624	3371191
241625	3371209
241626	3371233
241627	3371237
241628	3371257
241629	3371297
241630	3371299
241631	3371311
241632	3371339
241633	3371351
241634	3371353
241635	3371371
241636	3371393
241637	3371399
241638	3371413
241639	3371419
241640	3371441
241641	3371443
241642	3371447
241643	3371449
241644	3371461
241645	3371497
241646	3371509
241647	3371513
241648	3371519
241649	3371527
241650	3371539
241651	3371561
241652	3371579
241653	3371617
241654	3371633
241655	3371647
241656	3371659
241657	3371663
241658	3371671
241659	3371747
241660	3371779
241661	3371783
241662	3371803
241663	3371813
241664	3371821
241665	3371833
241666	3371843
241667	3371867
241668	3371887
241669	3371947
241670	3371969
241671	3371989
241672	3371993
241673	3371999
241674	3372013
241675	3372023
241676	3372037
241677	3372059
241678	3372067
241679	3372073
241680	3372077
241681	3372079
241682	3372119
241683	3372151
241684	3372157
241685	3372163
241686	3372167
241687	3372169
241688	3372179
241689	3372197
241690	3372199
241691	3372221
241692	3372227
241693	3372233
241694	3372247
241695	3372251
241696	3372269
241697	3372331
241698	3372349
241699	3372353
241700	3372371
241701	3372379
241702	3372407
241703	3372419
241704	3372427
241705	3372437
241706	3372451
241707	3372461
241708	3372503
241709	3372541
241710	3372547
241711	3372581
241712	3372601
241713	3372623
241714	3372641
241715	3372643
241716	3372653
241717	3372689
241718	3372703
241719	3372727
241720	3372731
241721	3372737
241722	3372757
241723	3372763
241724	3372773
241725	3372779
241726	3372781
241727	3372797
241728	3372799
241729	3372821
241730	3372839
241731	3372841
241732	3372907
241733	3372911
241734	3372917
241735	3372923
241736	3372977
241737	3372979
241738	3372983
241739	3373001
241740	3373043
241741	3373057
241742	3373067
241743	3373091
241744	3373103
241745	3373109
241746	3373121
241747	3373129
241748	3373151
241749	3373159
241750	3373169
241751	3373171
241752	3373177
241753	3373213
241754	3373217
241755	3373219
241756	3373229
241757	3373243
241758	3373267
241759	3373283
241760	3373289
241761	3373303
241762	3373319
241763	3373343
241764	3373411
241765	3373427
241766	3373453
241767	3373471
241768	3373481
241769	3373499
241770	3373511
241771	3373543
241772	3373547
241773	3373553
241774	3373589
241775	3373627
241776	3373631
241777	3373681
241778	3373687
241779	3373693
241780	3373717
241781	3373729
241782	3373753
241783	3373763
241784	3373781
241785	3373787
241786	3373789
241787	3373813
241788	3373829
241789	3373859
241790	3373861
241791	3373879
241792	3373891
241793	3373897
241794	3373907
241795	3373921
241796	3373961
241797	3373969
241798	3374017
241799	3374023
241800	3374029
241801	3374047
241802	3374057
241803	3374069
241804	3374089
241805	3374099
241806	3374113
241807	3374159
241808	3374183
241809	3374197
241810	3374201
241811	3374233
241812	3374251
241813	3374281
241814	3374291
241815	3374297
241816	3374311
241817	3374317
241818	3374333
241819	3374359
241820	3374377
241821	3374389
241822	3374407
241823	3374431
241824	3374467
241825	3374471
241826	3374473
241827	3374477
241828	3374479
241829	3374489
241830	3374507
241831	3374509
241832	3374513
241833	3374521
241834	3374543
241835	3374549
241836	3374557
241837	3374599
241838	3374603
241839	3374611
241840	3374617
241841	3374621
241842	3374671
241843	3374677
241844	3374681
241845	3374689
241846	3374719
241847	3374729
241848	3374731
241849	3374743
241850	3374747
241851	3374783
241852	3374797
241853	3374803
241854	3374821
241855	3374827
241856	3374849
241857	3374867
241858	3374869
241859	3374879
241860	3374893
241861	3374909
241862	3374911
241863	3374923
241864	3374927
241865	3374957
241866	3374963
241867	3374983
241868	3375007
241869	3375017
241870	3375019
241871	3375037
241872	3375077
241873	3375083
241874	3375109
241875	3375121
241876	3375137
241877	3375139
241878	3375149
241879	3375167
241880	3375173
241881	3375209
241882	3375221
241883	3375233
241884	3375247
241885	3375257
241886	3375287
241887	3375289
241888	3375329
241889	3375347
241890	3375349
241891	3375389
241892	3375391
241893	3375409
241894	3375419
241895	3375431
241896	3375439
241897	3375451
241898	3375467
241899	3375479
241900	3375481
241901	3375499
241902	3375509
241903	3375511
241904	3375523
241905	3375539
241906	3375569
241907	3375577
241908	3375583
241909	3375599
241910	3375601
241911	3375611
241912	3375613
241913	3375667
241914	3375703
241915	3375719
241916	3375721
241917	3375731
241918	3375737
241919	3375751
241920	3375767
241921	3375781
241922	3375793
241923	3375811
241924	3375821
241925	3375829
241926	3375833
241927	3375857
241928	3375881
241929	3375959
241930	3375961
241931	3376003
241932	3376007
241933	3376049
241934	3376067
241935	3376097
241936	3376099
241937	3376111
241938	3376123
241939	3376133
241940	3376141
241941	3376159
241942	3376181
241943	3376187
241944	3376229
241945	3376249
241946	3376253
241947	3376271
241948	3376273
241949	3376291
241950	3376297
241951	3376301
241952	3376313
241953	3376333
241954	3376343
241955	3376363
241956	3376369
241957	3376379
241958	3376397
241959	3376409
241960	3376453
241961	3376459
241962	3376463
241963	3376487
241964	3376501
241965	3376507
241966	3376519
241967	3376537
241968	3376559
241969	3376567
241970	3376579
241971	3376589
241972	3376603
241973	3376609
241974	3376619
241975	3376627
241976	3376643
241977	3376669
241978	3376687
241979	3376739
241980	3376753
241981	3376759
241982	3376771
241983	3376781
241984	3376783
241985	3376811
241986	3376817
241987	3376819
241988	3376823
241989	3376843
241990	3376853
241991	3376859
241992	3376937
241993	3376939
241994	3376943
241995	3376949
241996	3376969
241997	3376979
241998	3376981
241999	3376987
242000	3376991
