243001	3391853
243002	3391859
243003	3391877
243004	3391897
243005	3391903
243006	3391907
243007	3391909
243008	3391933
243009	3391939
243010	3391957
243011	3391963
243012	3391967
243013	3391987
243014	3391991
243015	3392021
243016	3392041
243017	3392047
243018	3392069
243019	3392071
243020	3392083
243021	3392093
243022	3392111
243023	3392161
243024	3392171
243025	3392173
243026	3392209
243027	3392219
243028	3392239
243029	3392243
243030	3392261
243031	3392269
243032	3392281
243033	3392327
243034	3392341
243035	3392443
243036	3392479
243037	3392491
243038	3392509
243039	3392533
243040	3392539
243041	3392549
243042	3392561
243043	3392563
243044	3392617
243045	3392633
243046	3392651
243047	3392663
243048	3392693
243049	3392723
243050	3392729
243051	3392737
243052	3392771
243053	3392777
243054	3392801
243055	3392803
243056	3392827
243057	3392833
243058	3392867
243059	3392869
243060	3392899
243061	3392933
243062	3392941
243063	3392951
243064	3392953
243065	3392959
243066	3392993
243067	3392999
243068	3393017
243069	3393023
243070	3393053
243071	3393067
243072	3393073
243073	3393107
243074	3393109
243075	3393127
243076	3393151
243077	3393163
243078	3393197
243079	3393199
243080	3393211
243081	3393223
243082	3393227
243083	3393239
243084	3393311
243085	3393317
243086	3393323
243087	3393329
243088	3393331
243089	3393347
243090	3393359
243091	3393361
243092	3393367
243093	3393371
243094	3393373
243095	3393409
243096	3393413
243097	3393427
243098	3393433
243099	3393437
243100	3393449
243101	3393451
243102	3393461
243103	3393463
243104	3393469
243105	3393479
243106	3393487
243107	3393553
243108	3393563
243109	3393583
243110	3393619
243111	3393623
243112	3393629
243113	3393653
243114	3393671
243115	3393683
243116	3393703
243117	3393707
243118	3393713
243119	3393721
243120	3393757
243121	3393779
243122	3393781
243123	3393791
243124	3393809
243125	3393833
243126	3393839
243127	3393851
243128	3393853
243129	3393881
243130	3393883
243131	3393893
243132	3393959
243133	3393967
243134	3393997
243135	3394031
243136	3394037
243137	3394043
243138	3394049
243139	3394051
243140	3394057
243141	3394063
243142	3394091
243143	3394099
243144	3394109
243145	3394123
243146	3394129
243147	3394163
243148	3394177
243149	3394201
243150	3394207
243151	3394219
243152	3394229
243153	3394231
243154	3394277
243155	3394301
243156	3394333
243157	3394337
243158	3394351
243159	3394367
243160	3394379
243161	3394381
243162	3394403
243163	3394411
243164	3394429
243165	3394453
243166	3394459
243167	3394471
243168	3394477
243169	3394487
243170	3394553
243171	3394561
243172	3394579
243173	3394591
243174	3394607
243175	3394613
243176	3394619
243177	3394627
243178	3394637
243179	3394661
243180	3394663
243181	3394681
243182	3394687
243183	3394691
243184	3394693
243185	3394733
243186	3394739
243187	3394757
243188	3394771
243189	3394799
243190	3394813
243191	3394819
243192	3394843
243193	3394847
243194	3394871
243195	3394873
243196	3394879
243197	3394891
243198	3394907
243199	3394921
243200	3394927
243201	3394969
243202	3394973
243203	3394981
243204	3394999
243205	3395033
243206	3395039
243207	3395047
243208	3395057
243209	3395069
243210	3395071
243211	3395081
243212	3395101
243213	3395107
243214	3395123
243215	3395131
243216	3395141
243217	3395143
243218	3395159
243219	3395173
243220	3395177
243221	3395207
243222	3395209
243223	3395219
243224	3395221
243225	3395269
243226	3395279
243227	3395299
243228	3395309
243229	3395347
243230	3395363
243231	3395369
243232	3395417
243233	3395423
243234	3395437
243235	3395477
243236	3395479
243237	3395489
243238	3395501
243239	3395503
243240	3395521
243241	3395531
243242	3395569
243243	3395573
243244	3395603
243245	3395629
243246	3395633
243247	3395641
243248	3395653
243249	3395659
243250	3395663
243251	3395669
243252	3395671
243253	3395681
243254	3395701
243255	3395713
243256	3395719
243257	3395723
243258	3395747
243259	3395759
243260	3395773
243261	3395803
243262	3395831
243263	3395867
243264	3395893
243265	3395911
243266	3395921
243267	3395939
243268	3395941
243269	3395947
243270	3395963
243271	3395969
243272	3395983
243273	3395993
243274	3395999
243275	3396023
243276	3396037
243277	3396047
243278	3396049
243279	3396059
243280	3396077
243281	3396091
243282	3396121
243283	3396139
243284	3396149
243285	3396181
243286	3396191
243287	3396199
243288	3396223
243289	3396227
243290	3396229
243291	3396233
243292	3396241
243293	3396257
243294	3396259
243295	3396313
243296	3396319
243297	3396347
243298	3396353
243299	3396373
243300	3396377
243301	3396389
243302	3396397
243303	3396401
243304	3396403
243305	3396439
243306	3396457
243307	3396461
243308	3396469
243309	3396473
243310	3396487
243311	3396493
243312	3396511
243313	3396517
243314	3396551
243315	3396581
243316	3396587
243317	3396593
243318	3396619
243319	3396661
243320	3396671
243321	3396677
243322	3396697
243323	3396703
243324	3396707
243325	3396713
243326	3396721
243327	3396739
243328	3396751
243329	3396761
243330	3396781
243331	3396793
243332	3396803
243333	3396829
243334	3396917
243335	3396931
243336	3396937
243337	3396971
243338	3396979
243339	3396983
243340	3396997
243341	3397001
243342	3397003
243343	3397013
243344	3397027
243345	3397033
243346	3397039
243347	3397057
243348	3397063
243349	3397091
243350	3397103
243351	3397117
243352	3397133
243353	3397139
243354	3397153
243355	3397157
243356	3397159
243357	3397187
243358	3397193
243359	3397211
243360	3397213
243361	3397243
243362	3397253
243363	3397267
243364	3397291
243365	3397309
243366	3397313
243367	3397327
243368	3397343
243369	3397351
243370	3397363
243371	3397391
243372	3397393
243373	3397403
243374	3397411
243375	3397423
243376	3397469
243377	3397481
243378	3397483
243379	3397487
243380	3397519
243381	3397531
243382	3397549
243383	3397567
243384	3397579
243385	3397591
243386	3397601
243387	3397607
243388	3397609
243389	3397621
243390	3397627
243391	3397649
243392	3397663
243393	3397679
243394	3397703
243395	3397717
243396	3397729
243397	3397759
243398	3397763
243399	3397769
243400	3397781
243401	3397783
243402	3397811
243403	3397829
243404	3397831
243405	3397837
243406	3397853
243407	3397861
243408	3397871
243409	3397873
243410	3397897
243411	3397907
243412	3397939
243413	3397967
243414	3397973
243415	3397991
243416	3397993
243417	3398029
243418	3398033
243419	3398047
243420	3398051
243421	3398063
243422	3398099
243423	3398107
243424	3398111
243425	3398123
243426	3398141
243427	3398149
243428	3398159
243429	3398177
243430	3398179
243431	3398209
243432	3398221
243433	3398261
243434	3398267
243435	3398309
243436	3398327
243437	3398357
243438	3398363
243439	3398389
243440	3398399
243441	3398401
243442	3398407
243443	3398431
243444	3398443
243445	3398467
243446	3398471
243447	3398477
243448	3398489
243449	3398491
243450	3398497
243451	3398543
243452	3398573
243453	3398581
243454	3398599
243455	3398621
243456	3398627
243457	3398639
243458	3398651
243459	3398669
243460	3398671
243461	3398683
243462	3398719
243463	3398723
243464	3398741
243465	3398753
243466	3398761
243467	3398851
243468	3398869
243469	3398873
243470	3398939
243471	3398957
243472	3398959
243473	3398971
243474	3398987
243475	3399001
243476	3399007
243477	3399017
243478	3399041
243479	3399059
243480	3399073
243481	3399083
243482	3399089
243483	3399127
243484	3399131
243485	3399169
243486	3399173
243487	3399241
243488	3399259
243489	3399281
243490	3399287
243491	3399289
243492	3399299
243493	3399307
243494	3399311
243495	3399313
243496	3399329
243497	3399343
243498	3399349
243499	3399359
243500	3399373
243501	3399397
243502	3399427
243503	3399443
243504	3399457
243505	3399503
243506	3399509
243507	3399563
243508	3399569
243509	3399577
243510	3399589
243511	3399593
243512	3399631
243513	3399637
243514	3399659
243515	3399661
243516	3399667
243517	3399673
243518	3399707
243519	3399731
243520	3399751
243521	3399769
243522	3399793
243523	3399811
243524	3399821
243525	3399827
243526	3399859
243527	3399887
243528	3399899
243529	3399901
243530	3399911
243531	3399919
243532	3399937
243533	3399941
243534	3399943
243535	3399959
243536	3399961
243537	3399971
243538	3399973
243539	3399997
243540	3400043
243541	3400063
243542	3400073
243543	3400087
243544	3400091
243545	3400093
243546	3400097
243547	3400123
243548	3400127
243549	3400157
243550	3400193
243551	3400207
243552	3400211
243553	3400213
243554	3400217
243555	3400219
243556	3400223
243557	3400231
243558	3400247
243559	3400273
243560	3400291
243561	3400301
243562	3400303
243563	3400333
243564	3400361
243565	3400379
243566	3400393
243567	3400399
243568	3400409
243569	3400457
243570	3400469
243571	3400471
243572	3400517
243573	3400531
243574	3400543
243575	3400547
243576	3400577
243577	3400589
243578	3400597
243579	3400603
243580	3400609
243581	3400613
243582	3400637
243583	3400673
243584	3400681
243585	3400693
243586	3400703
243587	3400717
243588	3400739
243589	3400823
243590	3400841
243591	3400843
243592	3400847
243593	3400877
243594	3400883
243595	3400897
243596	3400907
243597	3400919
243598	3400927
243599	3400931
243600	3400949
243601	3400963
243602	3400993
243603	3401009
243604	3401011
243605	3401017
243606	3401039
243607	3401051
243608	3401053
243609	3401081
243610	3401087
243611	3401089
243612	3401107
243613	3401117
243614	3401119
243615	3401129
243616	3401131
243617	3401147
243618	3401159
243619	3401183
243620	3401197
243621	3401213
243622	3401221
243623	3401273
243624	3401297
243625	3401311
243626	3401317
243627	3401327
243628	3401329
243629	3401347
243630	3401357
243631	3401383
243632	3401393
243633	3401417
243634	3401443
243635	3401449
243636	3401467
243637	3401471
243638	3401501
243639	3401509
243640	3401549
243641	3401557
243642	3401561
243643	3401569
243644	3401591
243645	3401597
243646	3401603
243647	3401611
243648	3401621
243649	3401659
243650	3401663
243651	3401689
243652	3401707
243653	3401711
243654	3401731
243655	3401737
243656	3401753
243657	3401759
243658	3401767
243659	3401771
243660	3401777
243661	3401807
243662	3401809
243663	3401831
243664	3401833
243665	3401843
243666	3401869
243667	3401899
243668	3401917
243669	3401927
243670	3401929
243671	3401933
243672	3401941
243673	3401947
243674	3401963
243675	3402013
243676	3402037
243677	3402053
243678	3402071
243679	3402079
243680	3402097
243681	3402109
243682	3402127
243683	3402131
243684	3402143
243685	3402149
243686	3402151
243687	3402169
243688	3402173
243689	3402211
243690	3402233
243691	3402239
243692	3402241
243693	3402263
243694	3402271
243695	3402277
243696	3402307
243697	3402313
243698	3402319
243699	3402323
243700	3402331
243701	3402341
243702	3402359
243703	3402379
243704	3402383
243705	3402389
243706	3402403
243707	3402407
243708	3402437
243709	3402439
243710	3402473
243711	3402517
243712	3402521
243713	3402523
243714	3402527
243715	3402563
243716	3402593
243717	3402613
243718	3402647
243719	3402649
243720	3402671
243721	3402673
243722	3402677
243723	3402697
243724	3402709
243725	3402727
243726	3402731
243727	3402733
243728	3402739
243729	3402743
243730	3402787
243731	3402793
243732	3402799
243733	3402803
243734	3402821
243735	3402823
243736	3402851
243737	3402899
243738	3402911
243739	3402913
243740	3402923
243741	3402929
243742	3402953
243743	3402967
243744	3402979
243745	3402989
243746	3402991
243747	3403003
243748	3403013
243749	3403019
243750	3403021
243751	3403031
243752	3403039
243753	3403067
243754	3403073
243755	3403079
243756	3403117
243757	3403133
243758	3403139
243759	3403151
243760	3403157
243761	3403159
243762	3403171
243763	3403177
243764	3403181
243765	3403193
243766	3403199
243767	3403201
243768	3403229
243769	3403259
243770	3403291
243771	3403313
243772	3403339
243773	3403381
243774	3403391
243775	3403403
243776	3403409
243777	3403423
243778	3403427
243779	3403441
243780	3403453
243781	3403457
243782	3403487
243783	3403523
243784	3403529
243785	3403531
243786	3403549
243787	3403559
243788	3403571
243789	3403573
243790	3403577
243791	3403591
243792	3403601
243793	3403613
243794	3403619
243795	3403639
243796	3403661
243797	3403663
243798	3403681
243799	3403703
243800	3403711
243801	3403733
243802	3403783
243803	3403789
243804	3403843
243805	3403849
243806	3403853
243807	3403871
243808	3403877
243809	3403879
243810	3403891
243811	3403901
243812	3403903
243813	3403919
243814	3403921
243815	3403937
243816	3403951
243817	3403957
243818	3403969
243819	3403973
243820	3403997
243821	3403999
243822	3404033
243823	3404041
243824	3404057
243825	3404081
243826	3404083
243827	3404087
243828	3404099
243829	3404113
243830	3404119
243831	3404143
243832	3404147
243833	3404153
243834	3404171
243835	3404183
243836	3404197
243837	3404201
243838	3404213
243839	3404221
243840	3404239
243841	3404251
243842	3404273
243843	3404279
243844	3404309
243845	3404311
243846	3404321
243847	3404329
243848	3404341
243849	3404377
243850	3404381
243851	3404383
243852	3404393
243853	3404399
243854	3404431
243855	3404441
243856	3404447
243857	3404449
243858	3404473
243859	3404491
243860	3404497
243861	3404503
243862	3404507
243863	3404509
243864	3404519
243865	3404537
243866	3404549
243867	3404551
243868	3404563
243869	3404567
243870	3404579
243871	3404651
243872	3404657
243873	3404669
243874	3404671
243875	3404683
243876	3404689
243877	3404719
243878	3404729
243879	3404741
243880	3404747
243881	3404771
243882	3404801
243883	3404827
243884	3404839
243885	3404867
243886	3404881
243887	3404887
243888	3404893
243889	3404911
243890	3404923
243891	3404969
243892	3404983
243893	3405019
243894	3405023
243895	3405037
243896	3405079
243897	3405109
243898	3405113
243899	3405121
243900	3405131
243901	3405163
243902	3405167
243903	3405179
243904	3405191
243905	3405217
243906	3405247
243907	3405263
243908	3405277
243909	3405289
243910	3405293
243911	3405301
243912	3405359
243913	3405371
243914	3405397
243915	3405431
243916	3405463
243917	3405473
243918	3405509
243919	3405527
243920	3405529
243921	3405547
243922	3405601
243923	3405613
243924	3405637
243925	3405641
243926	3405653
243927	3405671
243928	3405697
243929	3405709
243930	3405713
243931	3405737
243932	3405749
243933	3405757
243934	3405781
243935	3405791
243936	3405793
243937	3405803
243938	3405823
243939	3405827
243940	3405839
243941	3405841
243942	3405881
243943	3405889
243944	3405907
243945	3405929
243946	3405931
243947	3405937
243948	3405943
243949	3405947
243950	3405953
243951	3405973
243952	3405979
243953	3406003
243954	3406009
243955	3406027
243956	3406033
243957	3406049
243958	3406061
243959	3406087
243960	3406099
243961	3406147
243962	3406153
243963	3406163
243964	3406181
243965	3406189
243966	3406217
243967	3406219
243968	3406223
243969	3406259
243970	3406279
243971	3406303
243972	3406309
243973	3406343
243974	3406387
243975	3406391
243976	3406421
243977	3406433
243978	3406463
243979	3406489
243980	3406493
243981	3406523
243982	3406531
243983	3406541
243984	3406547
243985	3406573
243986	3406591
243987	3406619
243988	3406631
243989	3406661
243990	3406679
243991	3406687
243992	3406703
243993	3406709
243994	3406723
243995	3406727
243996	3406729
243997	3406747
243998	3406759
243999	3406763
244000	3406801
