244001	3406811
244002	3406841
244003	3406853
244004	3406873
244005	3406877
244006	3406913
244007	3406937
244008	3406939
244009	3406943
244010	3406957
244011	3406961
244012	3406969
244013	3406973
244014	3406979
244015	3406981
244016	3407003
244017	3407039
244018	3407051
244019	3407081
244020	3407083
244021	3407087
244022	3407093
244023	3407101
244024	3407111
244025	3407119
244026	3407143
244027	3407147
244028	3407149
244029	3407161
244030	3407177
244031	3407203
244032	3407207
244033	3407221
244034	3407267
244035	3407273
244036	3407279
244037	3407281
244038	3407311
244039	3407323
244040	3407329
244041	3407333
244042	3407347
244043	3407351
244044	3407353
244045	3407357
244046	3407389
244047	3407401
244048	3407431
244049	3407447
244050	3407483
244051	3407501
244052	3407527
244053	3407533
244054	3407557
244055	3407597
244056	3407609
244057	3407647
244058	3407659
244059	3407681
244060	3407683
244061	3407693
244062	3407743
244063	3407753
244064	3407771
244065	3407773
244066	3407777
244067	3407813
244068	3407851
244069	3407857
244070	3407881
244071	3407891
244072	3407893
244073	3407909
244074	3407941
244075	3407947
244076	3407977
244077	3407983
244078	3408001
244079	3408023
244080	3408037
244081	3408073
244082	3408079
244083	3408121
244084	3408127
244085	3408133
244086	3408161
244087	3408179
244088	3408191
244089	3408203
244090	3408241
244091	3408247
244092	3408259
244093	3408263
244094	3408281
244095	3408287
244096	3408311
244097	3408319
244098	3408323
244099	3408331
244100	3408337
244101	3408343
244102	3408389
244103	3408407
244104	3408409
244105	3408413
244106	3408421
244107	3408437
244108	3408473
244109	3408479
244110	3408511
244111	3408527
244112	3408533
244113	3408541
244114	3408547
244115	3408563
244116	3408569
244117	3408583
244118	3408593
244119	3408599
244120	3408641
244121	3408659
244122	3408661
244123	3408679
244124	3408707
244125	3408719
244126	3408731
244127	3408737
244128	3408749
244129	3408767
244130	3408787
244131	3408793
244132	3408799
244133	3408803
244134	3408827
244135	3408829
244136	3408869
244137	3408877
244138	3408887
244139	3408917
244140	3408919
244141	3408943
244142	3408947
244143	3408949
244144	3408953
244145	3408973
244146	3408983
244147	3408989
244148	3409019
244149	3409031
244150	3409033
244151	3409057
244152	3409073
244153	3409093
244154	3409099
244155	3409111
244156	3409117
244157	3409121
244158	3409139
244159	3409141
244160	3409171
244161	3409177
244162	3409187
244163	3409199
244164	3409201
244165	3409213
244166	3409223
244167	3409247
244168	3409249
244169	3409261
244170	3409271
244171	3409277
244172	3409279
244173	3409283
244174	3409297
244175	3409309
244176	3409321
244177	3409337
244178	3409339
244179	3409361
244180	3409369
244181	3409387
244182	3409409
244183	3409459
244184	3409463
244185	3409477
244186	3409481
244187	3409499
244188	3409507
244189	3409529
244190	3409573
244191	3409577
244192	3409579
244193	3409583
244194	3409591
244195	3409603
244196	3409621
244197	3409643
244198	3409663
244199	3409687
244200	3409699
244201	3409711
244202	3409729
244203	3409739
244204	3409751
244205	3409753
244206	3409781
244207	3409789
244208	3409801
244209	3409807
244210	3409811
244211	3409853
244212	3409891
244213	3409927
244214	3409937
244215	3409981
244216	3409999
244217	3410009
244218	3410051
244219	3410053
244220	3410089
244221	3410111
244222	3410131
244223	3410137
244224	3410153
244225	3410161
244226	3410167
244227	3410171
244228	3410189
244229	3410203
244230	3410207
244231	3410237
244232	3410243
244233	3410249
244234	3410261
244235	3410269
244236	3410311
244237	3410317
244238	3410347
244239	3410369
244240	3410383
244241	3410389
244242	3410399
244243	3410419
244244	3410431
244245	3410437
244246	3410441
244247	3410447
244248	3410471
244249	3410479
244250	3410507
244251	3410513
244252	3410543
244253	3410567
244254	3410581
244255	3410587
244256	3410597
244257	3410599
244258	3410611
244259	3410629
244260	3410677
244261	3410681
244262	3410683
244263	3410689
244264	3410699
244265	3410711
244266	3410723
244267	3410753
244268	3410767
244269	3410773
244270	3410783
244271	3410789
244272	3410791
244273	3410801
244274	3410807
244275	3410819
244276	3410821
244277	3410851
244278	3410857
244279	3410881
244280	3410909
244281	3410917
244282	3410929
244283	3410933
244284	3410941
244285	3410963
244286	3410971
244287	3410989
244288	3411007
244289	3411011
244290	3411017
244291	3411043
244292	3411047
244293	3411049
244294	3411091
244295	3411097
244296	3411137
244297	3411143
244298	3411151
244299	3411157
244300	3411173
244301	3411193
244302	3411197
244303	3411211
244304	3411223
244305	3411229
244306	3411259
244307	3411263
244308	3411269
244309	3411277
244310	3411283
244311	3411293
244312	3411311
244313	3411313
244314	3411329
244315	3411349
244316	3411361
244317	3411367
244318	3411377
244319	3411389
244320	3411391
244321	3411433
244322	3411461
244323	3411493
244324	3411503
244325	3411517
244326	3411523
244327	3411533
244328	3411539
244329	3411559
244330	3411571
244331	3411593
244332	3411599
244333	3411641
244334	3411649
244335	3411671
244336	3411673
244337	3411689
244338	3411701
244339	3411703
244340	3411719
244341	3411721
244342	3411739
244343	3411743
244344	3411757
244345	3411761
244346	3411787
244347	3411803
244348	3411823
244349	3411839
244350	3411851
244351	3411853
244352	3411857
244353	3411893
244354	3411901
244355	3411907
244356	3411923
244357	3411929
244358	3411943
244359	3411949
244360	3411971
244361	3411997
244362	3412009
244363	3412021
244364	3412049
244365	3412063
244366	3412067
244367	3412069
244368	3412091
244369	3412099
244370	3412117
244371	3412127
244372	3412133
244373	3412141
244374	3412151
244375	3412159
244376	3412163
244377	3412181
244378	3412187
244379	3412207
244380	3412271
244381	3412273
244382	3412301
244383	3412309
244384	3412313
244385	3412327
244386	3412333
244387	3412361
244388	3412373
244389	3412391
244390	3412403
244391	3412411
244392	3412421
244393	3412439
244394	3412469
244395	3412477
244396	3412481
244397	3412483
244398	3412489
244399	3412499
244400	3412537
244401	3412559
244402	3412561
244403	3412567
244404	3412583
244405	3412613
244406	3412637
244407	3412649
244408	3412657
244409	3412663
244410	3412679
244411	3412687
244412	3412727
244413	3412729
244414	3412741
244415	3412753
244416	3412777
244417	3412793
244418	3412813
244419	3412817
244420	3412831
244421	3412841
244422	3412859
244423	3412861
244424	3412907
244425	3412909
244426	3412921
244427	3412931
244428	3412949
244429	3412957
244430	3412987
244431	3413017
244432	3413021
244433	3413051
244434	3413063
244435	3413077
244436	3413083
244437	3413087
244438	3413099
244439	3413101
244440	3413119
244441	3413129
244442	3413153
244443	3413167
244444	3413191
244445	3413197
244446	3413227
244447	3413233
244448	3413251
244449	3413257
244450	3413273
244451	3413279
244452	3413299
244453	3413309
244454	3413321
244455	3413357
244456	3413363
244457	3413381
244458	3413401
244459	3413411
244460	3413429
244461	3413437
244462	3413489
244463	3413507
244464	3413513
244465	3413519
244466	3413539
244467	3413567
244468	3413573
244469	3413587
244470	3413611
244471	3413623
244472	3413639
244473	3413671
244474	3413693
244475	3413723
244476	3413737
244477	3413741
244478	3413759
244479	3413779
244480	3413789
244481	3413791
244482	3413801
244483	3413807
244484	3413819
244485	3413831
244486	3413849
244487	3413857
244488	3413897
244489	3413911
244490	3413929
244491	3413933
244492	3413941
244493	3413983
244494	3414001
244495	3414011
244496	3414013
244497	3414017
244498	3414023
244499	3414031
244500	3414041
244501	3414043
244502	3414077
244503	3414079
244504	3414107
244505	3414121
244506	3414163
244507	3414179
244508	3414181
244509	3414197
244510	3414209
244511	3414211
244512	3414217
244513	3414223
244514	3414227
244515	3414233
244516	3414239
244517	3414241
244518	3414259
244519	3414269
244520	3414287
244521	3414289
244522	3414293
244523	3414311
244524	3414337
244525	3414343
244526	3414349
244527	3414377
244528	3414379
244529	3414391
244530	3414401
244531	3414403
244532	3414413
244533	3414421
244534	3414427
244535	3414457
244536	3414473
244537	3414487
244538	3414527
244539	3414533
244540	3414577
244541	3414581
244542	3414583
244543	3414589
244544	3414629
244545	3414647
244546	3414679
244547	3414689
244548	3414701
244549	3414707
244550	3414713
244551	3414727
244552	3414751
244553	3414757
244554	3414769
244555	3414809
244556	3414857
244557	3414863
244558	3414877
244559	3414883
244560	3414893
244561	3414913
244562	3414937
244563	3414941
244564	3414947
244565	3414997
244566	3415021
244567	3415033
244568	3415037
244569	3415051
244570	3415099
244571	3415123
244572	3415183
244573	3415187
244574	3415219
244575	3415241
244576	3415261
244577	3415277
244578	3415303
244579	3415309
244580	3415319
244581	3415327
244582	3415337
244583	3415343
244584	3415381
244585	3415393
244586	3415397
244587	3415403
244588	3415409
244589	3415427
244590	3415429
244591	3415439
244592	3415441
244593	3415463
244594	3415471
244595	3415481
244596	3415541
244597	3415567
244598	3415579
244599	3415609
244600	3415627
244601	3415679
244602	3415681
244603	3415697
244604	3415717
244605	3415747
244606	3415757
244607	3415777
244608	3415781
244609	3415813
244610	3415831
244611	3415847
244612	3415871
244613	3415883
244614	3415897
244615	3415901
244616	3415931
244617	3415943
244618	3415949
244619	3415957
244620	3415961
244621	3415967
244622	3415987
244623	3415999
244624	3416011
244625	3416033
244626	3416047
244627	3416051
244628	3416053
244629	3416057
244630	3416059
244631	3416069
244632	3416071
244633	3416111
244634	3416141
244635	3416191
244636	3416207
244637	3416227
244638	3416239
244639	3416267
244640	3416279
244641	3416297
244642	3416311
244643	3416323
244644	3416353
244645	3416359
244646	3416381
244647	3416389
244648	3416401
244649	3416423
244650	3416429
244651	3416431
244652	3416453
244653	3416459
244654	3416467
244655	3416503
244656	3416509
244657	3416521
244658	3416533
244659	3416551
244660	3416557
244661	3416563
244662	3416579
244663	3416639
244664	3416641
244665	3416663
244666	3416683
244667	3416701
244668	3416717
244669	3416731
244670	3416741
244671	3416747
244672	3416753
244673	3416761
244674	3416767
244675	3416773
244676	3416783
244677	3416797
244678	3416837
244679	3416887
244680	3416891
244681	3416893
244682	3416929
244683	3416939
244684	3416951
244685	3416953
244686	3416971
244687	3416993
244688	3416999
244689	3417013
244690	3417023
244691	3417047
244692	3417077
244693	3417079
244694	3417083
244695	3417091
244696	3417097
244697	3417101
244698	3417121
244699	3417143
244700	3417151
244701	3417163
244702	3417173
244703	3417199
244704	3417251
244705	3417263
244706	3417299
244707	3417307
244708	3417311
244709	3417313
244710	3417341
244711	3417343
244712	3417353
244713	3417361
244714	3417371
244715	3417377
244716	3417383
244717	3417413
244718	3417439
244719	3417467
244720	3417487
244721	3417503
244722	3417521
244723	3417523
244724	3417539
244725	3417541
244726	3417551
244727	3417553
244728	3417559
244729	3417569
244730	3417607
244731	3417649
244732	3417671
244733	3417677
244734	3417703
244735	3417707
244736	3417721
244737	3417749
244738	3417751
244739	3417763
244740	3417767
244741	3417779
244742	3417797
244743	3417809
244744	3417829
244745	3417839
244746	3417847
244747	3417859
244748	3417863
244749	3417881
244750	3417889
244751	3417893
244752	3417899
244753	3417907
244754	3417923
244755	3417937
244756	3417943
244757	3417977
244758	3418001
244759	3418021
244760	3418033
244761	3418049
244762	3418061
244763	3418067
244764	3418069
244765	3418073
244766	3418087
244767	3418109
244768	3418111
244769	3418117
244770	3418133
244771	3418141
244772	3418159
244773	3418193
244774	3418213
244775	3418229
244776	3418231
244777	3418243
244778	3418249
244779	3418267
244780	3418279
244781	3418291
244782	3418301
244783	3418313
244784	3418321
244785	3418351
244786	3418381
244787	3418397
244788	3418399
244789	3418403
244790	3418439
244791	3418469
244792	3418511
244793	3418601
244794	3418603
244795	3418619
244796	3418627
244797	3418633
244798	3418661
244799	3418669
244800	3418693
244801	3418699
244802	3418729
244803	3418739
244804	3418747
244805	3418759
244806	3418769
244807	3418771
244808	3418783
244809	3418787
244810	3418799
244811	3418829
244812	3418843
244813	3418859
244814	3418861
244815	3418889
244816	3418901
244817	3418913
244818	3418931
244819	3418937
244820	3418939
244821	3418957
244822	3418963
244823	3418981
244824	3418997
244825	3419027
244826	3419029
244827	3419033
244828	3419051
244829	3419063
244830	3419131
244831	3419149
244832	3419167
244833	3419179
244834	3419191
244835	3419197
244836	3419201
244837	3419239
244838	3419243
244839	3419257
244840	3419279
244841	3419287
244842	3419293
244843	3419309
244844	3419321
244845	3419333
244846	3419407
244847	3419413
244848	3419443
244849	3419453
244850	3419461
244851	3419467
244852	3419483
244853	3419491
244854	3419509
244855	3419519
244856	3419531
244857	3419543
244858	3419569
244859	3419587
244860	3419609
244861	3419623
244862	3419653
244863	3419681
244864	3419701
244865	3419707
244866	3419711
244867	3419777
244868	3419803
244869	3419809
244870	3419813
244871	3419821
244872	3419837
244873	3419863
244874	3419869
244875	3419887
244876	3419891
244877	3419917
244878	3419921
244879	3419953
244880	3419957
244881	3419959
244882	3419963
244883	3420023
244884	3420047
244885	3420059
244886	3420061
244887	3420071
244888	3420083
244889	3420089
244890	3420101
244891	3420107
244892	3420121
244893	3420127
244894	3420139
244895	3420161
244896	3420187
244897	3420191
244898	3420203
244899	3420211
244900	3420227
244901	3420239
244902	3420251
244903	3420253
244904	3420257
244905	3420271
244906	3420293
244907	3420299
244908	3420337
244909	3420341
244910	3420367
244911	3420371
244912	3420401
244913	3420409
244914	3420421
244915	3420427
244916	3420433
244917	3420457
244918	3420481
244919	3420493
244920	3420497
244921	3420499
244922	3420517
244923	3420523
244924	3420533
244925	3420563
244926	3420569
244927	3420577
244928	3420581
244929	3420601
244930	3420617
244931	3420631
244932	3420647
244933	3420649
244934	3420653
244935	3420667
244936	3420691
244937	3420701
244938	3420713
244939	3420727
244940	3420749
244941	3420751
244942	3420763
244943	3420773
244944	3420787
244945	3420793
244946	3420799
244947	3420821
244948	3420827
244949	3420829
244950	3420839
244951	3420871
244952	3420877
244953	3420913
244954	3420919
244955	3420959
244956	3420973
244957	3421003
244958	3421013
244959	3421021
244960	3421039
244961	3421049
244962	3421051
244963	3421069
244964	3421079
244965	3421091
244966	3421109
244967	3421151
244968	3421157
244969	3421169
244970	3421193
244971	3421219
244972	3421237
244973	3421241
244974	3421321
244975	3421331
244976	3421373
244977	3421393
244978	3421399
244979	3421417
244980	3421423
244981	3421433
244982	3421447
244983	3421499
244984	3421513
244985	3421531
244986	3421567
244987	3421591
244988	3421597
244989	3421603
244990	3421631
244991	3421633
244992	3421637
244993	3421657
244994	3421661
244995	3421667
244996	3421669
244997	3421679
244998	3421699
244999	3421711
245000	3421751
