245001	3421793
245002	3421799
245003	3421801
245004	3421807
245005	3421813
245006	3421853
245007	3421861
245008	3421867
245009	3421877
245010	3421903
245011	3421907
245012	3421921
245013	3421927
245014	3421937
245015	3421939
245016	3421993
245017	3422011
245018	3422017
245019	3422047
245020	3422053
245021	3422057
245022	3422077
245023	3422099
245024	3422119
245025	3422131
245026	3422137
245027	3422141
245028	3422143
245029	3422171
245030	3422179
245031	3422189
245032	3422191
245033	3422197
245034	3422207
245035	3422227
245036	3422231
245037	3422233
245038	3422249
245039	3422267
245040	3422291
245041	3422297
245042	3422303
245043	3422323
245044	3422383
245045	3422387
245046	3422401
245047	3422407
245048	3422411
245049	3422429
245050	3422437
245051	3422453
245052	3422483
245053	3422501
245054	3422509
245055	3422519
245056	3422521
245057	3422539
245058	3422543
245059	3422563
245060	3422567
245061	3422569
245062	3422599
245063	3422621
245064	3422623
245065	3422633
245066	3422647
245067	3422651
245068	3422669
245069	3422677
245070	3422693
245071	3422707
245072	3422723
245073	3422737
245074	3422747
245075	3422753
245076	3422773
245077	3422801
245078	3422807
245079	3422813
245080	3422917
245081	3422971
245082	3422987
245083	3423011
245084	3423023
245085	3423047
245086	3423083
245087	3423139
245088	3423143
245089	3423157
245090	3423179
245091	3423181
245092	3423191
245093	3423223
245094	3423229
245095	3423263
245096	3423271
245097	3423289
245098	3423311
245099	3423313
245100	3423317
245101	3423347
245102	3423349
245103	3423367
245104	3423379
245105	3423383
245106	3423403
245107	3423419
245108	3423457
245109	3423461
245110	3423463
245111	3423467
245112	3423473
245113	3423487
245114	3423517
245115	3423523
245116	3423529
245117	3423557
245118	3423559
245119	3423569
245120	3423571
245121	3423587
245122	3423599
245123	3423611
245124	3423631
245125	3423643
245126	3423659
245127	3423661
245128	3423677
245129	3423683
245130	3423697
245131	3423713
245132	3423727
245133	3423751
245134	3423811
245135	3423821
245136	3423839
245137	3423859
245138	3423863
245139	3423877
245140	3423881
245141	3423899
245142	3423913
245143	3423929
245144	3423949
245145	3423967
245146	3423983
245147	3424019
245148	3424037
245149	3424049
245150	3424061
245151	3424063
245152	3424067
245153	3424073
245154	3424093
245155	3424103
245156	3424111
245157	3424121
245158	3424151
245159	3424159
245160	3424163
245161	3424177
245162	3424181
245163	3424207
245164	3424231
245165	3424241
245166	3424243
245167	3424249
245168	3424261
245169	3424271
245170	3424283
245171	3424297
245172	3424307
245173	3424363
245174	3424381
245175	3424397
245176	3424409
245177	3424411
245178	3424417
245179	3424423
245180	3424433
245181	3424457
245182	3424459
245183	3424469
245184	3424481
245185	3424507
245186	3424549
245187	3424559
245188	3424567
245189	3424573
245190	3424613
245191	3424621
245192	3424643
245193	3424651
245194	3424657
245195	3424661
245196	3424679
245197	3424699
245198	3424703
245199	3424711
245200	3424727
245201	3424739
245202	3424747
245203	3424753
245204	3424763
245205	3424777
245206	3424781
245207	3424783
245208	3424789
245209	3424801
245210	3424819
245211	3424879
245212	3424901
245213	3424903
245214	3424909
245215	3424933
245216	3424951
245217	3424957
245218	3424961
245219	3424991
245220	3425021
245221	3425027
245222	3425029
245223	3425033
245224	3425047
245225	3425069
245226	3425077
245227	3425083
245228	3425101
245229	3425117
245230	3425129
245231	3425131
245232	3425141
245233	3425189
245234	3425197
245235	3425207
245236	3425243
245237	3425249
245238	3425267
245239	3425273
245240	3425281
245241	3425291
245242	3425293
245243	3425297
245244	3425341
245245	3425351
245246	3425371
245247	3425399
245248	3425419
245249	3425431
245250	3425441
245251	3425447
245252	3425467
245253	3425473
245254	3425479
245255	3425489
245256	3425507
245257	3425579
245258	3425581
245259	3425603
245260	3425621
245261	3425627
245262	3425629
245263	3425641
245264	3425651
245265	3425663
245266	3425693
245267	3425729
245268	3425731
245269	3425753
245270	3425759
245271	3425791
245272	3425797
245273	3425803
245274	3425809
245275	3425831
245276	3425843
245277	3425869
245278	3425879
245279	3425893
245280	3425921
245281	3425927
245282	3425951
245283	3425977
245284	3425987
245285	3425999
245286	3426029
245287	3426037
245288	3426041
245289	3426053
245290	3426077
245291	3426091
245292	3426113
245293	3426119
245294	3426121
245295	3426127
245296	3426131
245297	3426139
245298	3426161
245299	3426167
245300	3426169
245301	3426217
245302	3426221
245303	3426229
245304	3426277
245305	3426317
245306	3426343
245307	3426359
245308	3426361
245309	3426373
245310	3426377
245311	3426383
245312	3426391
245313	3426407
245314	3426413
245315	3426419
245316	3426433
245317	3426443
245318	3426463
245319	3426473
245320	3426487
245321	3426491
245322	3426497
245323	3426509
245324	3426529
245325	3426557
245326	3426559
245327	3426569
245328	3426583
245329	3426601
245330	3426623
245331	3426637
245332	3426641
245333	3426649
245334	3426653
245335	3426667
245336	3426671
245337	3426677
245338	3426691
245339	3426697
245340	3426721
245341	3426733
245342	3426737
245343	3426757
245344	3426763
245345	3426769
245346	3426811
245347	3426823
245348	3426827
245349	3426853
245350	3426887
245351	3426937
245352	3426949
245353	3426967
245354	3426989
245355	3426991
245356	3427009
245357	3427027
245358	3427063
245359	3427079
245360	3427093
245361	3427111
245362	3427121
245363	3427129
245364	3427141
245365	3427147
245366	3427157
245367	3427169
245368	3427181
245369	3427187
245370	3427211
245371	3427223
245372	3427243
245373	3427271
245374	3427279
245375	3427289
245376	3427309
245377	3427327
245378	3427331
245379	3427339
245380	3427343
245381	3427363
245382	3427367
245383	3427379
245384	3427393
245385	3427397
245386	3427399
245387	3427409
245388	3427439
245389	3427441
245390	3427469
245391	3427507
245392	3427511
245393	3427513
245394	3427537
245395	3427547
245396	3427561
245397	3427579
245398	3427583
245399	3427607
245400	3427673
245401	3427687
245402	3427691
245403	3427703
245404	3427709
245405	3427747
245406	3427751
245407	3427769
245408	3427777
245409	3427783
245410	3427789
245411	3427793
245412	3427799
245413	3427811
245414	3427813
245415	3427819
245416	3427843
245417	3427849
245418	3427859
245419	3427871
245420	3427891
245421	3427903
245422	3427913
245423	3427933
245424	3427967
245425	3427973
245426	3427981
245427	3428021
245428	3428023
245429	3428027
245430	3428057
245431	3428059
245432	3428071
245433	3428083
245434	3428099
245435	3428137
245436	3428141
245437	3428143
245438	3428209
245439	3428231
245440	3428239
245441	3428251
245442	3428263
245443	3428267
245444	3428279
245445	3428281
245446	3428287
245447	3428329
245448	3428353
245449	3428371
245450	3428389
245451	3428413
245452	3428419
245453	3428423
245454	3428437
245455	3428471
245456	3428473
245457	3428479
245458	3428489
245459	3428497
245460	3428501
245461	3428563
245462	3428567
245463	3428573
245464	3428597
245465	3428599
245466	3428609
245467	3428617
245468	3428651
245469	3428657
245470	3428671
245471	3428681
245472	3428717
245473	3428743
245474	3428783
245475	3428801
245476	3428807
245477	3428819
245478	3428833
245479	3428839
245480	3428851
245481	3428861
245482	3428869
245483	3428891
245484	3428897
245485	3428899
245486	3428921
245487	3428923
245488	3428947
245489	3428977
245490	3428981
245491	3429007
245492	3429017
245493	3429067
245494	3429077
245495	3429079
245496	3429089
245497	3429091
245498	3429109
245499	3429113
245500	3429131
245501	3429149
245502	3429157
245503	3429191
245504	3429193
245505	3429203
245506	3429287
245507	3429299
245508	3429301
245509	3429331
245510	3429341
245511	3429347
245512	3429353
245513	3429373
245514	3429389
245515	3429403
245516	3429409
245517	3429431
245518	3429451
245519	3429473
245520	3429479
245521	3429487
245522	3429509
245523	3429523
245524	3429581
245525	3429583
245526	3429589
245527	3429593
245528	3429617
245529	3429619
245530	3429653
245531	3429659
245532	3429661
245533	3429667
245534	3429689
245535	3429697
245536	3429703
245537	3429721
245538	3429749
245539	3429757
245540	3429761
245541	3429763
245542	3429779
245543	3429781
245544	3429791
245545	3429799
245546	3429821
245547	3429857
245548	3429883
245549	3429893
245550	3429901
245551	3429961
245552	3429977
245553	3429983
245554	3429989
245555	3430027
245556	3430043
245557	3430079
245558	3430087
245559	3430093
245560	3430117
245561	3430123
245562	3430171
245563	3430249
245564	3430253
245565	3430261
245566	3430291
245567	3430303
245568	3430331
245569	3430337
245570	3430351
245571	3430363
245572	3430369
245573	3430373
245574	3430387
245575	3430391
245576	3430403
245577	3430423
245578	3430433
245579	3430451
245580	3430463
245581	3430487
245582	3430499
245583	3430513
245584	3430517
245585	3430523
245586	3430541
245587	3430547
245588	3430573
245589	3430597
245590	3430619
245591	3430631
245592	3430633
245593	3430643
245594	3430663
245595	3430711
245596	3430717
245597	3430727
245598	3430771
245599	3430783
245600	3430813
245601	3430829
245602	3430831
245603	3430873
245604	3430877
245605	3430879
245606	3430883
245607	3430897
245608	3430901
245609	3430907
245610	3430913
245611	3430939
245612	3430949
245613	3430951
245614	3430967
245615	3431009
245616	3431011
245617	3431017
245618	3431053
245619	3431063
245620	3431069
245621	3431089
245622	3431119
245623	3431123
245624	3431143
245625	3431147
245626	3431171
245627	3431179
245628	3431201
245629	3431203
245630	3431213
245631	3431221
245632	3431237
245633	3431243
245634	3431261
245635	3431287
245636	3431317
245637	3431327
245638	3431333
245639	3431353
245640	3431377
245641	3431401
245642	3431411
245643	3431431
245644	3431437
245645	3431447
245646	3431453
245647	3431459
245648	3431473
245649	3431479
245650	3431489
245651	3431497
245652	3431503
245653	3431507
245654	3431509
245655	3431521
245656	3431537
245657	3431551
245658	3431567
245659	3431587
245660	3431621
245661	3431629
245662	3431641
245663	3431689
245664	3431693
245665	3431699
245666	3431719
245667	3431749
245668	3431759
245669	3431767
245670	3431783
245671	3431789
245672	3431797
245673	3431819
245674	3431821
245675	3431849
245676	3431851
245677	3431867
245678	3431881
245679	3431891
245680	3431903
245681	3431933
245682	3431963
245683	3431993
245684	3431999
245685	3432001
245686	3432007
245687	3432019
245688	3432031
245689	3432059
245690	3432061
245691	3432067
245692	3432071
245693	3432073
245694	3432097
245695	3432101
245696	3432109
245697	3432127
245698	3432137
245699	3432161
245700	3432173
245701	3432203
245702	3432223
245703	3432229
245704	3432251
245705	3432257
245706	3432259
245707	3432263
245708	3432271
245709	3432277
245710	3432329
245711	3432347
245712	3432361
245713	3432367
245714	3432383
245715	3432421
245716	3432431
245717	3432433
245718	3432437
245719	3432503
245720	3432509
245721	3432511
245722	3432523
245723	3432529
245724	3432547
245725	3432553
245726	3432557
245727	3432571
245728	3432577
245729	3432613
245730	3432619
245731	3432677
245732	3432697
245733	3432703
245734	3432707
245735	3432713
245736	3432721
245737	3432743
245738	3432761
245739	3432763
245740	3432799
245741	3432841
245742	3432851
245743	3432853
245744	3432857
245745	3432899
245746	3432907
245747	3432931
245748	3432941
245749	3432953
245750	3432959
245751	3432967
245752	3432983
245753	3433007
245754	3433009
245755	3433037
245756	3433039
245757	3433043
245758	3433051
245759	3433061
245760	3433069
245761	3433097
245762	3433123
245763	3433127
245764	3433139
245765	3433153
245766	3433169
245767	3433189
245768	3433207
245769	3433211
245770	3433229
245771	3433231
245772	3433237
245773	3433253
245774	3433273
245775	3433291
245776	3433301
245777	3433307
245778	3433321
245779	3433327
245780	3433333
245781	3433349
245782	3433351
245783	3433369
245784	3433373
245785	3433411
245786	3433447
245787	3433453
245788	3433457
245789	3433459
245790	3433477
245791	3433481
245792	3433487
245793	3433511
245794	3433517
245795	3433537
245796	3433543
245797	3433553
245798	3433561
245799	3433567
245800	3433583
245801	3433597
245802	3433613
245803	3433649
245804	3433657
245805	3433669
245806	3433673
245807	3433691
245808	3433723
245809	3433753
245810	3433769
245811	3433783
245812	3433789
245813	3433819
245814	3433823
245815	3433849
245816	3433879
245817	3433883
245818	3433909
245819	3433943
245820	3433967
245821	3433973
245822	3433979
245823	3434047
245824	3434059
245825	3434069
245826	3434083
245827	3434089
245828	3434099
245829	3434111
245830	3434129
245831	3434131
245832	3434141
245833	3434147
245834	3434161
245835	3434173
245836	3434177
245837	3434203
245838	3434227
245839	3434237
245840	3434251
245841	3434257
245842	3434279
245843	3434287
245844	3434293
245845	3434309
245846	3434311
245847	3434317
245848	3434351
245849	3434359
245850	3434363
245851	3434369
245852	3434381
245853	3434399
245854	3434407
245855	3434411
245856	3434413
245857	3434419
245858	3434437
245859	3434443
245860	3434467
245861	3434471
245862	3434489
245863	3434581
245864	3434603
245865	3434609
245866	3434633
245867	3434657
245868	3434671
245869	3434677
245870	3434681
245871	3434701
245872	3434719
245873	3434729
245874	3434749
245875	3434759
245876	3434773
245877	3434779
245878	3434791
245879	3434813
245880	3434819
245881	3434887
245882	3434891
245883	3434903
245884	3434927
245885	3434929
245886	3434933
245887	3435007
245888	3435011
245889	3435059
245890	3435101
245891	3435109
245892	3435151
245893	3435163
245894	3435167
245895	3435169
245896	3435197
245897	3435221
245898	3435233
245899	3435239
245900	3435247
245901	3435251
245902	3435281
245903	3435283
245904	3435293
245905	3435323
245906	3435331
245907	3435347
245908	3435361
245909	3435373
245910	3435379
245911	3435391
245912	3435403
245913	3435457
245914	3435461
245915	3435463
245916	3435469
245917	3435491
245918	3435499
245919	3435503
245920	3435521
245921	3435541
245922	3435557
245923	3435563
245924	3435577
245925	3435583
245926	3435589
245927	3435613
245928	3435623
245929	3435661
245930	3435673
245931	3435689
245932	3435697
245933	3435701
245934	3435727
245935	3435739
245936	3435767
245937	3435769
245938	3435779
245939	3435793
245940	3435799
245941	3435821
245942	3435847
245943	3435851
245944	3435863
245945	3435869
245946	3435871
245947	3435881
245948	3435889
245949	3435907
245950	3435911
245951	3435959
245952	3435967
245953	3435997
245954	3436003
245955	3436019
245956	3436021
245957	3436033
245958	3436049
245959	3436067
245960	3436127
245961	3436129
245962	3436151
245963	3436157
245964	3436163
245965	3436171
245966	3436189
245967	3436211
245968	3436231
245969	3436241
245970	3436243
245971	3436247
245972	3436249
245973	3436253
245974	3436267
245975	3436273
245976	3436289
245977	3436291
245978	3436309
245979	3436327
245980	3436331
245981	3436339
245982	3436357
245983	3436373
245984	3436399
245985	3436403
245986	3436409
245987	3436417
245988	3436423
245989	3436439
245990	3436451
245991	3436481
245992	3436483
245993	3436487
245994	3436501
245995	3436507
245996	3436513
245997	3436541
245998	3436547
245999	3436561
246000	3436571
