247001	3451241
247002	3451297
247003	3451321
247004	3451363
247005	3451373
247006	3451379
247007	3451387
247008	3451411
247009	3451417
247010	3451423
247011	3451439
247012	3451453
247013	3451477
247014	3451517
247015	3451537
247016	3451549
247017	3451573
247018	3451577
247019	3451579
247020	3451603
247021	3451607
247022	3451621
247023	3451627
247024	3451631
247025	3451649
247026	3451661
247027	3451681
247028	3451699
247029	3451759
247030	3451769
247031	3451781
247032	3451793
247033	3451829
247034	3451859
247035	3451871
247036	3451873
247037	3451897
247038	3451933
247039	3451937
247040	3451961
247041	3451963
247042	3451967
247043	3451991
247044	3451993
247045	3452017
247046	3452039
247047	3452069
247048	3452081
247049	3452087
247050	3452107
247051	3452143
247052	3452179
247053	3452203
247054	3452227
247055	3452237
247056	3452249
247057	3452257
247058	3452279
247059	3452287
247060	3452297
247061	3452329
247062	3452333
247063	3452353
247064	3452381
247065	3452387
247066	3452413
247067	3452431
247068	3452441
247069	3452453
247070	3452459
247071	3452497
247072	3452543
247073	3452549
247074	3452557
247075	3452567
247076	3452609
247077	3452627
247078	3452671
247079	3452689
247080	3452723
247081	3452747
247082	3452753
247083	3452759
247084	3452773
247085	3452789
247086	3452797
247087	3452809
247088	3452821
247089	3452831
247090	3452881
247091	3452893
247092	3452903
247093	3452923
247094	3452929
247095	3452957
247096	3452959
247097	3452971
247098	3452987
247099	3452993
247100	3453017
247101	3453019
247102	3453031
247103	3453053
247104	3453071
247105	3453077
247106	3453083
247107	3453097
247108	3453101
247109	3453127
247110	3453133
247111	3453139
247112	3453179
247113	3453181
247114	3453199
247115	3453217
247116	3453251
247117	3453277
247118	3453283
247119	3453301
247120	3453313
247121	3453337
247122	3453341
247123	3453343
247124	3453361
247125	3453367
247126	3453371
247127	3453379
247128	3453403
247129	3453409
247130	3453451
247131	3453479
247132	3453551
247133	3453559
247134	3453563
247135	3453587
247136	3453589
247137	3453623
247138	3453629
247139	3453641
247140	3453647
247141	3453673
247142	3453677
247143	3453689
247144	3453707
247145	3453719
247146	3453721
247147	3453731
247148	3453739
247149	3453743
247150	3453757
247151	3453761
247152	3453767
247153	3453773
247154	3453787
247155	3453809
247156	3453811
247157	3453829
247158	3453833
247159	3453943
247160	3453949
247161	3453971
247162	3453973
247163	3453997
247164	3454013
247165	3454021
247166	3454027
247167	3454081
247168	3454091
247169	3454093
247170	3454097
247171	3454109
247172	3454123
247173	3454153
247174	3454159
247175	3454183
247176	3454189
247177	3454193
247178	3454201
247179	3454223
247180	3454249
247181	3454261
247182	3454279
247183	3454303
247184	3454307
247185	3454313
247186	3454327
247187	3454331
247188	3454343
247189	3454387
247190	3454397
247191	3454403
247192	3454421
247193	3454457
247194	3454469
247195	3454481
247196	3454483
247197	3454489
247198	3454501
247199	3454511
247200	3454541
247201	3454573
247202	3454597
247203	3454603
247204	3454631
247205	3454643
247206	3454651
247207	3454667
247208	3454673
247209	3454679
247210	3454681
247211	3454687
247212	3454697
247213	3454739
247214	3454753
247215	3454769
247216	3454771
247217	3454793
247218	3454813
247219	3454817
247220	3454819
247221	3454837
247222	3454861
247223	3454873
247224	3454877
247225	3454883
247226	3454889
247227	3454897
247228	3454901
247229	3454909
247230	3454933
247231	3454937
247232	3454943
247233	3454967
247234	3454987
247235	3454993
247236	3455009
247237	3455033
247238	3455051
247239	3455057
247240	3455059
247241	3455077
247242	3455087
247243	3455113
247244	3455141
247245	3455143
247246	3455159
247247	3455189
247248	3455203
247249	3455209
247250	3455213
247251	3455219
247252	3455227
247253	3455251
247254	3455269
247255	3455281
247256	3455293
247257	3455303
247258	3455317
247259	3455323
247260	3455339
247261	3455363
247262	3455371
247263	3455383
247264	3455407
247265	3455443
247266	3455447
247267	3455479
247268	3455483
247269	3455489
247270	3455509
247271	3455519
247272	3455527
247273	3455531
247274	3455533
247275	3455561
247276	3455563
247277	3455567
247278	3455591
247279	3455593
247280	3455597
247281	3455629
247282	3455633
247283	3455719
247284	3455723
247285	3455729
247286	3455741
247287	3455761
247288	3455791
247289	3455801
247290	3455821
247291	3455827
247292	3455857
247293	3455861
247294	3455873
247295	3455887
247296	3455897
247297	3455909
247298	3455923
247299	3455939
247300	3455941
247301	3455951
247302	3455999
247303	3456001
247304	3456023
247305	3456029
247306	3456031
247307	3456053
247308	3456071
247309	3456073
247310	3456091
247311	3456107
247312	3456109
247313	3456127
247314	3456139
247315	3456169
247316	3456197
247317	3456217
247318	3456227
247319	3456241
247320	3456269
247321	3456301
247322	3456317
247323	3456319
247324	3456337
247325	3456361
247326	3456377
247327	3456379
247328	3456403
247329	3456413
247330	3456419
247331	3456433
247332	3456451
247333	3456473
247334	3456511
247335	3456517
247336	3456533
247337	3456547
247338	3456553
247339	3456569
247340	3456571
247341	3456611
247342	3456617
247343	3456637
247344	3456653
247345	3456667
247346	3456703
247347	3456721
247348	3456737
247349	3456743
247350	3456749
247351	3456767
247352	3456781
247353	3456793
247354	3456821
247355	3456847
247356	3456863
247357	3456881
247358	3456889
247359	3456911
247360	3456941
247361	3456953
247362	3456977
247363	3456979
247364	3457007
247365	3457019
247366	3457037
247367	3457049
247368	3457081
247369	3457087
247370	3457093
247371	3457109
247372	3457117
247373	3457121
247374	3457123
247375	3457141
247376	3457163
247377	3457187
247378	3457189
247379	3457193
247380	3457217
247381	3457229
247382	3457241
247383	3457253
247384	3457261
247385	3457271
247386	3457301
247387	3457303
247388	3457309
247389	3457319
247390	3457327
247391	3457339
247392	3457343
247393	3457357
247394	3457361
247395	3457381
247396	3457397
247397	3457403
247398	3457417
247399	3457427
247400	3457453
247401	3457463
247402	3457471
247403	3457481
247404	3457513
247405	3457537
247406	3457549
247407	3457591
247408	3457609
247409	3457631
247410	3457633
247411	3457651
247412	3457703
247413	3457721
247414	3457723
247415	3457763
247416	3457777
247417	3457787
247418	3457789
247419	3457801
247420	3457819
247421	3457841
247422	3457849
247423	3457859
247424	3457871
247425	3457897
247426	3457921
247427	3457967
247428	3457969
247429	3457973
247430	3457991
247431	3457997
247432	3457999
247433	3458053
247434	3458087
247435	3458093
247436	3458099
247437	3458111
247438	3458149
247439	3458173
247440	3458177
247441	3458179
247442	3458201
247443	3458207
247444	3458219
247445	3458233
247446	3458237
247447	3458249
247448	3458251
247449	3458261
247450	3458281
247451	3458297
247452	3458311
247453	3458317
247454	3458333
247455	3458359
247456	3458363
247457	3458381
247458	3458393
247459	3458407
247460	3458417
247461	3458423
247462	3458471
247463	3458479
247464	3458489
247465	3458491
247466	3458503
247467	3458519
247468	3458537
247469	3458557
247470	3458563
247471	3458573
247472	3458597
247473	3458603
247474	3458617
247475	3458641
247476	3458657
247477	3458659
247478	3458677
247479	3458687
247480	3458731
247481	3458747
247482	3458771
247483	3458783
247484	3458821
247485	3458827
247486	3458849
247487	3458863
247488	3458869
247489	3458879
247490	3458891
247491	3458909
247492	3458911
247493	3458921
247494	3458927
247495	3458929
247496	3458933
247497	3458977
247498	3458999
247499	3459017
247500	3459037
247501	3459077
247502	3459089
247503	3459097
247504	3459101
247505	3459103
247506	3459107
247507	3459119
247508	3459179
247509	3459187
247510	3459199
247511	3459227
247512	3459233
247513	3459263
247514	3459271
247515	3459283
247516	3459299
247517	3459301
247518	3459319
247519	3459329
247520	3459343
247521	3459373
247522	3459403
247523	3459409
247524	3459413
247525	3459419
247526	3459433
247527	3459437
247528	3459473
247529	3459487
247530	3459541
247531	3459559
247532	3459563
247533	3459587
247534	3459601
247535	3459641
247536	3459649
247537	3459713
247538	3459719
247539	3459733
247540	3459749
247541	3459751
247542	3459763
247543	3459779
247544	3459791
247545	3459829
247546	3459847
247547	3459851
247548	3459853
247549	3459887
247550	3459899
247551	3459917
247552	3459923
247553	3459971
247554	3459977
247555	3459997
247556	3460049
247557	3460063
247558	3460069
247559	3460091
247560	3460099
247561	3460117
247562	3460133
247563	3460139
247564	3460141
247565	3460157
247566	3460181
247567	3460201
247568	3460207
247569	3460213
247570	3460217
247571	3460243
247572	3460271
247573	3460307
247574	3460319
247575	3460357
247576	3460363
247577	3460381
247578	3460393
247579	3460397
247580	3460403
247581	3460417
247582	3460421
247583	3460427
247584	3460433
247585	3460447
247586	3460453
247587	3460463
247588	3460517
247589	3460531
247590	3460543
247591	3460553
247592	3460559
247593	3460577
247594	3460579
247595	3460601
247596	3460609
247597	3460619
247598	3460643
247599	3460661
247600	3460663
247601	3460693
247602	3460733
247603	3460739
247604	3460771
247605	3460781
247606	3460783
247607	3460789
247608	3460799
247609	3460813
247610	3460819
247611	3460867
247612	3460883
247613	3460921
247614	3460927
247615	3460973
247616	3460981
247617	3460987
247618	3460993
247619	3460997
247620	3461009
247621	3461011
247622	3461053
247623	3461083
247624	3461089
247625	3461099
247626	3461123
247627	3461137
247628	3461141
247629	3461147
247630	3461167
247631	3461197
247632	3461203
247633	3461231
247634	3461233
247635	3461257
247636	3461273
247637	3461279
247638	3461281
247639	3461291
247640	3461309
247641	3461317
247642	3461329
247643	3461347
247644	3461351
247645	3461357
247646	3461369
247647	3461383
247648	3461389
247649	3461399
247650	3461417
247651	3461453
247652	3461459
247653	3461509
247654	3461537
247655	3461551
247656	3461561
247657	3461581
247658	3461593
247659	3461599
247660	3461603
247661	3461617
247662	3461641
247663	3461651
247664	3461663
247665	3461687
247666	3461699
247667	3461713
247668	3461719
247669	3461723
247670	3461729
247671	3461749
247672	3461767
247673	3461791
247674	3461797
247675	3461803
247676	3461807
247677	3461827
247678	3461839
247679	3461849
247680	3461867
247681	3461921
247682	3461923
247683	3461951
247684	3461989
247685	3461993
247686	3462023
247687	3462037
247688	3462079
247689	3462089
247690	3462103
247691	3462113
247692	3462131
247693	3462133
247694	3462181
247695	3462187
247696	3462229
247697	3462233
247698	3462241
247699	3462247
247700	3462269
247701	3462287
247702	3462289
247703	3462293
247704	3462301
247705	3462307
247706	3462311
247707	3462323
247708	3462337
247709	3462343
247710	3462353
247711	3462377
247712	3462379
247713	3462391
247714	3462419
247715	3462439
247716	3462449
247717	3462451
247718	3462469
247719	3462517
247720	3462523
247721	3462587
247722	3462593
247723	3462619
247724	3462623
247725	3462637
247726	3462707
247727	3462743
247728	3462751
247729	3462773
247730	3462779
247731	3462791
247732	3462829
247733	3462839
247734	3462847
247735	3462853
247736	3462863
247737	3462881
247738	3462889
247739	3462911
247740	3462937
247741	3462947
247742	3462961
247743	3462971
247744	3462973
247745	3462989
247746	3463001
247747	3463027
247748	3463037
247749	3463043
247750	3463049
247751	3463051
247752	3463067
247753	3463069
247754	3463081
247755	3463099
247756	3463139
247757	3463157
247758	3463171
247759	3463181
247760	3463183
247761	3463199
247762	3463217
247763	3463231
247764	3463249
247765	3463259
247766	3463277
247767	3463303
247768	3463307
247769	3463319
247770	3463333
247771	3463357
247772	3463367
247773	3463381
247774	3463387
247775	3463399
247776	3463429
247777	3463433
247778	3463489
247779	3463511
247780	3463513
247781	3463517
247782	3463531
247783	3463541
247784	3463573
247785	3463583
247786	3463591
247787	3463601
247788	3463609
247789	3463619
247790	3463627
247791	3463657
247792	3463667
247793	3463679
247794	3463687
247795	3463727
247796	3463729
247797	3463751
247798	3463769
247799	3463783
247800	3463807
247801	3463819
247802	3463843
247803	3463849
247804	3463861
247805	3463879
247806	3463907
247807	3463919
247808	3463927
247809	3463939
247810	3463981
247811	3464003
247812	3464047
247813	3464057
247814	3464093
247815	3464117
247816	3464119
247817	3464173
247818	3464183
247819	3464207
247820	3464221
247821	3464233
247822	3464249
247823	3464291
247824	3464299
247825	3464309
247826	3464333
247827	3464341
247828	3464353
247829	3464359
247830	3464371
247831	3464389
247832	3464407
247833	3464411
247834	3464423
247835	3464429
247836	3464431
247837	3464437
247838	3464453
247839	3464471
247840	3464473
247841	3464491
247842	3464497
247843	3464509
247844	3464537
247845	3464561
247846	3464567
247847	3464579
247848	3464581
247849	3464599
247850	3464621
247851	3464627
247852	3464633
247853	3464647
247854	3464683
247855	3464689
247856	3464737
247857	3464779
247858	3464801
247859	3464803
247860	3464807
247861	3464827
247862	3464843
247863	3464849
247864	3464863
247865	3464873
247866	3464911
247867	3464917
247868	3464921
247869	3464959
247870	3464969
247871	3464971
247872	3464977
247873	3465029
247874	3465031
247875	3465047
247876	3465053
247877	3465067
247878	3465071
247879	3465079
247880	3465089
247881	3465101
247882	3465103
247883	3465107
247884	3465139
247885	3465151
247886	3465179
247887	3465199
247888	3465233
247889	3465257
247890	3465269
247891	3465271
247892	3465281
247893	3465283
247894	3465317
247895	3465347
247896	3465367
247897	3465373
247898	3465377
247899	3465379
247900	3465389
247901	3465421
247902	3465463
247903	3465481
247904	3465487
247905	3465491
247906	3465503
247907	3465533
247908	3465559
247909	3465577
247910	3465599
247911	3465611
247912	3465629
247913	3465659
247914	3465667
247915	3465673
247916	3465677
247917	3465691
247918	3465697
247919	3465727
247920	3465731
247921	3465743
247922	3465793
247923	3465797
247924	3465799
247925	3465811
247926	3465817
247927	3465851
247928	3465857
247929	3465859
247930	3465863
247931	3465871
247932	3465881
247933	3465899
247934	3465911
247935	3465937
247936	3465941
247937	3465947
247938	3465949
247939	3465953
247940	3465971
247941	3465989
247942	3465991
247943	3466003
247944	3466009
247945	3466013
247946	3466019
247947	3466033
247948	3466069
247949	3466103
247950	3466117
247951	3466139
247952	3466157
247953	3466171
247954	3466193
247955	3466201
247956	3466223
247957	3466231
247958	3466241
247959	3466247
247960	3466277
247961	3466313
247962	3466319
247963	3466321
247964	3466343
247965	3466349
247966	3466363
247967	3466367
247968	3466369
247969	3466409
247970	3466423
247971	3466429
247972	3466469
247973	3466471
247974	3466499
247975	3466543
247976	3466549
247977	3466559
247978	3466597
247979	3466601
247980	3466613
247981	3466621
247982	3466627
247983	3466633
247984	3466643
247985	3466651
247986	3466667
247987	3466669
247988	3466679
247989	3466681
247990	3466709
247991	3466711
247992	3466733
247993	3466739
247994	3466741
247995	3466751
247996	3466763
247997	3466769
247998	3466787
247999	3466811
248000	3466829
