249001	3482341
249002	3482351
249003	3482389
249004	3482393
249005	3482411
249006	3482443
249007	3482461
249008	3482519
249009	3482539
249010	3482543
249011	3482561
249012	3482573
249013	3482579
249014	3482599
249015	3482623
249016	3482627
249017	3482669
249018	3482693
249019	3482707
249020	3482723
249021	3482737
249022	3482741
249023	3482761
249024	3482767
249025	3482779
249026	3482851
249027	3482887
249028	3482939
249029	3482953
249030	3482971
249031	3482981
249032	3482989
249033	3482993
249034	3483013
249035	3483017
249036	3483019
249037	3483041
249038	3483059
249039	3483083
249040	3483089
249041	3483091
249042	3483133
249043	3483167
249044	3483199
249045	3483209
249046	3483223
249047	3483239
249048	3483241
249049	3483247
249050	3483257
249051	3483287
249052	3483299
249053	3483323
249054	3483329
249055	3483343
249056	3483383
249057	3483409
249058	3483413
249059	3483433
249060	3483437
249061	3483443
249062	3483449
249063	3483463
249064	3483481
249065	3483497
249066	3483523
249067	3483539
249068	3483541
249069	3483547
249070	3483553
249071	3483577
249072	3483581
249073	3483607
249074	3483611
249075	3483617
249076	3483619
249077	3483643
249078	3483659
249079	3483709
249080	3483713
249081	3483719
249082	3483761
249083	3483763
249084	3483797
249085	3483803
249086	3483839
249087	3483841
249088	3483847
249089	3483853
249090	3483863
249091	3483869
249092	3483881
249093	3483901
249094	3483913
249095	3483917
249096	3483919
249097	3483937
249098	3483943
249099	3483947
249100	3483959
249101	3484001
249102	3484007
249103	3484021
249104	3484037
249105	3484043
249106	3484051
249107	3484073
249108	3484079
249109	3484081
249110	3484093
249111	3484097
249112	3484111
249113	3484123
249114	3484141
249115	3484153
249116	3484171
249117	3484177
249118	3484189
249119	3484211
249120	3484213
249121	3484219
249122	3484231
249123	3484237
249124	3484249
249125	3484267
249126	3484279
249127	3484297
249128	3484319
249129	3484331
249130	3484361
249131	3484373
249132	3484421
249133	3484427
249134	3484433
249135	3484441
249136	3484447
249137	3484489
249138	3484501
249139	3484513
249140	3484529
249141	3484561
249142	3484567
249143	3484571
249144	3484573
249145	3484577
249146	3484583
249147	3484597
249148	3484639
249149	3484667
249150	3484687
249151	3484709
249152	3484729
249153	3484759
249154	3484783
249155	3484829
249156	3484837
249157	3484841
249158	3484861
249159	3484879
249160	3484889
249161	3484903
249162	3484907
249163	3484913
249164	3484931
249165	3484967
249166	3484979
249167	3484997
249168	3485011
249169	3485047
249170	3485059
249171	3485077
249172	3485129
249173	3485137
249174	3485159
249175	3485161
249176	3485171
249177	3485179
249178	3485197
249179	3485203
249180	3485219
249181	3485233
249182	3485257
249183	3485269
249184	3485291
249185	3485297
249186	3485327
249187	3485353
249188	3485359
249189	3485381
249190	3485393
249191	3485411
249192	3485441
249193	3485477
249194	3485483
249195	3485513
249196	3485549
249197	3485563
249198	3485579
249199	3485593
249200	3485617
249201	3485633
249202	3485639
249203	3485641
249204	3485681
249205	3485687
249206	3485701
249207	3485737
249208	3485743
249209	3485753
249210	3485789
249211	3485803
249212	3485819
249213	3485831
249214	3485837
249215	3485843
249216	3485851
249217	3485869
249218	3485891
249219	3485899
249220	3485921
249221	3485939
249222	3485947
249223	3485957
249224	3485983
249225	3486013
249226	3486017
249227	3486019
249228	3486059
249229	3486079
249230	3486097
249231	3486113
249232	3486121
249233	3486127
249234	3486143
249235	3486149
249236	3486151
249237	3486169
249238	3486187
249239	3486199
249240	3486209
249241	3486221
249242	3486227
249243	3486233
249244	3486257
249245	3486269
249246	3486283
249247	3486289
249248	3486299
249249	3486331
249250	3486337
249251	3486341
249252	3486347
249253	3486361
249254	3486391
249255	3486403
249256	3486463
249257	3486491
249258	3486521
249259	3486523
249260	3486529
249261	3486551
249262	3486559
249263	3486563
249264	3486589
249265	3486611
249266	3486617
249267	3486619
249268	3486629
249269	3486631
249270	3486643
249271	3486647
249272	3486677
249273	3486689
249274	3486713
249275	3486727
249276	3486737
249277	3486767
249278	3486781
249279	3486803
249280	3486829
249281	3486839
249282	3486863
249283	3486871
249284	3486877
249285	3486907
249286	3486919
249287	3486941
249288	3486953
249289	3486971
249290	3486979
249291	3486997
249292	3487021
249293	3487031
249294	3487037
249295	3487049
249296	3487063
249297	3487069
249298	3487073
249299	3487111
249300	3487123
249301	3487129
249302	3487147
249303	3487151
249304	3487157
249305	3487181
249306	3487189
249307	3487199
249308	3487201
249309	3487207
249310	3487219
249311	3487229
249312	3487273
249313	3487277
249314	3487291
249315	3487301
249316	3487303
249317	3487321
249318	3487331
249319	3487333
249320	3487339
249321	3487369
249322	3487373
249323	3487381
249324	3487387
249325	3487391
249326	3487403
249327	3487427
249328	3487439
249329	3487489
249330	3487529
249331	3487597
249332	3487607
249333	3487637
249334	3487639
249335	3487661
249336	3487691
249337	3487699
249338	3487709
249339	3487751
249340	3487753
249341	3487769
249342	3487787
249343	3487793
249344	3487807
249345	3487817
249346	3487831
249347	3487843
249348	3487871
249349	3487921
249350	3487931
249351	3487933
249352	3487961
249353	3487987
249354	3487997
249355	3488003
249356	3488029
249357	3488057
249358	3488059
249359	3488063
249360	3488071
249361	3488099
249362	3488119
249363	3488141
249364	3488143
249365	3488161
249366	3488167
249367	3488171
249368	3488201
249369	3488209
249370	3488227
249371	3488231
249372	3488263
249373	3488273
249374	3488291
249375	3488297
249376	3488311
249377	3488333
249378	3488339
249379	3488351
249380	3488369
249381	3488371
249382	3488377
249383	3488393
249384	3488437
249385	3488449
249386	3488453
249387	3488473
249388	3488501
249389	3488543
249390	3488591
249391	3488599
249392	3488603
249393	3488627
249394	3488629
249395	3488657
249396	3488659
249397	3488677
249398	3488687
249399	3488701
249400	3488707
249401	3488741
249402	3488753
249403	3488777
249404	3488783
249405	3488809
249406	3488839
249407	3488851
249408	3488879
249409	3488887
249410	3488897
249411	3488917
249412	3488921
249413	3488929
249414	3488959
249415	3488971
249416	3488987
249417	3488999
249418	3489001
249419	3489007
249420	3489023
249421	3489037
249422	3489041
249423	3489047
249424	3489049
249425	3489053
249426	3489061
249427	3489089
249428	3489091
249429	3489127
249430	3489173
249431	3489197
249432	3489203
249433	3489209
249434	3489257
249435	3489259
249436	3489263
249437	3489287
249438	3489347
249439	3489349
249440	3489371
249441	3489373
249442	3489389
249443	3489397
249444	3489413
249445	3489457
249446	3489463
249447	3489481
249448	3489487
249449	3489503
249450	3489517
249451	3489523
249452	3489529
249453	3489533
249454	3489571
249455	3489587
249456	3489589
249457	3489593
249458	3489613
249459	3489617
249460	3489649
249461	3489659
249462	3489683
249463	3489691
249464	3489697
249465	3489713
249466	3489757
249467	3489781
249468	3489793
249469	3489817
249470	3489821
249471	3489823
249472	3489841
249473	3489847
249474	3489869
249475	3489881
249476	3489883
249477	3489907
249478	3489917
249479	3489919
249480	3489931
249481	3489943
249482	3489973
249483	3490021
249484	3490031
249485	3490033
249486	3490051
249487	3490127
249488	3490139
249489	3490153
249490	3490159
249491	3490171
249492	3490177
249493	3490183
249494	3490187
249495	3490199
249496	3490217
249497	3490229
249498	3490271
249499	3490303
249500	3490307
249501	3490337
249502	3490363
249503	3490367
249504	3490379
249505	3490387
249506	3490393
249507	3490427
249508	3490441
249509	3490451
249510	3490463
249511	3490483
249512	3490493
249513	3490517
249514	3490577
249515	3490589
249516	3490607
249517	3490609
249518	3490639
249519	3490649
249520	3490651
249521	3490673
249522	3490681
249523	3490703
249524	3490709
249525	3490727
249526	3490769
249527	3490771
249528	3490777
249529	3490789
249530	3490793
249531	3490807
249532	3490811
249533	3490819
249534	3490829
249535	3490841
249536	3490843
249537	3490859
249538	3490867
249539	3490873
249540	3490891
249541	3490937
249542	3490939
249543	3490957
249544	3490961
249545	3490973
249546	3491011
249547	3491017
249548	3491021
249549	3491029
249550	3491051
249551	3491053
249552	3491071
249553	3491077
249554	3491083
249555	3491087
249556	3491093
249557	3491099
249558	3491119
249559	3491123
249560	3491129
249561	3491143
249562	3491149
249563	3491179
249564	3491183
249565	3491197
249566	3491227
249567	3491233
249568	3491237
249569	3491249
249570	3491261
249571	3491287
249572	3491291
249573	3491311
249574	3491317
249575	3491333
249576	3491347
249577	3491359
249578	3491363
249579	3491401
249580	3491413
249581	3491419
249582	3491429
249583	3491441
249584	3491447
249585	3491461
249586	3491473
249587	3491479
249588	3491491
249589	3491533
249590	3491549
249591	3491569
249592	3491581
249593	3491599
249594	3491617
249595	3491627
249596	3491639
249597	3491651
249598	3491669
249599	3491689
249600	3491707
249601	3491711
249602	3491723
249603	3491743
249604	3491767
249605	3491773
249606	3491777
249607	3491821
249608	3491827
249609	3491843
249610	3491857
249611	3491867
249612	3491881
249613	3491897
249614	3491899
249615	3491923
249616	3491927
249617	3491947
249618	3491951
249619	3491963
249620	3491981
249621	3492001
249622	3492007
249623	3492017
249624	3492019
249625	3492031
249626	3492043
249627	3492061
249628	3492077
249629	3492091
249630	3492103
249631	3492109
249632	3492131
249633	3492161
249634	3492173
249635	3492187
249636	3492193
249637	3492233
249638	3492283
249639	3492287
249640	3492299
249641	3492301
249642	3492317
249643	3492323
249644	3492337
249645	3492341
249646	3492397
249647	3492407
249648	3492413
249649	3492431
249650	3492439
249651	3492457
249652	3492487
249653	3492493
249654	3492529
249655	3492547
249656	3492551
249657	3492563
249658	3492569
249659	3492571
249660	3492583
249661	3492607
249662	3492611
249663	3492631
249664	3492641
249665	3492661
249666	3492691
249667	3492707
249668	3492719
249669	3492733
249670	3492737
249671	3492743
249672	3492773
249673	3492787
249674	3492791
249675	3492793
249676	3492823
249677	3492829
249678	3492869
249679	3492877
249680	3492893
249681	3492917
249682	3492953
249683	3492959
249684	3492961
249685	3492967
249686	3492971
249687	3492989
249688	3492991
249689	3493001
249690	3493003
249691	3493013
249692	3493027
249693	3493031
249694	3493051
249695	3493057
249696	3493073
249697	3493081
249698	3493099
249699	3493103
249700	3493121
249701	3493151
249702	3493163
249703	3493183
249704	3493219
249705	3493223
249706	3493289
249707	3493291
249708	3493307
249709	3493319
249710	3493327
249711	3493333
249712	3493337
249713	3493349
249714	3493351
249715	3493361
249716	3493367
249717	3493379
249718	3493403
249719	3493411
249720	3493417
249721	3493423
249722	3493433
249723	3493471
249724	3493507
249725	3493513
249726	3493519
249727	3493537
249728	3493541
249729	3493547
249730	3493571
249731	3493573
249732	3493583
249733	3493591
249734	3493597
249735	3493661
249736	3493667
249737	3493703
249738	3493727
249739	3493747
249740	3493753
249741	3493759
249742	3493781
249743	3493783
249744	3493811
249745	3493817
249746	3493829
249747	3493859
249748	3493883
249749	3493909
249750	3493927
249751	3493937
249752	3493939
249753	3493951
249754	3493957
249755	3493961
249756	3494009
249757	3494011
249758	3494017
249759	3494033
249760	3494053
249761	3494063
249762	3494077
249763	3494083
249764	3494089
249765	3494093
249766	3494107
249767	3494149
249768	3494159
249769	3494173
249770	3494177
249771	3494191
249772	3494209
249773	3494221
249774	3494269
249775	3494273
249776	3494279
249777	3494303
249778	3494339
249779	3494357
249780	3494363
249781	3494369
249782	3494377
249783	3494399
249784	3494417
249785	3494441
249786	3494443
249787	3494453
249788	3494467
249789	3494483
249790	3494489
249791	3494501
249792	3494509
249793	3494521
249794	3494527
249795	3494531
249796	3494563
249797	3494573
249798	3494609
249799	3494627
249800	3494641
249801	3494657
249802	3494669
249803	3494681
249804	3494693
249805	3494719
249806	3494749
249807	3494753
249808	3494789
249809	3494801
249810	3494807
249811	3494831
249812	3494837
249813	3494839
249814	3494849
249815	3494851
249816	3494857
249817	3494861
249818	3494863
249819	3494891
249820	3494899
249821	3494923
249822	3494947
249823	3494951
249824	3494969
249825	3494987
249826	3494989
249827	3494999
249828	3495001
249829	3495017
249830	3495043
249831	3495049
249832	3495071
249833	3495073
249834	3495077
249835	3495097
249836	3495137
249837	3495139
249838	3495161
249839	3495179
249840	3495181
249841	3495229
249842	3495253
249843	3495269
249844	3495277
249845	3495293
249846	3495299
249847	3495301
249848	3495397
249849	3495409
249850	3495413
249851	3495439
249852	3495451
249853	3495469
249854	3495497
249855	3495539
249856	3495551
249857	3495553
249858	3495571
249859	3495577
249860	3495581
249861	3495607
249862	3495617
249863	3495623
249864	3495643
249865	3495647
249866	3495673
249867	3495683
249868	3495697
249869	3495707
249870	3495731
249871	3495733
249872	3495743
249873	3495749
249874	3495773
249875	3495781
249876	3495799
249877	3495823
249878	3495847
249879	3495851
249880	3495883
249881	3495889
249882	3495911
249883	3495917
249884	3495941
249885	3495953
249886	3495959
249887	3495983
249888	3496007
249889	3496021
249890	3496061
249891	3496063
249892	3496081
249893	3496091
249894	3496099
249895	3496109
249896	3496117
249897	3496123
249898	3496147
249899	3496151
249900	3496177
249901	3496217
249902	3496219
249903	3496223
249904	3496249
249905	3496291
249906	3496307
249907	3496309
249908	3496313
249909	3496343
249910	3496349
249911	3496351
249912	3496387
249913	3496403
249914	3496421
249915	3496433
249916	3496453
249917	3496457
249918	3496469
249919	3496477
249920	3496487
249921	3496489
249922	3496499
249923	3496511
249924	3496561
249925	3496579
249926	3496607
249927	3496609
249928	3496613
249929	3496657
249930	3496673
249931	3496693
249932	3496697
249933	3496709
249934	3496711
249935	3496723
249936	3496729
249937	3496751
249938	3496771
249939	3496789
249940	3496799
249941	3496807
249942	3496811
249943	3496841
249944	3496853
249945	3496859
249946	3496877
249947	3496901
249948	3496937
249949	3496939
249950	3496949
249951	3496957
249952	3496973
249953	3496979
249954	3496991
249955	3497003
249956	3497029
249957	3497051
249958	3497063
249959	3497071
249960	3497089
249961	3497113
249962	3497119
249963	3497161
249964	3497201
249965	3497209
249966	3497213
249967	3497227
249968	3497231
249969	3497243
249970	3497267
249971	3497279
249972	3497281
249973	3497293
249974	3497297
249975	3497303
249976	3497321
249977	3497323
249978	3497369
249979	3497381
249980	3497419
249981	3497437
249982	3497443
249983	3497447
249984	3497471
249985	3497479
249986	3497519
249987	3497521
249988	3497591
249989	3497609
249990	3497617
249991	3497623
249992	3497671
249993	3497713
249994	3497717
249995	3497743
249996	3497759
249997	3497779
249998	3497827
249999	3497849
250000	3497861
