251001	3512909
251002	3512911
251003	3512923
251004	3512963
251005	3512969
251006	3512981
251007	3512983
251008	3512987
251009	3512989
251010	3513007
251011	3513017
251012	3513019
251013	3513023
251014	3513047
251015	3513071
251016	3513073
251017	3513077
251018	3513079
251019	3513121
251020	3513127
251021	3513149
251022	3513163
251023	3513193
251024	3513221
251025	3513239
251026	3513253
251027	3513277
251028	3513299
251029	3513313
251030	3513329
251031	3513359
251032	3513371
251033	3513403
251034	3513421
251035	3513427
251036	3513431
251037	3513439
251038	3513443
251039	3513449
251040	3513451
251041	3513463
251042	3513467
251043	3513469
251044	3513481
251045	3513491
251046	3513511
251047	3513527
251048	3513541
251049	3513581
251050	3513583
251051	3513589
251052	3513593
251053	3513599
251054	3513607
251055	3513617
251056	3513623
251057	3513637
251058	3513649
251059	3513667
251060	3513677
251061	3513701
251062	3513703
251063	3513721
251064	3513737
251065	3513739
251066	3513761
251067	3513787
251068	3513799
251069	3513821
251070	3513859
251071	3513877
251072	3513893
251073	3513907
251074	3513931
251075	3513941
251076	3513967
251077	3513977
251078	3513997
251079	3514013
251080	3514073
251081	3514079
251082	3514103
251083	3514109
251084	3514123
251085	3514127
251086	3514163
251087	3514177
251088	3514207
251089	3514211
251090	3514241
251091	3514243
251092	3514267
251093	3514279
251094	3514289
251095	3514321
251096	3514349
251097	3514361
251098	3514363
251099	3514367
251100	3514387
251101	3514391
251102	3514403
251103	3514409
251104	3514417
251105	3514451
251106	3514493
251107	3514499
251108	3514517
251109	3514541
251110	3514543
251111	3514547
251112	3514549
251113	3514559
251114	3514583
251115	3514649
251116	3514657
251117	3514663
251118	3514673
251119	3514697
251120	3514717
251121	3514729
251122	3514739
251123	3514747
251124	3514757
251125	3514783
251126	3514793
251127	3514799
251128	3514813
251129	3514817
251130	3514859
251131	3514871
251132	3514879
251133	3514891
251134	3514897
251135	3514909
251136	3514913
251137	3514919
251138	3514933
251139	3514939
251140	3514957
251141	3514961
251142	3514993
251143	3515011
251144	3515027
251145	3515041
251146	3515047
251147	3515051
251148	3515063
251149	3515087
251150	3515089
251151	3515101
251152	3515131
251153	3515147
251154	3515153
251155	3515167
251156	3515173
251157	3515179
251158	3515189
251159	3515203
251160	3515219
251161	3515257
251162	3515269
251163	3515273
251164	3515321
251165	3515329
251166	3515339
251167	3515353
251168	3515363
251169	3515371
251170	3515383
251171	3515417
251172	3515419
251173	3515441
251174	3515443
251175	3515453
251176	3515483
251177	3515489
251178	3515509
251179	3515537
251180	3515539
251181	3515587
251182	3515593
251183	3515597
251184	3515599
251185	3515623
251186	3515639
251187	3515657
251188	3515669
251189	3515671
251190	3515689
251191	3515693
251192	3515713
251193	3515717
251194	3515731
251195	3515761
251196	3515783
251197	3515801
251198	3515807
251199	3515819
251200	3515833
251201	3515839
251202	3515867
251203	3515891
251204	3515903
251205	3515917
251206	3515933
251207	3515977
251208	3516001
251209	3516011
251210	3516031
251211	3516049
251212	3516061
251213	3516077
251214	3516089
251215	3516103
251216	3516109
251217	3516137
251218	3516143
251219	3516157
251220	3516187
251221	3516199
251222	3516209
251223	3516269
251224	3516277
251225	3516281
251226	3516307
251227	3516313
251228	3516319
251229	3516353
251230	3516367
251231	3516371
251232	3516389
251233	3516397
251234	3516413
251235	3516421
251236	3516427
251237	3516437
251238	3516509
251239	3516521
251240	3516533
251241	3516551
251242	3516553
251243	3516593
251244	3516599
251245	3516641
251246	3516659
251247	3516661
251248	3516697
251249	3516713
251250	3516727
251251	3516731
251252	3516749
251253	3516787
251254	3516803
251255	3516809
251256	3516811
251257	3516817
251258	3516823
251259	3516827
251260	3516871
251261	3516889
251262	3516893
251263	3516923
251264	3516937
251265	3516971
251266	3516973
251267	3517009
251268	3517037
251269	3517093
251270	3517097
251271	3517121
251272	3517139
251273	3517153
251274	3517169
251275	3517177
251276	3517193
251277	3517237
251278	3517247
251279	3517253
251280	3517273
251281	3517279
251282	3517289
251283	3517301
251284	3517303
251285	3517313
251286	3517333
251287	3517343
251288	3517361
251289	3517387
251290	3517399
251291	3517417
251292	3517421
251293	3517427
251294	3517429
251295	3517441
251296	3517463
251297	3517471
251298	3517483
251299	3517531
251300	3517541
251301	3517543
251302	3517561
251303	3517573
251304	3517583
251305	3517607
251306	3517637
251307	3517693
251308	3517733
251309	3517747
251310	3517751
251311	3517753
251312	3517783
251313	3517799
251314	3517867
251315	3517879
251316	3517883
251317	3517889
251318	3517897
251319	3517901
251320	3517909
251321	3517937
251322	3517939
251323	3517957
251324	3517967
251325	3517991
251326	3517999
251327	3518017
251328	3518033
251329	3518041
251330	3518063
251331	3518069
251332	3518083
251333	3518101
251334	3518113
251335	3518117
251336	3518129
251337	3518143
251338	3518147
251339	3518161
251340	3518183
251341	3518209
251342	3518227
251343	3518231
251344	3518239
251345	3518243
251346	3518261
251347	3518311
251348	3518321
251349	3518323
251350	3518327
251351	3518329
251352	3518353
251353	3518357
251354	3518387
251355	3518447
251356	3518461
251357	3518479
251358	3518491
251359	3518513
251360	3518521
251361	3518549
251362	3518551
251363	3518573
251364	3518597
251365	3518623
251366	3518633
251367	3518651
251368	3518653
251369	3518659
251370	3518687
251371	3518693
251372	3518699
251373	3518719
251374	3518741
251375	3518759
251376	3518771
251377	3518777
251378	3518783
251379	3518807
251380	3518833
251381	3518849
251382	3518863
251383	3518873
251384	3518887
251385	3518891
251386	3518899
251387	3518923
251388	3518939
251389	3518953
251390	3518981
251391	3518987
251392	3519013
251393	3519049
251394	3519067
251395	3519083
251396	3519091
251397	3519097
251398	3519127
251399	3519137
251400	3519157
251401	3519167
251402	3519169
251403	3519209
251404	3519211
251405	3519227
251406	3519239
251407	3519247
251408	3519251
251409	3519259
251410	3519281
251411	3519287
251412	3519301
251413	3519311
251414	3519331
251415	3519343
251416	3519349
251417	3519361
251418	3519377
251419	3519379
251420	3519413
251421	3519419
251422	3519433
251423	3519457
251424	3519473
251425	3519479
251426	3519487
251427	3519497
251428	3519511
251429	3519521
251430	3519533
251431	3519539
251432	3519553
251433	3519559
251434	3519569
251435	3519589
251436	3519599
251437	3519601
251438	3519623
251439	3519631
251440	3519641
251441	3519661
251442	3519707
251443	3519739
251444	3519743
251445	3519757
251446	3519767
251447	3519787
251448	3519793
251449	3519797
251450	3519811
251451	3519821
251452	3519823
251453	3519829
251454	3519853
251455	3519863
251456	3519869
251457	3519871
251458	3519899
251459	3519911
251460	3519913
251461	3519917
251462	3519949
251463	3519953
251464	3519983
251465	3520007
251466	3520009
251467	3520021
251468	3520043
251469	3520051
251470	3520079
251471	3520091
251472	3520093
251473	3520141
251474	3520147
251475	3520151
251476	3520157
251477	3520163
251478	3520183
251479	3520201
251480	3520211
251481	3520229
251482	3520243
251483	3520261
251484	3520303
251485	3520333
251486	3520351
251487	3520399
251488	3520427
251489	3520457
251490	3520481
251491	3520483
251492	3520487
251493	3520499
251494	3520507
251495	3520511
251496	3520519
251497	3520537
251498	3520549
251499	3520579
251500	3520597
251501	3520603
251502	3520607
251503	3520613
251504	3520663
251505	3520667
251506	3520669
251507	3520691
251508	3520697
251509	3520729
251510	3520733
251511	3520739
251512	3520787
251513	3520789
251514	3520799
251515	3520801
251516	3520813
251517	3520837
251518	3520841
251519	3520873
251520	3520879
251521	3520889
251522	3520897
251523	3520901
251524	3520903
251525	3520927
251526	3520939
251527	3520973
251528	3520987
251529	3520991
251530	3520999
251531	3521029
251532	3521033
251533	3521053
251534	3521059
251535	3521071
251536	3521083
251537	3521101
251538	3521113
251539	3521117
251540	3521131
251541	3521143
251542	3521153
251543	3521173
251544	3521183
251545	3521191
251546	3521201
251547	3521237
251548	3521239
251549	3521249
251550	3521257
251551	3521281
251552	3521291
251553	3521293
251554	3521299
251555	3521303
251556	3521341
251557	3521377
251558	3521389
251559	3521417
251560	3521437
251561	3521473
251562	3521489
251563	3521513
251564	3521519
251565	3521527
251566	3521537
251567	3521543
251568	3521561
251569	3521627
251570	3521633
251571	3521653
251572	3521659
251573	3521677
251574	3521689
251575	3521699
251576	3521723
251577	3521729
251578	3521747
251579	3521753
251580	3521767
251581	3521803
251582	3521831
251583	3521857
251584	3521867
251585	3521909
251586	3521923
251587	3521927
251588	3521929
251589	3521933
251590	3521951
251591	3521953
251592	3521977
251593	3522007
251594	3522019
251595	3522053
251596	3522061
251597	3522073
251598	3522083
251599	3522109
251600	3522131
251601	3522139
251602	3522157
251603	3522161
251604	3522191
251605	3522199
251606	3522203
251607	3522209
251608	3522217
251609	3522263
251610	3522301
251611	3522307
251612	3522317
251613	3522319
251614	3522329
251615	3522331
251616	3522341
251617	3522347
251618	3522367
251619	3522403
251620	3522413
251621	3522439
251622	3522479
251623	3522487
251624	3522503
251625	3522521
251626	3522529
251627	3522551
251628	3522559
251629	3522569
251630	3522583
251631	3522637
251632	3522641
251633	3522643
251634	3522647
251635	3522653
251636	3522667
251637	3522671
251638	3522737
251639	3522763
251640	3522767
251641	3522773
251642	3522787
251643	3522797
251644	3522817
251645	3522823
251646	3522863
251647	3522877
251648	3522889
251649	3522901
251650	3522913
251651	3522917
251652	3522971
251653	3522973
251654	3522977
251655	3522991
251656	3523019
251657	3523027
251658	3523031
251659	3523043
251660	3523081
251661	3523087
251662	3523109
251663	3523111
251664	3523141
251665	3523147
251666	3523153
251667	3523159
251668	3523187
251669	3523231
251670	3523279
251671	3523307
251672	3523309
251673	3523313
251674	3523327
251675	3523337
251676	3523339
251677	3523343
251678	3523357
251679	3523363
251680	3523381
251681	3523391
251682	3523397
251683	3523427
251684	3523447
251685	3523469
251686	3523477
251687	3523483
251688	3523501
251689	3523519
251690	3523561
251691	3523579
251692	3523589
251693	3523603
251694	3523613
251695	3523627
251696	3523649
251697	3523651
251698	3523691
251699	3523711
251700	3523763
251701	3523771
251702	3523781
251703	3523799
251704	3523823
251705	3523829
251706	3523841
251707	3523901
251708	3523903
251709	3523921
251710	3523957
251711	3523963
251712	3523969
251713	3523997
251714	3524029
251715	3524033
251716	3524041
251717	3524047
251718	3524071
251719	3524077
251720	3524093
251721	3524099
251722	3524113
251723	3524119
251724	3524159
251725	3524161
251726	3524197
251727	3524207
251728	3524231
251729	3524233
251730	3524239
251731	3524243
251732	3524249
251733	3524273
251734	3524281
251735	3524299
251736	3524309
251737	3524317
251738	3524347
251739	3524363
251740	3524371
251741	3524383
251742	3524387
251743	3524393
251744	3524407
251745	3524413
251746	3524431
251747	3524441
251748	3524453
251749	3524459
251750	3524467
251751	3524471
251752	3524503
251753	3524531
251754	3524537
251755	3524561
251756	3524567
251757	3524569
251758	3524603
251759	3524611
251760	3524617
251761	3524621
251762	3524699
251763	3524701
251764	3524711
251765	3524713
251766	3524737
251767	3524767
251768	3524777
251769	3524779
251770	3524789
251771	3524821
251772	3524827
251773	3524867
251774	3524891
251775	3524903
251776	3524923
251777	3524929
251778	3524947
251779	3524959
251780	3524971
251781	3524981
251782	3524993
251783	3524999
251784	3525017
251785	3525019
251786	3525029
251787	3525031
251788	3525043
251789	3525061
251790	3525133
251791	3525143
251792	3525157
251793	3525161
251794	3525167
251795	3525199
251796	3525209
251797	3525229
251798	3525293
251799	3525299
251800	3525311
251801	3525359
251802	3525367
251803	3525377
251804	3525391
251805	3525419
251806	3525433
251807	3525437
251808	3525451
251809	3525461
251810	3525479
251811	3525491
251812	3525497
251813	3525499
251814	3525521
251815	3525539
251816	3525541
251817	3525551
251818	3525553
251819	3525563
251820	3525581
251821	3525593
251822	3525623
251823	3525637
251824	3525671
251825	3525673
251826	3525679
251827	3525727
251828	3525761
251829	3525779
251830	3525803
251831	3525829
251832	3525833
251833	3525859
251834	3525869
251835	3525883
251836	3525889
251837	3525911
251838	3525937
251839	3525941
251840	3525943
251841	3525961
251842	3525979
251843	3526027
251844	3526049
251845	3526057
251846	3526079
251847	3526087
251848	3526097
251849	3526099
251850	3526111
251851	3526147
251852	3526151
251853	3526163
251854	3526169
251855	3526177
251856	3526181
251857	3526183
251858	3526207
251859	3526217
251860	3526223
251861	3526231
251862	3526247
251863	3526273
251864	3526279
251865	3526283
251866	3526307
251867	3526319
251868	3526331
251869	3526333
251870	3526373
251871	3526379
251872	3526427
251873	3526441
251874	3526469
251875	3526483
251876	3526511
251877	3526513
251878	3526541
251879	3526573
251880	3526583
251881	3526619
251882	3526637
251883	3526657
251884	3526693
251885	3526709
251886	3526711
251887	3526741
251888	3526771
251889	3526781
251890	3526793
251891	3526867
251892	3526909
251893	3526931
251894	3526933
251895	3526937
251896	3526949
251897	3526987
251898	3526993
251899	3526997
251900	3527023
251901	3527033
251902	3527057
251903	3527059
251904	3527071
251905	3527077
251906	3527089
251907	3527101
251908	3527129
251909	3527137
251910	3527213
251911	3527219
251912	3527233
251913	3527239
251914	3527243
251915	3527261
251916	3527263
251917	3527267
251918	3527281
251919	3527291
251920	3527311
251921	3527327
251922	3527371
251923	3527383
251924	3527399
251925	3527411
251926	3527443
251927	3527453
251928	3527471
251929	3527477
251930	3527479
251931	3527497
251932	3527501
251933	3527507
251934	3527519
251935	3527527
251936	3527549
251937	3527581
251938	3527611
251939	3527621
251940	3527639
251941	3527659
251942	3527663
251943	3527723
251944	3527731
251945	3527743
251946	3527759
251947	3527761
251948	3527767
251949	3527779
251950	3527791
251951	3527803
251952	3527819
251953	3527827
251954	3527833
251955	3527851
251956	3527869
251957	3527899
251958	3527917
251959	3527941
251960	3527957
251961	3527963
251962	3527969
251963	3527981
251964	3527983
251965	3528001
251966	3528011
251967	3528029
251968	3528037
251969	3528043
251970	3528047
251971	3528067
251972	3528089
251973	3528101
251974	3528103
251975	3528113
251976	3528127
251977	3528137
251978	3528143
251979	3528191
251980	3528211
251981	3528229
251982	3528241
251983	3528251
251984	3528253
251985	3528257
251986	3528271
251987	3528277
251988	3528289
251989	3528293
251990	3528311
251991	3528313
251992	3528323
251993	3528331
251994	3528341
251995	3528347
251996	3528359
251997	3528373
251998	3528379
251999	3528397
252000	3528403
