254001	3558917
254002	3558931
254003	3558941
254004	3558943
254005	3558953
254006	3558979
254007	3558983
254008	3558991
254009	3559009
254010	3559013
254011	3559019
254012	3559037
254013	3559063
254014	3559091
254015	3559093
254016	3559097
254017	3559111
254018	3559117
254019	3559151
254020	3559183
254021	3559201
254022	3559207
254023	3559217
254024	3559229
254025	3559247
254026	3559249
254027	3559253
254028	3559267
254029	3559279
254030	3559313
254031	3559337
254032	3559343
254033	3559349
254034	3559351
254035	3559379
254036	3559393
254037	3559399
254038	3559417
254039	3559421
254040	3559433
254041	3559447
254042	3559453
254043	3559459
254044	3559463
254045	3559469
254046	3559481
254047	3559487
254048	3559519
254049	3559537
254050	3559559
254051	3559561
254052	3559571
254053	3559597
254054	3559603
254055	3559607
254056	3559627
254057	3559649
254058	3559679
254059	3559697
254060	3559709
254061	3559711
254062	3559729
254063	3559741
254064	3559747
254065	3559753
254066	3559771
254067	3559789
254068	3559793
254069	3559799
254070	3559861
254071	3559867
254072	3559903
254073	3559909
254074	3559931
254075	3559949
254076	3559951
254077	3559961
254078	3559967
254079	3559979
254080	3559999
254081	3560003
254082	3560023
254083	3560027
254084	3560033
254085	3560047
254086	3560059
254087	3560077
254088	3560107
254089	3560111
254090	3560113
254091	3560129
254092	3560159
254093	3560173
254094	3560197
254095	3560209
254096	3560213
254097	3560261
254098	3560269
254099	3560299
254100	3560311
254101	3560329
254102	3560339
254103	3560363
254104	3560371
254105	3560393
254106	3560411
254107	3560419
254108	3560461
254109	3560471
254110	3560477
254111	3560503
254112	3560507
254113	3560519
254114	3560521
254115	3560527
254116	3560537
254117	3560539
254118	3560549
254119	3560569
254120	3560587
254121	3560597
254122	3560611
254123	3560647
254124	3560659
254125	3560671
254126	3560681
254127	3560741
254128	3560747
254129	3560759
254130	3560779
254131	3560789
254132	3560797
254133	3560819
254134	3560831
254135	3560833
254136	3560897
254137	3560903
254138	3560927
254139	3560971
254140	3560981
254141	3560987
254142	3560993
254143	3561023
254144	3561053
254145	3561059
254146	3561071
254147	3561073
254148	3561091
254149	3561097
254150	3561127
254151	3561133
254152	3561149
254153	3561167
254154	3561191
254155	3561193
254156	3561197
254157	3561203
254158	3561209
254159	3561221
254160	3561247
254161	3561253
254162	3561263
254163	3561293
254164	3561317
254165	3561359
254166	3561367
254167	3561377
254168	3561391
254169	3561407
254170	3561413
254171	3561433
254172	3561443
254173	3561479
254174	3561499
254175	3561511
254176	3561521
254177	3561529
254178	3561539
254179	3561541
254180	3561581
254181	3561611
254182	3561631
254183	3561641
254184	3561643
254185	3561659
254186	3561661
254187	3561671
254188	3561673
254189	3561689
254190	3561703
254191	3561749
254192	3561773
254193	3561799
254194	3561827
254195	3561841
254196	3561847
254197	3561853
254198	3561881
254199	3561893
254200	3561907
254201	3561913
254202	3561947
254203	3561977
254204	3561997
254205	3562019
254206	3562043
254207	3562051
254208	3562057
254209	3562067
254210	3562093
254211	3562103
254212	3562109
254213	3562193
254214	3562199
254215	3562211
254216	3562219
254217	3562259
254218	3562267
254219	3562301
254220	3562343
254221	3562369
254222	3562373
254223	3562381
254224	3562387
254225	3562393
254226	3562399
254227	3562409
254228	3562417
254229	3562423
254230	3562439
254231	3562451
254232	3562453
254233	3562463
254234	3562499
254235	3562511
254236	3562513
254237	3562529
254238	3562541
254239	3562547
254240	3562561
254241	3562577
254242	3562579
254243	3562627
254244	3562651
254245	3562661
254246	3562681
254247	3562711
254248	3562717
254249	3562729
254250	3562733
254251	3562751
254252	3562753
254253	3562771
254254	3562781
254255	3562789
254256	3562813
254257	3562831
254258	3562847
254259	3562849
254260	3562901
254261	3562903
254262	3562913
254263	3562919
254264	3562927
254265	3562931
254266	3562939
254267	3562943
254268	3562957
254269	3562961
254270	3562967
254271	3562991
254272	3562997
254273	3563009
254274	3563033
254275	3563039
254276	3563041
254277	3563059
254278	3563083
254279	3563093
254280	3563099
254281	3563111
254282	3563141
254283	3563159
254284	3563167
254285	3563191
254286	3563221
254287	3563237
254288	3563249
254289	3563291
254290	3563297
254291	3563299
254292	3563303
254293	3563309
254294	3563311
254295	3563323
254296	3563341
254297	3563377
254298	3563383
254299	3563389
254300	3563401
254301	3563407
254302	3563467
254303	3563473
254304	3563477
254305	3563479
254306	3563501
254307	3563503
254308	3563513
254309	3563519
254310	3563531
254311	3563563
254312	3563569
254313	3563653
254314	3563657
254315	3563671
254316	3563699
254317	3563701
254318	3563717
254319	3563719
254320	3563731
254321	3563741
254322	3563753
254323	3563767
254324	3563779
254325	3563783
254326	3563789
254327	3563801
254328	3563831
254329	3563837
254330	3563851
254331	3563867
254332	3563881
254333	3563893
254334	3563909
254335	3563929
254336	3563953
254337	3563957
254338	3563971
254339	3563983
254340	3563993
254341	3564017
254342	3564019
254343	3564049
254344	3564059
254345	3564061
254346	3564073
254347	3564097
254348	3564137
254349	3564139
254350	3564157
254351	3564181
254352	3564193
254353	3564221
254354	3564257
254355	3564259
254356	3564283
254357	3564293
254358	3564299
254359	3564307
254360	3564317
254361	3564331
254362	3564383
254363	3564389
254364	3564397
254365	3564437
254366	3564443
254367	3564461
254368	3564479
254369	3564487
254370	3564493
254371	3564497
254372	3564503
254373	3564529
254374	3564551
254375	3564553
254376	3564557
254377	3564569
254378	3564619
254379	3564623
254380	3564629
254381	3564643
254382	3564661
254383	3564677
254384	3564683
254385	3564689
254386	3564703
254387	3564707
254388	3564719
254389	3564733
254390	3564739
254391	3564749
254392	3564751
254393	3564787
254394	3564791
254395	3564817
254396	3564823
254397	3564857
254398	3564859
254399	3564863
254400	3564871
254401	3564893
254402	3564923
254403	3564929
254404	3564937
254405	3564943
254406	3564961
254407	3564971
254408	3564983
254409	3565013
254410	3565021
254411	3565039
254412	3565043
254413	3565049
254414	3565097
254415	3565117
254416	3565127
254417	3565129
254418	3565147
254419	3565153
254420	3565169
254421	3565171
254422	3565181
254423	3565183
254424	3565187
254425	3565213
254426	3565241
254427	3565249
254428	3565273
254429	3565277
254430	3565297
254431	3565307
254432	3565321
254433	3565333
254434	3565337
254435	3565339
254436	3565351
254437	3565381
254438	3565399
254439	3565409
254440	3565411
254441	3565423
254442	3565447
254443	3565451
254444	3565459
254445	3565487
254446	3565531
254447	3565537
254448	3565543
254449	3565553
254450	3565567
254451	3565571
254452	3565577
254453	3565591
254454	3565613
254455	3565619
254456	3565669
254457	3565687
254458	3565693
254459	3565697
254460	3565721
254461	3565739
254462	3565741
254463	3565747
254464	3565777
254465	3565789
254466	3565799
254467	3565813
254468	3565819
254469	3565829
254470	3565841
254471	3565867
254472	3565871
254473	3565879
254474	3565889
254475	3565907
254476	3565909
254477	3565921
254478	3565931
254479	3565979
254480	3566027
254481	3566029
254482	3566047
254483	3566063
254484	3566099
254485	3566131
254486	3566149
254487	3566177
254488	3566183
254489	3566191
254490	3566197
254491	3566231
254492	3566239
254493	3566249
254494	3566257
254495	3566263
254496	3566267
254497	3566273
254498	3566293
254499	3566309
254500	3566327
254501	3566341
254502	3566351
254503	3566363
254504	3566369
254505	3566383
254506	3566429
254507	3566441
254508	3566443
254509	3566461
254510	3566473
254511	3566513
254512	3566527
254513	3566539
254514	3566551
254515	3566573
254516	3566579
254517	3566599
254518	3566659
254519	3566669
254520	3566687
254521	3566701
254522	3566711
254523	3566723
254524	3566729
254525	3566743
254526	3566749
254527	3566789
254528	3566791
254529	3566809
254530	3566819
254531	3566831
254532	3566839
254533	3566861
254534	3566867
254535	3566869
254536	3566897
254537	3566917
254538	3566939
254539	3566951
254540	3566977
254541	3566989
254542	3567007
254543	3567019
254544	3567089
254545	3567101
254546	3567103
254547	3567107
254548	3567119
254549	3567121
254550	3567149
254551	3567163
254552	3567191
254553	3567211
254554	3567217
254555	3567227
254556	3567233
254557	3567247
254558	3567251
254559	3567259
254560	3567283
254561	3567293
254562	3567299
254563	3567301
254564	3567337
254565	3567353
254566	3567359
254567	3567367
254568	3567371
254569	3567373
254570	3567379
254571	3567397
254572	3567401
254573	3567407
254574	3567419
254575	3567439
254576	3567457
254577	3567469
254578	3567517
254579	3567539
254580	3567541
254581	3567547
254582	3567559
254583	3567587
254584	3567593
254585	3567601
254586	3567631
254587	3567643
254588	3567659
254589	3567661
254590	3567673
254591	3567703
254592	3567709
254593	3567721
254594	3567727
254595	3567761
254596	3567769
254597	3567791
254598	3567793
254599	3567797
254600	3567803
254601	3567833
254602	3567847
254603	3567853
254604	3567859
254605	3567869
254606	3567881
254607	3567901
254608	3567913
254609	3567917
254610	3567919
254611	3567923
254612	3567937
254613	3567959
254614	3567961
254615	3567973
254616	3567983
254617	3567989
254618	3568003
254619	3568039
254620	3568043
254621	3568051
254622	3568057
254623	3568063
254624	3568091
254625	3568093
254626	3568109
254627	3568127
254628	3568133
254629	3568141
254630	3568153
254631	3568157
254632	3568163
254633	3568207
254634	3568211
254635	3568217
254636	3568231
254637	3568237
254638	3568241
254639	3568259
254640	3568307
254641	3568337
254642	3568361
254643	3568399
254644	3568403
254645	3568417
254646	3568423
254647	3568451
254648	3568457
254649	3568463
254650	3568483
254651	3568489
254652	3568501
254653	3568529
254654	3568549
254655	3568567
254656	3568577
254657	3568597
254658	3568603
254659	3568651
254660	3568679
254661	3568693
254662	3568709
254663	3568717
254664	3568729
254665	3568753
254666	3568781
254667	3568783
254668	3568787
254669	3568801
254670	3568837
254671	3568853
254672	3568867
254673	3568883
254674	3568891
254675	3568907
254676	3568949
254677	3568951
254678	3568973
254679	3568991
254680	3568993
254681	3569003
254682	3569021
254683	3569051
254684	3569063
254685	3569077
254686	3569089
254687	3569107
254688	3569113
254689	3569143
254690	3569161
254691	3569191
254692	3569221
254693	3569231
254694	3569257
254695	3569263
254696	3569287
254697	3569297
254698	3569311
254699	3569317
254700	3569329
254701	3569333
254702	3569369
254703	3569389
254704	3569399
254705	3569411
254706	3569429
254707	3569431
254708	3569437
254709	3569453
254710	3569459
254711	3569477
254712	3569483
254713	3569491
254714	3569513
254715	3569519
254716	3569521
254717	3569539
254718	3569551
254719	3569563
254720	3569591
254721	3569597
254722	3569611
254723	3569633
254724	3569647
254725	3569651
254726	3569653
254727	3569707
254728	3569717
254729	3569719
254730	3569759
254731	3569771
254732	3569789
254733	3569831
254734	3569833
254735	3569849
254736	3569857
254737	3569869
254738	3569873
254739	3569887
254740	3569893
254741	3569897
254742	3569927
254743	3569939
254744	3569941
254745	3569947
254746	3569953
254747	3569957
254748	3569963
254749	3569971
254750	3569977
254751	3570001
254752	3570011
254753	3570013
254754	3570067
254755	3570071
254756	3570107
254757	3570113
254758	3570121
254759	3570131
254760	3570139
254761	3570169
254762	3570179
254763	3570181
254764	3570191
254765	3570199
254766	3570223
254767	3570227
254768	3570263
254769	3570311
254770	3570317
254771	3570319
254772	3570341
254773	3570349
254774	3570361
254775	3570373
254776	3570383
254777	3570401
254778	3570407
254779	3570409
254780	3570431
254781	3570433
254782	3570439
254783	3570481
254784	3570491
254785	3570517
254786	3570551
254787	3570569
254788	3570571
254789	3570583
254790	3570599
254791	3570601
254792	3570607
254793	3570643
254794	3570647
254795	3570659
254796	3570703
254797	3570713
254798	3570719
254799	3570733
254800	3570737
254801	3570761
254802	3570767
254803	3570779
254804	3570781
254805	3570811
254806	3570817
254807	3570821
254808	3570823
254809	3570839
254810	3570869
254811	3570877
254812	3570881
254813	3570887
254814	3570923
254815	3570943
254816	3570953
254817	3570971
254818	3570989
254819	3570991
254820	3571039
254821	3571067
254822	3571091
254823	3571097
254824	3571103
254825	3571111
254826	3571133
254827	3571151
254828	3571153
254829	3571157
254830	3571163
254831	3571181
254832	3571199
254833	3571237
254834	3571247
254835	3571261
254836	3571283
254837	3571289
254838	3571291
254839	3571307
254840	3571313
254841	3571333
254842	3571369
254843	3571397
254844	3571423
254845	3571427
254846	3571429
254847	3571433
254848	3571439
254849	3571441
254850	3571457
254851	3571459
254852	3571471
254853	3571501
254854	3571507
254855	3571517
254856	3571531
254857	3571543
254858	3571549
254859	3571559
254860	3571583
254861	3571609
254862	3571619
254863	3571627
254864	3571651
254865	3571661
254866	3571681
254867	3571699
254868	3571741
254869	3571747
254870	3571759
254871	3571787
254872	3571793
254873	3571847
254874	3571849
254875	3571871
254876	3571873
254877	3571889
254878	3571927
254879	3571933
254880	3571973
254881	3571987
254882	3571991
254883	3571993
254884	3571999
254885	3572003
254886	3572027
254887	3572029
254888	3572059
254889	3572069
254890	3572077
254891	3572113
254892	3572119
254893	3572131
254894	3572137
254895	3572167
254896	3572183
254897	3572189
254898	3572203
254899	3572243
254900	3572267
254901	3572279
254902	3572287
254903	3572321
254904	3572339
254905	3572351
254906	3572357
254907	3572377
254908	3572389
254909	3572407
254910	3572411
254911	3572417
254912	3572419
254913	3572447
254914	3572449
254915	3572467
254916	3572473
254917	3572477
254918	3572519
254919	3572531
254920	3572561
254921	3572579
254922	3572599
254923	3572663
254924	3572687
254925	3572689
254926	3572707
254927	3572729
254928	3572731
254929	3572819
254930	3572857
254931	3572867
254932	3572879
254933	3572897
254934	3572903
254935	3572917
254936	3572923
254937	3572939
254938	3572963
254939	3572983
254940	3572993
254941	3573001
254942	3573013
254943	3573041
254944	3573049
254945	3573107
254946	3573137
254947	3573139
254948	3573149
254949	3573181
254950	3573187
254951	3573203
254952	3573209
254953	3573221
254954	3573223
254955	3573239
254956	3573253
254957	3573259
254958	3573263
254959	3573331
254960	3573337
254961	3573341
254962	3573373
254963	3573391
254964	3573403
254965	3573413
254966	3573431
254967	3573461
254968	3573469
254969	3573473
254970	3573491
254971	3573499
254972	3573503
254973	3573509
254974	3573511
254975	3573517
254976	3573523
254977	3573527
254978	3573529
254979	3573599
254980	3573607
254981	3573613
254982	3573623
254983	3573629
254984	3573637
254985	3573673
254986	3573679
254987	3573697
254988	3573709
254989	3573727
254990	3573733
254991	3573749
254992	3573751
254993	3573761
254994	3573769
254995	3573799
254996	3573803
254997	3573821
254998	3573827
254999	3573839
255000	3573877
