255001	3573887
255002	3573917
255003	3573937
255004	3573953
255005	3573971
255006	3573979
255007	3574013
255008	3574037
255009	3574049
255010	3574061
255011	3574079
255012	3574091
255013	3574111
255014	3574127
255015	3574141
255016	3574157
255017	3574169
255018	3574187
255019	3574189
255020	3574201
255021	3574231
255022	3574247
255023	3574253
255024	3574297
255025	3574309
255026	3574313
255027	3574343
255028	3574357
255029	3574379
255030	3574381
255031	3574391
255032	3574411
255033	3574423
255034	3574429
255035	3574457
255036	3574463
255037	3574523
255038	3574531
255039	3574541
255040	3574577
255041	3574583
255042	3574589
255043	3574609
255044	3574619
255045	3574621
255046	3574631
255047	3574639
255048	3574643
255049	3574657
255050	3574673
255051	3574687
255052	3574721
255053	3574757
255054	3574759
255055	3574771
255056	3574789
255057	3574799
255058	3574817
255059	3574819
255060	3574847
255061	3574849
255062	3574853
255063	3574861
255064	3574871
255065	3574897
255066	3574927
255067	3574933
255068	3574937
255069	3574943
255070	3574997
255071	3575003
255072	3575017
255073	3575057
255074	3575071
255075	3575087
255076	3575093
255077	3575101
255078	3575113
255079	3575119
255080	3575147
255081	3575153
255082	3575183
255083	3575251
255084	3575263
255085	3575269
255086	3575291
255087	3575317
255088	3575333
255089	3575339
255090	3575357
255091	3575371
255092	3575413
255093	3575437
255094	3575441
255095	3575449
255096	3575471
255097	3575483
255098	3575503
255099	3575519
255100	3575521
255101	3575531
255102	3575549
255103	3575573
255104	3575581
255105	3575597
255106	3575599
255107	3575609
255108	3575617
255109	3575639
255110	3575647
255111	3575653
255112	3575657
255113	3575687
255114	3575701
255115	3575707
255116	3575771
255117	3575783
255118	3575821
255119	3575839
255120	3575843
255121	3575849
255122	3575861
255123	3575863
255124	3575867
255125	3575893
255126	3575909
255127	3575911
255128	3575917
255129	3575921
255130	3575927
255131	3575941
255132	3575959
255133	3575981
255134	3575983
255135	3575987
255136	3575993
255137	3576029
255138	3576031
255139	3576037
255140	3576043
255141	3576073
255142	3576091
255143	3576101
255144	3576119
255145	3576121
255146	3576127
255147	3576151
255148	3576163
255149	3576179
255150	3576187
255151	3576217
255152	3576227
255153	3576233
255154	3576257
255155	3576269
255156	3576283
255157	3576289
255158	3576299
255159	3576311
255160	3576319
255161	3576323
255162	3576329
255163	3576359
255164	3576361
255165	3576373
255166	3576401
255167	3576407
255168	3576413
255169	3576421
255170	3576437
255171	3576451
255172	3576467
255173	3576473
255174	3576479
255175	3576509
255176	3576557
255177	3576571
255178	3576577
255179	3576583
255180	3576593
255181	3576607
255182	3576637
255183	3576649
255184	3576673
255185	3576691
255186	3576721
255187	3576733
255188	3576761
255189	3576779
255190	3576791
255191	3576803
255192	3576809
255193	3576829
255194	3576847
255195	3576863
255196	3576907
255197	3576913
255198	3576941
255199	3576943
255200	3576961
255201	3576967
255202	3576971
255203	3576977
255204	3577019
255205	3577027
255206	3577031
255207	3577037
255208	3577061
255209	3577081
255210	3577099
255211	3577109
255212	3577141
255213	3577151
255214	3577153
255215	3577159
255216	3577169
255217	3577181
255218	3577247
255219	3577253
255220	3577261
255221	3577267
255222	3577289
255223	3577297
255224	3577313
255225	3577333
255226	3577337
255227	3577349
255228	3577391
255229	3577393
255230	3577417
255231	3577459
255232	3577487
255233	3577501
255234	3577507
255235	3577513
255236	3577517
255237	3577543
255238	3577571
255239	3577573
255240	3577577
255241	3577597
255242	3577631
255243	3577649
255244	3577661
255245	3577663
255246	3577669
255247	3577699
255248	3577703
255249	3577727
255250	3577771
255251	3577793
255252	3577799
255253	3577829
255254	3577859
255255	3577877
255256	3577891
255257	3577897
255258	3577907
255259	3577913
255260	3577921
255261	3577957
255262	3577961
255263	3577963
255264	3577967
255265	3577997
255266	3578017
255267	3578021
255268	3578033
255269	3578053
255270	3578059
255271	3578089
255272	3578093
255273	3578101
255274	3578119
255275	3578129
255276	3578131
255277	3578149
255278	3578167
255279	3578191
255280	3578203
255281	3578209
255282	3578221
255283	3578227
255284	3578231
255285	3578243
255286	3578249
255287	3578257
255288	3578261
255289	3578273
255290	3578293
255291	3578353
255292	3578359
255293	3578383
255294	3578437
255295	3578453
255296	3578461
255297	3578467
255298	3578473
255299	3578539
255300	3578543
255301	3578567
255302	3578569
255303	3578573
255304	3578581
255305	3578591
255306	3578599
255307	3578633
255308	3578651
255309	3578657
255310	3578681
255311	3578683
255312	3578693
255313	3578717
255314	3578723
255315	3578737
255316	3578741
255317	3578759
255318	3578791
255319	3578801
255320	3578807
255321	3578819
255322	3578837
255323	3578843
255324	3578863
255325	3578873
255326	3578879
255327	3578893
255328	3578903
255329	3578917
255330	3578947
255331	3578951
255332	3578969
255333	3578989
255334	3579071
255335	3579077
255336	3579083
255337	3579089
255338	3579119
255339	3579127
255340	3579133
255341	3579139
255342	3579157
255343	3579161
255344	3579179
255345	3579187
255346	3579211
255347	3579221
255348	3579271
255349	3579281
255350	3579287
255351	3579347
255352	3579349
255353	3579371
255354	3579377
255355	3579403
255356	3579481
255357	3579487
255358	3579493
255359	3579497
255360	3579509
255361	3579523
255362	3579529
255363	3579533
255364	3579547
255365	3579551
255366	3579613
255367	3579623
255368	3579629
255369	3579647
255370	3579649
255371	3579679
255372	3579683
255373	3579691
255374	3579703
255375	3579761
255376	3579767
255377	3579769
255378	3579799
255379	3579803
255380	3579817
255381	3579827
255382	3579841
255383	3579857
255384	3579859
255385	3579869
255386	3579871
255387	3579893
255388	3579931
255389	3579949
255390	3579959
255391	3580001
255392	3580067
255393	3580069
255394	3580091
255395	3580103
255396	3580123
255397	3580127
255398	3580133
255399	3580141
255400	3580153
255401	3580163
255402	3580169
255403	3580207
255404	3580211
255405	3580229
255406	3580259
255407	3580261
255408	3580271
255409	3580289
255410	3580301
255411	3580331
255412	3580333
255413	3580337
255414	3580351
255415	3580363
255416	3580373
255417	3580393
255418	3580397
255419	3580403
255420	3580411
255421	3580429
255422	3580441
255423	3580457
255424	3580463
255425	3580487
255426	3580513
255427	3580519
255428	3580553
255429	3580579
255430	3580583
255431	3580597
255432	3580609
255433	3580613
255434	3580649
255435	3580657
255436	3580669
255437	3580673
255438	3580679
255439	3580691
255440	3580697
255441	3580747
255442	3580751
255443	3580763
255444	3580771
255445	3580793
255446	3580807
255447	3580813
255448	3580831
255449	3580849
255450	3580859
255451	3580861
255452	3580901
255453	3580909
255454	3580919
255455	3580943
255456	3580957
255457	3580963
255458	3581003
255459	3581021
255460	3581029
255461	3581041
255462	3581047
255463	3581087
255464	3581099
255465	3581107
255466	3581113
255467	3581117
255468	3581129
255469	3581131
255470	3581153
255471	3581167
255472	3581189
255473	3581191
255474	3581219
255475	3581251
255476	3581257
255477	3581269
255478	3581293
255479	3581321
255480	3581363
255481	3581377
255482	3581381
255483	3581393
255484	3581419
255485	3581429
255486	3581467
255487	3581497
255488	3581503
255489	3581507
255490	3581521
255491	3581549
255492	3581551
255493	3581579
255494	3581593
255495	3581597
255496	3581609
255497	3581621
255498	3581639
255499	3581651
255500	3581663
255501	3581681
255502	3581689
255503	3581693
255504	3581701
255505	3581717
255506	3581723
255507	3581731
255508	3581741
255509	3581749
255510	3581777
255511	3581779
255512	3581791
255513	3581803
255514	3581821
255515	3581827
255516	3581839
255517	3581843
255518	3581867
255519	3581869
255520	3581873
255521	3581881
255522	3581911
255523	3581923
255524	3581927
255525	3581953
255526	3581971
255527	3581999
255528	3582001
255529	3582017
255530	3582077
255531	3582079
255532	3582083
255533	3582091
255534	3582101
255535	3582107
255536	3582119
255537	3582149
255538	3582179
255539	3582191
255540	3582193
255541	3582233
255542	3582239
255543	3582259
255544	3582263
255545	3582277
255546	3582281
255547	3582343
255548	3582353
255549	3582361
255550	3582389
255551	3582401
255552	3582419
255553	3582433
255554	3582437
255555	3582463
255556	3582493
255557	3582499
255558	3582521
255559	3582547
255560	3582559
255561	3582611
255562	3582613
255563	3582617
255564	3582629
255565	3582637
255566	3582643
255567	3582653
255568	3582661
255569	3582671
255570	3582707
255571	3582727
255572	3582737
255573	3582739
255574	3582743
255575	3582749
255576	3582757
255577	3582769
255578	3582781
255579	3582791
255580	3582793
255581	3582809
255582	3582823
255583	3582829
255584	3582833
255585	3582877
255586	3582883
255587	3582899
255588	3582923
255589	3582967
255590	3582973
255591	3582977
255592	3582989
255593	3583007
255594	3583033
255595	3583057
255596	3583067
255597	3583081
255598	3583091
255599	3583103
255600	3583123
255601	3583127
255602	3583133
255603	3583159
255604	3583169
255605	3583187
255606	3583189
255607	3583199
255608	3583207
255609	3583213
255610	3583219
255611	3583231
255612	3583241
255613	3583271
255614	3583273
255615	3583289
255616	3583297
255617	3583309
255618	3583313
255619	3583357
255620	3583403
255621	3583409
255622	3583417
255623	3583529
255624	3583543
255625	3583579
255626	3583597
255627	3583603
255628	3583633
255629	3583639
255630	3583661
255631	3583667
255632	3583669
255633	3583673
255634	3583681
255635	3583711
255636	3583717
255637	3583721
255638	3583739
255639	3583757
255640	3583771
255641	3583777
255642	3583781
255643	3583793
255644	3583819
255645	3583829
255646	3583841
255647	3583843
255648	3583847
255649	3583861
255650	3583871
255651	3583903
255652	3583919
255653	3583927
255654	3583939
255655	3583949
255656	3583963
255657	3583967
255658	3583997
255659	3583999
255660	3584011
255661	3584017
255662	3584033
255663	3584047
255664	3584051
255665	3584069
255666	3584089
255667	3584099
255668	3584101
255669	3584107
255670	3584111
255671	3584123
255672	3584129
255673	3584137
255674	3584143
255675	3584149
255676	3584171
255677	3584183
255678	3584201
255679	3584221
255680	3584237
255681	3584249
255682	3584303
255683	3584311
255684	3584323
255685	3584327
255686	3584333
255687	3584341
255688	3584353
255689	3584359
255690	3584363
255691	3584377
255692	3584381
255693	3584417
255694	3584419
255695	3584423
255696	3584459
255697	3584461
255698	3584479
255699	3584509
255700	3584563
255701	3584593
255702	3584599
255703	3584611
255704	3584617
255705	3584641
255706	3584681
255707	3584689
255708	3584723
255709	3584729
255710	3584741
255711	3584743
255712	3584759
255713	3584767
255714	3584771
255715	3584797
255716	3584813
255717	3584851
255718	3584869
255719	3584873
255720	3584921
255721	3584923
255722	3584927
255723	3584929
255724	3584947
255725	3584981
255726	3584983
255727	3585013
255728	3585073
255729	3585097
255730	3585133
255731	3585137
255732	3585139
255733	3585143
255734	3585149
255735	3585161
255736	3585173
255737	3585209
255738	3585221
255739	3585229
255740	3585233
255741	3585247
255742	3585251
255743	3585259
255744	3585271
255745	3585289
255746	3585293
255747	3585311
255748	3585331
255749	3585347
255750	3585349
255751	3585353
255752	3585359
255753	3585389
255754	3585391
255755	3585403
255756	3585443
255757	3585451
255758	3585457
255759	3585467
255760	3585481
255761	3585497
255762	3585557
255763	3585581
255764	3585611
255765	3585629
255766	3585667
255767	3585671
255768	3585679
255769	3585689
255770	3585697
255771	3585709
255772	3585733
255773	3585749
255774	3585767
255775	3585779
255776	3585787
255777	3585809
255778	3585817
255779	3585823
255780	3585859
255781	3585913
255782	3585917
255783	3585931
255784	3585941
255785	3585943
255786	3585949
255787	3585971
255788	3585977
255789	3586001
255790	3586019
255791	3586021
255792	3586057
255793	3586073
255794	3586081
255795	3586087
255796	3586097
255797	3586109
255798	3586123
255799	3586159
255800	3586171
255801	3586189
255802	3586199
255803	3586217
255804	3586223
255805	3586237
255806	3586259
255807	3586267
255808	3586277
255809	3586279
255810	3586283
255811	3586301
255812	3586327
255813	3586333
255814	3586379
255815	3586391
255816	3586397
255817	3586399
255818	3586411
255819	3586441
255820	3586469
255821	3586481
255822	3586487
255823	3586493
255824	3586511
255825	3586529
255826	3586537
255827	3586543
255828	3586547
255829	3586549
255830	3586553
255831	3586559
255832	3586571
255833	3586619
255834	3586631
255835	3586637
255836	3586651
255837	3586657
255838	3586717
255839	3586727
255840	3586729
255841	3586741
255842	3586753
255843	3586757
255844	3586771
255845	3586777
255846	3586783
255847	3586811
255848	3586819
255849	3586823
255850	3586829
255851	3586853
255852	3586859
255853	3586867
255854	3586871
255855	3586879
255856	3586883
255857	3586889
255858	3586897
255859	3586901
255860	3586903
255861	3586907
255862	3586909
255863	3586927
255864	3586943
255865	3586951
255866	3586997
255867	3587009
255868	3587021
255869	3587099
255870	3587117
255871	3587123
255872	3587137
255873	3587161
255874	3587167
255875	3587179
255876	3587183
255877	3587197
255878	3587201
255879	3587203
255880	3587237
255881	3587249
255882	3587251
255883	3587263
255884	3587267
255885	3587279
255886	3587303
255887	3587317
255888	3587321
255889	3587347
255890	3587359
255891	3587393
255892	3587399
255893	3587407
255894	3587429
255895	3587431
255896	3587443
255897	3587449
255898	3587453
255899	3587461
255900	3587477
255901	3587497
255902	3587513
255903	3587531
255904	3587569
255905	3587579
255906	3587581
255907	3587587
255908	3587611
255909	3587641
255910	3587657
255911	3587659
255912	3587669
255913	3587671
255914	3587687
255915	3587693
255916	3587699
255917	3587707
255918	3587711
255919	3587719
255920	3587741
255921	3587761
255922	3587777
255923	3587797
255924	3587803
255925	3587809
255926	3587813
255927	3587819
255928	3587821
255929	3587861
255930	3587873
255931	3587879
255932	3587891
255933	3587923
255934	3587929
255935	3587939
255936	3587957
255937	3587989
255938	3588019
255939	3588029
255940	3588041
255941	3588061
255942	3588073
255943	3588077
255944	3588097
255945	3588103
255946	3588113
255947	3588133
255948	3588163
255949	3588181
255950	3588209
255951	3588217
255952	3588229
255953	3588239
255954	3588251
255955	3588289
255956	3588337
255957	3588341
255958	3588349
255959	3588379
255960	3588383
255961	3588401
255962	3588407
255963	3588421
255964	3588427
255965	3588451
255966	3588457
255967	3588469
255968	3588493
255969	3588499
255970	3588503
255971	3588509
255972	3588517
255973	3588527
255974	3588589
255975	3588601
255976	3588617
255977	3588619
255978	3588647
255979	3588677
255980	3588679
255981	3588707
255982	3588763
255983	3588769
255984	3588773
255985	3588787
255986	3588791
255987	3588797
255988	3588803
255989	3588811
255990	3588847
255991	3588859
255992	3588869
255993	3588877
255994	3588881
255995	3588883
255996	3588913
255997	3588917
255998	3588919
255999	3588931
256000	3588941
