256001	3588947
256002	3588961
256003	3588971
256004	3588973
256005	3589031
256006	3589073
256007	3589133
256008	3589139
256009	3589141
256010	3589151
256011	3589153
256012	3589163
256013	3589189
256014	3589247
256015	3589279
256016	3589283
256017	3589297
256018	3589361
256019	3589367
256020	3589373
256021	3589381
256022	3589441
256023	3589451
256024	3589457
256025	3589471
256026	3589477
256027	3589489
256028	3589493
256029	3589513
256030	3589549
256031	3589571
256032	3589589
256033	3589603
256034	3589609
256035	3589661
256036	3589693
256037	3589699
256038	3589709
256039	3589717
256040	3589721
256041	3589739
256042	3589741
256043	3589753
256044	3589757
256045	3589763
256046	3589783
256047	3589801
256048	3589819
256049	3589847
256050	3589853
256051	3589871
256052	3589889
256053	3589903
256054	3589913
256055	3589933
256056	3589981
256057	3589991
256058	3590011
256059	3590021
256060	3590023
256061	3590029
256062	3590039
256063	3590051
256064	3590057
256065	3590063
256066	3590087
256067	3590089
256068	3590099
256069	3590101
256070	3590117
256071	3590137
256072	3590143
256073	3590149
256074	3590161
256075	3590173
256076	3590201
256077	3590207
256078	3590219
256079	3590239
256080	3590243
256081	3590263
256082	3590291
256083	3590299
256084	3590303
256085	3590309
256086	3590311
256087	3590339
256088	3590347
256089	3590381
256090	3590387
256091	3590407
256092	3590413
256093	3590429
256094	3590437
256095	3590441
256096	3590467
256097	3590473
256098	3590501
256099	3590537
256100	3590539
256101	3590549
256102	3590551
256103	3590567
256104	3590593
256105	3590603
256106	3590623
256107	3590627
256108	3590641
256109	3590647
256110	3590669
256111	3590687
256112	3590707
256113	3590759
256114	3590767
256115	3590773
256116	3590777
256117	3590779
256118	3590831
256119	3590833
256120	3590837
256121	3590849
256122	3590863
256123	3590879
256124	3590897
256125	3590911
256126	3590929
256127	3590933
256128	3590953
256129	3590957
256130	3590963
256131	3590971
256132	3591017
256133	3591023
256134	3591047
256135	3591073
256136	3591079
256137	3591083
256138	3591101
256139	3591139
256140	3591143
256141	3591163
256142	3591167
256143	3591169
256144	3591173
256145	3591187
256146	3591191
256147	3591193
256148	3591281
256149	3591283
256150	3591299
256151	3591311
256152	3591337
256153	3591359
256154	3591383
256155	3591397
256156	3591449
256157	3591451
256158	3591481
256159	3591487
256160	3591499
256161	3591503
256162	3591509
256163	3591517
256164	3591529
256165	3591547
256166	3591569
256167	3591571
256168	3591587
256169	3591613
256170	3591631
256171	3591649
256172	3591667
256173	3591671
256174	3591719
256175	3591733
256176	3591761
256177	3591767
256178	3591769
256179	3591781
256180	3591793
256181	3591839
256182	3591851
256183	3591869
256184	3591871
256185	3591949
256186	3591953
256187	3591967
256188	3591977
256189	3591989
256190	3592009
256191	3592019
256192	3592037
256193	3592067
256194	3592081
256195	3592109
256196	3592213
256197	3592217
256198	3592223
256199	3592231
256200	3592243
256201	3592261
256202	3592289
256203	3592291
256204	3592319
256205	3592327
256206	3592397
256207	3592399
256208	3592411
256209	3592427
256210	3592447
256211	3592483
256212	3592493
256213	3592517
256214	3592553
256215	3592571
256216	3592579
256217	3592583
256218	3592591
256219	3592597
256220	3592613
256221	3592619
256222	3592637
256223	3592639
256224	3592643
256225	3592649
256226	3592651
256227	3592657
256228	3592679
256229	3592747
256230	3592751
256231	3592759
256232	3592777
256233	3592801
256234	3592819
256235	3592829
256236	3592847
256237	3592859
256238	3592861
256239	3592867
256240	3592879
256241	3592889
256242	3592891
256243	3592903
256244	3592907
256245	3592913
256246	3592921
256247	3592969
256248	3592973
256249	3592997
256250	3593003
256251	3593017
256252	3593021
256253	3593039
256254	3593047
256255	3593053
256256	3593063
256257	3593077
256258	3593087
256259	3593089
256260	3593101
256261	3593113
256262	3593201
256263	3593203
256264	3593311
256265	3593321
256266	3593323
256267	3593333
256268	3593351
256269	3593353
256270	3593371
256271	3593377
256272	3593399
256273	3593407
256274	3593417
256275	3593423
256276	3593441
256277	3593483
256278	3593501
256279	3593503
256280	3593507
256281	3593509
256282	3593519
256283	3593531
256284	3593539
256285	3593549
256286	3593563
256287	3593581
256288	3593587
256289	3593617
256290	3593627
256291	3593633
256292	3593659
256293	3593663
256294	3593669
256295	3593687
256296	3593701
256297	3593713
256298	3593747
256299	3593791
256300	3593797
256301	3593803
256302	3593827
256303	3593833
256304	3593873
256305	3593881
256306	3593903
256307	3593917
256308	3593927
256309	3593929
256310	3593939
256311	3593959
256312	3593969
256313	3593977
256314	3593981
256315	3594001
256316	3594011
256317	3594037
256318	3594053
256319	3594061
256320	3594067
256321	3594083
256322	3594113
256323	3594121
256324	3594131
256325	3594161
256326	3594167
256327	3594169
256328	3594197
256329	3594223
256330	3594251
256331	3594257
256332	3594277
256333	3594299
256334	3594307
256335	3594317
256336	3594319
256337	3594323
256338	3594343
256339	3594377
256340	3594389
256341	3594403
256342	3594427
256343	3594431
256344	3594433
256345	3594449
256346	3594467
256347	3594473
256348	3594523
256349	3594541
256350	3594551
256351	3594557
256352	3594559
256353	3594583
256354	3594589
256355	3594623
256356	3594631
256357	3594641
256358	3594649
256359	3594653
256360	3594673
256361	3594683
256362	3594697
256363	3594707
256364	3594713
256365	3594719
256366	3594727
256367	3594733
256368	3594761
256369	3594763
256370	3594793
256371	3594797
256372	3594821
256373	3594827
256374	3594863
256375	3594881
256376	3594887
256377	3594901
256378	3594907
256379	3594911
256380	3594931
256381	3594953
256382	3594959
256383	3594961
256384	3594967
256385	3595001
256386	3595027
256387	3595051
256388	3595057
256389	3595063
256390	3595069
256391	3595079
256392	3595087
256393	3595091
256394	3595099
256395	3595103
256396	3595117
256397	3595121
256398	3595127
256399	3595129
256400	3595133
256401	3595139
256402	3595181
256403	3595201
256404	3595213
256405	3595231
256406	3595247
256407	3595271
256408	3595289
256409	3595301
256410	3595303
256411	3595309
256412	3595363
256413	3595367
256414	3595387
256415	3595393
256416	3595399
256417	3595409
256418	3595441
256419	3595451
256420	3595463
256421	3595481
256422	3595489
256423	3595589
256424	3595591
256425	3595601
256426	3595607
256427	3595609
256428	3595621
256429	3595633
256430	3595639
256431	3595649
256432	3595661
256433	3595663
256434	3595667
256435	3595673
256436	3595699
256437	3595727
256438	3595733
256439	3595777
256440	3595793
256441	3595811
256442	3595847
256443	3595859
256444	3595861
256445	3595877
256446	3595897
256447	3595909
256448	3595939
256449	3595951
256450	3595967
256451	3595973
256452	3596003
256453	3596009
256454	3596023
256455	3596059
256456	3596063
256457	3596083
256458	3596107
256459	3596123
256460	3596137
256461	3596143
256462	3596147
256463	3596161
256464	3596167
256465	3596171
256466	3596183
256467	3596189
256468	3596191
256469	3596213
256470	3596239
256471	3596251
256472	3596267
256473	3596287
256474	3596297
256475	3596309
256476	3596323
256477	3596353
256478	3596357
256479	3596371
256480	3596381
256481	3596389
256482	3596407
256483	3596419
256484	3596429
256485	3596431
256486	3596447
256487	3596449
256488	3596521
256489	3596531
256490	3596543
256491	3596557
256492	3596573
256493	3596587
256494	3596599
256495	3596611
256496	3596617
256497	3596641
256498	3596653
256499	3596687
256500	3596689
256501	3596693
256502	3596701
256503	3596731
256504	3596737
256505	3596759
256506	3596771
256507	3596773
256508	3596777
256509	3596819
256510	3596849
256511	3596851
256512	3596869
256513	3596893
256514	3596897
256515	3596927
256516	3596933
256517	3596959
256518	3596981
256519	3597001
256520	3597017
256521	3597037
256522	3597043
256523	3597049
256524	3597059
256525	3597067
256526	3597071
256527	3597091
256528	3597127
256529	3597133
256530	3597151
256531	3597169
256532	3597173
256533	3597179
256534	3597193
256535	3597197
256536	3597199
256537	3597203
256538	3597211
256539	3597227
256540	3597241
256541	3597257
256542	3597259
256543	3597263
256544	3597277
256545	3597281
256546	3597311
256547	3597329
256548	3597343
256549	3597359
256550	3597379
256551	3597383
256552	3597389
256553	3597397
256554	3597401
256555	3597409
256556	3597413
256557	3597437
256558	3597449
256559	3597487
256560	3597491
256561	3597493
256562	3597511
256563	3597527
256564	3597533
256565	3597541
256566	3597551
256567	3597553
256568	3597563
256569	3597569
256570	3597571
256571	3597589
256572	3597611
256573	3597613
256574	3597617
256575	3597673
256576	3597677
256577	3597703
256578	3597749
256579	3597751
256580	3597773
256581	3597793
256582	3597809
256583	3597817
256584	3597883
256585	3597887
256586	3597901
256587	3597907
256588	3597911
256589	3597929
256590	3597941
256591	3597947
256592	3597949
256593	3597977
256594	3597983
256595	3597989
256596	3598009
256597	3598013
256598	3598019
256599	3598027
256600	3598039
256601	3598061
256602	3598081
256603	3598093
256604	3598109
256605	3598141
256606	3598157
256607	3598211
256608	3598229
256609	3598241
256610	3598253
256611	3598261
256612	3598279
256613	3598307
256614	3598313
256615	3598319
256616	3598337
256617	3598363
256618	3598379
256619	3598381
256620	3598393
256621	3598403
256622	3598411
256623	3598421
256624	3598423
256625	3598453
256626	3598459
256627	3598477
256628	3598487
256629	3598501
256630	3598519
256631	3598549
256632	3598589
256633	3598591
256634	3598601
256635	3598607
256636	3598613
256637	3598643
256638	3598667
256639	3598691
256640	3598703
256641	3598709
256642	3598723
256643	3598729
256644	3598739
256645	3598757
256646	3598789
256647	3598801
256648	3598811
256649	3598831
256650	3598841
256651	3598843
256652	3598867
256653	3598873
256654	3598891
256655	3598921
256656	3598927
256657	3598943
256658	3598949
256659	3598957
256660	3598967
256661	3598981
256662	3599009
256663	3599023
256664	3599033
256665	3599041
256666	3599047
256667	3599083
256668	3599093
256669	3599107
256670	3599111
256671	3599117
256672	3599137
256673	3599147
256674	3599149
256675	3599171
256676	3599179
256677	3599191
256678	3599207
256679	3599231
256680	3599243
256681	3599251
256682	3599263
256683	3599269
256684	3599279
256685	3599327
256686	3599357
256687	3599369
256688	3599371
256689	3599383
256690	3599423
256691	3599429
256692	3599437
256693	3599447
256694	3599459
256695	3599467
256696	3599473
256697	3599483
256698	3599501
256699	3599527
256700	3599581
256701	3599621
256702	3599639
256703	3599641
256704	3599647
256705	3599653
256706	3599657
256707	3599663
256708	3599719
256709	3599737
256710	3599773
256711	3599779
256712	3599821
256713	3599833
256714	3599837
256715	3599839
256716	3599851
256717	3599879
256718	3599881
256719	3599887
256720	3599899
256721	3599927
256722	3599929
256723	3599933
256724	3599941
256725	3599963
256726	3599969
256727	3600001
256728	3600007
256729	3600013
256730	3600017
256731	3600041
256732	3600053
256733	3600097
256734	3600119
256735	3600133
256736	3600173
256737	3600187
256738	3600193
256739	3600203
256740	3600217
256741	3600221
256742	3600269
256743	3600283
256744	3600301
256745	3600307
256746	3600319
256747	3600361
256748	3600383
256749	3600407
256750	3600409
256751	3600419
256752	3600431
256753	3600451
256754	3600461
256755	3600463
256756	3600469
256757	3600473
256758	3600479
256759	3600491
256760	3600511
256761	3600521
256762	3600523
256763	3600533
256764	3600539
256765	3600547
256766	3600559
256767	3600563
256768	3600587
256769	3600601
256770	3600607
256771	3600613
256772	3600629
256773	3600659
256774	3600679
256775	3600683
256776	3600689
256777	3600697
256778	3600721
256779	3600731
256780	3600739
256781	3600749
256782	3600757
256783	3600761
256784	3600763
256785	3600791
256786	3600799
256787	3600809
256788	3600841
256789	3600847
256790	3600853
256791	3600881
256792	3600887
256793	3600893
256794	3600911
256795	3600913
256796	3600917
256797	3600941
256798	3600967
256799	3600997
256800	3601001
256801	3601007
256802	3601009
256803	3601019
256804	3601027
256805	3601043
256806	3601061
256807	3601063
256808	3601079
256809	3601111
256810	3601123
256811	3601139
256812	3601141
256813	3601151
256814	3601193
256815	3601211
256816	3601219
256817	3601237
256818	3601243
256819	3601253
256820	3601267
256821	3601291
256822	3601313
256823	3601327
256824	3601337
256825	3601343
256826	3601361
256827	3601369
256828	3601421
256829	3601427
256830	3601447
256831	3601457
256832	3601463
256833	3601489
256834	3601517
256835	3601523
256836	3601529
256837	3601541
256838	3601553
256839	3601567
256840	3601571
256841	3601579
256842	3601589
256843	3601607
256844	3601627
256845	3601669
256846	3601679
256847	3601681
256848	3601693
256849	3601709
256850	3601711
256851	3601729
256852	3601753
256853	3601781
256854	3601783
256855	3601837
256856	3601877
256857	3601879
256858	3601883
256859	3601889
256860	3601903
256861	3601931
256862	3601937
256863	3601957
256864	3601967
256865	3601991
256866	3601993
256867	3602021
256868	3602041
256869	3602047
256870	3602057
256871	3602059
256872	3602083
256873	3602087
256874	3602089
256875	3602149
256876	3602167
256877	3602171
256878	3602173
256879	3602197
256880	3602201
256881	3602243
256882	3602257
256883	3602279
256884	3602297
256885	3602299
256886	3602309
256887	3602353
256888	3602359
256889	3602371
256890	3602377
256891	3602393
256892	3602437
256893	3602441
256894	3602461
256895	3602471
256896	3602491
256897	3602527
256898	3602537
256899	3602549
256900	3602561
256901	3602581
256902	3602587
256903	3602591
256904	3602593
256905	3602617
256906	3602633
256907	3602659
256908	3602681
256909	3602693
256910	3602707
256911	3602713
256912	3602719
256913	3602737
256914	3602747
256915	3602749
256916	3602773
256917	3602783
256918	3602803
256919	3602821
256920	3602831
256921	3602869
256922	3602891
256923	3602897
256924	3602899
256925	3602903
256926	3602917
256927	3602923
256928	3602941
256929	3602959
256930	3602971
256931	3602983
256932	3602999
256933	3603007
256934	3603049
256935	3603053
256936	3603073
256937	3603077
256938	3603079
256939	3603101
256940	3603107
256941	3603151
256942	3603169
256943	3603227
256944	3603251
256945	3603253
256946	3603277
256947	3603287
256948	3603289
256949	3603317
256950	3603323
256951	3603329
256952	3603361
256953	3603373
256954	3603389
256955	3603401
256956	3603419
256957	3603421
256958	3603437
256959	3603451
256960	3603469
256961	3603491
256962	3603527
256963	3603539
256964	3603547
256965	3603563
256966	3603577
256967	3603583
256968	3603619
256969	3603623
256970	3603659
256971	3603667
256972	3603703
256973	3603713
256974	3603727
256975	3603731
256976	3603737
256977	3603797
256978	3603799
256979	3603829
256980	3603833
256981	3603857
256982	3603869
256983	3603871
256984	3603883
256985	3603923
256986	3603931
256987	3603953
256988	3603961
256989	3603989
256990	3603991
256991	3604019
256992	3604021
256993	3604037
256994	3604039
256995	3604043
256996	3604057
256997	3604067
256998	3604087
256999	3604099
257000	3604121
