257001	3604127
257002	3604141
257003	3604147
257004	3604151
257005	3604157
257006	3604163
257007	3604177
257008	3604189
257009	3604199
257010	3604213
257011	3604241
257012	3604247
257013	3604273
257014	3604283
257015	3604297
257016	3604301
257017	3604309
257018	3604313
257019	3604327
257020	3604373
257021	3604417
257022	3604421
257023	3604427
257024	3604451
257025	3604481
257026	3604507
257027	3604511
257028	3604529
257029	3604541
257030	3604543
257031	3604553
257032	3604567
257033	3604591
257034	3604603
257035	3604609
257036	3604619
257037	3604621
257038	3604631
257039	3604681
257040	3604693
257041	3604703
257042	3604709
257043	3604717
257044	3604747
257045	3604753
257046	3604763
257047	3604771
257048	3604781
257049	3604789
257050	3604793
257051	3604807
257052	3604817
257053	3604829
257054	3604871
257055	3604879
257056	3604891
257057	3604907
257058	3604933
257059	3604943
257060	3604963
257061	3604967
257062	3604981
257063	3604999
257064	3605027
257065	3605033
257066	3605051
257067	3605057
257068	3605059
257069	3605081
257070	3605087
257071	3605093
257072	3605099
257073	3605111
257074	3605141
257075	3605143
257076	3605153
257077	3605159
257078	3605197
257079	3605201
257080	3605221
257081	3605233
257082	3605257
257083	3605263
257084	3605279
257085	3605281
257086	3605291
257087	3605293
257088	3605299
257089	3605311
257090	3605341
257091	3605351
257092	3605369
257093	3605387
257094	3605419
257095	3605443
257096	3605473
257097	3605477
257098	3605489
257099	3605531
257100	3605561
257101	3605617
257102	3605621
257103	3605629
257104	3605633
257105	3605647
257106	3605653
257107	3605659
257108	3605669
257109	3605671
257110	3605711
257111	3605741
257112	3605743
257113	3605747
257114	3605759
257115	3605783
257116	3605803
257117	3605809
257118	3605813
257119	3605821
257120	3605837
257121	3605843
257122	3605857
257123	3605867
257124	3605869
257125	3605879
257126	3605881
257127	3605891
257128	3605897
257129	3605923
257130	3605929
257131	3605939
257132	3605957
257133	3605969
257134	3605999
257135	3606011
257136	3606017
257137	3606041
257138	3606059
257139	3606061
257140	3606089
257141	3606103
257142	3606151
257143	3606157
257144	3606167
257145	3606209
257146	3606223
257147	3606233
257148	3606277
257149	3606283
257150	3606287
257151	3606289
257152	3606293
257153	3606301
257154	3606341
257155	3606347
257156	3606359
257157	3606389
257158	3606413
257159	3606437
257160	3606443
257161	3606461
257162	3606467
257163	3606487
257164	3606497
257165	3606511
257166	3606529
257167	3606541
257168	3606553
257169	3606563
257170	3606569
257171	3606583
257172	3606593
257173	3606613
257174	3606661
257175	3606679
257176	3606689
257177	3606697
257178	3606719
257179	3606721
257180	3606727
257181	3606731
257182	3606763
257183	3606767
257184	3606769
257185	3606773
257186	3606781
257187	3606829
257188	3606833
257189	3606851
257190	3606859
257191	3606887
257192	3606899
257193	3606901
257194	3606917
257195	3606947
257196	3606949
257197	3606959
257198	3606961
257199	3606973
257200	3606983
257201	3606989
257202	3606997
257203	3607001
257204	3607031
257205	3607063
257206	3607069
257207	3607091
257208	3607099
257209	3607103
257210	3607117
257211	3607133
257212	3607147
257213	3607151
257214	3607157
257215	3607183
257216	3607187
257217	3607199
257218	3607211
257219	3607217
257220	3607229
257221	3607231
257222	3607237
257223	3607249
257224	3607277
257225	3607301
257226	3607309
257227	3607327
257228	3607361
257229	3607381
257230	3607393
257231	3607411
257232	3607421
257233	3607423
257234	3607433
257235	3607447
257236	3607453
257237	3607459
257238	3607489
257239	3607493
257240	3607507
257241	3607517
257242	3607523
257243	3607531
257244	3607543
257245	3607547
257246	3607561
257247	3607567
257248	3607589
257249	3607603
257250	3607607
257251	3607627
257252	3607633
257253	3607649
257254	3607691
257255	3607697
257256	3607727
257257	3607729
257258	3607741
257259	3607771
257260	3607787
257261	3607801
257262	3607817
257263	3607819
257264	3607831
257265	3607837
257266	3607841
257267	3607867
257268	3607897
257269	3607921
257270	3607931
257271	3607939
257272	3607949
257273	3607957
257274	3607963
257275	3607969
257276	3607973
257277	3607979
257278	3607991
257279	3607999
257280	3608039
257281	3608051
257282	3608053
257283	3608057
257284	3608071
257285	3608117
257286	3608153
257287	3608161
257288	3608179
257289	3608191
257290	3608207
257291	3608219
257292	3608221
257293	3608239
257294	3608249
257295	3608251
257296	3608257
257297	3608273
257298	3608299
257299	3608323
257300	3608357
257301	3608377
257302	3608389
257303	3608393
257304	3608417
257305	3608477
257306	3608489
257307	3608491
257308	3608503
257309	3608513
257310	3608531
257311	3608543
257312	3608551
257313	3608569
257314	3608621
257315	3608639
257316	3608653
257317	3608669
257318	3608681
257319	3608701
257320	3608713
257321	3608729
257322	3608747
257323	3608767
257324	3608771
257325	3608783
257326	3608791
257327	3608797
257328	3608807
257329	3608837
257330	3608849
257331	3608851
257332	3608863
257333	3608867
257334	3608873
257335	3608887
257336	3608897
257337	3608903
257338	3608909
257339	3608921
257340	3608939
257341	3608951
257342	3608977
257343	3609007
257344	3609013
257345	3609029
257346	3609041
257347	3609059
257348	3609061
257349	3609071
257350	3609097
257351	3609101
257352	3609103
257353	3609161
257354	3609163
257355	3609191
257356	3609209
257357	3609211
257358	3609241
257359	3609251
257360	3609257
257361	3609283
257362	3609289
257363	3609301
257364	3609329
257365	3609337
257366	3609349
257367	3609379
257368	3609383
257369	3609391
257370	3609407
257371	3609409
257372	3609433
257373	3609439
257374	3609451
257375	3609469
257376	3609479
257377	3609481
257378	3609493
257379	3609497
257380	3609499
257381	3609503
257382	3609509
257383	3609523
257384	3609533
257385	3609581
257386	3609583
257387	3609611
257388	3609623
257389	3609629
257390	3609637
257391	3609649
257392	3609673
257393	3609703
257394	3609713
257395	3609719
257396	3609731
257397	3609737
257398	3609743
257399	3609769
257400	3609773
257401	3609787
257402	3609799
257403	3609803
257404	3609817
257405	3609821
257406	3609847
257407	3609863
257408	3609871
257409	3609877
257410	3609887
257411	3609889
257412	3609911
257413	3609913
257414	3609941
257415	3609953
257416	3609959
257417	3609973
257418	3609997
257419	3610003
257420	3610021
257421	3610037
257422	3610051
257423	3610081
257424	3610097
257425	3610109
257426	3610111
257427	3610129
257428	3610153
257429	3610157
257430	3610169
257431	3610177
257432	3610183
257433	3610199
257434	3610219
257435	3610283
257436	3610301
257437	3610303
257438	3610319
257439	3610331
257440	3610339
257441	3610351
257442	3610357
257443	3610363
257444	3610367
257445	3610381
257446	3610391
257447	3610393
257448	3610403
257449	3610427
257450	3610469
257451	3610499
257452	3610531
257453	3610543
257454	3610547
257455	3610549
257456	3610553
257457	3610577
257458	3610591
257459	3610597
257460	3610619
257461	3610657
257462	3610669
257463	3610679
257464	3610693
257465	3610699
257466	3610709
257467	3610721
257468	3610723
257469	3610729
257470	3610759
257471	3610771
257472	3610781
257473	3610807
257474	3610811
257475	3610861
257476	3610883
257477	3610891
257478	3610897
257479	3610921
257480	3610933
257481	3610949
257482	3610951
257483	3610961
257484	3610979
257485	3611059
257486	3611063
257487	3611071
257488	3611093
257489	3611119
257490	3611129
257491	3611147
257492	3611171
257493	3611177
257494	3611189
257495	3611203
257496	3611243
257497	3611281
257498	3611287
257499	3611291
257500	3611297
257501	3611303
257502	3611317
257503	3611323
257504	3611329
257505	3611347
257506	3611351
257507	3611369
257508	3611381
257509	3611389
257510	3611393
257511	3611401
257512	3611411
257513	3611417
257514	3611423
257515	3611431
257516	3611453
257517	3611477
257518	3611479
257519	3611513
257520	3611521
257521	3611549
257522	3611551
257523	3611561
257524	3611563
257525	3611603
257526	3611623
257527	3611669
257528	3611677
257529	3611711
257530	3611719
257531	3611761
257532	3611771
257533	3611789
257534	3611827
257535	3611831
257536	3611833
257537	3611849
257538	3611869
257539	3611873
257540	3611891
257541	3611893
257542	3611941
257543	3611947
257544	3611981
257545	3611987
257546	3612019
257547	3612023
257548	3612029
257549	3612047
257550	3612053
257551	3612061
257552	3612083
257553	3612097
257554	3612121
257555	3612137
257556	3612149
257557	3612179
257558	3612181
257559	3612187
257560	3612197
257561	3612209
257562	3612221
257563	3612227
257564	3612233
257565	3612239
257566	3612241
257567	3612247
257568	3612263
257569	3612277
257570	3612281
257571	3612283
257572	3612289
257573	3612293
257574	3612307
257575	3612317
257576	3612319
257577	3612331
257578	3612341
257579	3612391
257580	3612407
257581	3612419
257582	3612431
257583	3612437
257584	3612457
257585	3612487
257586	3612491
257587	3612493
257588	3612503
257589	3612509
257590	3612529
257591	3612547
257592	3612577
257593	3612607
257594	3612613
257595	3612659
257596	3612667
257597	3612671
257598	3612673
257599	3612677
257600	3612683
257601	3612689
257602	3612703
257603	3612737
257604	3612743
257605	3612761
257606	3612773
257607	3612779
257608	3612781
257609	3612787
257610	3612799
257611	3612809
257612	3612811
257613	3612821
257614	3612853
257615	3612883
257616	3612893
257617	3612899
257618	3612919
257619	3612923
257620	3612929
257621	3612943
257622	3612967
257623	3612979
257624	3612991
257625	3613003
257626	3613009
257627	3613033
257628	3613039
257629	3613079
257630	3613121
257631	3613123
257632	3613151
257633	3613157
257634	3613171
257635	3613187
257636	3613189
257637	3613193
257638	3613199
257639	3613201
257640	3613217
257641	3613237
257642	3613271
257643	3613301
257644	3613307
257645	3613321
257646	3613327
257647	3613331
257648	3613349
257649	3613361
257650	3613387
257651	3613397
257652	3613417
257653	3613433
257654	3613447
257655	3613481
257656	3613513
257657	3613517
257658	3613523
257659	3613543
257660	3613559
257661	3613601
257662	3613607
257663	3613609
257664	3613619
257665	3613633
257666	3613637
257667	3613663
257668	3613681
257669	3613693
257670	3613703
257671	3613717
257672	3613721
257673	3613723
257674	3613733
257675	3613739
257676	3613747
257677	3613759
257678	3613787
257679	3613789
257680	3613807
257681	3613811
257682	3613837
257683	3613847
257684	3613867
257685	3613871
257686	3613879
257687	3613889
257688	3613931
257689	3613957
257690	3613963
257691	3613991
257692	3613993
257693	3613999
257694	3614003
257695	3614033
257696	3614041
257697	3614057
257698	3614087
257699	3614099
257700	3614101
257701	3614111
257702	3614129
257703	3614137
257704	3614147
257705	3614153
257706	3614173
257707	3614179
257708	3614203
257709	3614207
257710	3614209
257711	3614227
257712	3614239
257713	3614249
257714	3614263
257715	3614267
257716	3614269
257717	3614291
257718	3614309
257719	3614323
257720	3614339
257721	3614363
257722	3614407
257723	3614411
257724	3614431
257725	3614447
257726	3614459
257727	3614461
257728	3614477
257729	3614497
257730	3614509
257731	3614561
257732	3614581
257733	3614587
257734	3614603
257735	3614609
257736	3614669
257737	3614671
257738	3614687
257739	3614707
257740	3614711
257741	3614719
257742	3614747
257743	3614773
257744	3614777
257745	3614783
257746	3614791
257747	3614813
257748	3614833
257749	3614839
257750	3614843
257751	3614867
257752	3614873
257753	3614893
257754	3614903
257755	3614909
257756	3614917
257757	3614927
257758	3614939
257759	3614951
257760	3614953
257761	3614957
257762	3614969
257763	3614981
257764	3614987
257765	3614993
257766	3615037
257767	3615089
257768	3615097
257769	3615103
257770	3615133
257771	3615167
257772	3615173
257773	3615211
257774	3615217
257775	3615221
257776	3615229
257777	3615259
257778	3615299
257779	3615319
257780	3615329
257781	3615331
257782	3615341
257783	3615349
257784	3615389
257785	3615413
257786	3615419
257787	3615431
257788	3615433
257789	3615449
257790	3615457
257791	3615467
257792	3615473
257793	3615523
257794	3615559
257795	3615571
257796	3615581
257797	3615583
257798	3615587
257799	3615641
257800	3615649
257801	3615671
257802	3615701
257803	3615709
257804	3615721
257805	3615727
257806	3615737
257807	3615739
257808	3615743
257809	3615769
257810	3615791
257811	3615793
257812	3615811
257813	3615839
257814	3615847
257815	3615863
257816	3615893
257817	3615919
257818	3615929
257819	3615943
257820	3615949
257821	3615961
257822	3615967
257823	3615977
257824	3616001
257825	3616007
257826	3616009
257827	3616013
257828	3616027
257829	3616033
257830	3616049
257831	3616069
257832	3616073
257833	3616079
257834	3616111
257835	3616117
257836	3616127
257837	3616147
257838	3616183
257839	3616229
257840	3616231
257841	3616259
257842	3616297
257843	3616303
257844	3616351
257845	3616357
257846	3616369
257847	3616373
257848	3616381
257849	3616397
257850	3616399
257851	3616409
257852	3616421
257853	3616423
257854	3616447
257855	3616453
257856	3616463
257857	3616477
257858	3616489
257859	3616519
257860	3616531
257861	3616537
257862	3616549
257863	3616573
257864	3616583
257865	3616621
257866	3616633
257867	3616637
257868	3616649
257869	3616661
257870	3616673
257871	3616703
257872	3616721
257873	3616741
257874	3616747
257875	3616757
257876	3616813
257877	3616829
257878	3616831
257879	3616841
257880	3616843
257881	3616853
257882	3616883
257883	3616889
257884	3616901
257885	3616913
257886	3616933
257887	3616939
257888	3616969
257889	3616993
257890	3616997
257891	3616999
257892	3617027
257893	3617059
257894	3617063
257895	3617069
257896	3617071
257897	3617093
257898	3617099
257899	3617101
257900	3617137
257901	3617147
257902	3617149
257903	3617153
257904	3617177
257905	3617179
257906	3617221
257907	3617267
257908	3617269
257909	3617281
257910	3617291
257911	3617293
257912	3617309
257913	3617321
257914	3617323
257915	3617329
257916	3617347
257917	3617351
257918	3617363
257919	3617401
257920	3617407
257921	3617441
257922	3617443
257923	3617473
257924	3617477
257925	3617479
257926	3617491
257927	3617501
257928	3617503
257929	3617533
257930	3617557
257931	3617561
257932	3617569
257933	3617587
257934	3617597
257935	3617599
257936	3617609
257937	3617611
257938	3617623
257939	3617629
257940	3617639
257941	3617641
257942	3617659
257943	3617683
257944	3617687
257945	3617689
257946	3617701
257947	3617711
257948	3617723
257949	3617737
257950	3617767
257951	3617773
257952	3617797
257953	3617813
257954	3617843
257955	3617857
257956	3617879
257957	3617899
257958	3617903
257959	3617927
257960	3617951
257961	3617983
257962	3617987
257963	3617989
257964	3617993
257965	3618007
257966	3618029
257967	3618047
257968	3618049
257969	3618071
257970	3618077
257971	3618101
257972	3618137
257973	3618143
257974	3618157
257975	3618163
257976	3618187
257977	3618191
257978	3618211
257979	3618217
257980	3618233
257981	3618239
257982	3618247
257983	3618259
257984	3618269
257985	3618281
257986	3618283
257987	3618311
257988	3618317
257989	3618323
257990	3618343
257991	3618347
257992	3618397
257993	3618403
257994	3618409
257995	3618421
257996	3618443
257997	3618457
257998	3618463
257999	3618479
258000	3618497
