258001	3618499
258002	3618509
258003	3618523
258004	3618547
258005	3618553
258006	3618583
258007	3618631
258008	3618653
258009	3618679
258010	3618697
258011	3618709
258012	3618743
258013	3618757
258014	3618761
258015	3618793
258016	3618803
258017	3618809
258018	3618827
258019	3618833
258020	3618851
258021	3618869
258022	3618907
258023	3618913
258024	3618919
258025	3618929
258026	3618959
258027	3618961
258028	3618991
258029	3619013
258030	3619019
258031	3619037
258032	3619039
258033	3619093
258034	3619103
258035	3619117
258036	3619123
258037	3619151
258038	3619159
258039	3619183
258040	3619199
258041	3619207
258042	3619243
258043	3619261
258044	3619289
258045	3619307
258046	3619327
258047	3619339
258048	3619393
258049	3619397
258050	3619411
258051	3619433
258052	3619459
258053	3619463
258054	3619471
258055	3619477
258056	3619501
258057	3619507
258058	3619531
258059	3619549
258060	3619571
258061	3619573
258062	3619597
258063	3619607
258064	3619613
258065	3619619
258066	3619639
258067	3619643
258068	3619663
258069	3619667
258070	3619687
258071	3619711
258072	3619723
258073	3619769
258074	3619771
258075	3619787
258076	3619807
258077	3619813
258078	3619817
258079	3619843
258080	3619873
258081	3619877
258082	3619883
258083	3619907
258084	3619909
258085	3619921
258086	3619961
258087	3619981
258088	3619991
258089	3620011
258090	3620021
258091	3620033
258092	3620053
258093	3620069
258094	3620083
258095	3620093
258096	3620119
258097	3620129
258098	3620153
258099	3620159
258100	3620161
258101	3620207
258102	3620209
258103	3620231
258104	3620249
258105	3620257
258106	3620291
258107	3620293
258108	3620311
258109	3620327
258110	3620329
258111	3620369
258112	3620387
258113	3620401
258114	3620437
258115	3620443
258116	3620467
258117	3620489
258118	3620497
258119	3620501
258120	3620537
258121	3620567
258122	3620597
258123	3620599
258124	3620623
258125	3620627
258126	3620641
258127	3620657
258128	3620671
258129	3620681
258130	3620689
258131	3620693
258132	3620713
258133	3620723
258134	3620741
258135	3620753
258136	3620767
258137	3620789
258138	3620791
258139	3620803
258140	3620819
258141	3620839
258142	3620843
258143	3620879
258144	3620909
258145	3620917
258146	3620921
258147	3620923
258148	3620933
258149	3620941
258150	3620957
258151	3620977
258152	3620989
258153	3620993
258154	3620999
258155	3621011
258156	3621031
258157	3621043
258158	3621049
258159	3621067
258160	3621083
258161	3621103
258162	3621113
258163	3621127
258164	3621139
258165	3621157
258166	3621181
258167	3621199
258168	3621217
258169	3621223
258170	3621239
258171	3621251
258172	3621253
258173	3621257
258174	3621263
258175	3621269
258176	3621271
258177	3621287
258178	3621313
258179	3621329
258180	3621341
258181	3621347
258182	3621353
258183	3621379
258184	3621403
258185	3621461
258186	3621463
258187	3621467
258188	3621469
258189	3621473
258190	3621481
258191	3621517
258192	3621521
258193	3621529
258194	3621559
258195	3621577
258196	3621581
258197	3621587
258198	3621593
258199	3621613
258200	3621617
258201	3621623
258202	3621643
258203	3621661
258204	3621691
258205	3621701
258206	3621713
258207	3621721
258208	3621727
258209	3621733
258210	3621767
258211	3621797
258212	3621803
258213	3621851
258214	3621857
258215	3621881
258216	3621887
258217	3621889
258218	3621907
258219	3621911
258220	3621929
258221	3621931
258222	3621941
258223	3621973
258224	3621977
258225	3621983
258226	3622001
258227	3622007
258228	3622039
258229	3622043
258230	3622051
258231	3622061
258232	3622079
258233	3622081
258234	3622097
258235	3622111
258236	3622121
258237	3622123
258238	3622159
258239	3622169
258240	3622183
258241	3622193
258242	3622219
258243	3622231
258244	3622253
258245	3622259
258246	3622261
258247	3622273
258248	3622279
258249	3622313
258250	3622321
258251	3622327
258252	3622351
258253	3622357
258254	3622373
258255	3622379
258256	3622393
258257	3622427
258258	3622429
258259	3622433
258260	3622439
258261	3622453
258262	3622459
258263	3622469
258264	3622481
258265	3622499
258266	3622501
258267	3622511
258268	3622517
258269	3622529
258270	3622537
258271	3622573
258272	3622579
258273	3622583
258274	3622589
258275	3622601
258276	3622609
258277	3622631
258278	3622643
258279	3622679
258280	3622687
258281	3622721
258282	3622727
258283	3622733
258284	3622739
258285	3622741
258286	3622747
258287	3622763
258288	3622783
258289	3622789
258290	3622811
258291	3622813
258292	3622831
258293	3622837
258294	3622847
258295	3622859
258296	3622873
258297	3622889
258298	3622897
258299	3622903
258300	3622909
258301	3622919
258302	3622951
258303	3622963
258304	3622967
258305	3622979
258306	3622987
258307	3622991
258308	3623017
258309	3623069
258310	3623071
258311	3623099
258312	3623107
258313	3623117
258314	3623143
258315	3623171
258316	3623197
258317	3623203
258318	3623237
258319	3623251
258320	3623267
258321	3623273
258322	3623287
258323	3623353
258324	3623359
258325	3623369
258326	3623377
258327	3623381
258328	3623393
258329	3623401
258330	3623413
258331	3623423
258332	3623441
258333	3623449
258334	3623483
258335	3623491
258336	3623507
258337	3623519
258338	3623537
258339	3623569
258340	3623597
258341	3623639
258342	3623657
258343	3623671
258344	3623681
258345	3623689
258346	3623701
258347	3623707
258348	3623713
258349	3623723
258350	3623729
258351	3623731
258352	3623773
258353	3623783
258354	3623803
258355	3623821
258356	3623861
258357	3623881
258358	3623887
258359	3623897
258360	3623899
258361	3623909
258362	3623929
258363	3623933
258364	3623947
258365	3623951
258366	3623953
258367	3623969
258368	3623987
258369	3623999
258370	3624001
258371	3624011
258372	3624013
258373	3624059
258374	3624073
258375	3624091
258376	3624107
258377	3624109
258378	3624139
258379	3624143
258380	3624157
258381	3624161
258382	3624167
258383	3624191
258384	3624221
258385	3624223
258386	3624233
258387	3624239
258388	3624287
258389	3624289
258390	3624293
258391	3624301
258392	3624319
258393	3624323
258394	3624331
258395	3624353
258396	3624367
258397	3624371
258398	3624373
258399	3624407
258400	3624431
258401	3624433
258402	3624443
258403	3624457
258404	3624461
258405	3624463
258406	3624469
258407	3624473
258408	3624493
258409	3624503
258410	3624521
258411	3624529
258412	3624539
258413	3624541
258414	3624563
258415	3624581
258416	3624601
258417	3624629
258418	3624637
258419	3624653
258420	3624667
258421	3624671
258422	3624679
258423	3624683
258424	3624697
258425	3624721
258426	3624727
258427	3624773
258428	3624787
258429	3624811
258430	3624821
258431	3624833
258432	3624847
258433	3624911
258434	3624917
258435	3624919
258436	3624931
258437	3624937
258438	3624949
258439	3624977
258440	3624983
258441	3625003
258442	3625031
258443	3625033
258444	3625043
258445	3625049
258446	3625051
258447	3625079
258448	3625081
258449	3625093
258450	3625103
258451	3625123
258452	3625133
258453	3625151
258454	3625177
258455	3625211
258456	3625213
258457	3625229
258458	3625243
258459	3625277
258460	3625309
258461	3625339
258462	3625351
258463	3625361
258464	3625367
258465	3625387
258466	3625397
258467	3625411
258468	3625423
258469	3625429
258470	3625477
258471	3625487
258472	3625511
258473	3625577
258474	3625579
258475	3625591
258476	3625603
258477	3625619
258478	3625621
258479	3625649
258480	3625669
258481	3625679
258482	3625681
258483	3625693
258484	3625711
258485	3625733
258486	3625759
258487	3625781
258488	3625793
258489	3625807
258490	3625813
258491	3625829
258492	3625849
258493	3625859
258494	3625873
258495	3625883
258496	3625939
258497	3625943
258498	3625961
258499	3625969
258500	3625987
258501	3625991
258502	3625997
258503	3626009
258504	3626011
258505	3626033
258506	3626053
258507	3626059
258508	3626087
258509	3626099
258510	3626113
258511	3626141
258512	3626149
258513	3626153
258514	3626159
258515	3626171
258516	3626173
258517	3626201
258518	3626221
258519	3626239
258520	3626257
258521	3626269
258522	3626279
258523	3626281
258524	3626291
258525	3626297
258526	3626299
258527	3626309
258528	3626339
258529	3626351
258530	3626383
258531	3626401
258532	3626417
258533	3626429
258534	3626431
258535	3626437
258536	3626443
258537	3626449
258538	3626453
258539	3626471
258540	3626501
258541	3626521
258542	3626531
258543	3626533
258544	3626561
258545	3626563
258546	3626569
258547	3626611
258548	3626639
258549	3626641
258550	3626657
258551	3626669
258552	3626677
258553	3626683
258554	3626717
258555	3626723
258556	3626741
258557	3626743
258558	3626759
258559	3626771
258560	3626773
258561	3626803
258562	3626807
258563	3626813
258564	3626837
258565	3626873
258566	3626881
258567	3626897
258568	3626941
258569	3626947
258570	3626951
258571	3626971
258572	3626981
258573	3626989
258574	3627023
258575	3627053
258576	3627067
258577	3627079
258578	3627083
258579	3627097
258580	3627101
258581	3627109
258582	3627139
258583	3627167
258584	3627181
258585	3627199
258586	3627203
258587	3627223
258588	3627251
258589	3627257
258590	3627263
258591	3627269
258592	3627277
258593	3627287
258594	3627289
258595	3627317
258596	3627329
258597	3627331
258598	3627359
258599	3627367
258600	3627383
258601	3627391
258602	3627401
258603	3627427
258604	3627451
258605	3627469
258606	3627493
258607	3627529
258608	3627587
258609	3627641
258610	3627649
258611	3627653
258612	3627661
258613	3627671
258614	3627677
258615	3627683
258616	3627707
258617	3627737
258618	3627769
258619	3627787
258620	3627791
258621	3627823
258622	3627829
258623	3627839
258624	3627857
258625	3627863
258626	3627889
258627	3627893
258628	3627901
258629	3627931
258630	3627937
258631	3627941
258632	3627947
258633	3627971
258634	3627973
258635	3627979
258636	3627989
258637	3628007
258638	3628033
258639	3628057
258640	3628061
258641	3628063
258642	3628067
258643	3628073
258644	3628111
258645	3628127
258646	3628129
258647	3628133
258648	3628153
258649	3628169
258650	3628187
258651	3628189
258652	3628193
258653	3628199
258654	3628201
258655	3628243
258656	3628249
258657	3628267
258658	3628279
258659	3628291
258660	3628309
258661	3628321
258662	3628337
258663	3628351
258664	3628357
258665	3628363
258666	3628397
258667	3628399
258668	3628403
258669	3628421
258670	3628439
258671	3628453
258672	3628481
258673	3628483
258674	3628561
258675	3628571
258676	3628591
258677	3628621
258678	3628631
258679	3628657
258680	3628663
258681	3628679
258682	3628697
258683	3628711
258684	3628747
258685	3628759
258686	3628763
258687	3628777
258688	3628783
258689	3628789
258690	3628811
258691	3628819
258692	3628841
258693	3628847
258694	3628853
258695	3628883
258696	3628897
258697	3628927
258698	3628931
258699	3628949
258700	3628967
258701	3628969
258702	3628987
258703	3628991
258704	3629027
258705	3629029
258706	3629039
258707	3629051
258708	3629053
258709	3629063
258710	3629081
258711	3629099
258712	3629107
258713	3629111
258714	3629117
258715	3629123
258716	3629141
258717	3629159
258718	3629161
258719	3629167
258720	3629173
258721	3629179
258722	3629183
258723	3629203
258724	3629207
258725	3629257
258726	3629261
258727	3629287
258728	3629291
258729	3629299
258730	3629303
258731	3629357
258732	3629359
258733	3629363
258734	3629389
258735	3629393
258736	3629401
258737	3629407
258738	3629413
258739	3629459
258740	3629471
258741	3629473
258742	3629477
258743	3629519
258744	3629537
258745	3629543
258746	3629557
258747	3629567
258748	3629581
258749	3629597
258750	3629609
258751	3629623
258752	3629629
258753	3629657
258754	3629671
258755	3629719
258756	3629729
258757	3629749
258758	3629777
258759	3629783
258760	3629803
258761	3629831
258762	3629863
258763	3629867
258764	3629869
258765	3629887
258766	3629897
258767	3629909
258768	3629921
258769	3629933
258770	3629939
258771	3629947
258772	3629953
258773	3629987
258774	3629999
258775	3630019
258776	3630037
258777	3630047
258778	3630097
258779	3630101
258780	3630149
258781	3630157
258782	3630161
258783	3630167
258784	3630169
258785	3630199
258786	3630203
258787	3630223
258788	3630227
258789	3630229
258790	3630241
258791	3630247
258792	3630257
258793	3630259
258794	3630269
258795	3630271
258796	3630281
258797	3630323
258798	3630331
258799	3630359
258800	3630371
258801	3630377
258802	3630391
258803	3630397
258804	3630433
258805	3630437
258806	3630461
258807	3630521
258808	3630547
258809	3630559
258810	3630593
258811	3630611
258812	3630629
258813	3630631
258814	3630643
258815	3630667
258816	3630701
258817	3630709
258818	3630733
258819	3630743
258820	3630749
258821	3630769
258822	3630779
258823	3630793
258824	3630817
258825	3630821
258826	3630827
258827	3630833
258828	3630841
258829	3630857
258830	3630859
258831	3630883
258832	3630901
258833	3630917
258834	3630923
258835	3630929
258836	3630943
258837	3630953
258838	3630959
258839	3630961
258840	3630967
258841	3630971
258842	3630973
258843	3630983
258844	3630997
258845	3631007
258846	3631009
258847	3631027
258848	3631031
258849	3631039
258850	3631073
258851	3631139
258852	3631141
258853	3631163
258854	3631169
258855	3631181
258856	3631211
258857	3631213
258858	3631219
258859	3631237
258860	3631249
258861	3631321
258862	3631339
258863	3631343
258864	3631349
258865	3631379
258866	3631423
258867	3631427
258868	3631457
258869	3631469
258870	3631487
258871	3631501
258872	3631517
258873	3631519
258874	3631541
258875	3631543
258876	3631561
258877	3631597
258878	3631609
258879	3631633
258880	3631637
258881	3631703
258882	3631729
258883	3631741
258884	3631751
258885	3631753
258886	3631759
258887	3631763
258888	3631781
258889	3631783
258890	3631787
258891	3631799
258892	3631801
258893	3631807
258894	3631811
258895	3631813
258896	3631841
258897	3631871
258898	3631877
258899	3631889
258900	3631919
258901	3631921
258902	3631937
258903	3631951
258904	3631963
258905	3631973
258906	3632009
258907	3632011
258908	3632023
258909	3632029
258910	3632051
258911	3632087
258912	3632141
258913	3632171
258914	3632191
258915	3632201
258916	3632243
258917	3632267
258918	3632269
258919	3632273
258920	3632297
258921	3632303
258922	3632309
258923	3632323
258924	3632333
258925	3632351
258926	3632353
258927	3632371
258928	3632381
258929	3632383
258930	3632389
258931	3632399
258932	3632411
258933	3632423
258934	3632429
258935	3632443
258936	3632449
258937	3632479
258938	3632491
258939	3632507
258940	3632513
258941	3632521
258942	3632537
258943	3632557
258944	3632579
258945	3632599
258946	3632609
258947	3632621
258948	3632633
258949	3632653
258950	3632663
258951	3632701
258952	3632719
258953	3632729
258954	3632737
258955	3632753
258956	3632767
258957	3632773
258958	3632777
258959	3632789
258960	3632803
258961	3632813
258962	3632821
258963	3632831
258964	3632833
258965	3632879
258966	3632903
258967	3632929
258968	3632939
258969	3632953
258970	3632957
258971	3632963
258972	3632987
258973	3632989
258974	3633001
258975	3633013
258976	3633017
258977	3633029
258978	3633037
258979	3633041
258980	3633059
258981	3633073
258982	3633083
258983	3633101
258984	3633109
258985	3633127
258986	3633139
258987	3633151
258988	3633167
258989	3633181
258990	3633187
258991	3633191
258992	3633193
258993	3633229
258994	3633233
258995	3633263
258996	3633269
258997	3633299
258998	3633317
258999	3633337
259000	3633347
