259001	3633349
259002	3633353
259003	3633361
259004	3633367
259005	3633373
259006	3633391
259007	3633401
259008	3633403
259009	3633431
259010	3633449
259011	3633499
259012	3633551
259013	3633559
259014	3633569
259015	3633571
259016	3633577
259017	3633583
259018	3633647
259019	3633653
259020	3633661
259021	3633673
259022	3633683
259023	3633689
259024	3633697
259025	3633703
259026	3633713
259027	3633719
259028	3633743
259029	3633779
259030	3633797
259031	3633803
259032	3633821
259033	3633853
259034	3633857
259035	3633859
259036	3633863
259037	3633893
259038	3633901
259039	3633907
259040	3633919
259041	3633923
259042	3633941
259043	3633983
259044	3633991
259045	3634009
259046	3634021
259047	3634027
259048	3634031
259049	3634061
259050	3634097
259051	3634123
259052	3634129
259053	3634171
259054	3634201
259055	3634219
259056	3634249
259057	3634261
259058	3634271
259059	3634289
259060	3634291
259061	3634297
259062	3634303
259063	3634307
259064	3634313
259065	3634343
259066	3634373
259067	3634417
259068	3634439
259069	3634457
259070	3634507
259071	3634511
259072	3634513
259073	3634531
259074	3634559
259075	3634571
259076	3634591
259077	3634601
259078	3634607
259079	3634619
259080	3634627
259081	3634637
259082	3634639
259083	3634663
259084	3634669
259085	3634679
259086	3634693
259087	3634699
259088	3634717
259089	3634723
259090	3634727
259091	3634777
259092	3634789
259093	3634801
259094	3634811
259095	3634859
259096	3634861
259097	3634877
259098	3634901
259099	3634907
259100	3634913
259101	3634927
259102	3634949
259103	3634963
259104	3634993
259105	3634999
259106	3635011
259107	3635057
259108	3635069
259109	3635077
259110	3635087
259111	3635113
259112	3635147
259113	3635171
259114	3635189
259115	3635197
259116	3635201
259117	3635207
259118	3635209
259119	3635221
259120	3635227
259121	3635239
259122	3635243
259123	3635257
259124	3635273
259125	3635299
259126	3635321
259127	3635363
259128	3635369
259129	3635371
259130	3635377
259131	3635393
259132	3635407
259133	3635431
259134	3635447
259135	3635453
259136	3635459
259137	3635551
259138	3635563
259139	3635579
259140	3635581
259141	3635617
259142	3635623
259143	3635647
259144	3635651
259145	3635689
259146	3635699
259147	3635717
259148	3635719
259149	3635729
259150	3635743
259151	3635761
259152	3635767
259153	3635789
259154	3635791
259155	3635803
259156	3635809
259157	3635831
259158	3635857
259159	3635861
259160	3635881
259161	3635923
259162	3635969
259163	3635971
259164	3635987
259165	3635999
259166	3636013
259167	3636019
259168	3636043
259169	3636053
259170	3636071
259171	3636077
259172	3636097
259173	3636103
259174	3636119
259175	3636169
259176	3636211
259177	3636221
259178	3636233
259179	3636247
259180	3636257
259181	3636263
259182	3636289
259183	3636301
259184	3636329
259185	3636341
259186	3636359
259187	3636361
259188	3636371
259189	3636389
259190	3636401
259191	3636403
259192	3636427
259193	3636439
259194	3636443
259195	3636463
259196	3636469
259197	3636481
259198	3636491
259199	3636499
259200	3636511
259201	3636527
259202	3636539
259203	3636541
259204	3636547
259205	3636551
259206	3636569
259207	3636593
259208	3636617
259209	3636631
259210	3636667
259211	3636683
259212	3636709
259213	3636757
259214	3636769
259215	3636779
259216	3636781
259217	3636791
259218	3636797
259219	3636799
259220	3636839
259221	3636877
259222	3636901
259223	3636911
259224	3636943
259225	3636947
259226	3636973
259227	3636991
259228	3637043
259229	3637057
259230	3637061
259231	3637087
259232	3637097
259233	3637103
259234	3637121
259235	3637129
259236	3637141
259237	3637157
259238	3637159
259239	3637169
259240	3637171
259241	3637177
259242	3637187
259243	3637217
259244	3637223
259245	3637273
259246	3637279
259247	3637297
259248	3637301
259249	3637331
259250	3637343
259251	3637367
259252	3637391
259253	3637393
259254	3637411
259255	3637453
259256	3637481
259257	3637523
259258	3637547
259259	3637573
259260	3637577
259261	3637589
259262	3637591
259263	3637603
259264	3637619
259265	3637637
259266	3637681
259267	3637691
259268	3637693
259269	3637709
259270	3637723
259271	3637771
259272	3637793
259273	3637801
259274	3637811
259275	3637831
259276	3637849
259277	3637859
259278	3637883
259279	3637891
259280	3637897
259281	3637901
259282	3637903
259283	3637913
259284	3637927
259285	3637937
259286	3637939
259287	3637957
259288	3637967
259289	3637981
259290	3638003
259291	3638009
259292	3638023
259293	3638027
259294	3638039
259295	3638057
259296	3638059
259297	3638077
259298	3638087
259299	3638113
259300	3638147
259301	3638149
259302	3638171
259303	3638183
259304	3638203
259305	3638207
259306	3638213
259307	3638227
259308	3638233
259309	3638237
259310	3638249
259311	3638251
259312	3638267
259313	3638279
259314	3638287
259315	3638293
259316	3638303
259317	3638333
259318	3638351
259319	3638407
259320	3638413
259321	3638417
259322	3638419
259323	3638473
259324	3638477
259325	3638489
259326	3638491
259327	3638497
259328	3638507
259329	3638513
259330	3638521
259331	3638549
259332	3638573
259333	3638639
259334	3638641
259335	3638651
259336	3638653
259337	3638699
259338	3638753
259339	3638759
259340	3638771
259341	3638773
259342	3638777
259343	3638809
259344	3638827
259345	3638851
259346	3638879
259347	3638903
259348	3638909
259349	3638917
259350	3638923
259351	3638941
259352	3638951
259353	3638953
259354	3638959
259355	3638993
259356	3639017
259357	3639019
259358	3639029
259359	3639043
259360	3639067
259361	3639079
259362	3639107
259363	3639109
259364	3639143
259365	3639151
259366	3639157
259367	3639161
259368	3639193
259369	3639197
259370	3639211
259371	3639217
259372	3639277
259373	3639281
259374	3639287
259375	3639289
259376	3639319
259377	3639323
259378	3639347
259379	3639379
259380	3639397
259381	3639403
259382	3639407
259383	3639409
259384	3639421
259385	3639473
259386	3639481
259387	3639487
259388	3639499
259389	3639509
259390	3639521
259391	3639523
259392	3639527
259393	3639541
259394	3639551
259395	3639569
259396	3639577
259397	3639593
259398	3639631
259399	3639637
259400	3639661
259401	3639667
259402	3639689
259403	3639719
259404	3639733
259405	3639739
259406	3639743
259407	3639763
259408	3639781
259409	3639817
259410	3639827
259411	3639829
259412	3639841
259413	3639847
259414	3639851
259415	3639869
259416	3639913
259417	3639919
259418	3639929
259419	3639941
259420	3639959
259421	3639967
259422	3639971
259423	3639973
259424	3639983
259425	3639991
259426	3639997
259427	3640019
259428	3640027
259429	3640031
259430	3640037
259431	3640061
259432	3640073
259433	3640081
259434	3640121
259435	3640151
259436	3640163
259437	3640181
259438	3640207
259439	3640223
259440	3640243
259441	3640249
259442	3640289
259443	3640309
259444	3640327
259445	3640331
259446	3640333
259447	3640369
259448	3640379
259449	3640391
259450	3640409
259451	3640447
259452	3640451
259453	3640471
259454	3640487
259455	3640493
259456	3640519
259457	3640523
259458	3640537
259459	3640543
259460	3640561
259461	3640577
259462	3640589
259463	3640591
259464	3640597
259465	3640633
259466	3640643
259467	3640649
259468	3640661
259469	3640697
259470	3640711
259471	3640717
259472	3640753
259473	3640781
259474	3640789
259475	3640801
259476	3640807
259477	3640817
259478	3640823
259479	3640829
259480	3640843
259481	3640849
259482	3640859
259483	3640867
259484	3640891
259485	3640909
259486	3640933
259487	3640937
259488	3640991
259489	3640993
259490	3640999
259491	3641041
259492	3641051
259493	3641069
259494	3641081
259495	3641083
259496	3641119
259497	3641123
259498	3641147
259499	3641149
259500	3641159
259501	3641171
259502	3641191
259503	3641201
259504	3641219
259505	3641221
259506	3641233
259507	3641237
259508	3641243
259509	3641263
259510	3641311
259511	3641357
259512	3641371
259513	3641381
259514	3641387
259515	3641389
259516	3641399
259517	3641401
259518	3641423
259519	3641431
259520	3641437
259521	3641441
259522	3641461
259523	3641467
259524	3641489
259525	3641507
259526	3641509
259527	3641537
259528	3641549
259529	3641551
259530	3641563
259531	3641569
259532	3641591
259533	3641593
259534	3641609
259535	3641611
259536	3641623
259537	3641629
259538	3641633
259539	3641641
259540	3641647
259541	3641653
259542	3641707
259543	3641731
259544	3641753
259545	3641767
259546	3641773
259547	3641777
259548	3641783
259549	3641801
259550	3641809
259551	3641819
259552	3641831
259553	3641851
259554	3641857
259555	3641861
259556	3641867
259557	3641881
259558	3641887
259559	3641917
259560	3641923
259561	3641933
259562	3641951
259563	3641987
259564	3641999
259565	3642019
259566	3642031
259567	3642049
259568	3642061
259569	3642101
259570	3642157
259571	3642203
259572	3642209
259573	3642227
259574	3642239
259575	3642241
259576	3642251
259577	3642269
259578	3642299
259579	3642307
259580	3642323
259581	3642337
259582	3642341
259583	3642343
259584	3642347
259585	3642377
259586	3642427
259587	3642449
259588	3642451
259589	3642467
259590	3642479
259591	3642491
259592	3642497
259593	3642559
259594	3642571
259595	3642577
259596	3642581
259597	3642619
259598	3642629
259599	3642631
259600	3642643
259601	3642649
259602	3642673
259603	3642677
259604	3642679
259605	3642697
259606	3642701
259607	3642707
259608	3642721
259609	3642731
259610	3642733
259611	3642739
259612	3642791
259613	3642817
259614	3642823
259615	3642833
259616	3642839
259617	3642883
259618	3642911
259619	3642931
259620	3642941
259621	3642959
259622	3642971
259623	3643001
259624	3643033
259625	3643043
259626	3643063
259627	3643099
259628	3643127
259629	3643139
259630	3643141
259631	3643147
259632	3643181
259633	3643201
259634	3643217
259635	3643267
259636	3643271
259637	3643291
259638	3643303
259639	3643331
259640	3643351
259641	3643363
259642	3643369
259643	3643403
259644	3643411
259645	3643429
259646	3643447
259647	3643463
259648	3643477
259649	3643481
259650	3643483
259651	3643511
259652	3643513
259653	3643517
259654	3643529
259655	3643537
259656	3643561
259657	3643579
259658	3643603
259659	3643609
259660	3643613
259661	3643621
259662	3643631
259663	3643639
259664	3643657
259665	3643669
259666	3643681
259667	3643699
259668	3643721
259669	3643733
259670	3643747
259671	3643751
259672	3643799
259673	3643807
259674	3643811
259675	3643819
259676	3643841
259677	3643853
259678	3643859
259679	3643873
259680	3643883
259681	3643891
259682	3643897
259683	3643901
259684	3643919
259685	3643921
259686	3643951
259687	3643961
259688	3643963
259689	3643973
259690	3644021
259691	3644023
259692	3644057
259693	3644059
259694	3644071
259695	3644117
259696	3644129
259697	3644149
259698	3644153
259699	3644159
259700	3644183
259701	3644213
259702	3644231
259703	3644237
259704	3644279
259705	3644297
259706	3644309
259707	3644317
259708	3644321
259709	3644339
259710	3644351
259711	3644357
259712	3644411
259713	3644423
259714	3644437
259715	3644479
259716	3644483
259717	3644497
259718	3644503
259719	3644513
259720	3644569
259721	3644573
259722	3644587
259723	3644593
259724	3644617
259725	3644621
259726	3644629
259727	3644653
259728	3644657
259729	3644659
259730	3644699
259731	3644731
259732	3644743
259733	3644747
259734	3644761
259735	3644791
259736	3644801
259737	3644831
259738	3644873
259739	3644899
259740	3644947
259741	3644951
259742	3644957
259743	3644959
259744	3644983
259745	3644999
259746	3645007
259747	3645013
259748	3645049
259749	3645053
259750	3645071
259751	3645077
259752	3645101
259753	3645107
259754	3645119
259755	3645121
259756	3645133
259757	3645137
259758	3645143
259759	3645149
259760	3645151
259761	3645193
259762	3645227
259763	3645251
259764	3645253
259765	3645263
259766	3645289
259767	3645307
259768	3645347
259769	3645349
259770	3645371
259771	3645373
259772	3645377
259773	3645391
259774	3645407
259775	3645409
259776	3645419
259777	3645449
259778	3645469
259779	3645527
259780	3645533
259781	3645539
259782	3645557
259783	3645559
259784	3645563
259785	3645571
259786	3645581
259787	3645589
259788	3645611
259789	3645623
259790	3645643
259791	3645659
259792	3645683
259793	3645703
259794	3645709
259795	3645713
259796	3645727
259797	3645731
259798	3645737
259799	3645749
259800	3645767
259801	3645773
259802	3645781
259803	3645791
259804	3645809
259805	3645823
259806	3645877
259807	3645893
259808	3645899
259809	3645913
259810	3645949
259811	3645953
259812	3645959
259813	3645977
259814	3645979
259815	3645997
259816	3646001
259817	3646009
259818	3646021
259819	3646033
259820	3646037
259821	3646039
259822	3646057
259823	3646067
259824	3646079
259825	3646103
259826	3646117
259827	3646129
259828	3646183
259829	3646187
259830	3646219
259831	3646229
259832	3646231
259833	3646261
259834	3646289
259835	3646319
259836	3646337
259837	3646339
259838	3646343
259839	3646361
259840	3646369
259841	3646393
259842	3646399
259843	3646411
259844	3646421
259845	3646427
259846	3646441
259847	3646463
259848	3646471
259849	3646481
259850	3646493
259851	3646507
259852	3646523
259853	3646541
259854	3646553
259855	3646567
259856	3646583
259857	3646603
259858	3646633
259859	3646637
259860	3646661
259861	3646681
259862	3646693
259863	3646711
259864	3646717
259865	3646723
259866	3646729
259867	3646739
259868	3646751
259869	3646759
259870	3646781
259871	3646793
259872	3646817
259873	3646829
259874	3646859
259875	3646883
259876	3646889
259877	3646913
259878	3646919
259879	3646927
259880	3646931
259881	3646957
259882	3646961
259883	3646963
259884	3646997
259885	3647003
259886	3647023
259887	3647029
259888	3647071
259889	3647093
259890	3647101
259891	3647167
259892	3647173
259893	3647177
259894	3647207
259895	3647233
259896	3647257
259897	3647261
259898	3647263
259899	3647291
259900	3647327
259901	3647339
259902	3647353
259903	3647377
259904	3647381
259905	3647383
259906	3647393
259907	3647419
259908	3647431
259909	3647459
259910	3647461
259911	3647477
259912	3647489
259913	3647531
259914	3647551
259915	3647573
259916	3647597
259917	3647599
259918	3647627
259919	3647629
259920	3647641
259921	3647671
259922	3647687
259923	3647689
259924	3647701
259925	3647711
259926	3647713
259927	3647723
259928	3647747
259929	3647759
259930	3647773
259931	3647779
259932	3647797
259933	3647803
259934	3647807
259935	3647827
259936	3647851
259937	3647873
259938	3647921
259939	3647927
259940	3647947
259941	3647953
259942	3647971
259943	3647989
259944	3648031
259945	3648037
259946	3648041
259947	3648067
259948	3648079
259949	3648101
259950	3648107
259951	3648131
259952	3648137
259953	3648167
259954	3648179
259955	3648241
259956	3648263
259957	3648269
259958	3648277
259959	3648289
259960	3648301
259961	3648317
259962	3648343
259963	3648391
259964	3648409
259965	3648413
259966	3648419
259967	3648427
259968	3648439
259969	3648451
259970	3648479
259971	3648487
259972	3648493
259973	3648511
259974	3648521
259975	3648527
259976	3648539
259977	3648553
259978	3648581
259979	3648587
259980	3648643
259981	3648647
259982	3648649
259983	3648653
259984	3648661
259985	3648683
259986	3648691
259987	3648707
259988	3648739
259989	3648767
259990	3648769
259991	3648781
259992	3648797
259993	3648833
259994	3648847
259995	3648857
259996	3648859
259997	3648899
259998	3648913
259999	3648919
260000	3648923
