261001	3664361
261002	3664393
261003	3664399
261004	3664421
261005	3664439
261006	3664447
261007	3664483
261008	3664487
261009	3664499
261010	3664519
261011	3664547
261012	3664561
261013	3664631
261014	3664649
261015	3664651
261016	3664657
261017	3664679
261018	3664681
261019	3664691
261020	3664693
261021	3664709
261022	3664711
261023	3664721
261024	3664723
261025	3664747
261026	3664763
261027	3664781
261028	3664783
261029	3664799
261030	3664811
261031	3664823
261032	3664831
261033	3664841
261034	3664861
261035	3664873
261036	3664879
261037	3664883
261038	3664901
261039	3664937
261040	3664943
261041	3664957
261042	3664963
261043	3665017
261044	3665023
261045	3665029
261046	3665033
261047	3665041
261048	3665087
261049	3665089
261050	3665117
261051	3665131
261052	3665141
261053	3665147
261054	3665153
261055	3665159
261056	3665171
261057	3665177
261058	3665203
261059	3665227
261060	3665237
261061	3665239
261062	3665261
261063	3665267
261064	3665279
261065	3665293
261066	3665297
261067	3665317
261068	3665327
261069	3665329
261070	3665357
261071	3665371
261072	3665377
261073	3665393
261074	3665399
261075	3665401
261076	3665407
261077	3665413
261078	3665419
261079	3665437
261080	3665443
261081	3665477
261082	3665491
261083	3665507
261084	3665509
261085	3665527
261086	3665539
261087	3665573
261088	3665581
261089	3665587
261090	3665609
261091	3665633
261092	3665653
261093	3665677
261094	3665731
261095	3665747
261096	3665759
261097	3665777
261098	3665791
261099	3665797
261100	3665807
261101	3665813
261102	3665819
261103	3665839
261104	3665869
261105	3665881
261106	3665899
261107	3665903
261108	3665911
261109	3665939
261110	3665941
261111	3665989
261112	3666001
261113	3666007
261114	3666011
261115	3666023
261116	3666037
261117	3666041
261118	3666049
261119	3666073
261120	3666077
261121	3666119
261122	3666121
261123	3666127
261124	3666139
261125	3666149
261126	3666163
261127	3666167
261128	3666197
261129	3666233
261130	3666241
261131	3666251
261132	3666253
261133	3666263
261134	3666281
261135	3666301
261136	3666317
261137	3666323
261138	3666331
261139	3666347
261140	3666371
261141	3666409
261142	3666413
261143	3666419
261144	3666427
261145	3666461
261146	3666473
261147	3666493
261148	3666521
261149	3666529
261150	3666539
261151	3666581
261152	3666583
261153	3666599
261154	3666613
261155	3666629
261156	3666647
261157	3666659
261158	3666661
261159	3666703
261160	3666727
261161	3666743
261162	3666757
261163	3666787
261164	3666797
261165	3666809
261166	3666823
261167	3666827
261168	3666833
261169	3666841
261170	3666853
261171	3666877
261172	3666881
261173	3666907
261174	3666919
261175	3666947
261176	3666961
261177	3666979
261178	3666991
261179	3667003
261180	3667031
261181	3667043
261182	3667061
261183	3667063
261184	3667073
261185	3667091
261186	3667093
261187	3667117
261188	3667127
261189	3667129
261190	3667141
261191	3667159
261192	3667201
261193	3667219
261194	3667231
261195	3667243
261196	3667249
261197	3667273
261198	3667289
261199	3667303
261200	3667333
261201	3667343
261202	3667357
261203	3667387
261204	3667429
261205	3667453
261206	3667471
261207	3667483
261208	3667501
261209	3667537
261210	3667541
261211	3667553
261212	3667561
261213	3667567
261214	3667577
261215	3667591
261216	3667621
261217	3667637
261218	3667669
261219	3667673
261220	3667679
261221	3667721
261222	3667723
261223	3667751
261224	3667753
261225	3667823
261226	3667837
261227	3667841
261228	3667849
261229	3667871
261230	3667897
261231	3667907
261232	3667913
261233	3667919
261234	3667967
261235	3667973
261236	3667981
261237	3667987
261238	3667997
261239	3667999
261240	3668009
261241	3668033
261242	3668051
261243	3668057
261244	3668059
261245	3668081
261246	3668087
261247	3668099
261248	3668117
261249	3668129
261250	3668179
261251	3668213
261252	3668221
261253	3668227
261254	3668233
261255	3668251
261256	3668257
261257	3668263
261258	3668279
261259	3668299
261260	3668359
261261	3668369
261262	3668377
261263	3668381
261264	3668383
261265	3668389
261266	3668407
261267	3668419
261268	3668461
261269	3668503
261270	3668507
261271	3668531
261272	3668543
261273	3668563
261274	3668579
261275	3668593
261276	3668603
261277	3668611
261278	3668629
261279	3668647
261280	3668671
261281	3668699
261282	3668701
261283	3668741
261284	3668747
261285	3668759
261286	3668801
261287	3668807
261288	3668837
261289	3668851
261290	3668857
261291	3668869
261292	3668879
261293	3668887
261294	3668893
261295	3668897
261296	3668909
261297	3668911
261298	3668921
261299	3668927
261300	3668939
261301	3668941
261302	3668953
261303	3668969
261304	3668971
261305	3668981
261306	3668989
261307	3668999
261308	3669007
261309	3669011
261310	3669013
261311	3669023
261312	3669047
261313	3669073
261314	3669077
261315	3669091
261316	3669097
261317	3669101
261318	3669119
261319	3669163
261320	3669173
261321	3669187
261322	3669217
261323	3669221
261324	3669227
261325	3669241
261326	3669251
261327	3669257
261328	3669277
261329	3669287
261330	3669307
261331	3669311
261332	3669343
261333	3669353
261334	3669359
261335	3669371
261336	3669373
261337	3669383
261338	3669427
261339	3669469
261340	3669473
261341	3669487
261342	3669499
261343	3669511
261344	3669521
261345	3669529
261346	3669553
261347	3669557
261348	3669583
261349	3669587
261350	3669599
261351	3669613
261352	3669643
261353	3669647
261354	3669649
261355	3669691
261356	3669709
261357	3669727
261358	3669751
261359	3669761
261360	3669763
261361	3669767
261362	3669769
261363	3669803
261364	3669829
261365	3669833
261366	3669839
261367	3669847
261368	3669851
261369	3669881
261370	3669889
261371	3669893
261372	3669899
261373	3669931
261374	3669937
261375	3669959
261376	3669961
261377	3670001
261378	3670013
261379	3670027
261380	3670039
261381	3670049
261382	3670063
261383	3670081
261384	3670109
261385	3670123
261386	3670151
261387	3670169
261388	3670171
261389	3670231
261390	3670237
261391	3670243
261392	3670253
261393	3670259
261394	3670291
261395	3670301
261396	3670319
261397	3670321
261398	3670333
261399	3670349
261400	3670393
261401	3670397
261402	3670417
261403	3670423
261404	3670463
261405	3670481
261406	3670483
261407	3670517
261408	3670549
261409	3670561
261410	3670571
261411	3670603
261412	3670633
261413	3670637
261414	3670649
261415	3670651
261416	3670661
261417	3670669
261418	3670673
261419	3670687
261420	3670697
261421	3670717
261422	3670721
261423	3670739
261424	3670757
261425	3670763
261426	3670769
261427	3670783
261428	3670789
261429	3670813
261430	3670837
261431	3670871
261432	3670873
261433	3670879
261434	3670883
261435	3670903
261436	3670949
261437	3670957
261438	3670967
261439	3670969
261440	3670973
261441	3670981
261442	3670987
261443	3670991
261444	3670999
261445	3671021
261446	3671027
261447	3671069
261448	3671071
261449	3671077
261450	3671089
261451	3671117
261452	3671119
261453	3671147
261454	3671149
261455	3671179
261456	3671183
261457	3671203
261458	3671219
261459	3671221
261460	3671231
261461	3671267
261462	3671273
261463	3671281
261464	3671309
261465	3671321
261466	3671333
261467	3671341
261468	3671347
261469	3671401
261470	3671411
261471	3671419
261472	3671431
261473	3671441
261474	3671449
261475	3671453
261476	3671461
261477	3671471
261478	3671477
261479	3671497
261480	3671501
261481	3671527
261482	3671531
261483	3671543
261484	3671561
261485	3671567
261486	3671573
261487	3671587
261488	3671599
261489	3671627
261490	3671663
261491	3671669
261492	3671761
261493	3671797
261494	3671831
261495	3671839
261496	3671849
261497	3671851
261498	3671861
261499	3671869
261500	3671891
261501	3671897
261502	3671903
261503	3671923
261504	3671929
261505	3671939
261506	3671971
261507	3671989
261508	3672007
261509	3672013
261510	3672023
261511	3672029
261512	3672037
261513	3672041
261514	3672047
261515	3672059
261516	3672089
261517	3672107
261518	3672113
261519	3672127
261520	3672143
261521	3672181
261522	3672197
261523	3672199
261524	3672209
261525	3672217
261526	3672223
261527	3672233
261528	3672257
261529	3672281
261530	3672283
261531	3672293
261532	3672307
261533	3672311
261534	3672343
261535	3672349
261536	3672359
261537	3672367
261538	3672373
261539	3672379
261540	3672413
261541	3672419
261542	3672421
261543	3672437
261544	3672451
261545	3672457
261546	3672463
261547	3672499
261548	3672511
261549	3672521
261550	3672541
261551	3672547
261552	3672563
261553	3672577
261554	3672593
261555	3672611
261556	3672619
261557	3672623
261558	3672659
261559	3672661
261560	3672677
261561	3672689
261562	3672727
261563	3672733
261564	3672737
261565	3672751
261566	3672761
261567	3672769
261568	3672791
261569	3672793
261570	3672803
261571	3672811
261572	3672827
261573	3672829
261574	3672853
261575	3672857
261576	3672881
261577	3672887
261578	3672899
261579	3672917
261580	3672919
261581	3672923
261582	3672959
261583	3672961
261584	3672971
261585	3672997
261586	3673009
261587	3673013
261588	3673039
261589	3673069
261590	3673073
261591	3673091
261592	3673093
261593	3673127
261594	3673133
261595	3673147
261596	3673151
261597	3673181
261598	3673183
261599	3673193
261600	3673199
261601	3673211
261602	3673217
261603	3673223
261604	3673253
261605	3673273
261606	3673277
261607	3673279
261608	3673337
261609	3673349
261610	3673357
261611	3673367
261612	3673387
261613	3673393
261614	3673429
261615	3673457
261616	3673463
261617	3673489
261618	3673493
261619	3673507
261620	3673519
261621	3673529
261622	3673577
261623	3673591
261624	3673597
261625	3673601
261626	3673609
261627	3673613
261628	3673639
261629	3673651
261630	3673687
261631	3673697
261632	3673699
261633	3673727
261634	3673741
261635	3673763
261636	3673771
261637	3673777
261638	3673781
261639	3673793
261640	3673837
261641	3673861
261642	3673867
261643	3673919
261644	3673937
261645	3673939
261646	3673949
261647	3673961
261648	3673979
261649	3673987
261650	3673993
261651	3674003
261652	3674029
261653	3674071
261654	3674081
261655	3674101
261656	3674129
261657	3674149
261658	3674173
261659	3674197
261660	3674207
261661	3674219
261662	3674233
261663	3674249
261664	3674269
261665	3674287
261666	3674291
261667	3674299
261668	3674303
261669	3674317
261670	3674323
261671	3674339
261672	3674351
261673	3674357
261674	3674417
261675	3674441
261676	3674443
261677	3674453
261678	3674459
261679	3674521
261680	3674537
261681	3674557
261682	3674591
261683	3674597
261684	3674599
261685	3674603
261686	3674609
261687	3674617
261688	3674623
261689	3674639
261690	3674653
261691	3674663
261692	3674689
261693	3674711
261694	3674719
261695	3674753
261696	3674761
261697	3674767
261698	3674773
261699	3674777
261700	3674813
261701	3674819
261702	3674837
261703	3674849
261704	3674857
261705	3674863
261706	3674897
261707	3674911
261708	3674921
261709	3674927
261710	3674929
261711	3674947
261712	3674969
261713	3674971
261714	3674989
261715	3675011
261716	3675041
261717	3675053
261718	3675059
261719	3675079
261720	3675107
261721	3675131
261722	3675149
261723	3675181
261724	3675187
261725	3675197
261726	3675211
261727	3675229
261728	3675241
261729	3675271
261730	3675277
261731	3675283
261732	3675313
261733	3675337
261734	3675359
261735	3675361
261736	3675401
261737	3675403
261738	3675439
261739	3675443
261740	3675449
261741	3675461
261742	3675473
261743	3675479
261744	3675481
261745	3675499
261746	3675509
261747	3675563
261748	3675583
261749	3675593
261750	3675601
261751	3675613
261752	3675629
261753	3675631
261754	3675647
261755	3675649
261756	3675667
261757	3675671
261758	3675697
261759	3675703
261760	3675713
261761	3675719
261762	3675733
261763	3675739
261764	3675743
261765	3675767
261766	3675781
261767	3675803
261768	3675809
261769	3675817
261770	3675829
261771	3675853
261772	3675857
261773	3675869
261774	3675899
261775	3675901
261776	3675907
261777	3675923
261778	3675943
261779	3675977
261780	3675983
261781	3675989
261782	3676033
261783	3676037
261784	3676039
261785	3676051
261786	3676087
261787	3676091
261788	3676093
261789	3676103
261790	3676109
261791	3676111
261792	3676129
261793	3676147
261794	3676151
261795	3676157
261796	3676163
261797	3676181
261798	3676187
261799	3676193
261800	3676201
261801	3676213
261802	3676219
261803	3676237
261804	3676273
261805	3676279
261806	3676289
261807	3676303
261808	3676307
261809	3676313
261810	3676327
261811	3676339
261812	3676373
261813	3676399
261814	3676433
261815	3676441
261816	3676459
261817	3676489
261818	3676493
261819	3676513
261820	3676529
261821	3676549
261822	3676553
261823	3676567
261824	3676571
261825	3676577
261826	3676583
261827	3676597
261828	3676609
261829	3676637
261830	3676639
261831	3676643
261832	3676667
261833	3676721
261834	3676723
261835	3676733
261836	3676741
261837	3676753
261838	3676781
261839	3676789
261840	3676793
261841	3676819
261842	3676831
261843	3676847
261844	3676853
261845	3676859
261846	3676867
261847	3676889
261848	3676891
261849	3676903
261850	3676909
261851	3676927
261852	3676931
261853	3676957
261854	3676963
261855	3676993
261856	3676999
261857	3677017
261858	3677029
261859	3677041
261860	3677071
261861	3677077
261862	3677081
261863	3677101
261864	3677111
261865	3677119
261866	3677123
261867	3677129
261868	3677137
261869	3677147
261870	3677207
261871	3677209
261872	3677227
261873	3677239
261874	3677257
261875	3677273
261876	3677281
261877	3677291
261878	3677329
261879	3677339
261880	3677341
261881	3677347
261882	3677353
261883	3677357
261884	3677363
261885	3677369
261886	3677381
261887	3677383
261888	3677441
261889	3677459
261890	3677473
261891	3677477
261892	3677533
261893	3677537
261894	3677549
261895	3677567
261896	3677573
261897	3677579
261898	3677581
261899	3677591
261900	3677599
261901	3677633
261902	3677657
261903	3677671
261904	3677683
261905	3677699
261906	3677701
261907	3677717
261908	3677731
261909	3677743
261910	3677753
261911	3677771
261912	3677783
261913	3677789
261914	3677803
261915	3677819
261916	3677827
261917	3677851
261918	3677857
261919	3677881
261920	3677897
261921	3677909
261922	3677917
261923	3677923
261924	3677929
261925	3677951
261926	3677957
261927	3677977
261928	3677981
261929	3678007
261930	3678011
261931	3678023
261932	3678043
261933	3678053
261934	3678061
261935	3678067
261936	3678071
261937	3678083
261938	3678089
261939	3678097
261940	3678107
261941	3678109
261942	3678113
261943	3678121
261944	3678131
261945	3678149
261946	3678163
261947	3678179
261948	3678211
261949	3678217
261950	3678221
261951	3678223
261952	3678247
261953	3678287
261954	3678289
261955	3678293
261956	3678299
261957	3678317
261958	3678347
261959	3678377
261960	3678391
261961	3678407
261962	3678431
261963	3678461
261964	3678481
261965	3678497
261966	3678517
261967	3678527
261968	3678529
261969	3678539
261970	3678541
261971	3678557
261972	3678583
261973	3678589
261974	3678599
261975	3678601
261976	3678617
261977	3678659
261978	3678671
261979	3678683
261980	3678713
261981	3678743
261982	3678751
261983	3678791
261984	3678797
261985	3678803
261986	3678811
261987	3678821
261988	3678823
261989	3678833
261990	3678839
261991	3678841
261992	3678847
261993	3678869
261994	3678877
261995	3678881
261996	3678887
261997	3678893
261998	3678923
261999	3678929
262000	3678931
