264001	3709081
264002	3709091
264003	3709103
264004	3709109
264005	3709117
264006	3709157
264007	3709163
264008	3709249
264009	3709259
264010	3709291
264011	3709301
264012	3709319
264013	3709327
264014	3709331
264015	3709333
264016	3709337
264017	3709357
264018	3709397
264019	3709403
264020	3709421
264021	3709423
264022	3709441
264023	3709457
264024	3709487
264025	3709499
264026	3709501
264027	3709513
264028	3709561
264029	3709577
264030	3709631
264031	3709633
264032	3709661
264033	3709681
264034	3709687
264035	3709691
264036	3709703
264037	3709711
264038	3709733
264039	3709747
264040	3709759
264041	3709781
264042	3709813
264043	3709817
264044	3709819
264045	3709829
264046	3709843
264047	3709873
264048	3709907
264049	3709913
264050	3709939
264051	3709943
264052	3709949
264053	3710009
264054	3710089
264055	3710123
264056	3710137
264057	3710167
264058	3710171
264059	3710209
264060	3710243
264061	3710257
264062	3710279
264063	3710281
264064	3710293
264065	3710299
264066	3710303
264067	3710387
264068	3710407
264069	3710411
264070	3710417
264071	3710419
264072	3710431
264073	3710461
264074	3710467
264075	3710501
264076	3710507
264077	3710543
264078	3710549
264079	3710561
264080	3710593
264081	3710611
264082	3710617
264083	3710621
264084	3710627
264085	3710647
264086	3710657
264087	3710683
264088	3710699
264089	3710701
264090	3710711
264091	3710713
264092	3710723
264093	3710741
264094	3710761
264095	3710783
264096	3710801
264097	3710821
264098	3710827
264099	3710831
264100	3710851
264101	3710873
264102	3710881
264103	3710891
264104	3710893
264105	3710921
264106	3710963
264107	3711017
264108	3711047
264109	3711053
264110	3711077
264111	3711091
264112	3711107
264113	3711109
264114	3711121
264115	3711131
264116	3711139
264117	3711157
264118	3711199
264119	3711203
264120	3711209
264121	3711221
264122	3711229
264123	3711233
264124	3711263
264125	3711269
264126	3711271
264127	3711299
264128	3711307
264129	3711311
264130	3711313
264131	3711319
264132	3711329
264133	3711343
264134	3711353
264135	3711371
264136	3711377
264137	3711401
264138	3711419
264139	3711451
264140	3711473
264141	3711481
264142	3711493
264143	3711497
264144	3711527
264145	3711529
264146	3711541
264147	3711557
264148	3711563
264149	3711577
264150	3711611
264151	3711613
264152	3711647
264153	3711679
264154	3711683
264155	3711691
264156	3711709
264157	3711713
264158	3711727
264159	3711737
264160	3711751
264161	3711761
264162	3711769
264163	3711779
264164	3711781
264165	3711787
264166	3711793
264167	3711817
264168	3711833
264169	3711857
264170	3711863
264171	3711881
264172	3711893
264173	3711907
264174	3711941
264175	3711943
264176	3711959
264177	3711989
264178	3712019
264179	3712021
264180	3712043
264181	3712063
264182	3712073
264183	3712081
264184	3712091
264185	3712097
264186	3712117
264187	3712127
264188	3712139
264189	3712141
264190	3712169
264191	3712187
264192	3712199
264193	3712207
264194	3712231
264195	3712249
264196	3712253
264197	3712259
264198	3712271
264199	3712283
264200	3712297
264201	3712301
264202	3712309
264203	3712327
264204	3712333
264205	3712349
264206	3712363
264207	3712369
264208	3712381
264209	3712393
264210	3712417
264211	3712421
264212	3712441
264213	3712459
264214	3712463
264215	3712487
264216	3712517
264217	3712523
264218	3712531
264219	3712547
264220	3712549
264221	3712559
264222	3712567
264223	3712571
264224	3712573
264225	3712589
264226	3712601
264227	3712627
264228	3712669
264229	3712679
264230	3712697
264231	3712699
264232	3712711
264233	3712717
264234	3712721
264235	3712739
264236	3712747
264237	3712757
264238	3712769
264239	3712801
264240	3712823
264241	3712831
264242	3712843
264243	3712871
264244	3712873
264245	3712889
264246	3712897
264247	3712909
264248	3712927
264249	3712949
264250	3712979
264251	3712981
264252	3713027
264253	3713041
264254	3713053
264255	3713057
264256	3713069
264257	3713071
264258	3713077
264259	3713081
264260	3713147
264261	3713153
264262	3713159
264263	3713161
264264	3713219
264265	3713239
264266	3713251
264267	3713261
264268	3713263
264269	3713267
264270	3713279
264271	3713287
264272	3713299
264273	3713309
264274	3713317
264275	3713323
264276	3713387
264277	3713399
264278	3713407
264279	3713441
264280	3713443
264281	3713447
264282	3713449
264283	3713453
264284	3713461
264285	3713473
264286	3713477
264287	3713483
264288	3713491
264289	3713533
264290	3713561
264291	3713573
264292	3713581
264293	3713587
264294	3713617
264295	3713621
264296	3713623
264297	3713627
264298	3713639
264299	3713681
264300	3713737
264301	3713747
264302	3713753
264303	3713767
264304	3713771
264305	3713789
264306	3713807
264307	3713849
264308	3713851
264309	3713887
264310	3713891
264311	3713909
264312	3713917
264313	3713921
264314	3713923
264315	3713929
264316	3713993
264317	3713999
264318	3714013
264319	3714019
264320	3714031
264321	3714037
264322	3714043
264323	3714049
264324	3714089
264325	3714091
264326	3714103
264327	3714121
264328	3714131
264329	3714133
264330	3714157
264331	3714163
264332	3714181
264333	3714239
264334	3714241
264335	3714259
264336	3714307
264337	3714311
264338	3714323
264339	3714331
264340	3714341
264341	3714391
264342	3714397
264343	3714409
264344	3714419
264345	3714433
264346	3714437
264347	3714439
264348	3714461
264349	3714479
264350	3714493
264351	3714521
264352	3714527
264353	3714553
264354	3714563
264355	3714587
264356	3714589
264357	3714617
264358	3714629
264359	3714631
264360	3714643
264361	3714647
264362	3714673
264363	3714691
264364	3714701
264365	3714703
264366	3714713
264367	3714731
264368	3714743
264369	3714769
264370	3714773
264371	3714779
264372	3714797
264373	3714803
264374	3714811
264375	3714827
264376	3714859
264377	3714863
264378	3714883
264379	3714889
264380	3714913
264381	3714943
264382	3714967
264383	3714973
264384	3714979
264385	3714989
264386	3715031
264387	3715037
264388	3715069
264389	3715079
264390	3715087
264391	3715093
264392	3715109
264393	3715111
264394	3715169
264395	3715183
264396	3715193
264397	3715211
264398	3715253
264399	3715307
264400	3715343
264401	3715363
264402	3715373
264403	3715399
264404	3715409
264405	3715417
264406	3715421
264407	3715423
264408	3715433
264409	3715457
264410	3715471
264411	3715477
264412	3715493
264413	3715511
264414	3715513
264415	3715541
264416	3715559
264417	3715561
264418	3715589
264419	3715601
264420	3715631
264421	3715637
264422	3715667
264423	3715669
264424	3715687
264425	3715703
264426	3715709
264427	3715717
264428	3715727
264429	3715729
264430	3715739
264431	3715757
264432	3715781
264433	3715783
264434	3715787
264435	3715793
264436	3715807
264437	3715813
264438	3715823
264439	3715837
264440	3715841
264441	3715847
264442	3715853
264443	3715889
264444	3715909
264445	3715913
264446	3715951
264447	3715967
264448	3715981
264449	3715991
264450	3716029
264451	3716057
264452	3716071
264453	3716107
264454	3716123
264455	3716131
264456	3716143
264457	3716161
264458	3716171
264459	3716173
264460	3716177
264461	3716197
264462	3716221
264463	3716227
264464	3716257
264465	3716269
264466	3716291
264467	3716299
264468	3716309
264469	3716333
264470	3716341
264471	3716359
264472	3716369
264473	3716371
264474	3716393
264475	3716429
264476	3716459
264477	3716467
264478	3716483
264479	3716543
264480	3716567
264481	3716569
264482	3716597
264483	3716599
264484	3716617
264485	3716623
264486	3716627
264487	3716633
264488	3716641
264489	3716653
264490	3716663
264491	3716677
264492	3716681
264493	3716701
264494	3716707
264495	3716719
264496	3716747
264497	3716753
264498	3716759
264499	3716771
264500	3716819
264501	3716821
264502	3716827
264503	3716831
264504	3716833
264505	3716857
264506	3716879
264507	3716887
264508	3716903
264509	3716917
264510	3716969
264511	3716971
264512	3716981
264513	3717011
264514	3717023
264515	3717031
264516	3717041
264517	3717047
264518	3717061
264519	3717071
264520	3717083
264521	3717107
264522	3717113
264523	3717127
264524	3717139
264525	3717149
264526	3717173
264527	3717209
264528	3717223
264529	3717239
264530	3717247
264531	3717257
264532	3717269
264533	3717281
264534	3717299
264535	3717313
264536	3717317
264537	3717319
264538	3717323
264539	3717341
264540	3717359
264541	3717377
264542	3717391
264543	3717397
264544	3717409
264545	3717431
264546	3717437
264547	3717449
264548	3717451
264549	3717457
264550	3717499
264551	3717533
264552	3717547
264553	3717557
264554	3717563
264555	3717583
264556	3717589
264557	3717599
264558	3717601
264559	3717607
264560	3717641
264561	3717647
264562	3717667
264563	3717683
264564	3717689
264565	3717731
264566	3717739
264567	3717751
264568	3717761
264569	3717803
264570	3717809
264571	3717811
264572	3717821
264573	3717853
264574	3717859
264575	3717869
264576	3717893
264577	3717899
264578	3717919
264579	3717937
264580	3717941
264581	3717947
264582	3717953
264583	3717971
264584	3717979
264585	3718021
264586	3718027
264587	3718037
264588	3718051
264589	3718067
264590	3718069
264591	3718097
264592	3718103
264593	3718139
264594	3718147
264595	3718159
264596	3718181
264597	3718207
264598	3718229
264599	3718259
264600	3718277
264601	3718279
264602	3718303
264603	3718307
264604	3718327
264605	3718349
264606	3718361
264607	3718373
264608	3718381
264609	3718397
264610	3718411
264611	3718417
264612	3718423
264613	3718439
264614	3718457
264615	3718459
264616	3718489
264617	3718501
264618	3718513
264619	3718549
264620	3718553
264621	3718573
264622	3718607
264623	3718613
264624	3718619
264625	3718633
264626	3718643
264627	3718651
264628	3718657
264629	3718669
264630	3718681
264631	3718739
264632	3718751
264633	3718763
264634	3718777
264635	3718783
264636	3718789
264637	3718807
264638	3718831
264639	3718837
264640	3718849
264641	3718861
264642	3718867
264643	3718877
264644	3718879
264645	3718901
264646	3718919
264647	3718951
264648	3718963
264649	3718993
264650	3718997
264651	3719011
264652	3719017
264653	3719029
264654	3719057
264655	3719059
264656	3719087
264657	3719119
264658	3719153
264659	3719159
264660	3719161
264661	3719167
264662	3719179
264663	3719197
264664	3719201
264665	3719207
264666	3719239
264667	3719267
264668	3719273
264669	3719291
264670	3719299
264671	3719321
264672	3719323
264673	3719329
264674	3719333
264675	3719341
264676	3719347
264677	3719377
264678	3719389
264679	3719393
264680	3719431
264681	3719461
264682	3719467
264683	3719519
264684	3719531
264685	3719539
264686	3719563
264687	3719567
264688	3719579
264689	3719587
264690	3719623
264691	3719633
264692	3719657
264693	3719663
264694	3719669
264695	3719693
264696	3719701
264697	3719707
264698	3719711
264699	3719713
264700	3719717
264701	3719747
264702	3719759
264703	3719777
264704	3719789
264705	3719791
264706	3719797
264707	3719803
264708	3719827
264709	3719831
264710	3719851
264711	3719857
264712	3719867
264713	3719879
264714	3719897
264715	3719899
264716	3719921
264717	3719939
264718	3719959
264719	3719981
264720	3719983
264721	3719987
264722	3719993
264723	3719999
264724	3720011
264725	3720023
264726	3720037
264727	3720103
264728	3720113
264729	3720121
264730	3720137
264731	3720151
264732	3720163
264733	3720169
264734	3720179
264735	3720209
264736	3720247
264737	3720251
264738	3720253
264739	3720293
264740	3720337
264741	3720349
264742	3720359
264743	3720361
264744	3720373
264745	3720383
264746	3720391
264747	3720397
264748	3720401
264749	3720407
264750	3720413
264751	3720421
264752	3720427
264753	3720469
264754	3720487
264755	3720491
264756	3720511
264757	3720551
264758	3720553
264759	3720571
264760	3720581
264761	3720583
264762	3720617
264763	3720623
264764	3720649
264765	3720667
264766	3720677
264767	3720697
264768	3720701
264769	3720707
264770	3720767
264771	3720781
264772	3720797
264773	3720811
264774	3720839
264775	3720851
264776	3720853
264777	3720859
264778	3720869
264779	3720877
264780	3720887
264781	3720889
264782	3720907
264783	3720911
264784	3720923
264785	3720929
264786	3720947
264787	3720989
264788	3721027
264789	3721033
264790	3721049
264791	3721051
264792	3721063
264793	3721087
264794	3721097
264795	3721099
264796	3721117
264797	3721129
264798	3721141
264799	3721153
264800	3721163
264801	3721171
264802	3721199
264803	3721213
264804	3721217
264805	3721229
264806	3721259
264807	3721273
264808	3721279
264809	3721297
264810	3721301
264811	3721303
264812	3721327
264813	3721337
264814	3721339
264815	3721363
264816	3721379
264817	3721391
264818	3721409
264819	3721411
264820	3721439
264821	3721451
264822	3721463
264823	3721477
264824	3721489
264825	3721537
264826	3721559
264827	3721583
264828	3721603
264829	3721621
264830	3721631
264831	3721673
264832	3721717
264833	3721721
264834	3721727
264835	3721741
264836	3721771
264837	3721787
264838	3721799
264839	3721807
264840	3721811
264841	3721813
264842	3721847
264843	3721849
264844	3721859
264845	3721873
264846	3721877
264847	3721901
264848	3721919
264849	3721931
264850	3721933
264851	3721943
264852	3721957
264853	3721973
264854	3721981
264855	3722009
264856	3722011
264857	3722027
264858	3722029
264859	3722039
264860	3722053
264861	3722083
264862	3722087
264863	3722101
264864	3722129
264865	3722143
264866	3722149
264867	3722171
264868	3722177
264869	3722183
264870	3722189
264871	3722207
264872	3722219
264873	3722221
264874	3722231
264875	3722249
264876	3722273
264877	3722291
264878	3722293
264879	3722339
264880	3722351
264881	3722357
264882	3722393
264883	3722413
264884	3722419
264885	3722437
264886	3722443
264887	3722479
264888	3722491
264889	3722519
264890	3722549
264891	3722567
264892	3722591
264893	3722599
264894	3722611
264895	3722617
264896	3722623
264897	3722629
264898	3722683
264899	3722687
264900	3722699
264901	3722713
264902	3722767
264903	3722791
264904	3722801
264905	3722809
264906	3722819
264907	3722827
264908	3722833
264909	3722843
264910	3722861
264911	3722867
264912	3722893
264913	3722899
264914	3722911
264915	3722921
264916	3722947
264917	3722951
264918	3723001
264919	3723019
264920	3723023
264921	3723029
264922	3723047
264923	3723053
264924	3723059
264925	3723061
264926	3723067
264927	3723089
264928	3723121
264929	3723149
264930	3723211
264931	3723227
264932	3723233
264933	3723271
264934	3723277
264935	3723283
264936	3723287
264937	3723299
264938	3723319
264939	3723329
264940	3723337
264941	3723359
264942	3723383
264943	3723389
264944	3723407
264945	3723427
264946	3723439
264947	3723443
264948	3723451
264949	3723469
264950	3723521
264951	3723529
264952	3723547
264953	3723581
264954	3723589
264955	3723593
264956	3723607
264957	3723617
264958	3723637
264959	3723641
264960	3723647
264961	3723649
264962	3723679
264963	3723719
264964	3723721
264965	3723739
264966	3723749
264967	3723773
264968	3723779
264969	3723781
264970	3723787
264971	3723809
264972	3723847
264973	3723869
264974	3723871
264975	3723893
264976	3723913
264977	3723931
264978	3723947
264979	3723959
264980	3724001
264981	3724031
264982	3724033
264983	3724043
264984	3724051
264985	3724067
264986	3724069
264987	3724073
264988	3724079
264989	3724099
264990	3724103
264991	3724109
264992	3724117
264993	3724129
264994	3724157
264995	3724159
264996	3724169
264997	3724181
264998	3724211
264999	3724213
265000	3724223
