269001	3784967
269002	3784973
269003	3784987
269004	3785011
269005	3785021
269006	3785029
269007	3785053
269008	3785071
269009	3785083
269010	3785143
269011	3785149
269012	3785153
269013	3785183
269014	3785191
269015	3785209
269016	3785213
269017	3785227
269018	3785251
269019	3785261
269020	3785273
269021	3785279
269022	3785281
269023	3785291
269024	3785293
269025	3785303
269026	3785323
269027	3785347
269028	3785357
269029	3785371
269030	3785393
269031	3785401
269032	3785417
269033	3785449
269034	3785459
269035	3785471
269036	3785479
269037	3785491
269038	3785527
269039	3785531
269040	3785539
269041	3785549
269042	3785569
269043	3785623
269044	3785629
269045	3785641
269046	3785651
269047	3785669
269048	3785681
269049	3785687
269050	3785753
269051	3785779
269052	3785797
269053	3785801
269054	3785809
269055	3785819
269056	3785851
269057	3785857
269058	3785861
269059	3785891
269060	3785893
269061	3785911
269062	3785923
269063	3785927
269064	3785939
269065	3785953
269066	3785963
269067	3785987
269068	3785993
269069	3786011
269070	3786047
269071	3786049
269072	3786059
269073	3786067
269074	3786071
269075	3786077
269076	3786091
269077	3786109
269078	3786119
269079	3786127
269080	3786131
269081	3786151
269082	3786157
269083	3786169
269084	3786197
269085	3786199
269086	3786203
269087	3786229
269088	3786241
269089	3786253
269090	3786259
269091	3786271
269092	3786281
269093	3786287
269094	3786311
269095	3786319
269096	3786337
269097	3786347
269098	3786353
269099	3786397
269100	3786401
269101	3786403
269102	3786413
269103	3786449
269104	3786463
269105	3786481
269106	3786493
269107	3786509
269108	3786511
269109	3786521
269110	3786533
269111	3786539
269112	3786553
269113	3786569
269114	3786571
269115	3786577
269116	3786581
269117	3786593
269118	3786613
269119	3786641
269120	3786647
269121	3786659
269122	3786661
269123	3786667
269124	3786677
269125	3786689
269126	3786703
269127	3786749
269128	3786751
269129	3786779
269130	3786781
269131	3786803
269132	3786821
269133	3786829
269134	3786847
269135	3786857
269136	3786859
269137	3786899
269138	3786919
269139	3786953
269140	3786989
269141	3787031
269142	3787057
269143	3787067
269144	3787097
269145	3787109
269146	3787117
269147	3787123
269148	3787153
269149	3787163
269150	3787183
269151	3787193
269152	3787219
269153	3787229
269154	3787237
269155	3787247
269156	3787261
269157	3787279
269158	3787291
269159	3787297
269160	3787319
269161	3787321
269162	3787349
269163	3787351
269164	3787361
269165	3787367
269166	3787369
269167	3787391
269168	3787417
269169	3787471
269170	3787493
269171	3787501
269172	3787507
269173	3787513
269174	3787519
269175	3787523
269176	3787529
269177	3787547
269178	3787561
269179	3787591
269180	3787627
269181	3787643
269182	3787649
269183	3787657
269184	3787687
269185	3787691
269186	3787723
269187	3787733
269188	3787757
269189	3787759
269190	3787769
269191	3787781
269192	3787793
269193	3787799
269194	3787811
269195	3787843
269196	3787853
269197	3787877
269198	3787919
269199	3787933
269200	3787937
269201	3787943
269202	3787961
269203	3787967
269204	3787969
269205	3787981
269206	3787997
269207	3788003
269208	3788017
269209	3788033
269210	3788041
269211	3788047
269212	3788051
269213	3788111
269214	3788117
269215	3788159
269216	3788209
269217	3788219
269218	3788221
269219	3788227
269220	3788243
269221	3788249
269222	3788251
269223	3788273
269224	3788303
269225	3788311
269226	3788321
269227	3788329
269228	3788333
269229	3788383
269230	3788401
269231	3788413
269232	3788419
269233	3788423
269234	3788431
269235	3788453
269236	3788459
269237	3788483
269238	3788497
269239	3788503
269240	3788509
269241	3788563
269242	3788573
269243	3788597
269244	3788621
269245	3788633
269246	3788639
269247	3788663
269248	3788669
269249	3788683
269250	3788711
269251	3788713
269252	3788737
269253	3788747
269254	3788779
269255	3788833
269256	3788839
269257	3788843
269258	3788861
269259	3788903
269260	3788929
269261	3788963
269262	3788969
269263	3788989
269264	3789013
269265	3789029
269266	3789067
269267	3789073
269268	3789103
269269	3789109
269270	3789119
269271	3789127
269272	3789131
269273	3789139
269274	3789143
269275	3789173
269276	3789193
269277	3789197
269278	3789221
269279	3789239
269280	3789241
269281	3789257
269282	3789277
269283	3789287
269284	3789293
269285	3789323
269286	3789329
269287	3789337
269288	3789361
269289	3789367
269290	3789371
269291	3789377
269292	3789389
269293	3789413
269294	3789427
269295	3789451
269296	3789463
269297	3789481
269298	3789497
269299	3789523
269300	3789529
269301	3789571
269302	3789581
269303	3789593
269304	3789601
269305	3789613
269306	3789701
269307	3789703
269308	3789707
269309	3789713
269310	3789739
269311	3789743
269312	3789757
269313	3789761
269314	3789769
269315	3789787
269316	3789809
269317	3789811
269318	3789817
269319	3789839
269320	3789853
269321	3789857
269322	3789859
269323	3789883
269324	3789889
269325	3789893
269326	3789899
269327	3789931
269328	3789937
269329	3789953
269330	3789971
269331	3790001
269332	3790057
269333	3790067
269334	3790069
269335	3790103
269336	3790121
269337	3790187
269338	3790229
269339	3790247
269340	3790273
269341	3790279
269342	3790289
269343	3790309
269344	3790333
269345	3790349
269346	3790373
269347	3790393
269348	3790433
269349	3790441
269350	3790447
269351	3790453
269352	3790459
269353	3790471
269354	3790483
269355	3790487
269356	3790513
269357	3790517
269358	3790531
269359	3790537
269360	3790543
269361	3790547
269362	3790559
269363	3790571
269364	3790583
269365	3790621
269366	3790651
269367	3790667
269368	3790697
269369	3790729
269370	3790739
269371	3790741
269372	3790753
269373	3790757
269374	3790763
269375	3790769
269376	3790771
269377	3790781
269378	3790783
269379	3790789
269380	3790807
269381	3790889
269382	3790921
269383	3790933
269384	3790939
269385	3790951
269386	3790961
269387	3790981
269388	3790991
269389	3790993
269390	3790999
269391	3791027
269392	3791033
269393	3791059
269394	3791063
269395	3791069
269396	3791087
269397	3791093
269398	3791101
269399	3791107
269400	3791167
269401	3791173
269402	3791189
269403	3791197
269404	3791209
269405	3791213
269406	3791219
269407	3791231
269408	3791233
269409	3791243
269410	3791261
269411	3791273
269412	3791303
269413	3791309
269414	3791321
269415	3791339
269416	3791341
269417	3791371
269418	3791377
269419	3791383
269420	3791387
269421	3791419
269422	3791423
269423	3791429
269424	3791449
269425	3791453
269426	3791479
269427	3791483
269428	3791497
269429	3791509
269430	3791549
269431	3791551
269432	3791563
269433	3791569
269434	3791647
269435	3791651
269436	3791657
269437	3791677
269438	3791681
269439	3791687
269440	3791701
269441	3791717
269442	3791719
269443	3791741
269444	3791789
269445	3791791
269446	3791807
269447	3791831
269448	3791861
269449	3791863
269450	3791873
269451	3791899
269452	3791903
269453	3791911
269454	3791927
269455	3791933
269456	3791959
269457	3791981
269458	3792017
269459	3792029
269460	3792043
269461	3792073
269462	3792091
269463	3792109
269464	3792119
269465	3792121
269466	3792149
269467	3792161
269468	3792169
269469	3792179
269470	3792193
269471	3792209
269472	3792221
269473	3792223
269474	3792227
269475	3792233
269476	3792251
269477	3792253
269478	3792259
269479	3792281
269480	3792293
269481	3792307
269482	3792317
269483	3792331
269484	3792367
269485	3792391
269486	3792421
269487	3792427
269488	3792443
269489	3792487
269490	3792491
269491	3792499
269492	3792511
269493	3792527
269494	3792577
269495	3792589
269496	3792599
269497	3792629
269498	3792637
269499	3792641
269500	3792661
269501	3792671
269502	3792673
269503	3792709
269504	3792721
269505	3792727
269506	3792731
269507	3792739
269508	3792743
269509	3792773
269510	3792779
269511	3792781
269512	3792791
269513	3792793
269514	3792809
269515	3792821
269516	3792827
269517	3792857
269518	3792863
269519	3792871
269520	3792883
269521	3792889
269522	3792917
269523	3792949
269524	3792959
269525	3792967
269526	3792973
269527	3792977
269528	3792979
269529	3792983
269530	3793001
269531	3793003
269532	3793019
269533	3793021
269534	3793039
269535	3793061
269536	3793079
269537	3793081
269538	3793087
269539	3793117
269540	3793121
269541	3793133
269542	3793177
269543	3793199
269544	3793211
269545	3793241
269546	3793259
269547	3793289
269548	3793313
269549	3793333
269550	3793357
269551	3793373
269552	3793381
269553	3793423
269554	3793429
269555	3793457
269556	3793463
269557	3793469
269558	3793481
269559	3793487
269560	3793507
269561	3793549
269562	3793561
269563	3793571
269564	3793583
269565	3793613
269566	3793619
269567	3793627
269568	3793633
269569	3793649
269570	3793723
269571	3793733
269572	3793747
269573	3793753
269574	3793763
269575	3793789
269576	3793807
269577	3793813
269578	3793819
269579	3793837
269580	3793849
269581	3793903
269582	3793921
269583	3793927
269584	3793931
269585	3793949
269586	3793973
269587	3794003
269588	3794039
269589	3794047
269590	3794051
269591	3794071
269592	3794081
269593	3794083
269594	3794101
269595	3794107
269596	3794117
269597	3794123
269598	3794137
269599	3794171
269600	3794207
269601	3794227
269602	3794257
269603	3794269
269604	3794279
269605	3794299
269606	3794309
269607	3794317
269608	3794339
269609	3794341
269610	3794347
269611	3794353
269612	3794359
269613	3794377
269614	3794419
269615	3794423
269616	3794459
269617	3794503
269618	3794507
269619	3794521
269620	3794537
269621	3794599
269622	3794647
269623	3794711
269624	3794719
269625	3794729
269626	3794743
269627	3794753
269628	3794767
269629	3794771
269630	3794773
269631	3794789
269632	3794809
269633	3794863
269634	3794867
269635	3794891
269636	3794897
269637	3794899
269638	3794909
269639	3794941
269640	3794951
269641	3794953
269642	3794963
269643	3794971
269644	3794981
269645	3794983
269646	3795007
269647	3795013
269648	3795031
269649	3795059
269650	3795061
269651	3795067
269652	3795073
269653	3795091
269654	3795149
269655	3795151
269656	3795157
269657	3795221
269658	3795251
269659	3795263
269660	3795283
269661	3795287
269662	3795289
269663	3795347
269664	3795367
269665	3795373
269666	3795377
269667	3795401
269668	3795419
269669	3795427
269670	3795439
269671	3795443
269672	3795457
269673	3795469
269674	3795499
269675	3795503
269676	3795511
269677	3795521
269678	3795523
269679	3795541
269680	3795551
269681	3795553
269682	3795563
269683	3795569
269684	3795581
269685	3795587
269686	3795593
269687	3795619
269688	3795637
269689	3795643
269690	3795661
269691	3795677
269692	3795691
269693	3795697
269694	3795703
269695	3795749
269696	3795773
269697	3795797
269698	3795853
269699	3795887
269700	3795899
269701	3795907
269702	3795917
269703	3795923
269704	3795931
269705	3795937
269706	3795959
269707	3795977
269708	3795983
269709	3796003
269710	3796027
269711	3796031
269712	3796057
269713	3796061
269714	3796063
269715	3796087
269716	3796097
269717	3796099
269718	3796109
269719	3796183
269720	3796193
269721	3796201
269722	3796211
269723	3796217
269724	3796223
269725	3796241
269726	3796277
269727	3796279
269728	3796283
269729	3796301
269730	3796307
269731	3796339
269732	3796343
269733	3796349
269734	3796363
269735	3796367
269736	3796379
269737	3796391
269738	3796399
269739	3796451
269740	3796453
269741	3796469
269742	3796487
269743	3796493
269744	3796501
269745	3796531
269746	3796537
269747	3796543
269748	3796567
269749	3796577
269750	3796589
269751	3796603
269752	3796609
269753	3796619
269754	3796621
269755	3796649
269756	3796673
269757	3796693
269758	3796697
269759	3796711
269760	3796733
269761	3796739
269762	3796753
269763	3796777
269764	3796783
269765	3796799
269766	3796811
269767	3796813
269768	3796843
269769	3796847
269770	3796861
269771	3796873
269772	3796879
269773	3796907
269774	3796921
269775	3796927
269776	3796939
269777	3796951
269778	3796963
269779	3796997
269780	3797023
269781	3797041
269782	3797071
269783	3797077
269784	3797081
269785	3797089
269786	3797111
269787	3797113
269788	3797117
269789	3797141
269790	3797161
269791	3797179
269792	3797191
269793	3797203
269794	3797219
269795	3797249
269796	3797251
269797	3797281
269798	3797327
269799	3797357
269800	3797371
269801	3797377
269802	3797383
269803	3797389
269804	3797419
269805	3797429
269806	3797441
269807	3797447
269808	3797489
269809	3797491
269810	3797501
269811	3797509
269812	3797527
269813	3797539
269814	3797551
269815	3797557
269816	3797567
269817	3797597
269818	3797603
269819	3797611
269820	3797623
269821	3797641
269822	3797657
269823	3797659
269824	3797671
269825	3797683
269826	3797687
269827	3797693
269828	3797699
269829	3797711
269830	3797723
269831	3797743
269832	3797797
269833	3797809
269834	3797819
269835	3797837
269836	3797863
269837	3797867
269838	3797873
269839	3797879
269840	3797909
269841	3797917
269842	3797933
269843	3797951
269844	3797957
269845	3797993
269846	3798001
269847	3798017
269848	3798019
269849	3798031
269850	3798037
269851	3798049
269852	3798071
269853	3798073
269854	3798077
269855	3798079
269856	3798097
269857	3798107
269858	3798121
269859	3798131
269860	3798149
269861	3798169
269862	3798173
269863	3798181
269864	3798187
269865	3798239
269866	3798251
269867	3798283
269868	3798299
269869	3798317
269870	3798343
269871	3798349
269872	3798367
269873	3798371
269874	3798373
269875	3798397
269876	3798407
269877	3798413
269878	3798419
269879	3798437
269880	3798451
269881	3798467
269882	3798469
269883	3798481
269884	3798517
269885	3798521
269886	3798533
269887	3798539
269888	3798547
269889	3798569
269890	3798581
269891	3798583
269892	3798589
269893	3798593
269894	3798629
269895	3798631
269896	3798637
269897	3798643
269898	3798649
269899	3798659
269900	3798671
269901	3798677
269902	3798733
269903	3798737
269904	3798757
269905	3798791
269906	3798793
269907	3798829
269908	3798853
269909	3798857
269910	3798859
269911	3798877
269912	3798889
269913	3798919
269914	3798923
269915	3798931
269916	3798941
269917	3798943
269918	3798953
269919	3798961
269920	3798983
269921	3799013
269922	3799027
269923	3799039
269924	3799043
269925	3799051
269926	3799063
269927	3799067
269928	3799079
269929	3799097
269930	3799099
269931	3799111
269932	3799121
269933	3799127
269934	3799129
269935	3799153
269936	3799157
269937	3799171
269938	3799193
269939	3799217
269940	3799219
269941	3799223
269942	3799241
269943	3799247
269944	3799273
269945	3799291
269946	3799333
269947	3799337
269948	3799349
269949	3799379
269950	3799403
269951	3799409
269952	3799427
269953	3799447
269954	3799469
269955	3799489
269956	3799513
269957	3799547
269958	3799559
269959	3799571
269960	3799589
269961	3799597
269962	3799603
269963	3799643
269964	3799661
269965	3799681
269966	3799699
269967	3799703
269968	3799709
269969	3799717
269970	3799727
269971	3799759
269972	3799769
269973	3799787
269974	3799799
269975	3799801
269976	3799811
269977	3799813
269978	3799819
269979	3799837
269980	3799877
269981	3799883
269982	3799897
269983	3799919
269984	3799927
269985	3799931
269986	3799951
269987	3799973
269988	3800021
269989	3800051
269990	3800053
269991	3800059
269992	3800063
269993	3800081
269994	3800107
269995	3800113
269996	3800119
269997	3800149
269998	3800177
269999	3800183
270000	3800201
