270001	3800213
270002	3800219
270003	3800227
270004	3800257
270005	3800263
270006	3800273
270007	3800281
270008	3800287
270009	3800309
270010	3800341
270011	3800347
270012	3800369
270013	3800371
270014	3800387
270015	3800393
270016	3800429
270017	3800443
270018	3800449
270019	3800473
270020	3800477
270021	3800491
270022	3800501
270023	3800521
270024	3800549
270025	3800579
270026	3800581
270027	3800591
270028	3800593
270029	3800609
270030	3800617
270031	3800623
270032	3800633
270033	3800647
270034	3800669
270035	3800689
270036	3800723
270037	3800737
270038	3800761
270039	3800777
270040	3800801
270041	3800807
270042	3800857
270043	3800861
270044	3800887
270045	3800917
270046	3800947
270047	3800963
270048	3800999
270049	3801011
270050	3801029
270051	3801041
270052	3801043
270053	3801053
270054	3801067
270055	3801073
270056	3801097
270057	3801137
270058	3801143
270059	3801163
270060	3801169
270061	3801173
270062	3801179
270063	3801211
270064	3801221
270065	3801223
270066	3801229
270067	3801241
270068	3801247
270069	3801253
270070	3801257
270071	3801263
270072	3801283
270073	3801299
270074	3801331
270075	3801341
270076	3801359
270077	3801361
270078	3801367
270079	3801373
270080	3801377
270081	3801403
270082	3801419
270083	3801431
270084	3801439
270085	3801443
270086	3801449
270087	3801461
270088	3801487
270089	3801493
270090	3801503
270091	3801533
270092	3801541
270093	3801571
270094	3801583
270095	3801599
270096	3801617
270097	3801619
270098	3801631
270099	3801661
270100	3801667
270101	3801671
270102	3801709
270103	3801731
270104	3801757
270105	3801769
270106	3801779
270107	3801793
270108	3801797
270109	3801799
270110	3801803
270111	3801827
270112	3801839
270113	3801857
270114	3801869
270115	3801883
270116	3801899
270117	3801937
270118	3801949
270119	3801953
270120	3801977
270121	3801983
270122	3802003
270123	3802027
270124	3802037
270125	3802081
270126	3802093
270127	3802129
270128	3802133
270129	3802151
270130	3802171
270131	3802187
270132	3802193
270133	3802207
270134	3802213
270135	3802229
270136	3802241
270137	3802283
270138	3802319
270139	3802321
270140	3802333
270141	3802343
270142	3802363
270143	3802369
270144	3802391
270145	3802417
270146	3802471
270147	3802481
270148	3802483
270149	3802493
270150	3802511
270151	3802523
270152	3802529
270153	3802531
270154	3802541
270155	3802583
270156	3802607
270157	3802621
270158	3802649
270159	3802651
270160	3802663
270161	3802681
270162	3802693
270163	3802699
270164	3802753
270165	3802759
270166	3802763
270167	3802769
270168	3802783
270169	3802787
270170	3802837
270171	3802861
270172	3802867
270173	3802871
270174	3802913
270175	3802919
270176	3802949
270177	3802957
270178	3802961
270179	3802969
270180	3802979
270181	3802993
270182	3802999
270183	3803017
270184	3803029
270185	3803047
270186	3803077
270187	3803113
270188	3803117
270189	3803131
270190	3803141
270191	3803153
270192	3803161
270193	3803171
270194	3803197
270195	3803203
270196	3803209
270197	3803231
270198	3803251
270199	3803311
270200	3803329
270201	3803339
270202	3803347
270203	3803351
270204	3803369
270205	3803377
270206	3803419
270207	3803453
270208	3803473
270209	3803491
270210	3803497
270211	3803507
270212	3803509
270213	3803543
270214	3803551
270215	3803557
270216	3803561
270217	3803581
270218	3803587
270219	3803599
270220	3803603
270221	3803609
270222	3803617
270223	3803621
270224	3803623
270225	3803647
270226	3803659
270227	3803677
270228	3803689
270229	3803707
270230	3803749
270231	3803783
270232	3803797
270233	3803827
270234	3803831
270235	3803861
270236	3803867
270237	3803879
270238	3803887
270239	3803911
270240	3803923
270241	3803941
270242	3803951
270243	3803977
270244	3803981
270245	3803983
270246	3803999
270247	3804011
270248	3804029
270249	3804043
270250	3804067
270251	3804071
270252	3804083
270253	3804089
270254	3804091
270255	3804113
270256	3804121
270257	3804137
270258	3804149
270259	3804169
270260	3804179
270261	3804187
270262	3804197
270263	3804211
270264	3804217
270265	3804221
270266	3804233
270267	3804259
270268	3804263
270269	3804271
270270	3804301
270271	3804319
270272	3804329
270273	3804331
270274	3804337
270275	3804341
270276	3804373
270277	3804397
270278	3804419
270279	3804421
270280	3804433
270281	3804457
270282	3804473
270283	3804491
270284	3804517
270285	3804527
270286	3804533
270287	3804547
270288	3804551
270289	3804553
270290	3804587
270291	3804589
270292	3804607
270293	3804611
270294	3804613
270295	3804623
270296	3804629
270297	3804643
270298	3804653
270299	3804659
270300	3804701
270301	3804707
270302	3804709
270303	3804721
270304	3804737
270305	3804739
270306	3804743
270307	3804751
270308	3804763
270309	3804767
270310	3804797
270311	3804799
270312	3804811
270313	3804859
270314	3804869
270315	3804881
270316	3804893
270317	3804907
270318	3804917
270319	3804919
270320	3804929
270321	3804937
270322	3804943
270323	3804947
270324	3804949
270325	3804953
270326	3804989
270327	3805001
270328	3805037
270329	3805057
270330	3805063
270331	3805069
270332	3805091
270333	3805099
270334	3805121
270335	3805133
270336	3805159
270337	3805171
270338	3805183
270339	3805211
270340	3805223
270341	3805231
270342	3805237
270343	3805253
270344	3805259
270345	3805273
270346	3805279
270347	3805289
270348	3805309
270349	3805313
270350	3805357
270351	3805367
270352	3805369
270353	3805379
270354	3805391
270355	3805393
270356	3805463
270357	3805469
270358	3805471
270359	3805489
270360	3805499
270361	3805531
270362	3805537
270363	3805547
270364	3805573
270365	3805621
270366	3805639
270367	3805663
270368	3805673
270369	3805679
270370	3805687
270371	3805717
270372	3805721
270373	3805733
270374	3805811
270375	3805817
270376	3805819
270377	3805829
270378	3805831
270379	3805849
270380	3805853
270381	3805861
270382	3805889
270383	3805897
270384	3805903
270385	3805927
270386	3805933
270387	3805951
270388	3805979
270389	3805987
270390	3805999
270391	3806003
270392	3806009
270393	3806021
270394	3806027
270395	3806029
270396	3806051
270397	3806083
270398	3806093
270399	3806111
270400	3806119
270401	3806123
270402	3806167
270403	3806177
270404	3806189
270405	3806191
270406	3806197
270407	3806207
270408	3806233
270409	3806281
270410	3806287
270411	3806291
270412	3806303
270413	3806321
270414	3806333
270415	3806347
270416	3806423
270417	3806437
270418	3806447
270419	3806501
270420	3806507
270421	3806527
270422	3806549
270423	3806557
270424	3806567
270425	3806587
270426	3806591
270427	3806599
270428	3806609
270429	3806617
270430	3806639
270431	3806641
270432	3806653
270433	3806659
270434	3806683
270435	3806687
270436	3806689
270437	3806701
270438	3806711
270439	3806741
270440	3806749
270441	3806767
270442	3806837
270443	3806839
270444	3806843
270445	3806849
270446	3806851
270447	3806867
270448	3806903
270449	3806909
270450	3806911
270451	3806923
270452	3806927
270453	3806981
270454	3807053
270455	3807059
270456	3807061
270457	3807101
270458	3807109
270459	3807113
270460	3807119
270461	3807173
270462	3807187
270463	3807217
270464	3807227
270465	3807229
270466	3807257
270467	3807281
270468	3807289
270469	3807313
270470	3807317
270471	3807341
270472	3807359
270473	3807379
270474	3807413
270475	3807421
270476	3807431
270477	3807449
270478	3807457
270479	3807491
270480	3807499
270481	3807511
270482	3807523
270483	3807527
270484	3807533
270485	3807539
270486	3807553
270487	3807577
270488	3807589
270489	3807593
270490	3807647
270491	3807649
270492	3807689
270493	3807691
270494	3807701
270495	3807709
270496	3807731
270497	3807737
270498	3807743
270499	3807751
270500	3807757
270501	3807827
270502	3807833
270503	3807851
270504	3807863
270505	3807871
270506	3807877
270507	3807883
270508	3807889
270509	3807901
270510	3807907
270511	3807911
270512	3807931
270513	3807941
270514	3807959
270515	3808001
270516	3808031
270517	3808033
270518	3808061
270519	3808073
270520	3808109
270521	3808127
270522	3808139
270523	3808141
270524	3808157
270525	3808159
270526	3808163
270527	3808177
270528	3808223
270529	3808229
270530	3808241
270531	3808243
270532	3808253
270533	3808261
270534	3808267
270535	3808283
270536	3808307
270537	3808327
270538	3808333
270539	3808397
270540	3808403
270541	3808411
270542	3808429
270543	3808477
270544	3808487
270545	3808513
270546	3808549
270547	3808559
270548	3808579
270549	3808591
270550	3808667
270551	3808709
270552	3808711
270553	3808751
270554	3808757
270555	3808789
270556	3808793
270557	3808801
270558	3808813
270559	3808829
270560	3808841
270561	3808843
270562	3808853
270563	3808907
270564	3808913
270565	3808963
270566	3808967
270567	3808979
270568	3808993
270569	3808999
270570	3809051
270571	3809077
270572	3809081
270573	3809089
270574	3809107
270575	3809123
270576	3809131
270577	3809137
270578	3809149
270579	3809153
270580	3809159
270581	3809161
270582	3809167
270583	3809171
270584	3809189
270585	3809251
270586	3809257
270587	3809279
270588	3809297
270589	3809321
270590	3809339
270591	3809341
270592	3809369
270593	3809381
270594	3809383
270595	3809387
270596	3809423
270597	3809431
270598	3809461
270599	3809471
270600	3809489
270601	3809501
270602	3809503
270603	3809539
270604	3809543
270605	3809549
270606	3809551
270607	3809567
270608	3809591
270609	3809593
270610	3809599
270611	3809623
270612	3809639
270613	3809653
270614	3809677
270615	3809681
270616	3809699
270617	3809711
270618	3809719
270619	3809723
270620	3809731
270621	3809737
270622	3809749
270623	3809753
270624	3809777
270625	3809791
270626	3809803
270627	3809809
270628	3809831
270629	3809837
270630	3809849
270631	3809857
270632	3809891
270633	3809903
270634	3809909
270635	3809917
270636	3809941
270637	3809947
270638	3809957
270639	3809959
270640	3809963
270641	3809977
270642	3809983
270643	3809987
270644	3810017
270645	3810031
270646	3810047
270647	3810071
270648	3810077
270649	3810083
270650	3810097
270651	3810119
270652	3810133
270653	3810137
270654	3810143
270655	3810151
270656	3810167
270657	3810173
270658	3810181
270659	3810199
270660	3810211
270661	3810221
270662	3810229
270663	3810251
270664	3810269
270665	3810277
270666	3810293
270667	3810299
270668	3810319
270669	3810343
270670	3810349
270671	3810353
270672	3810379
270673	3810383
270674	3810403
270675	3810409
270676	3810413
270677	3810419
270678	3810421
270679	3810461
270680	3810463
270681	3810481
270682	3810493
270683	3810497
270684	3810503
270685	3810509
270686	3810511
270687	3810517
270688	3810523
270689	3810529
270690	3810553
270691	3810557
270692	3810559
270693	3810563
270694	3810577
270695	3810589
270696	3810623
270697	3810637
270698	3810643
270699	3810661
270700	3810679
270701	3810701
270702	3810707
270703	3810721
270704	3810727
270705	3810733
270706	3810739
270707	3810743
270708	3810757
270709	3810761
270710	3810767
270711	3810769
270712	3810797
270713	3810809
270714	3810817
270715	3810823
270716	3810841
270717	3810899
270718	3810931
270719	3810979
270720	3811007
270721	3811013
270722	3811057
270723	3811063
270724	3811081
270725	3811099
270726	3811117
270727	3811121
270728	3811127
270729	3811139
270730	3811141
270731	3811147
270732	3811163
270733	3811189
270734	3811193
270735	3811201
270736	3811207
270737	3811217
270738	3811253
270739	3811273
270740	3811279
270741	3811289
270742	3811303
270743	3811321
270744	3811331
270745	3811369
270746	3811373
270747	3811387
270748	3811411
270749	3811427
270750	3811433
270751	3811453
270752	3811469
270753	3811487
270754	3811501
270755	3811523
270756	3811529
270757	3811541
270758	3811547
270759	3811579
270760	3811589
270761	3811627
270762	3811631
270763	3811657
270764	3811669
270765	3811681
270766	3811711
270767	3811733
270768	3811741
270769	3811763
270770	3811771
270771	3811783
270772	3811817
270773	3811877
270774	3811889
270775	3811891
270776	3811909
270777	3811921
270778	3811939
270779	3811949
270780	3811967
270781	3811979
270782	3812023
270783	3812033
270784	3812059
270785	3812071
270786	3812077
270787	3812111
270788	3812119
270789	3812129
270790	3812153
270791	3812177
270792	3812183
270793	3812189
270794	3812191
270795	3812201
270796	3812209
270797	3812213
270798	3812219
270799	3812257
270800	3812261
270801	3812269
270802	3812309
270803	3812357
270804	3812363
270805	3812371
270806	3812381
270807	3812383
270808	3812387
270809	3812399
270810	3812441
270811	3812453
270812	3812477
270813	3812513
270814	3812527
270815	3812531
270816	3812533
270817	3812569
270818	3812581
270819	3812587
270820	3812603
270821	3812617
270822	3812623
270823	3812647
270824	3812651
270825	3812657
270826	3812663
270827	3812689
270828	3812693
270829	3812701
270830	3812707
270831	3812719
270832	3812729
270833	3812737
270834	3812741
270835	3812759
270836	3812773
270837	3812791
270838	3812797
270839	3812801
270840	3812807
270841	3812819
270842	3812839
270843	3812843
270844	3812899
270845	3812911
270846	3812923
270847	3812951
270848	3812983
270849	3812987
270850	3812989
270851	3813001
270852	3813013
270853	3813023
270854	3813067
270855	3813097
270856	3813113
270857	3813143
270858	3813149
270859	3813169
270860	3813211
270861	3813221
270862	3813223
270863	3813233
270864	3813289
270865	3813307
270866	3813311
270867	3813317
270868	3813323
270869	3813349
270870	3813353
270871	3813379
270872	3813391
270873	3813401
270874	3813419
270875	3813421
270876	3813427
270877	3813461
270878	3813463
270879	3813493
270880	3813499
270881	3813503
270882	3813517
270883	3813521
270884	3813539
270885	3813571
270886	3813577
270887	3813581
270888	3813599
270889	3813611
270890	3813617
270891	3813619
270892	3813631
270893	3813643
270894	3813647
270895	3813673
270896	3813679
270897	3813751
270898	3813757
270899	3813769
270900	3813773
270901	3813811
270902	3813847
270903	3813869
270904	3813871
270905	3813893
270906	3813913
270907	3813941
270908	3813949
270909	3813959
270910	3813983
270911	3814009
270912	3814033
270913	3814043
270914	3814061
270915	3814081
270916	3814087
270917	3814091
270918	3814093
270919	3814121
270920	3814123
270921	3814127
270922	3814183
270923	3814207
270924	3814211
270925	3814253
270926	3814267
270927	3814301
270928	3814309
270929	3814313
270930	3814319
270931	3814337
270932	3814339
270933	3814351
270934	3814361
270935	3814373
270936	3814381
270937	3814387
270938	3814397
270939	3814403
270940	3814417
270941	3814423
270942	3814427
270943	3814429
270944	3814439
270945	3814483
270946	3814493
270947	3814501
270948	3814529
270949	3814543
270950	3814553
270951	3814561
270952	3814583
270953	3814607
270954	3814609
270955	3814621
270956	3814627
270957	3814633
270958	3814637
270959	3814639
270960	3814667
270961	3814691
270962	3814693
270963	3814697
270964	3814703
270965	3814709
270966	3814717
270967	3814721
270968	3814729
270969	3814739
270970	3814751
270971	3814753
270972	3814771
270973	3814777
270974	3814787
270975	3814793
270976	3814799
270977	3814813
270978	3814841
270979	3814903
270980	3814931
270981	3814957
270982	3814961
270983	3814963
270984	3814973
270985	3814981
270986	3814997
270987	3815041
270988	3815051
270989	3815057
270990	3815069
270991	3815081
270992	3815083
270993	3815087
270994	3815101
270995	3815111
270996	3815159
270997	3815167
270998	3815179
270999	3815197
271000	3815209
