272001	3830017
272002	3830023
272003	3830027
272004	3830033
272005	3830051
272006	3830087
272007	3830093
272008	3830111
272009	3830119
272010	3830131
272011	3830137
272012	3830147
272013	3830149
272014	3830159
272015	3830161
272016	3830207
272017	3830231
272018	3830243
272019	3830263
272020	3830269
272021	3830273
272022	3830303
272023	3830317
272024	3830327
272025	3830347
272026	3830357
272027	3830371
272028	3830377
272029	3830401
272030	3830413
272031	3830429
272032	3830441
272033	3830459
272034	3830461
272035	3830509
272036	3830513
272037	3830527
272038	3830531
272039	3830537
272040	3830539
272041	3830543
272042	3830549
272043	3830557
272044	3830579
272045	3830597
272046	3830599
272047	3830611
272048	3830623
272049	3830669
272050	3830689
272051	3830711
272052	3830713
272053	3830731
272054	3830737
272055	3830747
272056	3830759
272057	3830773
272058	3830791
272059	3830803
272060	3830819
272061	3830843
272062	3830863
272063	3830867
272064	3830881
272065	3830891
272066	3830909
272067	3830927
272068	3830963
272069	3830969
272070	3830977
272071	3831007
272072	3831019
272073	3831043
272074	3831067
272075	3831097
272076	3831101
272077	3831119
272078	3831131
272079	3831167
272080	3831169
272081	3831181
272082	3831199
272083	3831221
272084	3831253
272085	3831287
272086	3831301
272087	3831319
272088	3831329
272089	3831379
272090	3831413
272091	3831427
272092	3831437
272093	3831439
272094	3831449
272095	3831467
272096	3831473
272097	3831493
272098	3831517
272099	3831523
272100	3831557
272101	3831571
272102	3831577
272103	3831587
272104	3831599
272105	3831623
272106	3831643
272107	3831649
272108	3831661
272109	3831689
272110	3831691
272111	3831719
272112	3831721
272113	3831727
272114	3831733
272115	3831743
272116	3831767
272117	3831781
272118	3831811
272119	3831827
272120	3831871
272121	3831889
272122	3831907
272123	3831911
272124	3831913
272125	3831917
272126	3831923
272127	3831929
272128	3831937
272129	3832001
272130	3832009
272131	3832019
272132	3832061
272133	3832067
272134	3832079
272135	3832097
272136	3832111
272137	3832121
272138	3832133
272139	3832159
272140	3832163
272141	3832177
272142	3832183
272143	3832207
272144	3832219
272145	3832223
272146	3832247
272147	3832249
272148	3832253
272149	3832267
272150	3832273
272151	3832291
272152	3832303
272153	3832307
272154	3832337
272155	3832343
272156	3832351
272157	3832397
272158	3832399
272159	3832403
272160	3832417
272161	3832481
272162	3832487
272163	3832489
272164	3832501
272165	3832511
272166	3832579
272167	3832597
272168	3832603
272169	3832613
272170	3832627
272171	3832637
272172	3832643
272173	3832657
272174	3832663
272175	3832679
272176	3832687
272177	3832723
272178	3832729
272179	3832757
272180	3832783
272181	3832811
272182	3832831
272183	3832853
272184	3832877
272185	3832879
272186	3832903
272187	3832919
272188	3832921
272189	3832931
272190	3832937
272191	3832949
272192	3832957
272193	3832993
272194	3832999
272195	3833009
272196	3833033
272197	3833047
272198	3833059
272199	3833069
272200	3833087
272201	3833099
272202	3833101
272203	3833107
272204	3833129
272205	3833153
272206	3833183
272207	3833197
272208	3833201
272209	3833209
272210	3833233
272211	3833239
272212	3833257
272213	3833261
272214	3833281
272215	3833293
272216	3833327
272217	3833329
272218	3833339
272219	3833359
272220	3833369
272221	3833371
272222	3833411
272223	3833413
272224	3833419
272225	3833441
272226	3833443
272227	3833513
272228	3833527
272229	3833567
272230	3833569
272231	3833591
272232	3833629
272233	3833647
272234	3833651
272235	3833699
272236	3833701
272237	3833707
272238	3833719
272239	3833723
272240	3833729
272241	3833737
272242	3833747
272243	3833777
272244	3833833
272245	3833867
272246	3833873
272247	3833881
272248	3833897
272249	3833899
272250	3833909
272251	3833927
272252	3833971
272253	3833989
272254	3834013
272255	3834023
272256	3834043
272257	3834053
272258	3834059
272259	3834079
272260	3834091
272261	3834109
272262	3834121
272263	3834139
272264	3834157
272265	3834161
272266	3834167
272267	3834191
272268	3834221
272269	3834223
272270	3834227
272271	3834251
272272	3834253
272273	3834283
272274	3834287
272275	3834301
272276	3834377
272277	3834407
272278	3834431
272279	3834433
272280	3834437
272281	3834451
272282	3834473
272283	3834499
272284	3834529
272285	3834533
272286	3834539
272287	3834541
272288	3834547
272289	3834553
272290	3834557
272291	3834577
272292	3834601
272293	3834613
272294	3834619
272295	3834631
272296	3834647
272297	3834653
272298	3834703
272299	3834797
272300	3834829
272301	3834833
272302	3834841
272303	3834851
272304	3834893
272305	3834899
272306	3834907
272307	3834913
272308	3834937
272309	3834953
272310	3834959
272311	3834967
272312	3834983
272313	3834991
272314	3835001
272315	3835021
272316	3835031
272317	3835049
272318	3835057
272319	3835061
272320	3835067
272321	3835079
272322	3835109
272323	3835123
272324	3835157
272325	3835187
272326	3835199
272327	3835231
272328	3835241
272329	3835243
272330	3835259
272331	3835261
272332	3835267
272333	3835291
272334	3835301
272335	3835303
272336	3835313
272337	3835331
272338	3835339
272339	3835343
272340	3835361
272341	3835367
272342	3835373
272343	3835379
272344	3835399
272345	3835439
272346	3835441
272347	3835483
272348	3835487
272349	3835501
272350	3835519
272351	3835547
272352	3835567
272353	3835577
272354	3835597
272355	3835603
272356	3835607
272357	3835613
272358	3835621
272359	3835631
272360	3835651
272361	3835669
272362	3835681
272363	3835691
272364	3835697
272365	3835747
272366	3835751
272367	3835757
272368	3835759
272369	3835763
272370	3835771
272371	3835831
272372	3835861
272373	3835873
272374	3835877
272375	3835883
272376	3835903
272377	3835907
272378	3835913
272379	3835921
272380	3835927
272381	3835939
272382	3835957
272383	3835969
272384	3835973
272385	3835991
272386	3836047
272387	3836069
272388	3836113
272389	3836143
272390	3836153
272391	3836171
272392	3836179
272393	3836213
272394	3836227
272395	3836243
272396	3836257
272397	3836263
272398	3836267
272399	3836279
272400	3836291
272401	3836293
272402	3836317
272403	3836321
272404	3836341
272405	3836359
272406	3836363
272407	3836383
272408	3836387
272409	3836389
272410	3836401
272411	3836431
272412	3836449
272413	3836471
272414	3836489
272415	3836501
272416	3836513
272417	3836519
272418	3836587
272419	3836603
272420	3836629
272421	3836639
272422	3836663
272423	3836669
272424	3836681
272425	3836683
272426	3836731
272427	3836741
272428	3836743
272429	3836771
272430	3836801
272431	3836809
272432	3836827
272433	3836831
272434	3836843
272435	3836851
272436	3836867
272437	3836869
272438	3836887
272439	3836891
272440	3836893
272441	3836927
272442	3836941
272443	3836957
272444	3836977
272445	3836983
272446	3837013
272447	3837017
272448	3837049
272449	3837079
272450	3837101
272451	3837103
272452	3837131
272453	3837133
272454	3837137
272455	3837139
272456	3837143
272457	3837151
272458	3837167
272459	3837179
272460	3837187
272461	3837199
272462	3837209
272463	3837217
272464	3837241
272465	3837247
272466	3837263
272467	3837287
272468	3837289
272469	3837311
272470	3837319
272471	3837329
272472	3837331
272473	3837347
272474	3837349
272475	3837371
272476	3837377
272477	3837401
272478	3837403
272479	3837437
272480	3837439
272481	3837451
272482	3837467
272483	3837469
272484	3837497
272485	3837499
272486	3837511
272487	3837553
272488	3837557
272489	3837569
272490	3837577
272491	3837629
272492	3837643
272493	3837653
272494	3837661
272495	3837689
272496	3837703
272497	3837721
272498	3837727
272499	3837737
272500	3837739
272501	3837749
272502	3837787
272503	3837851
272504	3837853
272505	3837857
272506	3837859
272507	3837863
272508	3837871
272509	3837877
272510	3837901
272511	3837917
272512	3837923
272513	3837949
272514	3837979
272515	3837989
272516	3837991
272517	3837997
272518	3838001
272519	3838013
272520	3838027
272521	3838097
272522	3838099
272523	3838103
272524	3838111
272525	3838117
272526	3838123
272527	3838129
272528	3838139
272529	3838157
272530	3838183
272531	3838187
272532	3838201
272533	3838213
272534	3838231
272535	3838253
272536	3838259
272537	3838283
272538	3838333
272539	3838381
272540	3838391
272541	3838397
272542	3838409
272543	3838423
272544	3838433
272545	3838441
272546	3838477
272547	3838507
272548	3838519
272549	3838529
272550	3838561
272551	3838591
272552	3838609
272553	3838613
272554	3838619
272555	3838621
272556	3838657
272557	3838661
272558	3838711
272559	3838729
272560	3838771
272561	3838777
272562	3838801
272563	3838811
272564	3838831
272565	3838841
272566	3838853
272567	3838859
272568	3838867
272569	3838883
272570	3838897
272571	3838903
272572	3838921
272573	3838927
272574	3838937
272575	3838951
272576	3838973
272577	3838979
272578	3838981
272579	3838993
272580	3839023
272581	3839027
272582	3839029
272583	3839039
272584	3839047
272585	3839051
272586	3839113
272587	3839131
272588	3839153
272589	3839177
272590	3839201
272591	3839203
272592	3839221
272593	3839233
272594	3839237
272595	3839239
272596	3839261
272597	3839293
272598	3839299
272599	3839309
272600	3839317
272601	3839327
272602	3839347
272603	3839351
272604	3839359
272605	3839369
272606	3839417
272607	3839419
272608	3839449
272609	3839471
272610	3839503
272611	3839509
272612	3839519
272613	3839533
272614	3839573
272615	3839579
272616	3839587
272617	3839593
272618	3839611
272619	3839621
272620	3839623
272621	3839639
272622	3839651
272623	3839677
272624	3839681
272625	3839683
272626	3839701
272627	3839707
272628	3839711
272629	3839713
272630	3839747
272631	3839777
272632	3839783
272633	3839809
272634	3839813
272635	3839833
272636	3839839
272637	3839851
272638	3839911
272639	3839923
272640	3839929
272641	3839951
272642	3839959
272643	3839963
272644	3839987
272645	3839999
272646	3840007
272647	3840017
272648	3840037
272649	3840043
272650	3840059
272651	3840061
272652	3840077
272653	3840091
272654	3840107
272655	3840127
272656	3840139
272657	3840157
272658	3840163
272659	3840169
272660	3840173
272661	3840191
272662	3840203
272663	3840211
272664	3840227
272665	3840253
272666	3840257
272667	3840259
272668	3840271
272669	3840289
272670	3840301
272671	3840307
272672	3840313
272673	3840329
272674	3840349
272675	3840359
272676	3840391
272677	3840401
272678	3840409
272679	3840449
272680	3840469
272681	3840479
272682	3840481
272683	3840503
272684	3840523
272685	3840533
272686	3840541
272687	3840547
272688	3840601
272689	3840647
272690	3840649
272691	3840667
272692	3840671
272693	3840689
272694	3840703
272695	3840713
272696	3840719
272697	3840721
272698	3840737
272699	3840761
272700	3840787
272701	3840791
272702	3840821
272703	3840829
272704	3840853
272705	3840911
272706	3840913
272707	3840923
272708	3840953
272709	3840961
272710	3840971
272711	3841009
272712	3841027
272713	3841039
272714	3841049
272715	3841063
272716	3841073
272717	3841087
272718	3841091
272719	3841111
272720	3841121
272721	3841127
272722	3841129
272723	3841139
272724	3841141
272725	3841153
272726	3841181
272727	3841199
272728	3841219
272729	3841223
272730	3841237
272731	3841247
272732	3841259
272733	3841261
272734	3841267
272735	3841283
272736	3841291
272737	3841301
272738	3841307
272739	3841309
272740	3841339
272741	3841351
272742	3841361
272743	3841367
272744	3841373
272745	3841381
272746	3841393
272747	3841399
272748	3841403
272749	3841429
272750	3841433
272751	3841457
272752	3841469
272753	3841499
272754	3841517
272755	3841531
272756	3841559
272757	3841561
272758	3841567
272759	3841573
272760	3841603
272761	3841619
272762	3841627
272763	3841631
272764	3841657
272765	3841679
272766	3841681
272767	3841693
272768	3841709
272769	3841729
272770	3841751
272771	3841753
272772	3841757
272773	3841763
272774	3841777
272775	3841787
272776	3841807
272777	3841829
272778	3841843
272779	3841867
272780	3841883
272781	3841889
272782	3841907
272783	3841909
272784	3841913
272785	3841919
272786	3841927
272787	3841961
272788	3841973
272789	3841991
272790	3841993
272791	3841997
272792	3842011
272793	3842029
272794	3842077
272795	3842089
272796	3842101
272797	3842143
272798	3842147
272799	3842149
272800	3842177
272801	3842183
272802	3842197
272803	3842213
272804	3842227
272805	3842231
272806	3842269
272807	3842281
272808	3842287
272809	3842299
272810	3842303
272811	3842317
272812	3842327
272813	3842353
272814	3842369
272815	3842381
272816	3842401
272817	3842411
272818	3842431
272819	3842483
272820	3842507
272821	3842519
272822	3842539
272823	3842549
272824	3842551
272825	3842557
272826	3842569
272827	3842599
272828	3842603
272829	3842627
272830	3842669
272831	3842677
272832	3842687
272833	3842689
272834	3842711
272835	3842717
272836	3842737
272837	3842749
272838	3842759
272839	3842777
272840	3842779
272841	3842801
272842	3842803
272843	3842809
272844	3842831
272845	3842843
272846	3842851
272847	3842873
272848	3842887
272849	3842899
272850	3842903
272851	3842929
272852	3842941
272853	3842947
272854	3842957
272855	3842963
272856	3842981
272857	3842989
272858	3842999
272859	3843023
272860	3843029
272861	3843031
272862	3843041
272863	3843067
272864	3843097
272865	3843107
272866	3843121
272867	3843127
272868	3843131
272869	3843137
272870	3843179
272871	3843181
272872	3843197
272873	3843199
272874	3843221
272875	3843223
272876	3843247
272877	3843251
272878	3843253
272879	3843311
272880	3843313
272881	3843317
272882	3843347
272883	3843361
272884	3843379
272885	3843407
272886	3843419
272887	3843451
272888	3843467
272889	3843533
272890	3843551
272891	3843557
272892	3843571
272893	3843577
272894	3843611
272895	3843617
272896	3843629
272897	3843661
272898	3843677
272899	3843701
272900	3843713
272901	3843731
272902	3843733
272903	3843739
272904	3843743
272905	3843773
272906	3843781
272907	3843823
272908	3843841
272909	3843859
272910	3843881
272911	3843883
272912	3843913
272913	3843919
272914	3843923
272915	3843937
272916	3843941
272917	3843943
272918	3843971
272919	3843977
272920	3844019
272921	3844021
272922	3844067
272923	3844069
272924	3844079
272925	3844097
272926	3844109
272927	3844111
272928	3844117
272929	3844121
272930	3844133
272931	3844187
272932	3844199
272933	3844229
272934	3844241
272935	3844273
272936	3844277
272937	3844301
272938	3844303
272939	3844307
272940	3844331
272941	3844333
272942	3844339
272943	3844343
272944	3844391
272945	3844409
272946	3844433
272947	3844439
272948	3844469
272949	3844537
272950	3844541
272951	3844549
272952	3844571
272953	3844583
272954	3844591
272955	3844613
272956	3844619
272957	3844627
272958	3844637
272959	3844649
272960	3844663
272961	3844667
272962	3844697
272963	3844717
272964	3844747
272965	3844751
272966	3844777
272967	3844801
272968	3844807
272969	3844823
272970	3844829
272971	3844843
272972	3844847
272973	3844861
272974	3844877
272975	3844901
272976	3844909
272977	3844921
272978	3844927
272979	3844943
272980	3844949
272981	3844957
272982	3844963
272983	3844987
272984	3844999
272985	3845027
272986	3845029
272987	3845033
272988	3845041
272989	3845057
272990	3845113
272991	3845119
272992	3845123
272993	3845143
272994	3845159
272995	3845173
272996	3845183
272997	3845221
272998	3845251
272999	3845263
273000	3845273
