274001	3860357
274002	3860359
274003	3860369
274004	3860383
274005	3860387
274006	3860431
274007	3860471
274008	3860489
274009	3860501
274010	3860537
274011	3860557
274012	3860561
274013	3860587
274014	3860611
274015	3860639
274016	3860641
274017	3860657
274018	3860663
274019	3860687
274020	3860723
274021	3860729
274022	3860737
274023	3860777
274024	3860807
274025	3860821
274026	3860827
274027	3860863
274028	3860867
274029	3860869
274030	3860893
274031	3860903
274032	3860917
274033	3860939
274034	3860947
274035	3860953
274036	3860959
274037	3860993
274038	3861007
274039	3861017
274040	3861041
274041	3861059
274042	3861073
274043	3861083
274044	3861113
274045	3861119
274046	3861167
274047	3861173
274048	3861203
274049	3861211
274050	3861223
274051	3861233
274052	3861241
274053	3861251
274054	3861259
274055	3861269
274056	3861289
274057	3861293
274058	3861317
274059	3861337
274060	3861343
274061	3861349
274062	3861383
274063	3861413
274064	3861419
274065	3861433
274066	3861439
274067	3861449
274068	3861461
274069	3861463
274070	3861521
274071	3861547
274072	3861551
274073	3861563
274074	3861581
274075	3861587
274076	3861589
274077	3861593
274078	3861607
274079	3861659
274080	3861709
274081	3861713
274082	3861719
274083	3861721
274084	3861743
274085	3861751
274086	3861811
274087	3861817
274088	3861821
274089	3861841
274090	3861857
274091	3861863
274092	3861877
274093	3861881
274094	3861889
274095	3861899
274096	3861911
274097	3861929
274098	3861961
274099	3861967
274100	3861983
274101	3861989
274102	3862003
274103	3862007
274104	3862013
274105	3862039
274106	3862049
274107	3862051
274108	3862063
274109	3862087
274110	3862099
274111	3862109
274112	3862121
274113	3862141
274114	3862147
274115	3862151
274116	3862153
274117	3862169
274118	3862181
274119	3862189
274120	3862193
274121	3862219
274122	3862237
274123	3862253
274124	3862267
274125	3862277
274126	3862279
274127	3862289
274128	3862291
274129	3862343
274130	3862361
274131	3862363
274132	3862373
274133	3862403
274134	3862409
274135	3862421
274136	3862427
274137	3862433
274138	3862447
274139	3862477
274140	3862489
274141	3862493
274142	3862531
274143	3862549
274144	3862559
274145	3862577
274146	3862589
274147	3862591
274148	3862609
274149	3862673
274150	3862699
274151	3862709
274152	3862711
274153	3862717
274154	3862739
274155	3862741
274156	3862769
274157	3862783
274158	3862787
274159	3862811
274160	3862841
274161	3862847
274162	3862849
274163	3862853
274164	3862861
274165	3862891
274166	3862921
274167	3862933
274168	3862939
274169	3862987
274170	3862993
274171	3862997
274172	3863009
274173	3863017
274174	3863107
274175	3863173
274176	3863183
274177	3863201
274178	3863203
274179	3863239
274180	3863243
274181	3863257
274182	3863269
274183	3863273
274184	3863291
274185	3863297
274186	3863303
274187	3863309
274188	3863311
274189	3863317
274190	3863339
274191	3863347
274192	3863393
274193	3863399
274194	3863407
274195	3863411
274196	3863417
274197	3863423
274198	3863443
274199	3863473
274200	3863477
274201	3863501
274202	3863513
274203	3863521
274204	3863533
274205	3863549
274206	3863569
274207	3863581
274208	3863591
274209	3863603
274210	3863611
274211	3863677
274212	3863681
274213	3863683
274214	3863687
274215	3863737
274216	3863759
274217	3863771
274218	3863773
274219	3863789
274220	3863803
274221	3863831
274222	3863833
274223	3863837
274224	3863843
274225	3863857
274226	3863861
274227	3863863
274228	3863887
274229	3863903
274230	3863911
274231	3863971
274232	3863987
274233	3864019
274234	3864037
274235	3864059
274236	3864089
274237	3864097
274238	3864101
274239	3864131
274240	3864137
274241	3864139
274242	3864187
274243	3864191
274244	3864193
274245	3864197
274246	3864233
274247	3864247
274248	3864269
274249	3864307
274250	3864313
274251	3864319
274252	3864331
274253	3864347
274254	3864349
274255	3864403
274256	3864407
274257	3864409
274258	3864433
274259	3864449
274260	3864451
274261	3864461
274262	3864463
274263	3864473
274264	3864479
274265	3864499
274266	3864521
274267	3864541
274268	3864551
274269	3864557
274270	3864583
274271	3864587
274272	3864599
274273	3864607
274274	3864629
274275	3864643
274276	3864671
274277	3864673
274278	3864683
274279	3864691
274280	3864697
274281	3864703
274282	3864709
274283	3864719
274284	3864767
274285	3864781
274286	3864787
274287	3864793
274288	3864803
274289	3864811
274290	3864821
274291	3864827
274292	3864829
274293	3864841
274294	3864871
274295	3864901
274296	3864929
274297	3864941
274298	3864953
274299	3864977
274300	3864979
274301	3865007
274302	3865009
274303	3865013
274304	3865019
274305	3865063
274306	3865079
274307	3865093
274308	3865117
274309	3865123
274310	3865133
274311	3865153
274312	3865157
274313	3865187
274314	3865229
274315	3865231
274316	3865243
274317	3865247
274318	3865283
274319	3865289
274320	3865321
274321	3865331
274322	3865333
274323	3865349
274324	3865361
274325	3865363
274326	3865429
274327	3865447
274328	3865457
274329	3865469
274330	3865481
274331	3865513
274332	3865517
274333	3865523
274334	3865529
274335	3865553
274336	3865567
274337	3865577
274338	3865591
274339	3865601
274340	3865637
274341	3865663
274342	3865691
274343	3865733
274344	3865747
274345	3865769
274346	3865777
274347	3865801
274348	3865819
274349	3865847
274350	3865853
274351	3865859
274352	3865867
274353	3865877
274354	3865889
274355	3865907
274356	3865913
274357	3865933
274358	3865943
274359	3865951
274360	3865957
274361	3865963
274362	3865969
274363	3865991
274364	3865993
274365	3866011
274366	3866033
274367	3866039
274368	3866081
274369	3866099
274370	3866117
274371	3866141
274372	3866143
274373	3866147
274374	3866171
274375	3866183
274376	3866201
274377	3866237
274378	3866243
274379	3866263
274380	3866281
274381	3866287
274382	3866333
274383	3866393
274384	3866399
274385	3866419
274386	3866437
274387	3866441
274388	3866453
274389	3866479
274390	3866543
274391	3866581
274392	3866609
274393	3866617
274394	3866623
274395	3866627
274396	3866647
274397	3866651
274398	3866713
274399	3866717
274400	3866719
274401	3866741
274402	3866749
274403	3866767
274404	3866777
274405	3866791
274406	3866809
274407	3866839
274408	3866857
274409	3866867
274410	3866869
274411	3866879
274412	3866881
274413	3866903
274414	3866911
274415	3866917
274416	3866923
274417	3866927
274418	3866957
274419	3866963
274420	3866969
274421	3866977
274422	3866983
274423	3867001
274424	3867011
274425	3867047
274426	3867077
274427	3867091
274428	3867107
274429	3867131
274430	3867133
274431	3867137
274432	3867163
274433	3867169
274434	3867181
274435	3867191
274436	3867209
274437	3867221
274438	3867223
274439	3867229
274440	3867233
274441	3867239
274442	3867257
274443	3867263
274444	3867271
274445	3867323
274446	3867337
274447	3867349
274448	3867359
274449	3867361
274450	3867371
274451	3867389
274452	3867401
274453	3867421
274454	3867433
274455	3867443
274456	3867481
274457	3867491
274458	3867503
274459	3867533
274460	3867541
274461	3867557
274462	3867587
274463	3867599
274464	3867601
274465	3867623
274466	3867629
274467	3867649
274468	3867679
274469	3867683
274470	3867691
274471	3867707
274472	3867713
274473	3867733
274474	3867739
274475	3867757
274476	3867763
274477	3867767
274478	3867769
274479	3867779
274480	3867797
274481	3867803
274482	3867847
274483	3867859
274484	3867881
274485	3867889
274486	3867911
274487	3867923
274488	3867931
274489	3867937
274490	3867947
274491	3867961
274492	3868003
274493	3868013
274494	3868019
274495	3868021
274496	3868031
274497	3868043
274498	3868057
274499	3868079
274500	3868093
274501	3868097
274502	3868121
274503	3868133
274504	3868141
274505	3868159
274506	3868169
274507	3868177
274508	3868187
274509	3868201
274510	3868213
274511	3868219
274512	3868243
274513	3868247
274514	3868253
274515	3868259
274516	3868261
274517	3868279
274518	3868283
274519	3868297
274520	3868321
274521	3868331
274522	3868357
274523	3868399
274524	3868427
274525	3868441
274526	3868463
274527	3868477
274528	3868481
274529	3868483
274530	3868493
274531	3868517
274532	3868541
274533	3868549
274534	3868567
274535	3868591
274536	3868619
274537	3868649
274538	3868679
274539	3868699
274540	3868717
274541	3868721
274542	3868729
274543	3868751
274544	3868763
274545	3868789
274546	3868793
274547	3868811
274548	3868817
274549	3868847
274550	3868849
274551	3868897
274552	3868901
274553	3868933
274554	3868937
274555	3868957
274556	3868961
274557	3868973
274558	3868981
274559	3868987
274560	3868999
274561	3869009
274562	3869023
274563	3869029
274564	3869051
274565	3869057
274566	3869069
274567	3869101
274568	3869111
274569	3869113
274570	3869123
274571	3869153
274572	3869167
274573	3869189
274574	3869191
274575	3869197
274576	3869213
274577	3869231
274578	3869263
274579	3869297
274580	3869311
274581	3869321
274582	3869329
274583	3869351
274584	3869399
274585	3869417
274586	3869461
274587	3869473
274588	3869501
274589	3869561
274590	3869573
274591	3869581
274592	3869603
274593	3869611
274594	3869623
274595	3869627
274596	3869629
274597	3869639
274598	3869641
274599	3869647
274600	3869653
274601	3869683
274602	3869687
274603	3869729
274604	3869741
274605	3869743
274606	3869753
274607	3869759
274608	3869791
274609	3869797
274610	3869807
274611	3869849
274612	3869857
274613	3869861
274614	3869881
274615	3869917
274616	3869959
274617	3869989
274618	3869993
274619	3870001
274620	3870011
274621	3870037
274622	3870047
274623	3870059
274624	3870073
274625	3870077
274626	3870149
274627	3870157
274628	3870173
274629	3870179
274630	3870193
274631	3870197
274632	3870199
274633	3870211
274634	3870227
274635	3870239
274636	3870247
274637	3870259
274638	3870283
274639	3870299
274640	3870337
274641	3870401
274642	3870413
274643	3870437
274644	3870439
274645	3870457
274646	3870467
274647	3870469
274648	3870479
274649	3870499
274650	3870527
274651	3870551
274652	3870557
274653	3870563
274654	3870599
274655	3870613
274656	3870617
274657	3870619
274658	3870631
274659	3870649
274660	3870653
274661	3870667
274662	3870689
274663	3870697
274664	3870703
274665	3870709
274666	3870719
274667	3870721
274668	3870751
274669	3870767
274670	3870773
274671	3870793
274672	3870803
274673	3870821
274674	3870827
274675	3870847
274676	3870863
274677	3870869
274678	3870899
274679	3870913
274680	3870929
274681	3870941
274682	3870947
274683	3870953
274684	3870959
274685	3870983
274686	3871009
274687	3871013
274688	3871039
274689	3871073
274690	3871081
274691	3871103
274692	3871111
274693	3871129
274694	3871139
274695	3871151
274696	3871159
274697	3871171
274698	3871177
274699	3871201
274700	3871211
274701	3871271
274702	3871303
274703	3871319
274704	3871321
274705	3871331
274706	3871339
274707	3871363
274708	3871381
274709	3871391
274710	3871397
274711	3871423
274712	3871433
274713	3871447
274714	3871481
274715	3871499
274716	3871501
274717	3871523
274718	3871537
274719	3871547
274720	3871579
274721	3871583
274722	3871601
274723	3871603
274724	3871607
274725	3871619
274726	3871657
274727	3871661
274728	3871663
274729	3871669
274730	3871691
274731	3871759
274732	3871781
274733	3871783
274734	3871787
274735	3871811
274736	3871817
274737	3871823
274738	3871831
274739	3871841
274740	3871871
274741	3871883
274742	3871909
274743	3871919
274744	3871921
274745	3871961
274746	3871969
274747	3872017
274748	3872023
274749	3872041
274750	3872047
274751	3872059
274752	3872101
274753	3872129
274754	3872153
274755	3872201
274756	3872203
274757	3872207
274758	3872221
274759	3872237
274760	3872249
274761	3872273
274762	3872287
274763	3872291
274764	3872293
274765	3872299
274766	3872317
274767	3872329
274768	3872359
274769	3872381
274770	3872387
274771	3872389
274772	3872417
274773	3872423
274774	3872459
274775	3872503
274776	3872507
274777	3872521
274778	3872527
274779	3872543
274780	3872567
274781	3872587
274782	3872591
274783	3872647
274784	3872669
274785	3872677
274786	3872681
274787	3872731
274788	3872761
274789	3872767
274790	3872773
274791	3872777
274792	3872797
274793	3872807
274794	3872833
274795	3872839
274796	3872851
274797	3872873
274798	3872887
274799	3872893
274800	3872899
274801	3872917
274802	3872929
274803	3872933
274804	3872959
274805	3872963
274806	3872969
274807	3872971
274808	3872977
274809	3873007
274810	3873011
274811	3873041
274812	3873061
274813	3873071
274814	3873091
274815	3873101
274816	3873151
274817	3873157
274818	3873179
274819	3873193
274820	3873209
274821	3873239
274822	3873257
274823	3873281
274824	3873299
274825	3873313
274826	3873323
274827	3873329
274828	3873343
274829	3873349
274830	3873367
274831	3873371
274832	3873379
274833	3873383
274834	3873391
274835	3873413
274836	3873427
274837	3873431
274838	3873437
274839	3873461
274840	3873479
274841	3873487
274842	3873491
274843	3873497
274844	3873509
274845	3873517
274846	3873577
274847	3873629
274848	3873631
274849	3873647
274850	3873659
274851	3873677
274852	3873679
274853	3873691
274854	3873697
274855	3873707
274856	3873713
274857	3873719
274858	3873731
274859	3873743
274860	3873767
274861	3873769
274862	3873781
274863	3873799
274864	3873809
274865	3873811
274866	3873817
274867	3873829
274868	3873833
274869	3873839
274870	3873847
274871	3873871
274872	3873893
274873	3873901
274874	3873911
274875	3873931
274876	3873941
274877	3873983
274878	3873997
274879	3874009
274880	3874027
274881	3874067
274882	3874093
274883	3874099
274884	3874103
274885	3874109
274886	3874111
274887	3874133
274888	3874151
274889	3874153
274890	3874193
274891	3874201
274892	3874219
274893	3874229
274894	3874231
274895	3874237
274896	3874243
274897	3874279
274898	3874319
274899	3874333
274900	3874337
274901	3874361
274902	3874369
274903	3874379
274904	3874391
274905	3874393
274906	3874417
274907	3874433
274908	3874439
274909	3874441
274910	3874469
274911	3874501
274912	3874513
274913	3874531
274914	3874547
274915	3874561
274916	3874571
274917	3874573
274918	3874579
274919	3874583
274920	3874639
274921	3874669
274922	3874679
274923	3874693
274924	3874697
274925	3874711
274926	3874723
274927	3874733
274928	3874747
274929	3874753
274930	3874763
274931	3874799
274932	3874807
274933	3874823
274934	3874831
274935	3874837
274936	3874853
274937	3874867
274938	3874877
274939	3874889
274940	3874891
274941	3874919
274942	3874933
274943	3874939
274944	3874957
274945	3874979
274946	3874987
274947	3875041
274948	3875051
274949	3875057
274950	3875087
274951	3875089
274952	3875101
274953	3875141
274954	3875143
274955	3875159
274956	3875161
274957	3875173
274958	3875177
274959	3875239
274960	3875243
274961	3875273
274962	3875281
274963	3875309
274964	3875317
274965	3875321
274966	3875323
274967	3875329
274968	3875359
274969	3875363
274970	3875369
274971	3875381
274972	3875383
274973	3875387
274974	3875401
274975	3875407
274976	3875429
274977	3875447
274978	3875453
274979	3875467
274980	3875537
274981	3875539
274982	3875549
274983	3875551
274984	3875567
274985	3875591
274986	3875603
274987	3875617
274988	3875623
274989	3875629
274990	3875653
274991	3875671
274992	3875681
274993	3875693
274994	3875699
274995	3875741
274996	3875743
274997	3875747
274998	3875797
274999	3875803
275000	3875827
