275001	3875869
275002	3875873
275003	3875909
275004	3875917
275005	3875929
275006	3875933
275007	3875939
275008	3875947
275009	3875951
275010	3875957
275011	3875987
275012	3876007
275013	3876011
275014	3876031
275015	3876073
275016	3876079
275017	3876091
275018	3876101
275019	3876107
275020	3876109
275021	3876143
275022	3876161
275023	3876179
275024	3876203
275025	3876253
275026	3876269
275027	3876277
275028	3876287
275029	3876307
275030	3876311
275031	3876317
275032	3876319
275033	3876329
275034	3876347
275035	3876371
275036	3876403
275037	3876413
275038	3876449
275039	3876469
275040	3876491
275041	3876497
275042	3876539
275043	3876557
275044	3876569
275045	3876577
275046	3876583
275047	3876599
275048	3876617
275049	3876619
275050	3876641
275051	3876659
275052	3876661
275053	3876679
275054	3876707
275055	3876709
275056	3876739
275057	3876773
275058	3876781
275059	3876787
275060	3876793
275061	3876827
275062	3876869
275063	3876881
275064	3876907
275065	3876913
275066	3876937
275067	3876941
275068	3876947
275069	3876959
275070	3876973
275071	3876979
275072	3876991
275073	3876997
275074	3877033
275075	3877043
275076	3877057
275077	3877061
275078	3877063
275079	3877073
275080	3877079
275081	3877123
275082	3877151
275083	3877189
275084	3877219
275085	3877243
275086	3877259
275087	3877283
275088	3877331
275089	3877337
275090	3877339
275091	3877361
275092	3877373
275093	3877397
275094	3877403
275095	3877417
275096	3877441
275097	3877451
275098	3877477
275099	3877481
275100	3877483
275101	3877487
275102	3877507
275103	3877543
275104	3877571
275105	3877589
275106	3877597
275107	3877603
275108	3877609
275109	3877613
275110	3877631
275111	3877633
275112	3877663
275113	3877667
275114	3877669
275115	3877673
275116	3877681
275117	3877703
275118	3877733
275119	3877763
275120	3877771
275121	3877781
275122	3877789
275123	3877799
275124	3877801
275125	3877813
275126	3877817
275127	3877837
275128	3877849
275129	3877871
275130	3877877
275131	3877879
275132	3877889
275133	3877891
275134	3877897
275135	3877901
275136	3877927
275137	3877943
275138	3877987
275139	3877999
275140	3878003
275141	3878051
275142	3878093
275143	3878101
275144	3878107
275145	3878113
275146	3878137
275147	3878143
275148	3878177
275149	3878183
275150	3878207
275151	3878209
275152	3878219
275153	3878221
275154	3878263
275155	3878267
275156	3878269
275157	3878279
275158	3878291
275159	3878297
275160	3878323
275161	3878359
275162	3878389
275163	3878401
275164	3878423
275165	3878447
275166	3878449
275167	3878491
275168	3878519
275169	3878521
275170	3878543
275171	3878549
275172	3878561
275173	3878597
275174	3878617
275175	3878621
275176	3878629
275177	3878647
275178	3878653
275179	3878657
275180	3878681
275181	3878687
275182	3878701
275183	3878713
275184	3878741
275185	3878753
275186	3878759
275187	3878761
275188	3878767
275189	3878773
275190	3878783
275191	3878843
275192	3878867
275193	3878879
275194	3878893
275195	3878899
275196	3878921
275197	3878923
275198	3878947
275199	3878981
275200	3878993
275201	3879023
275202	3879047
275203	3879049
275204	3879067
275205	3879101
275206	3879119
275207	3879121
275208	3879143
275209	3879149
275210	3879151
275211	3879163
275212	3879167
275213	3879181
275214	3879193
275215	3879199
275216	3879221
275217	3879257
275218	3879259
275219	3879263
275220	3879269
275221	3879277
275222	3879283
275223	3879307
275224	3879311
275225	3879319
275226	3879329
275227	3879347
275228	3879353
275229	3879361
275230	3879397
275231	3879437
275232	3879509
275233	3879517
275234	3879527
275235	3879529
275236	3879541
275237	3879569
275238	3879581
275239	3879593
275240	3879607
275241	3879641
275242	3879671
275243	3879679
275244	3879691
275245	3879697
275246	3879719
275247	3879721
275248	3879727
275249	3879737
275250	3879739
275251	3879749
275252	3879751
275253	3879773
275254	3879793
275255	3879797
275256	3879817
275257	3879829
275258	3879839
275259	3879851
275260	3879853
275261	3879913
275262	3879917
275263	3879919
275264	3879923
275265	3879943
275266	3879959
275267	3879979
275268	3879983
275269	3879989
275270	3880003
275271	3880007
275272	3880033
275273	3880043
275274	3880049
275275	3880057
275276	3880061
275277	3880067
275278	3880069
275279	3880091
275280	3880099
275281	3880127
275282	3880139
275283	3880147
275284	3880157
275285	3880159
275286	3880181
275287	3880189
275288	3880193
275289	3880207
275290	3880223
275291	3880241
275292	3880249
275293	3880259
275294	3880337
275295	3880343
275296	3880361
275297	3880381
275298	3880411
275299	3880421
275300	3880441
275301	3880447
275302	3880451
275303	3880453
275304	3880507
275305	3880517
275306	3880543
275307	3880553
275308	3880561
275309	3880567
275310	3880589
275311	3880601
275312	3880603
275313	3880627
275314	3880631
275315	3880633
275316	3880661
275317	3880663
275318	3880729
275319	3880733
275320	3880757
275321	3880763
275322	3880771
275323	3880781
275324	3880801
275325	3880817
275326	3880847
275327	3880853
275328	3880861
275329	3880871
275330	3880889
275331	3880897
275332	3880901
275333	3880907
275334	3880927
275335	3880949
275336	3880999
275337	3881021
275338	3881027
275339	3881029
275340	3881057
275341	3881063
275342	3881069
275343	3881071
275344	3881077
275345	3881093
275346	3881113
275347	3881131
275348	3881147
275349	3881161
275350	3881173
275351	3881177
275352	3881203
275353	3881209
275354	3881221
275355	3881239
275356	3881249
275357	3881291
275358	3881299
275359	3881303
275360	3881323
275361	3881333
275362	3881341
275363	3881351
275364	3881359
275365	3881363
275366	3881387
275367	3881393
275368	3881407
275369	3881413
275370	3881419
275371	3881431
275372	3881441
275373	3881443
275374	3881461
275375	3881467
275376	3881509
275377	3881543
275378	3881573
275379	3881587
275380	3881597
275381	3881609
275382	3881611
275383	3881659
275384	3881671
275385	3881699
275386	3881711
275387	3881723
275388	3881741
275389	3881743
275390	3881803
275391	3881807
275392	3881837
275393	3881849
275394	3881863
275395	3881869
275396	3881873
275397	3881887
275398	3881951
275399	3881953
275400	3881959
275401	3881987
275402	3881989
275403	3882007
275404	3882019
275405	3882029
275406	3882031
275407	3882071
275408	3882079
275409	3882089
275410	3882107
275411	3882121
275412	3882133
275413	3882149
275414	3882157
275415	3882163
275416	3882191
275417	3882227
275418	3882233
275419	3882311
275420	3882313
275421	3882343
275422	3882353
275423	3882367
275424	3882383
275425	3882397
275426	3882401
275427	3882407
275428	3882421
275429	3882451
275430	3882481
275431	3882523
275432	3882539
275433	3882547
275434	3882553
275435	3882559
275436	3882563
275437	3882569
275438	3882587
275439	3882601
275440	3882643
275441	3882649
275442	3882661
275443	3882667
275444	3882679
275445	3882691
275446	3882713
275447	3882721
275448	3882733
275449	3882737
275450	3882763
275451	3882773
275452	3882787
275453	3882799
275454	3882841
275455	3882871
275456	3882877
275457	3882881
275458	3882887
275459	3882889
275460	3882899
275461	3882911
275462	3882913
275463	3882937
275464	3882941
275465	3882947
275466	3882959
275467	3883001
275468	3883027
275469	3883031
275470	3883037
275471	3883051
275472	3883063
275473	3883073
275474	3883079
275475	3883109
275476	3883111
275477	3883127
275478	3883133
275479	3883169
275480	3883171
275481	3883177
275482	3883183
275483	3883189
275484	3883207
275485	3883211
275486	3883213
275487	3883219
275488	3883223
275489	3883247
275490	3883249
275491	3883273
275492	3883283
275493	3883291
275494	3883301
275495	3883307
275496	3883309
275497	3883333
275498	3883379
275499	3883393
275500	3883417
275501	3883423
275502	3883427
275503	3883433
275504	3883441
275505	3883489
275506	3883493
275507	3883499
275508	3883501
275509	3883519
275510	3883541
275511	3883547
275512	3883549
275513	3883559
275514	3883571
275515	3883591
275516	3883597
275517	3883601
275518	3883637
275519	3883639
275520	3883669
275521	3883679
275522	3883699
275523	3883703
275524	3883727
275525	3883811
275526	3883823
275527	3883829
275528	3883843
275529	3883903
275530	3883921
275531	3883933
275532	3883937
275533	3883951
275534	3883963
275535	3883967
275536	3883969
275537	3884011
275538	3884047
275539	3884051
275540	3884063
275541	3884071
275542	3884081
275543	3884093
275544	3884099
275545	3884117
275546	3884123
275547	3884131
275548	3884141
275549	3884159
275550	3884161
275551	3884183
275552	3884203
275553	3884213
275554	3884239
275555	3884261
275556	3884267
275557	3884291
275558	3884311
275559	3884333
275560	3884389
275561	3884399
275562	3884407
275563	3884411
275564	3884429
275565	3884431
275566	3884473
275567	3884497
275568	3884533
275569	3884537
275570	3884591
275571	3884609
275572	3884659
275573	3884689
275574	3884693
275575	3884707
275576	3884717
275577	3884729
275578	3884731
275579	3884747
275580	3884767
275581	3884807
275582	3884819
275583	3884831
275584	3884833
275585	3884843
275586	3884893
275587	3884899
275588	3884917
275589	3884929
275590	3884977
275591	3884989
275592	3885001
275593	3885017
275594	3885019
275595	3885031
275596	3885041
275597	3885047
275598	3885071
275599	3885073
275600	3885103
275601	3885107
275602	3885109
275603	3885121
275604	3885127
275605	3885149
275606	3885181
275607	3885187
275608	3885221
275609	3885223
275610	3885241
275611	3885247
275612	3885251
275613	3885281
275614	3885293
275615	3885319
275616	3885331
275617	3885337
275618	3885347
275619	3885361
275620	3885373
275621	3885379
275622	3885403
275623	3885421
275624	3885433
275625	3885461
275626	3885487
275627	3885499
275628	3885521
275629	3885533
275630	3885569
275631	3885577
275632	3885599
275633	3885619
275634	3885641
275635	3885647
275636	3885653
275637	3885667
275638	3885677
275639	3885691
275640	3885697
275641	3885719
275642	3885727
275643	3885733
275644	3885737
275645	3885743
275646	3885751
275647	3885767
275648	3885779
275649	3885787
275650	3885803
275651	3885821
275652	3885841
275653	3885859
275654	3885941
275655	3885961
275656	3885967
275657	3885983
275658	3885989
275659	3885991
275660	3885997
275661	3886027
275662	3886031
275663	3886037
275664	3886049
275665	3886061
275666	3886063
275667	3886079
275668	3886093
275669	3886109
275670	3886117
275671	3886121
275672	3886151
275673	3886159
275674	3886171
275675	3886187
275676	3886193
275677	3886199
275678	3886229
275679	3886231
275680	3886237
275681	3886273
275682	3886283
275683	3886291
275684	3886303
275685	3886307
275686	3886321
275687	3886339
275688	3886343
275689	3886357
275690	3886361
275691	3886391
275692	3886397
275693	3886403
275694	3886417
275695	3886423
275696	3886429
275697	3886433
275698	3886453
275699	3886457
275700	3886459
275701	3886481
275702	3886537
275703	3886559
275704	3886573
275705	3886577
275706	3886601
275707	3886637
275708	3886643
275709	3886651
275710	3886661
275711	3886679
275712	3886699
275713	3886709
275714	3886717
275715	3886723
275716	3886733
275717	3886741
275718	3886769
275719	3886777
275720	3886787
275721	3886789
275722	3886801
275723	3886819
275724	3886823
275725	3886837
275726	3886843
275727	3886847
275728	3886867
275729	3886889
275730	3886919
275731	3886937
275732	3886951
275733	3886991
275734	3887003
275735	3887011
275736	3887017
275737	3887021
275738	3887047
275739	3887053
275740	3887057
275741	3887083
275742	3887111
275743	3887129
275744	3887167
275745	3887171
275746	3887173
275747	3887197
275748	3887227
275749	3887239
275750	3887281
275751	3887291
275752	3887293
275753	3887297
275754	3887311
275755	3887357
275756	3887383
275757	3887393
275758	3887399
275759	3887449
275760	3887453
275761	3887461
275762	3887467
275763	3887473
275764	3887489
275765	3887491
275766	3887503
275767	3887519
275768	3887531
275769	3887549
275770	3887551
275771	3887557
275772	3887561
275773	3887563
275774	3887567
275775	3887573
275776	3887581
275777	3887623
275778	3887641
275779	3887657
275780	3887659
275781	3887671
275782	3887683
275783	3887707
275784	3887731
275785	3887749
275786	3887753
275787	3887771
275788	3887777
275789	3887783
275790	3887789
275791	3887831
275792	3887839
275793	3887843
275794	3887861
275795	3887867
275796	3887881
275797	3887893
275798	3887899
275799	3887903
275800	3887911
275801	3887959
275802	3887963
275803	3887971
275804	3887993
275805	3887999
275806	3888007
275807	3888013
275808	3888023
275809	3888029
275810	3888047
275811	3888067
275812	3888083
275813	3888091
275814	3888107
275815	3888149
275816	3888151
275817	3888163
275818	3888193
275819	3888253
275820	3888271
275821	3888281
275822	3888337
275823	3888341
275824	3888347
275825	3888383
275826	3888389
275827	3888397
275828	3888413
275829	3888421
275830	3888431
275831	3888463
275832	3888503
275833	3888509
275834	3888517
275835	3888527
275836	3888539
275837	3888551
275838	3888553
275839	3888571
275840	3888593
275841	3888607
275842	3888611
275843	3888629
275844	3888653
275845	3888683
275846	3888713
275847	3888719
275848	3888721
275849	3888761
275850	3888763
275851	3888823
275852	3888847
275853	3888851
275854	3888887
275855	3888889
275856	3888893
275857	3888917
275858	3888923
275859	3888931
275860	3888967
275861	3888991
275862	3889007
275863	3889009
275864	3889013
275865	3889027
275866	3889031
275867	3889037
275868	3889063
275869	3889079
275870	3889157
275871	3889159
275872	3889163
275873	3889169
275874	3889183
275875	3889187
275876	3889189
275877	3889199
275878	3889201
275879	3889217
275880	3889241
275881	3889253
275882	3889261
275883	3889279
275884	3889289
275885	3889313
275886	3889331
275887	3889337
275888	3889349
275889	3889351
275890	3889373
275891	3889387
275892	3889397
275893	3889399
275894	3889411
275895	3889423
275896	3889427
275897	3889441
275898	3889453
275899	3889489
275900	3889493
275901	3889519
275902	3889537
275903	3889591
275904	3889607
275905	3889621
275906	3889631
275907	3889649
275908	3889657
275909	3889667
275910	3889679
275911	3889727
275912	3889729
275913	3889733
275914	3889759
275915	3889763
275916	3889777
275917	3889801
275918	3889807
275919	3889817
275920	3889843
275921	3889859
275922	3889867
275923	3889891
275924	3889901
275925	3889913
275926	3889933
275927	3889937
275928	3889939
275929	3889969
275930	3889993
275931	3890011
275932	3890021
275933	3890027
275934	3890053
275935	3890057
275936	3890063
275937	3890071
275938	3890083
275939	3890111
275940	3890113
275941	3890119
275942	3890129
275943	3890149
275944	3890171
275945	3890179
275946	3890189
275947	3890191
275948	3890219
275949	3890239
275950	3890261
275951	3890267
275952	3890309
275953	3890311
275954	3890317
275955	3890323
275956	3890329
275957	3890333
275958	3890347
275959	3890351
275960	3890353
275961	3890357
275962	3890377
275963	3890387
275964	3890417
275965	3890423
275966	3890429
275967	3890431
275968	3890503
275969	3890507
275970	3890521
275971	3890527
275972	3890543
275973	3890561
275974	3890563
275975	3890581
275976	3890591
275977	3890609
275978	3890633
275979	3890639
275980	3890651
275981	3890659
275982	3890693
275983	3890699
275984	3890701
275985	3890713
275986	3890737
275987	3890743
275988	3890753
275989	3890759
275990	3890771
275991	3890819
275992	3890833
275993	3890849
275994	3890851
275995	3890863
275996	3890879
275997	3890927
275998	3890951
275999	3890963
276000	3890969
