276001	3890981
276002	3891037
276003	3891049
276004	3891053
276005	3891061
276006	3891077
276007	3891103
276008	3891131
276009	3891137
276010	3891157
276011	3891161
276012	3891197
276013	3891203
276014	3891229
276015	3891241
276016	3891247
276017	3891259
276018	3891263
276019	3891287
276020	3891323
276021	3891331
276022	3891343
276023	3891353
276024	3891359
276025	3891379
276026	3891383
276027	3891389
276028	3891403
276029	3891431
276030	3891449
276031	3891451
276032	3891467
276033	3891469
276034	3891493
276035	3891527
276036	3891541
276037	3891551
276038	3891571
276039	3891593
276040	3891659
276041	3891673
276042	3891677
276043	3891683
276044	3891689
276045	3891707
276046	3891721
276047	3891733
276048	3891743
276049	3891749
276050	3891757
276051	3891763
276052	3891773
276053	3891779
276054	3891781
276055	3891803
276056	3891821
276057	3891841
276058	3891847
276059	3891851
276060	3891857
276061	3891863
276062	3891869
276063	3891871
276064	3891883
276065	3891893
276066	3891907
276067	3891913
276068	3891917
276069	3891971
276070	3891977
276071	3892001
276072	3892027
276073	3892039
276074	3892051
276075	3892069
276076	3892087
276077	3892103
276078	3892111
276079	3892123
276080	3892151
276081	3892159
276082	3892181
276083	3892183
276084	3892193
276085	3892199
276086	3892219
276087	3892247
276088	3892249
276089	3892261
276090	3892271
276091	3892279
276092	3892309
276093	3892331
276094	3892333
276095	3892367
276096	3892379
276097	3892387
276098	3892393
276099	3892411
276100	3892457
276101	3892459
276102	3892463
276103	3892477
276104	3892481
276105	3892519
276106	3892571
276107	3892573
276108	3892601
276109	3892607
276110	3892619
276111	3892621
276112	3892627
276113	3892631
276114	3892649
276115	3892657
276116	3892697
276117	3892741
276118	3892751
276119	3892753
276120	3892789
276121	3892799
276122	3892817
276123	3892829
276124	3892831
276125	3892841
276126	3892849
276127	3892877
276128	3892897
276129	3892907
276130	3892913
276131	3892921
276132	3892939
276133	3892943
276134	3892951
276135	3892961
276136	3892969
276137	3892979
276138	3893023
276139	3893027
276140	3893053
276141	3893059
276142	3893063
276143	3893069
276144	3893089
276145	3893093
276146	3893101
276147	3893107
276148	3893111
276149	3893137
276150	3893159
276151	3893167
276152	3893171
276153	3893173
276154	3893179
276155	3893191
276156	3893207
276157	3893209
276158	3893213
276159	3893243
276160	3893249
276161	3893257
276162	3893269
276163	3893273
276164	3893287
276165	3893291
276166	3893299
276167	3893317
276168	3893353
276169	3893359
276170	3893363
276171	3893369
276172	3893381
276173	3893387
276174	3893419
276175	3893431
276176	3893471
276177	3893479
276178	3893489
276179	3893497
276180	3893531
276181	3893543
276182	3893557
276183	3893563
276184	3893567
276185	3893579
276186	3893597
276187	3893609
276188	3893633
276189	3893657
276190	3893671
276191	3893683
276192	3893707
276193	3893719
276194	3893741
276195	3893749
276196	3893753
276197	3893759
276198	3893819
276199	3893849
276200	3893861
276201	3893863
276202	3893881
276203	3893891
276204	3893899
276205	3893909
276206	3893927
276207	3893933
276208	3893957
276209	3893959
276210	3893971
276211	3893977
276212	3893983
276213	3894001
276214	3894013
276215	3894019
276216	3894029
276217	3894041
276218	3894043
276219	3894047
276220	3894049
276221	3894053
276222	3894083
276223	3894101
276224	3894103
276225	3894113
276226	3894119
276227	3894131
276228	3894133
276229	3894151
276230	3894157
276231	3894167
276232	3894169
276233	3894181
276234	3894193
276235	3894197
276236	3894203
276237	3894211
276238	3894217
276239	3894223
276240	3894227
276241	3894229
276242	3894239
276243	3894269
276244	3894307
276245	3894329
276246	3894347
276247	3894349
276248	3894353
276249	3894391
276250	3894409
276251	3894419
276252	3894431
276253	3894433
276254	3894469
276255	3894481
276256	3894511
276257	3894523
276258	3894529
276259	3894557
276260	3894571
276261	3894587
276262	3894589
276263	3894593
276264	3894619
276265	3894637
276266	3894673
276267	3894689
276268	3894691
276269	3894697
276270	3894703
276271	3894707
276272	3894733
276273	3894763
276274	3894833
276275	3894857
276276	3894859
276277	3894881
276278	3894883
276279	3894893
276280	3894899
276281	3894923
276282	3894949
276283	3894973
276284	3894977
276285	3894991
276286	3895037
276287	3895039
276288	3895043
276289	3895049
276290	3895051
276291	3895079
276292	3895097
276293	3895117
276294	3895127
276295	3895139
276296	3895153
276297	3895169
276298	3895183
276299	3895231
276300	3895289
276301	3895291
276302	3895337
276303	3895343
276304	3895351
276305	3895379
276306	3895387
276307	3895391
276308	3895403
276309	3895421
276310	3895427
276311	3895433
276312	3895453
276313	3895459
276314	3895481
276315	3895511
276316	3895531
276317	3895543
276318	3895561
276319	3895571
276320	3895583
276321	3895597
276322	3895603
276323	3895667
276324	3895673
276325	3895679
276326	3895681
276327	3895691
276328	3895709
276329	3895721
276330	3895729
276331	3895733
276332	3895747
276333	3895777
276334	3895781
276335	3895789
276336	3895799
276337	3895813
276338	3895847
276339	3895867
276340	3895883
276341	3895891
276342	3895909
276343	3895921
276344	3895949
276345	3895963
276346	3895967
276347	3895981
276348	3895999
276349	3896003
276350	3896017
276351	3896023
276352	3896027
276353	3896029
276354	3896041
276355	3896047
276356	3896059
276357	3896089
276358	3896093
276359	3896099
276360	3896129
276361	3896141
276362	3896161
276363	3896171
276364	3896203
276365	3896219
276366	3896231
276367	3896239
276368	3896257
276369	3896287
276370	3896303
276371	3896317
276372	3896323
276373	3896329
276374	3896339
276375	3896341
276376	3896351
276377	3896357
276378	3896363
276379	3896369
276380	3896371
276381	3896381
276382	3896413
276383	3896443
276384	3896447
276385	3896449
276386	3896461
276387	3896467
276388	3896489
276389	3896491
276390	3896513
276391	3896561
276392	3896569
276393	3896573
276394	3896597
276395	3896609
276396	3896657
276397	3896677
276398	3896699
276399	3896707
276400	3896743
276401	3896777
276402	3896801
276403	3896807
276404	3896819
276405	3896831
276406	3896861
276407	3896887
276408	3896903
276409	3896923
276410	3896929
276411	3896941
276412	3896947
276413	3896969
276414	3896987
276415	3896993
276416	3896999
276417	3897001
276418	3897013
276419	3897059
276420	3897073
276421	3897079
276422	3897083
276423	3897121
276424	3897139
276425	3897151
276426	3897161
276427	3897181
276428	3897191
276429	3897203
276430	3897209
276431	3897217
276432	3897241
276433	3897259
276434	3897263
276435	3897269
276436	3897331
276437	3897347
276438	3897353
276439	3897359
276440	3897389
276441	3897401
276442	3897407
276443	3897409
276444	3897449
276445	3897463
276446	3897497
276447	3897499
276448	3897521
276449	3897559
276450	3897581
276451	3897587
276452	3897611
276453	3897631
276454	3897637
276455	3897653
276456	3897659
276457	3897671
276458	3897683
276459	3897703
276460	3897721
276461	3897727
276462	3897739
276463	3897749
276464	3897797
276465	3897799
276466	3897823
276467	3897827
276468	3897841
276469	3897853
276470	3897871
276471	3897877
276472	3897889
276473	3897899
276474	3897937
276475	3897941
276476	3897967
276477	3897973
276478	3898001
276479	3898003
276480	3898007
276481	3898019
276482	3898031
276483	3898043
276484	3898057
276485	3898073
276486	3898087
276487	3898091
276488	3898123
276489	3898163
276490	3898177
276491	3898183
276492	3898207
276493	3898243
276494	3898291
276495	3898303
276496	3898319
276497	3898351
276498	3898361
276499	3898369
276500	3898373
276501	3898379
276502	3898393
276503	3898409
276504	3898417
276505	3898421
276506	3898451
276507	3898459
276508	3898463
276509	3898483
276510	3898487
276511	3898507
276512	3898511
276513	3898513
276514	3898537
276515	3898541
276516	3898547
276517	3898549
276518	3898561
276519	3898589
276520	3898597
276521	3898619
276522	3898633
276523	3898637
276524	3898639
276525	3898651
276526	3898717
276527	3898747
276528	3898751
276529	3898757
276530	3898771
276531	3898841
276532	3898871
276533	3898879
276534	3898889
276535	3898907
276536	3898913
276537	3898919
276538	3898927
276539	3898943
276540	3898957
276541	3898981
276542	3898991
276543	3899011
276544	3899033
276545	3899053
276546	3899057
276547	3899101
276548	3899117
276549	3899131
276550	3899143
276551	3899153
276552	3899173
276553	3899177
276554	3899191
276555	3899201
276556	3899209
276557	3899219
276558	3899227
276559	3899243
276560	3899279
276561	3899297
276562	3899299
276563	3899309
276564	3899321
276565	3899327
276566	3899339
276567	3899347
276568	3899353
276569	3899381
276570	3899383
276571	3899407
276572	3899411
276573	3899429
276574	3899453
276575	3899471
276576	3899507
276577	3899513
276578	3899527
276579	3899549
276580	3899569
276581	3899573
276582	3899603
276583	3899611
276584	3899639
276585	3899653
276586	3899657
276587	3899699
276588	3899737
276589	3899747
276590	3899761
276591	3899767
276592	3899771
276593	3899773
276594	3899801
276595	3899809
276596	3899813
276597	3899827
276598	3899839
276599	3899843
276600	3899867
276601	3899881
276602	3899887
276603	3899927
276604	3899941
276605	3899947
276606	3899957
276607	3899963
276608	3899977
276609	3899981
276610	3899983
276611	3899989
276612	3900067
276613	3900097
276614	3900121
276615	3900131
276616	3900167
276617	3900199
276618	3900223
276619	3900227
276620	3900233
276621	3900269
276622	3900277
276623	3900287
276624	3900307
276625	3900311
276626	3900329
276627	3900331
276628	3900341
276629	3900343
276630	3900349
276631	3900359
276632	3900367
276633	3900397
276634	3900433
276635	3900439
276636	3900469
276637	3900473
276638	3900499
276639	3900509
276640	3900517
276641	3900563
276642	3900569
276643	3900581
276644	3900583
276645	3900623
276646	3900649
276647	3900679
276648	3900691
276649	3900697
276650	3900707
276651	3900733
276652	3900737
276653	3900749
276654	3900779
276655	3900817
276656	3900829
276657	3900839
276658	3900847
276659	3900857
276660	3900881
276661	3900887
276662	3900893
276663	3900907
276664	3900929
276665	3900931
276666	3900937
276667	3900943
276668	3900989
276669	3901013
276670	3901019
276671	3901031
276672	3901033
276673	3901043
276674	3901069
276675	3901087
276676	3901103
276677	3901111
276678	3901127
276679	3901147
276680	3901153
276681	3901187
276682	3901199
276683	3901201
276684	3901217
276685	3901223
276686	3901229
276687	3901259
276688	3901301
276689	3901333
276690	3901351
276691	3901363
276692	3901367
276693	3901369
276694	3901397
276695	3901411
276696	3901427
276697	3901439
276698	3901453
276699	3901463
276700	3901481
276701	3901487
276702	3901511
276703	3901523
276704	3901531
276705	3901543
276706	3901553
276707	3901561
276708	3901571
276709	3901589
276710	3901609
276711	3901649
276712	3901657
276713	3901661
276714	3901673
276715	3901679
276716	3901693
276717	3901717
276718	3901727
276719	3901741
276720	3901757
276721	3901787
276722	3901801
276723	3901819
276724	3901829
276725	3901837
276726	3901841
276727	3901853
276728	3901867
276729	3901871
276730	3901901
276731	3901907
276732	3901943
276733	3901951
276734	3901957
276735	3901967
276736	3901981
276737	3901999
276738	3902009
276739	3902033
276740	3902039
276741	3902053
276742	3902071
276743	3902137
276744	3902141
276745	3902149
276746	3902167
276747	3902209
276748	3902219
276749	3902237
276750	3902243
276751	3902263
276752	3902291
276753	3902317
276754	3902347
276755	3902351
276756	3902369
276757	3902377
276758	3902399
276759	3902417
276760	3902419
276761	3902441
276762	3902453
276763	3902461
276764	3902471
276765	3902473
276766	3902477
276767	3902489
276768	3902491
276769	3902531
276770	3902557
276771	3902573
276772	3902579
276773	3902609
276774	3902641
276775	3902651
276776	3902677
276777	3902687
276778	3902713
276779	3902747
276780	3902779
276781	3902783
276782	3902803
276783	3902813
276784	3902819
276785	3902827
276786	3902839
276787	3902851
276788	3902861
276789	3902879
276790	3902881
276791	3902887
276792	3902929
276793	3903001
276794	3903007
276795	3903017
276796	3903071
276797	3903073
276798	3903101
276799	3903127
276800	3903131
276801	3903143
276802	3903187
276803	3903191
276804	3903203
276805	3903223
276806	3903233
276807	3903247
276808	3903269
276809	3903271
276810	3903281
276811	3903293
276812	3903299
276813	3903331
276814	3903337
276815	3903373
276816	3903401
276817	3903413
276818	3903433
276819	3903437
276820	3903443
276821	3903457
276822	3903461
276823	3903479
276824	3903481
276825	3903511
276826	3903533
276827	3903539
276828	3903547
276829	3903563
276830	3903577
276831	3903589
276832	3903593
276833	3903619
276834	3903623
276835	3903631
276836	3903637
276837	3903643
276838	3903649
276839	3903667
276840	3903671
276841	3903673
276842	3903689
276843	3903703
276844	3903749
276845	3903769
276846	3903787
276847	3903839
276848	3903857
276849	3903871
276850	3903877
276851	3903881
276852	3903883
276853	3903899
276854	3903901
276855	3903917
276856	3903929
276857	3903937
276858	3903947
276859	3903973
276860	3904001
276861	3904003
276862	3904031
276863	3904039
276864	3904051
276865	3904057
276866	3904081
276867	3904111
276868	3904123
276869	3904127
276870	3904141
276871	3904189
276872	3904217
276873	3904249
276874	3904261
276875	3904283
276876	3904289
276877	3904309
276878	3904321
276879	3904333
276880	3904349
276881	3904379
276882	3904387
276883	3904409
276884	3904447
276885	3904469
276886	3904477
276887	3904487
276888	3904493
276889	3904501
276890	3904517
276891	3904547
276892	3904591
276893	3904597
276894	3904603
276895	3904631
276896	3904639
276897	3904643
276898	3904651
276899	3904657
276900	3904673
276901	3904699
276902	3904727
276903	3904741
276904	3904753
276905	3904757
276906	3904759
276907	3904801
276908	3904829
276909	3904877
276910	3904897
276911	3904903
276912	3904907
276913	3904909
276914	3904913
276915	3904919
276916	3904921
276917	3904931
276918	3904933
276919	3904973
276920	3904981
276921	3904997
276922	3905003
276923	3905023
276924	3905059
276925	3905107
276926	3905113
276927	3905119
276928	3905149
276929	3905173
276930	3905177
276931	3905191
276932	3905197
276933	3905201
276934	3905219
276935	3905221
276936	3905263
276937	3905273
276938	3905299
276939	3905323
276940	3905327
276941	3905329
276942	3905351
276943	3905357
276944	3905383
276945	3905413
276946	3905417
276947	3905441
276948	3905443
276949	3905449
276950	3905467
276951	3905471
276952	3905477
276953	3905491
276954	3905501
276955	3905513
276956	3905527
276957	3905533
276958	3905543
276959	3905599
276960	3905641
276961	3905651
276962	3905663
276963	3905669
276964	3905677
276965	3905687
276966	3905711
276967	3905717
276968	3905753
276969	3905777
276970	3905789
276971	3905809
276972	3905833
276973	3905843
276974	3905857
276975	3905861
276976	3905879
276977	3905911
276978	3905933
276979	3905953
276980	3905987
276981	3905999
276982	3906017
276983	3906043
276984	3906059
276985	3906061
276986	3906101
276987	3906103
276988	3906109
276989	3906137
276990	3906151
276991	3906169
276992	3906173
276993	3906187
276994	3906247
276995	3906263
276996	3906269
276997	3906283
276998	3906293
276999	3906307
277000	3906319
