277001	3906323
277002	3906361
277003	3906367
277004	3906373
277005	3906401
277006	3906407
277007	3906431
277008	3906433
277009	3906437
277010	3906467
277011	3906473
277012	3906479
277013	3906493
277014	3906541
277015	3906547
277016	3906557
277017	3906559
277018	3906563
277019	3906599
277020	3906601
277021	3906607
277022	3906611
277023	3906613
277024	3906641
277025	3906653
277026	3906659
277027	3906667
277028	3906691
277029	3906697
277030	3906701
277031	3906709
277032	3906731
277033	3906733
277034	3906751
277035	3906769
277036	3906779
277037	3906797
277038	3906809
277039	3906811
277040	3906827
277041	3906839
277042	3906857
277043	3906863
277044	3906883
277045	3906907
277046	3906911
277047	3906919
277048	3906949
277049	3906953
277050	3906977
277051	3907003
277052	3907009
277053	3907019
277054	3907021
277055	3907031
277056	3907037
277057	3907049
277058	3907051
277059	3907061
277060	3907067
277061	3907069
277062	3907081
277063	3907091
277064	3907097
277065	3907121
277066	3907133
277067	3907153
277068	3907159
277069	3907187
277070	3907193
277071	3907207
277072	3907219
277073	3907231
277074	3907249
277075	3907283
277076	3907291
277077	3907303
277078	3907307
277079	3907313
277080	3907327
277081	3907339
277082	3907349
277083	3907361
277084	3907363
277085	3907403
277086	3907417
277087	3907441
277088	3907481
277089	3907487
277090	3907499
277091	3907523
277092	3907529
277093	3907537
277094	3907571
277095	3907583
277096	3907601
277097	3907613
277098	3907619
277099	3907621
277100	3907649
277101	3907661
277102	3907667
277103	3907693
277104	3907699
277105	3907727
277106	3907733
277107	3907777
277108	3907781
277109	3907789
277110	3907793
277111	3907801
277112	3907811
277113	3907817
277114	3907831
277115	3907847
277116	3907873
277117	3907913
277118	3907919
277119	3907927
277120	3907933
277121	3907949
277122	3907951
277123	3907957
277124	3907963
277125	3907979
277126	3907987
277127	3907991
277128	3908017
277129	3908027
277130	3908029
277131	3908059
277132	3908071
277133	3908081
277134	3908083
277135	3908089
277136	3908119
277137	3908131
277138	3908153
277139	3908159
277140	3908173
277141	3908207
277142	3908213
277143	3908237
277144	3908239
277145	3908287
277146	3908291
277147	3908309
277148	3908329
277149	3908339
277150	3908363
277151	3908369
277152	3908371
277153	3908381
277154	3908393
277155	3908423
277156	3908441
277157	3908467
277158	3908477
277159	3908491
277160	3908497
277161	3908501
277162	3908503
277163	3908537
277164	3908539
277165	3908543
277166	3908549
277167	3908561
277168	3908563
277169	3908581
277170	3908587
277171	3908609
277172	3908617
277173	3908629
277174	3908659
277175	3908687
277176	3908693
277177	3908701
277178	3908711
277179	3908731
277180	3908741
277181	3908753
277182	3908761
277183	3908767
277184	3908771
277185	3908831
277186	3908837
277187	3908857
277188	3908867
277189	3908869
277190	3908887
277191	3908893
277192	3908911
277193	3908921
277194	3909019
277195	3909023
277196	3909043
277197	3909049
277198	3909083
277199	3909091
277200	3909107
277201	3909127
277202	3909179
277203	3909209
277204	3909211
277205	3909221
277206	3909233
277207	3909247
277208	3909251
277209	3909253
277210	3909263
277211	3909271
277212	3909277
277213	3909289
277214	3909293
277215	3909329
277216	3909341
277217	3909343
277218	3909359
277219	3909361
277220	3909397
277221	3909401
277222	3909427
277223	3909463
277224	3909467
277225	3909469
277226	3909481
277227	3909491
277228	3909509
277229	3909523
277230	3909527
277231	3909533
277232	3909547
277233	3909559
277234	3909589
277235	3909593
277236	3909613
277237	3909617
277238	3909641
277239	3909667
277240	3909671
277241	3909691
277242	3909707
277243	3909709
277244	3909733
277245	3909739
277246	3909749
277247	3909761
277248	3909767
277249	3909769
277250	3909797
277251	3909799
277252	3909803
277253	3909817
277254	3909853
277255	3909889
277256	3909907
277257	3909911
277258	3909923
277259	3909943
277260	3909959
277261	3909967
277262	3909979
277263	3910001
277264	3910003
277265	3910009
277266	3910019
277267	3910031
277268	3910043
277269	3910057
277270	3910063
277271	3910079
277272	3910087
277273	3910091
277274	3910097
277275	3910111
277276	3910121
277277	3910133
277278	3910141
277279	3910147
277280	3910169
277281	3910171
277282	3910177
277283	3910201
277284	3910229
277285	3910237
277286	3910241
277287	3910243
277288	3910261
277289	3910267
277290	3910297
277291	3910301
277292	3910337
277293	3910339
277294	3910349
277295	3910351
277296	3910363
277297	3910367
277298	3910381
277299	3910397
277300	3910411
277301	3910427
277302	3910429
277303	3910441
277304	3910451
277305	3910469
277306	3910477
277307	3910507
277308	3910513
277309	3910519
277310	3910531
277311	3910553
277312	3910559
277313	3910573
277314	3910597
277315	3910631
277316	3910651
277317	3910661
277318	3910691
277319	3910693
277320	3910717
277321	3910727
277322	3910733
277323	3910747
277324	3910763
277325	3910787
277326	3910843
277327	3910849
277328	3910861
277329	3910909
277330	3910913
277331	3910919
277332	3910967
277333	3910981
277334	3910993
277335	3910997
277336	3910999
277337	3911009
277338	3911021
277339	3911057
277340	3911059
277341	3911069
277342	3911077
277343	3911087
277344	3911099
277345	3911111
277346	3911123
277347	3911129
277348	3911153
277349	3911179
277350	3911191
277351	3911203
277352	3911221
277353	3911227
277354	3911249
277355	3911251
277356	3911261
277357	3911263
277358	3911273
277359	3911279
277360	3911291
277361	3911339
277362	3911351
277363	3911417
277364	3911423
277365	3911429
277366	3911431
277367	3911459
277368	3911497
277369	3911507
277370	3911519
277371	3911521
277372	3911539
277373	3911543
277374	3911563
277375	3911573
277376	3911617
277377	3911623
277378	3911627
277379	3911647
277380	3911653
277381	3911681
277382	3911689
277383	3911693
277384	3911711
277385	3911741
277386	3911749
277387	3911767
277388	3911773
277389	3911779
277390	3911783
277391	3911807
277392	3911821
277393	3911849
277394	3911861
277395	3911879
277396	3911881
277397	3911911
277398	3911923
277399	3911927
277400	3911939
277401	3911977
277402	3912017
277403	3912031
277404	3912037
277405	3912061
277406	3912109
277407	3912127
277408	3912131
277409	3912199
277410	3912211
277411	3912217
277412	3912221
277413	3912229
277414	3912239
277415	3912247
277416	3912263
277417	3912319
277418	3912367
277419	3912379
277420	3912401
277421	3912413
277422	3912439
277423	3912443
277424	3912451
277425	3912457
277426	3912463
277427	3912481
277428	3912487
277429	3912497
277430	3912509
277431	3912511
277432	3912547
277433	3912551
277434	3912569
277435	3912607
277436	3912611
277437	3912647
277438	3912673
277439	3912679
277440	3912719
277441	3912721
277442	3912749
277443	3912757
277444	3912763
277445	3912781
277446	3912809
277447	3912817
277448	3912823
277449	3912827
277450	3912833
277451	3912859
277452	3912877
277453	3912893
277454	3912899
277455	3912901
277456	3912919
277457	3912943
277458	3912947
277459	3912959
277460	3912973
277461	3912983
277462	3913027
277463	3913033
277464	3913051
277465	3913061
277466	3913067
277467	3913093
277468	3913103
277469	3913109
277470	3913121
277471	3913127
277472	3913139
277473	3913159
277474	3913171
277475	3913181
277476	3913193
277477	3913199
277478	3913237
277479	3913249
277480	3913277
277481	3913309
277482	3913319
277483	3913331
277484	3913369
277485	3913391
277486	3913397
277487	3913421
277488	3913489
277489	3913499
277490	3913501
277491	3913513
277492	3913531
277493	3913541
277494	3913543
277495	3913561
277496	3913583
277497	3913589
277498	3913627
277499	3913633
277500	3913667
277501	3913669
277502	3913673
277503	3913687
277504	3913697
277505	3913717
277506	3913727
277507	3913747
277508	3913771
277509	3913787
277510	3913807
277511	3913837
277512	3913907
277513	3913963
277514	3913969
277515	3913991
277516	3913993
277517	3914003
277518	3914011
277519	3914069
277520	3914077
277521	3914083
277522	3914087
277523	3914089
277524	3914107
277525	3914111
277526	3914129
277527	3914143
277528	3914179
277529	3914189
277530	3914201
277531	3914203
277532	3914221
277533	3914249
277534	3914257
277535	3914263
277536	3914269
277537	3914279
277538	3914291
277539	3914293
277540	3914303
277541	3914321
277542	3914327
277543	3914329
277544	3914353
277545	3914357
277546	3914359
277547	3914377
277548	3914387
277549	3914413
277550	3914429
277551	3914441
277552	3914453
277553	3914459
277554	3914461
277555	3914467
277556	3914503
277557	3914509
277558	3914549
277559	3914569
277560	3914579
277561	3914593
277562	3914597
277563	3914621
277564	3914663
277565	3914671
277566	3914689
277567	3914699
277568	3914723
277569	3914747
277570	3914749
277571	3914783
277572	3914819
277573	3914821
277574	3914837
277575	3914851
277576	3914857
277577	3914863
277578	3914873
277579	3914887
277580	3914891
277581	3914903
277582	3914921
277583	3914923
277584	3914941
277585	3914957
277586	3914983
277587	3914987
277588	3915013
277589	3915031
277590	3915047
277591	3915061
277592	3915073
277593	3915077
277594	3915101
277595	3915127
277596	3915139
277597	3915143
277598	3915157
277599	3915167
277600	3915169
277601	3915187
277602	3915239
277603	3915251
277604	3915257
277605	3915259
277606	3915277
277607	3915293
277608	3915341
277609	3915343
277610	3915361
277611	3915371
277612	3915397
277613	3915403
277614	3915419
277615	3915421
277616	3915427
277617	3915433
277618	3915469
277619	3915473
277620	3915479
277621	3915487
277622	3915503
277623	3915511
277624	3915521
277625	3915533
277626	3915553
277627	3915557
277628	3915601
277629	3915629
277630	3915631
277631	3915683
277632	3915689
277633	3915697
277634	3915707
277635	3915713
277636	3915719
277637	3915731
277638	3915739
277639	3915761
277640	3915781
277641	3915803
277642	3915809
277643	3915817
277644	3915823
277645	3915839
277646	3915853
277647	3915887
277648	3915893
277649	3915907
277650	3915931
277651	3915937
277652	3915941
277653	3915953
277654	3915959
277655	3915971
277656	3915979
277657	3915997
277658	3916019
277659	3916021
277660	3916027
277661	3916037
277662	3916039
277663	3916057
277664	3916067
277665	3916079
277666	3916091
277667	3916097
277668	3916153
277669	3916169
277670	3916177
277671	3916183
277672	3916193
277673	3916229
277674	3916271
277675	3916301
277676	3916303
277677	3916309
277678	3916313
277679	3916321
277680	3916327
277681	3916343
277682	3916373
277683	3916387
277684	3916391
277685	3916403
277686	3916411
277687	3916433
277688	3916439
277689	3916453
277690	3916459
277691	3916469
277692	3916481
277693	3916499
277694	3916529
277695	3916543
277696	3916609
277697	3916621
277698	3916631
277699	3916637
277700	3916639
277701	3916643
277702	3916663
277703	3916667
277704	3916673
277705	3916691
277706	3916721
277707	3916733
277708	3916751
277709	3916799
277710	3916811
277711	3916813
277712	3916849
277713	3916879
277714	3916883
277715	3916897
277716	3916901
277717	3916903
277718	3916921
277719	3916981
277720	3917009
277721	3917033
277722	3917041
277723	3917047
277724	3917063
277725	3917087
277726	3917093
277727	3917101
277728	3917113
277729	3917119
277730	3917131
277731	3917149
277732	3917161
277733	3917167
277734	3917183
277735	3917189
277736	3917201
277737	3917203
277738	3917209
277739	3917261
277740	3917267
277741	3917281
277742	3917297
277743	3917323
277744	3917411
277745	3917413
277746	3917453
277747	3917461
277748	3917467
277749	3917471
277750	3917479
277751	3917483
277752	3917489
277753	3917491
277754	3917527
277755	3917549
277756	3917561
277757	3917587
277758	3917609
277759	3917623
277760	3917681
277761	3917699
277762	3917717
277763	3917729
277764	3917731
277765	3917737
277766	3917759
277767	3917761
277768	3917791
277769	3917801
277770	3917827
277771	3917833
277772	3917863
277773	3917909
277774	3917923
277775	3917989
277776	3918011
277777	3918029
277778	3918037
277779	3918043
277780	3918053
277781	3918067
277782	3918071
277783	3918127
277784	3918137
277785	3918139
277786	3918149
277787	3918151
277788	3918157
277789	3918179
277790	3918193
277791	3918197
277792	3918209
277793	3918251
277794	3918259
277795	3918269
277796	3918281
277797	3918283
277798	3918293
277799	3918301
277800	3918311
277801	3918323
277802	3918353
277803	3918359
277804	3918377
277805	3918379
277806	3918391
277807	3918401
277808	3918413
277809	3918443
277810	3918491
277811	3918511
277812	3918529
277813	3918539
277814	3918553
277815	3918557
277816	3918569
277817	3918571
277818	3918583
277819	3918587
277820	3918589
277821	3918613
277822	3918641
277823	3918667
277824	3918689
277825	3918697
277826	3918743
277827	3918751
277828	3918757
277829	3918793
277830	3918797
277831	3918829
277832	3918851
277833	3918853
277834	3918869
277835	3918881
277836	3918899
277837	3918913
277838	3918919
277839	3918923
277840	3918949
277841	3918983
277842	3919007
277843	3919021
277844	3919033
277845	3919037
277846	3919049
277847	3919057
277848	3919079
277849	3919081
277850	3919087
277851	3919099
277852	3919109
277853	3919133
277854	3919169
277855	3919171
277856	3919183
277857	3919199
277858	3919211
277859	3919213
277860	3919217
277861	3919219
277862	3919229
277863	3919241
277864	3919243
277865	3919247
277866	3919249
277867	3919259
277868	3919261
277869	3919277
277870	3919309
277871	3919319
277872	3919327
277873	3919369
277874	3919381
277875	3919387
277876	3919393
277877	3919397
277878	3919411
277879	3919417
277880	3919441
277881	3919457
277882	3919463
277883	3919481
277884	3919501
277885	3919519
277886	3919523
277887	3919541
277888	3919543
277889	3919549
277890	3919577
277891	3919583
277892	3919603
277893	3919607
277894	3919613
277895	3919621
277896	3919627
277897	3919667
277898	3919679
277899	3919687
277900	3919711
277901	3919717
277902	3919763
277903	3919771
277904	3919777
277905	3919781
277906	3919787
277907	3919789
277908	3919807
277909	3919813
277910	3919823
277911	3919829
277912	3919859
277913	3919873
277914	3919889
277915	3919897
277916	3919907
277917	3919943
277918	3919961
277919	3919973
277920	3919999
277921	3920003
277922	3920011
277923	3920029
277924	3920057
277925	3920069
277926	3920071
277927	3920087
277928	3920089
277929	3920131
277930	3920141
277931	3920153
277932	3920177
277933	3920179
277934	3920197
277935	3920201
277936	3920209
277937	3920227
277938	3920233
277939	3920239
277940	3920243
277941	3920263
277942	3920269
277943	3920299
277944	3920303
277945	3920311
277946	3920359
277947	3920377
277948	3920383
277949	3920401
277950	3920417
277951	3920429
277952	3920431
277953	3920453
277954	3920459
277955	3920467
277956	3920471
277957	3920509
277958	3920513
277959	3920551
277960	3920561
277961	3920629
277962	3920677
277963	3920681
277964	3920687
277965	3920689
277966	3920729
277967	3920737
277968	3920743
277969	3920747
277970	3920759
277971	3920797
277972	3920843
277973	3920857
277974	3920867
277975	3920899
277976	3920909
277977	3920923
277978	3920929
277979	3920933
277980	3920941
277981	3920947
277982	3920957
277983	3920977
277984	3920981
277985	3920989
277986	3921023
277987	3921037
277988	3921059
277989	3921079
277990	3921089
277991	3921121
277992	3921139
277993	3921143
277994	3921161
277995	3921173
277996	3921179
277997	3921191
277998	3921193
277999	3921209
278000	3921217
