279001	3936307
279002	3936313
279003	3936329
279004	3936353
279005	3936437
279006	3936463
279007	3936481
279008	3936509
279009	3936523
279010	3936577
279011	3936587
279012	3936589
279013	3936593
279014	3936599
279015	3936623
279016	3936631
279017	3936641
279018	3936643
279019	3936683
279020	3936727
279021	3936731
279022	3936733
279023	3936769
279024	3936791
279025	3936799
279026	3936811
279027	3936827
279028	3936833
279029	3936839
279030	3936869
279031	3936883
279032	3936899
279033	3936913
279034	3936917
279035	3936923
279036	3936929
279037	3936967
279038	3936973
279039	3936997
279040	3937019
279041	3937039
279042	3937051
279043	3937057
279044	3937061
279045	3937067
279046	3937079
279047	3937097
279048	3937099
279049	3937103
279050	3937111
279051	3937139
279052	3937147
279053	3937159
279054	3937169
279055	3937177
279056	3937181
279057	3937187
279058	3937201
279059	3937229
279060	3937249
279061	3937253
279062	3937261
279063	3937267
279064	3937273
279065	3937289
279066	3937291
279067	3937303
279068	3937321
279069	3937337
279070	3937357
279071	3937363
279072	3937369
279073	3937397
279074	3937399
279075	3937411
279076	3937469
279077	3937477
279078	3937481
279079	3937487
279080	3937499
279081	3937501
279082	3937513
279083	3937537
279084	3937559
279085	3937561
279086	3937567
279087	3937573
279088	3937607
279089	3937621
279090	3937631
279091	3937643
279092	3937673
279093	3937679
279094	3937691
279095	3937697
279096	3937709
279097	3937721
279098	3937751
279099	3937753
279100	3937757
279101	3937771
279102	3937777
279103	3937781
279104	3937783
279105	3937789
279106	3937819
279107	3937831
279108	3937849
279109	3937861
279110	3937877
279111	3937903
279112	3937919
279113	3937943
279114	3937949
279115	3937951
279116	3937981
279117	3937993
279118	3938029
279119	3938057
279120	3938063
279121	3938087
279122	3938089
279123	3938107
279124	3938117
279125	3938119
279126	3938141
279127	3938153
279128	3938167
279129	3938197
279130	3938251
279131	3938257
279132	3938273
279133	3938281
279134	3938303
279135	3938321
279136	3938329
279137	3938351
279138	3938357
279139	3938371
279140	3938381
279141	3938383
279142	3938393
279143	3938437
279144	3938447
279145	3938449
279146	3938471
279147	3938477
279148	3938489
279149	3938513
279150	3938521
279151	3938527
279152	3938531
279153	3938549
279154	3938593
279155	3938603
279156	3938609
279157	3938629
279158	3938633
279159	3938639
279160	3938653
279161	3938657
279162	3938699
279163	3938707
279164	3938717
279165	3938723
279166	3938731
279167	3938743
279168	3938771
279169	3938783
279170	3938789
279171	3938791
279172	3938821
279173	3938827
279174	3938839
279175	3938897
279176	3938903
279177	3938923
279178	3938927
279179	3938939
279180	3938941
279181	3938971
279182	3938981
279183	3938999
279184	3939031
279185	3939043
279186	3939059
279187	3939071
279188	3939149
279189	3939181
279190	3939191
279191	3939203
279192	3939209
279193	3939227
279194	3939241
279195	3939259
279196	3939269
279197	3939277
279198	3939337
279199	3939349
279200	3939361
279201	3939367
279202	3939373
279203	3939379
279204	3939421
279205	3939433
279206	3939443
279207	3939457
279208	3939469
279209	3939473
279210	3939497
279211	3939499
279212	3939521
279213	3939539
279214	3939541
279215	3939569
279216	3939589
279217	3939619
279218	3939641
279219	3939671
279220	3939673
279221	3939713
279222	3939721
279223	3939743
279224	3939769
279225	3939773
279226	3939779
279227	3939781
279228	3939787
279229	3939791
279230	3939811
279231	3939829
279232	3939839
279233	3939841
279234	3939851
279235	3939899
279236	3939907
279237	3939917
279238	3939919
279239	3939931
279240	3939953
279241	3939959
279242	3939989
279243	3939997
279244	3940009
279245	3940021
279246	3940033
279247	3940063
279248	3940091
279249	3940099
279250	3940117
279251	3940121
279252	3940127
279253	3940147
279254	3940159
279255	3940171
279256	3940177
279257	3940207
279258	3940213
279259	3940217
279260	3940231
279261	3940247
279262	3940249
279263	3940253
279264	3940267
279265	3940271
279266	3940273
279267	3940289
279268	3940301
279269	3940303
279270	3940309
279271	3940319
279272	3940351
279273	3940367
279274	3940369
279275	3940373
279276	3940381
279277	3940397
279278	3940411
279279	3940427
279280	3940439
279281	3940451
279282	3940457
279283	3940483
279284	3940487
279285	3940499
279286	3940507
279287	3940513
279288	3940523
279289	3940553
279290	3940561
279291	3940577
279292	3940579
279293	3940589
279294	3940597
279295	3940609
279296	3940631
279297	3940637
279298	3940663
279299	3940667
279300	3940679
279301	3940691
279302	3940693
279303	3940697
279304	3940721
279305	3940747
279306	3940763
279307	3940777
279308	3940793
279309	3940799
279310	3940801
279311	3940823
279312	3940837
279313	3940841
279314	3940891
279315	3940931
279316	3940933
279317	3940939
279318	3940943
279319	3940967
279320	3940969
279321	3940987
279322	3941011
279323	3941017
279324	3941029
279325	3941039
279326	3941053
279327	3941057
279328	3941081
279329	3941083
279330	3941099
279331	3941107
279332	3941111
279333	3941117
279334	3941137
279335	3941159
279336	3941183
279337	3941209
279338	3941233
279339	3941243
279340	3941293
279341	3941299
279342	3941317
279343	3941359
279344	3941363
279345	3941369
279346	3941381
279347	3941411
279348	3941437
279349	3941447
279350	3941449
279351	3941471
279352	3941473
279353	3941507
279354	3941537
279355	3941551
279356	3941611
279357	3941629
279358	3941633
279359	3941653
279360	3941669
279361	3941687
279362	3941689
279363	3941711
279364	3941719
279365	3941741
279366	3941801
279367	3941803
279368	3941831
279369	3941837
279370	3941887
279371	3941891
279372	3941923
279373	3941933
279374	3941957
279375	3941963
279376	3941969
279377	3942007
279378	3942023
279379	3942041
279380	3942047
279381	3942061
279382	3942067
279383	3942089
279384	3942097
279385	3942121
279386	3942137
279387	3942209
279388	3942217
279389	3942227
279390	3942241
279391	3942259
279392	3942287
279393	3942293
279394	3942307
279395	3942311
279396	3942331
279397	3942349
279398	3942353
279399	3942359
279400	3942373
279401	3942377
279402	3942383
279403	3942397
279404	3942401
279405	3942403
279406	3942409
279407	3942413
279408	3942467
279409	3942469
279410	3942479
279411	3942493
279412	3942503
279413	3942509
279414	3942527
279415	3942551
279416	3942553
279417	3942569
279418	3942571
279419	3942577
279420	3942581
279421	3942619
279422	3942643
279423	3942647
279424	3942661
279425	3942677
279426	3942721
279427	3942727
279428	3942739
279429	3942751
279430	3942767
279431	3942769
279432	3942773
279433	3942781
279434	3942839
279435	3942871
279436	3942889
279437	3942907
279438	3942919
279439	3942923
279440	3942931
279441	3942941
279442	3942947
279443	3942977
279444	3942989
279445	3943007
279446	3943019
279447	3943021
279448	3943061
279449	3943087
279450	3943091
279451	3943103
279452	3943109
279453	3943111
279454	3943117
279455	3943123
279456	3943129
279457	3943139
279458	3943153
279459	3943171
279460	3943187
279461	3943193
279462	3943207
279463	3943211
279464	3943243
279465	3943249
279466	3943259
279467	3943267
279468	3943283
279469	3943301
279470	3943307
279471	3943319
279472	3943367
279473	3943397
279474	3943399
279475	3943403
279476	3943409
279477	3943427
279478	3943451
279479	3943481
279480	3943517
279481	3943523
279482	3943529
279483	3943531
279484	3943543
279485	3943547
279486	3943559
279487	3943591
279488	3943613
279489	3943627
279490	3943631
279491	3943633
279492	3943637
279493	3943651
279494	3943661
279495	3943663
279496	3943673
279497	3943691
279498	3943703
279499	3943717
279500	3943721
279501	3943757
279502	3943763
279503	3943769
279504	3943777
279505	3943799
279506	3943829
279507	3943843
279508	3943853
279509	3943859
279510	3943871
279511	3943873
279512	3943883
279513	3943921
279514	3943931
279515	3943937
279516	3943939
279517	3943957
279518	3943967
279519	3943993
279520	3943999
279521	3944009
279522	3944011
279523	3944033
279524	3944041
279525	3944107
279526	3944131
279527	3944141
279528	3944173
279529	3944183
279530	3944189
279531	3944219
279532	3944231
279533	3944249
279534	3944251
279535	3944257
279536	3944309
279537	3944329
279538	3944351
279539	3944359
279540	3944371
279541	3944387
279542	3944389
279543	3944399
279544	3944407
279545	3944411
279546	3944429
279547	3944441
279548	3944449
279549	3944461
279550	3944483
279551	3944497
279552	3944503
279553	3944509
279554	3944513
279555	3944537
279556	3944539
279557	3944557
279558	3944581
279559	3944593
279560	3944597
279561	3944599
279562	3944617
279563	3944621
279564	3944627
279565	3944669
279566	3944671
279567	3944683
279568	3944711
279569	3944729
279570	3944767
279571	3944789
279572	3944791
279573	3944807
279574	3944813
279575	3944821
279576	3944827
279577	3944839
279578	3944861
279579	3944869
279580	3944873
279581	3944881
279582	3944909
279583	3944911
279584	3944921
279585	3944933
279586	3944953
279587	3944987
279588	3944999
279589	3945013
279590	3945017
279591	3945031
279592	3945047
279593	3945059
279594	3945077
279595	3945079
279596	3945101
279597	3945107
279598	3945119
279599	3945127
279600	3945157
279601	3945163
279602	3945203
279603	3945233
279604	3945287
279605	3945299
279606	3945301
279607	3945313
279608	3945323
279609	3945329
279610	3945341
279611	3945349
279612	3945353
279613	3945367
279614	3945391
279615	3945413
279616	3945427
279617	3945449
279618	3945457
279619	3945467
279620	3945527
279621	3945607
279622	3945631
279623	3945647
279624	3945659
279625	3945661
279626	3945671
279627	3945677
279628	3945701
279629	3945703
279630	3945727
279631	3945731
279632	3945757
279633	3945761
279634	3945803
279635	3945841
279636	3945883
279637	3945913
279638	3945917
279639	3945919
279640	3945923
279641	3945937
279642	3945973
279643	3945983
279644	3946027
279645	3946037
279646	3946039
279647	3946051
279648	3946123
279649	3946139
279650	3946141
279651	3946157
279652	3946177
279653	3946183
279654	3946211
279655	3946213
279656	3946219
279657	3946223
279658	3946231
279659	3946237
279660	3946247
279661	3946249
279662	3946259
279663	3946289
279664	3946297
279665	3946337
279666	3946339
279667	3946379
279668	3946381
279669	3946387
279670	3946391
279671	3946399
279672	3946403
279673	3946421
279674	3946427
279675	3946429
279676	3946447
279677	3946463
279678	3946469
279679	3946477
279680	3946483
279681	3946489
279682	3946493
279683	3946507
279684	3946511
279685	3946541
279686	3946549
279687	3946571
279688	3946589
279689	3946597
279690	3946643
279691	3946673
279692	3946681
279693	3946721
279694	3946727
279695	3946729
279696	3946739
279697	3946741
279698	3946757
279699	3946759
279700	3946763
279701	3946793
279702	3946799
279703	3946801
279704	3946829
279705	3946837
279706	3946843
279707	3946853
279708	3946879
279709	3946913
279710	3946933
279711	3946937
279712	3946939
279713	3946981
279714	3946991
279715	3946993
279716	3946997
279717	3947017
279718	3947023
279719	3947051
279720	3947059
279721	3947071
279722	3947087
279723	3947089
279724	3947101
279725	3947113
279726	3947131
279727	3947143
279728	3947147
279729	3947173
279730	3947189
279731	3947227
279732	3947233
279733	3947297
279734	3947299
279735	3947309
279736	3947311
279737	3947327
279738	3947351
279739	3947353
279740	3947369
279741	3947401
279742	3947407
279743	3947413
279744	3947431
279745	3947453
279746	3947473
279747	3947479
279748	3947491
279749	3947501
279750	3947507
279751	3947533
279752	3947549
279753	3947557
279754	3947561
279755	3947569
279756	3947579
279757	3947591
279758	3947597
279759	3947623
279760	3947627
279761	3947639
279762	3947659
279763	3947663
279764	3947693
279765	3947747
279766	3947753
279767	3947759
279768	3947771
279769	3947807
279770	3947809
279771	3947831
279772	3947833
279773	3947843
279774	3947851
279775	3947861
279776	3947891
279777	3947897
279778	3947899
279779	3947903
279780	3947921
279781	3947939
279782	3947941
279783	3947963
279784	3947971
279785	3947987
279786	3948071
279787	3948073
279788	3948101
279789	3948121
279790	3948137
279791	3948149
279792	3948151
279793	3948163
279794	3948173
279795	3948179
279796	3948187
279797	3948223
279798	3948229
279799	3948247
279800	3948251
279801	3948271
279802	3948277
279803	3948281
279804	3948283
279805	3948289
279806	3948293
279807	3948311
279808	3948317
279809	3948353
279810	3948361
279811	3948367
279812	3948383
279813	3948431
279814	3948463
279815	3948467
279816	3948473
279817	3948487
279818	3948493
279819	3948521
279820	3948533
279821	3948541
279822	3948547
279823	3948551
279824	3948569
279825	3948577
279826	3948583
279827	3948589
279828	3948613
279829	3948619
279830	3948653
279831	3948667
279832	3948673
279833	3948683
279834	3948689
279835	3948697
279836	3948701
279837	3948719
279838	3948731
279839	3948781
279840	3948803
279841	3948809
279842	3948817
279843	3948821
279844	3948839
279845	3948853
279846	3948859
279847	3948881
279848	3948883
279849	3948887
279850	3948907
279851	3948911
279852	3948953
279853	3949003
279854	3949007
279855	3949013
279856	3949027
279857	3949037
279858	3949039
279859	3949051
279860	3949061
279861	3949063
279862	3949069
279863	3949073
279864	3949087
279865	3949097
279866	3949109
279867	3949111
279868	3949147
279869	3949157
279870	3949177
279871	3949193
279872	3949199
279873	3949213
279874	3949217
279875	3949241
279876	3949247
279877	3949271
279878	3949273
279879	3949291
279880	3949301
279881	3949313
279882	3949333
279883	3949339
279884	3949349
279885	3949357
279886	3949367
279887	3949391
279888	3949409
279889	3949411
279890	3949433
279891	3949441
279892	3949453
279893	3949459
279894	3949469
279895	3949487
279896	3949501
279897	3949529
279898	3949531
279899	3949541
279900	3949579
279901	3949609
279902	3949619
279903	3949643
279904	3949651
279905	3949657
279906	3949669
279907	3949703
279908	3949711
279909	3949723
279910	3949733
279911	3949793
279912	3949819
279913	3949849
279914	3949867
279915	3949871
279916	3949877
279917	3949889
279918	3949903
279919	3949919
279920	3949961
279921	3949969
279922	3950029
279923	3950033
279924	3950039
279925	3950041
279926	3950099
279927	3950101
279928	3950117
279929	3950123
279930	3950129
279931	3950147
279932	3950159
279933	3950161
279934	3950173
279935	3950179
279936	3950183
279937	3950189
279938	3950197
279939	3950201
279940	3950203
279941	3950207
279942	3950213
279943	3950257
279944	3950263
279945	3950267
279946	3950291
279947	3950321
279948	3950327
279949	3950339
279950	3950363
279951	3950383
279952	3950389
279953	3950393
279954	3950399
279955	3950417
279956	3950449
279957	3950459
279958	3950497
279959	3950501
279960	3950509
279961	3950533
279962	3950563
279963	3950599
279964	3950603
279965	3950627
279966	3950629
279967	3950657
279968	3950659
279969	3950693
279970	3950701
279971	3950731
279972	3950753
279973	3950759
279974	3950767
279975	3950777
279976	3950809
279977	3950813
279978	3950827
279979	3950887
279980	3950893
279981	3950899
279982	3950911
279983	3950927
279984	3950929
279985	3950939
279986	3950941
279987	3950951
279988	3951001
279989	3951023
279990	3951071
279991	3951083
279992	3951109
279993	3951113
279994	3951121
279995	3951127
279996	3951131
279997	3951133
279998	3951139
279999	3951151
280000	3951161
