280001	3951169
280002	3951173
280003	3951179
280004	3951187
280005	3951197
280006	3951209
280007	3951247
280008	3951251
280009	3951253
280010	3951263
280011	3951281
280012	3951301
280013	3951307
280014	3951319
280015	3951323
280016	3951347
280017	3951371
280018	3951379
280019	3951391
280020	3951401
280021	3951413
280022	3951419
280023	3951421
280024	3951427
280025	3951443
280026	3951461
280027	3951481
280028	3951503
280029	3951509
280030	3951517
280031	3951551
280032	3951553
280033	3951557
280034	3951559
280035	3951587
280036	3951611
280037	3951707
280038	3951719
280039	3951737
280040	3951749
280041	3951767
280042	3951781
280043	3951793
280044	3951797
280045	3951811
280046	3951841
280047	3951863
280048	3951869
280049	3951881
280050	3951887
280051	3951907
280052	3951923
280053	3951947
280054	3951967
280055	3951977
280056	3951989
280057	3952009
280058	3952027
280059	3952037
280060	3952043
280061	3952079
280062	3952099
280063	3952103
280064	3952111
280065	3952121
280066	3952127
280067	3952163
280068	3952181
280069	3952189
280070	3952199
280071	3952217
280072	3952219
280073	3952243
280074	3952301
280075	3952307
280076	3952309
280077	3952321
280078	3952327
280079	3952331
280080	3952337
280081	3952387
280082	3952391
280083	3952393
280084	3952423
280085	3952453
280086	3952463
280087	3952477
280088	3952489
280089	3952493
280090	3952511
280091	3952519
280092	3952537
280093	3952549
280094	3952561
280095	3952567
280096	3952583
280097	3952601
280098	3952633
280099	3952649
280100	3952651
280101	3952679
280102	3952691
280103	3952733
280104	3952759
280105	3952763
280106	3952771
280107	3952813
280108	3952873
280109	3952909
280110	3952919
280111	3952937
280112	3952967
280113	3952981
280114	3952997
280115	3953009
280116	3953011
280117	3953017
280118	3953051
280119	3953071
280120	3953093
280121	3953107
280122	3953143
280123	3953149
280124	3953161
280125	3953189
280126	3953233
280127	3953249
280128	3953267
280129	3953269
280130	3953281
280131	3953293
280132	3953303
280133	3953317
280134	3953353
280135	3953393
280136	3953437
280137	3953473
280138	3953479
280139	3953489
280140	3953491
280141	3953497
280142	3953513
280143	3953519
280144	3953527
280145	3953581
280146	3953591
280147	3953597
280148	3953617
280149	3953627
280150	3953629
280151	3953669
280152	3953689
280153	3953699
280154	3953701
280155	3953717
280156	3953749
280157	3953759
280158	3953779
280159	3953791
280160	3953797
280161	3953801
280162	3953813
280163	3953819
280164	3953827
280165	3953839
280166	3953849
280167	3953863
280168	3953867
280169	3953879
280170	3953909
280171	3953921
280172	3953923
280173	3953927
280174	3953993
280175	3954001
280176	3954007
280177	3954017
280178	3954053
280179	3954077
280180	3954101
280181	3954127
280182	3954131
280183	3954199
280184	3954211
280185	3954221
280186	3954233
280187	3954241
280188	3954253
280189	3954257
280190	3954259
280191	3954281
280192	3954283
280193	3954317
280194	3954331
280195	3954361
280196	3954371
280197	3954373
280198	3954397
280199	3954437
280200	3954443
280201	3954473
280202	3954481
280203	3954493
280204	3954499
280205	3954529
280206	3954547
280207	3954563
280208	3954571
280209	3954583
280210	3954611
280211	3954617
280212	3954623
280213	3954637
280214	3954649
280215	3954683
280216	3954697
280217	3954707
280218	3954719
280219	3954749
280220	3954751
280221	3954767
280222	3954799
280223	3954803
280224	3954823
280225	3954833
280226	3954851
280227	3954859
280228	3954871
280229	3954877
280230	3954889
280231	3954959
280232	3954961
280233	3954971
280234	3954997
280235	3955001
280236	3955009
280237	3955013
280238	3955027
280239	3955043
280240	3955069
280241	3955079
280242	3955087
280243	3955109
280244	3955117
280245	3955121
280246	3955123
280247	3955139
280248	3955141
280249	3955151
280250	3955153
280251	3955157
280252	3955163
280253	3955177
280254	3955187
280255	3955243
280256	3955267
280257	3955277
280258	3955279
280259	3955291
280260	3955307
280261	3955309
280262	3955313
280263	3955319
280264	3955331
280265	3955387
280266	3955403
280267	3955417
280268	3955421
280269	3955429
280270	3955433
280271	3955447
280272	3955459
280273	3955493
280274	3955499
280275	3955529
280276	3955561
280277	3955579
280278	3955597
280279	3955603
280280	3955621
280281	3955643
280282	3955649
280283	3955657
280284	3955663
280285	3955673
280286	3955691
280287	3955703
280288	3955709
280289	3955717
280290	3955723
280291	3955727
280292	3955733
280293	3955753
280294	3955759
280295	3955771
280296	3955799
280297	3955813
280298	3955823
280299	3955859
280300	3955877
280301	3955909
280302	3955927
280303	3955949
280304	3955969
280305	3955979
280306	3955993
280307	3955999
280308	3956027
280309	3956041
280310	3956059
280311	3956081
280312	3956101
280313	3956119
280314	3956143
280315	3956153
280316	3956159
280317	3956171
280318	3956179
280319	3956203
280320	3956219
280321	3956221
280322	3956233
280323	3956261
280324	3956263
280325	3956269
280326	3956279
280327	3956287
280328	3956297
280329	3956311
280330	3956327
280331	3956347
280332	3956353
280333	3956401
280334	3956419
280335	3956429
280336	3956453
280337	3956471
280338	3956501
280339	3956509
280340	3956543
280341	3956549
280342	3956569
280343	3956581
280344	3956587
280345	3956639
280346	3956647
280347	3956651
280348	3956663
280349	3956671
280350	3956677
280351	3956681
280352	3956737
280353	3956741
280354	3956749
280355	3956779
280356	3956783
280357	3956803
280358	3956831
280359	3956833
280360	3956857
280361	3956863
280362	3956867
280363	3956881
280364	3956917
280365	3956941
280366	3956957
280367	3956983
280368	3956999
280369	3957007
280370	3957013
280371	3957017
280372	3957047
280373	3957049
280374	3957053
280375	3957059
280376	3957077
280377	3957091
280378	3957097
280379	3957103
280380	3957133
280381	3957143
280382	3957167
280383	3957169
280384	3957179
280385	3957223
280386	3957227
280387	3957229
280388	3957251
280389	3957269
280390	3957271
280391	3957287
280392	3957299
280393	3957313
280394	3957337
280395	3957341
280396	3957383
280397	3957389
280398	3957397
280399	3957431
280400	3957433
280401	3957439
280402	3957451
280403	3957479
280404	3957487
280405	3957493
280406	3957509
280407	3957521
280408	3957571
280409	3957637
280410	3957647
280411	3957671
280412	3957673
280413	3957683
280414	3957691
280415	3957703
280416	3957713
280417	3957743
280418	3957749
280419	3957761
280420	3957769
280421	3957773
280422	3957781
280423	3957799
280424	3957829
280425	3957839
280426	3957847
280427	3957857
280428	3957859
280429	3957883
280430	3957907
280431	3957929
280432	3957937
280433	3957953
280434	3957959
280435	3957973
280436	3957983
280437	3958013
280438	3958033
280439	3958039
280440	3958063
280441	3958069
280442	3958091
280443	3958103
280444	3958109
280445	3958147
280446	3958153
280447	3958169
280448	3958177
280449	3958183
280450	3958211
280451	3958217
280452	3958219
280453	3958243
280454	3958259
280455	3958261
280456	3958313
280457	3958337
280458	3958343
280459	3958349
280460	3958363
280461	3958373
280462	3958391
280463	3958397
280464	3958439
280465	3958457
280466	3958459
280467	3958477
280468	3958499
280469	3958523
280470	3958531
280471	3958543
280472	3958583
280473	3958589
280474	3958601
280475	3958621
280476	3958627
280477	3958657
280478	3958687
280479	3958697
280480	3958727
280481	3958733
280482	3958751
280483	3958753
280484	3958777
280485	3958789
280486	3958811
280487	3958813
280488	3958817
280489	3958831
280490	3958847
280491	3958879
280492	3958883
280493	3958891
280494	3958931
280495	3958937
280496	3958949
280497	3958957
280498	3959003
280499	3959027
280500	3959029
280501	3959063
280502	3959089
280503	3959093
280504	3959119
280505	3959129
280506	3959141
280507	3959143
280508	3959159
280509	3959171
280510	3959177
280511	3959191
280512	3959203
280513	3959209
280514	3959237
280515	3959257
280516	3959261
280517	3959269
280518	3959279
280519	3959287
280520	3959297
280521	3959299
280522	3959303
280523	3959323
280524	3959339
280525	3959357
280526	3959359
280527	3959363
280528	3959387
280529	3959393
280530	3959441
280531	3959477
280532	3959491
280533	3959507
280534	3959531
280535	3959539
280536	3959551
280537	3959587
280538	3959591
280539	3959651
280540	3959653
280541	3959663
280542	3959677
280543	3959687
280544	3959701
280545	3959707
280546	3959719
280547	3959729
280548	3959801
280549	3959803
280550	3959807
280551	3959819
280552	3959833
280553	3959843
280554	3959849
280555	3959869
280556	3959873
280557	3959899
280558	3959911
280559	3959947
280560	3959953
280561	3959957
280562	3959959
280563	3959981
280564	3959983
280565	3960007
280566	3960029
280567	3960049
280568	3960053
280569	3960083
280570	3960101
280571	3960137
280572	3960161
280573	3960193
280574	3960217
280575	3960223
280576	3960251
280577	3960263
280578	3960283
280579	3960289
280580	3960317
280581	3960329
280582	3960367
280583	3960373
280584	3960377
280585	3960401
280586	3960403
280587	3960419
280588	3960421
280589	3960427
280590	3960431
280591	3960433
280592	3960457
280593	3960497
280594	3960499
280595	3960521
280596	3960557
280597	3960581
280598	3960587
280599	3960599
280600	3960613
280601	3960631
280602	3960667
280603	3960673
280604	3960689
280605	3960701
280606	3960707
280607	3960727
280608	3960731
280609	3960751
280610	3960757
280611	3960769
280612	3960799
280613	3960811
280614	3960829
280615	3960833
280616	3960841
280617	3960857
280618	3960871
280619	3960883
280620	3960889
280621	3960893
280622	3960937
280623	3960941
280624	3960959
280625	3960967
280626	3960977
280627	3960997
280628	3961007
280629	3961021
280630	3961039
280631	3961049
280632	3961057
280633	3961121
280634	3961147
280635	3961159
280636	3961171
280637	3961193
280638	3961213
280639	3961229
280640	3961231
280641	3961259
280642	3961261
280643	3961271
280644	3961283
280645	3961327
280646	3961333
280647	3961337
280648	3961339
280649	3961343
280650	3961393
280651	3961411
280652	3961417
280653	3961427
280654	3961439
280655	3961453
280656	3961457
280657	3961469
280658	3961501
280659	3961513
280660	3961537
280661	3961541
280662	3961579
280663	3961597
280664	3961609
280665	3961619
280666	3961631
280667	3961649
280668	3961651
280669	3961669
280670	3961691
280671	3961721
280672	3961723
280673	3961753
280674	3961759
280675	3961781
280676	3961813
280677	3961817
280678	3961847
280679	3961877
280680	3961883
280681	3961897
280682	3961907
280683	3961933
280684	3961943
280685	3961949
280686	3961961
280687	3961963
280688	3961967
280689	3961973
280690	3961981
280691	3961987
280692	3962029
280693	3962039
280694	3962047
280695	3962081
280696	3962093
280697	3962107
280698	3962113
280699	3962137
280700	3962143
280701	3962201
280702	3962213
280703	3962237
280704	3962243
280705	3962251
280706	3962269
280707	3962303
280708	3962311
280709	3962323
280710	3962339
280711	3962351
280712	3962359
280713	3962437
280714	3962443
280715	3962461
280716	3962467
280717	3962471
280718	3962489
280719	3962521
280720	3962549
280721	3962557
280722	3962587
280723	3962591
280724	3962593
280725	3962599
280726	3962603
280727	3962611
280728	3962627
280729	3962641
280730	3962653
280731	3962671
280732	3962689
280733	3962701
280734	3962713
280735	3962729
280736	3962731
280737	3962747
280738	3962759
280739	3962789
280740	3962807
280741	3962813
280742	3962839
280743	3962843
280744	3962851
280745	3962857
280746	3962867
280747	3962897
280748	3962909
280749	3962927
280750	3962939
280751	3962941
280752	3962977
280753	3963013
280754	3963017
280755	3963031
280756	3963041
280757	3963119
280758	3963121
280759	3963161
280760	3963209
280761	3963221
280762	3963241
280763	3963263
280764	3963269
280765	3963277
280766	3963283
280767	3963293
280768	3963299
280769	3963301
280770	3963317
280771	3963359
280772	3963361
280773	3963373
280774	3963391
280775	3963409
280776	3963467
280777	3963469
280778	3963473
280779	3963493
280780	3963497
280781	3963503
280782	3963523
280783	3963529
280784	3963539
280785	3963559
280786	3963569
280787	3963577
280788	3963581
280789	3963587
280790	3963607
280791	3963623
280792	3963637
280793	3963643
280794	3963649
280795	3963683
280796	3963709
280797	3963721
280798	3963763
280799	3963803
280800	3963809
280801	3963829
280802	3963833
280803	3963853
280804	3963857
280805	3963887
280806	3963893
280807	3963899
280808	3963931
280809	3963959
280810	3963977
280811	3963979
280812	3963991
280813	3964007
280814	3964013
280815	3964021
280816	3964031
280817	3964061
280818	3964087
280819	3964091
280820	3964117
280821	3964123
280822	3964133
280823	3964157
280824	3964183
280825	3964193
280826	3964201
280827	3964229
280828	3964237
280829	3964273
280830	3964277
280831	3964283
280832	3964297
280833	3964307
280834	3964319
280835	3964333
280836	3964357
280837	3964381
280838	3964393
280839	3964397
280840	3964399
280841	3964421
280842	3964423
280843	3964463
280844	3964481
280845	3964489
280846	3964507
280847	3964511
280848	3964517
280849	3964523
280850	3964531
280851	3964549
280852	3964589
280853	3964603
280854	3964607
280855	3964613
280856	3964627
280857	3964633
280858	3964651
280859	3964663
280860	3964679
280861	3964693
280862	3964699
280863	3964733
280864	3964759
280865	3964777
280866	3964783
280867	3964789
280868	3964801
280869	3964811
280870	3964819
280871	3964837
280872	3964841
280873	3964843
280874	3964847
280875	3964867
280876	3964871
280877	3964879
280878	3964889
280879	3964897
280880	3964903
280881	3964907
280882	3964913
280883	3964937
280884	3964943
280885	3964949
280886	3964951
280887	3964963
280888	3964973
280889	3965021
280890	3965023
280891	3965033
280892	3965041
280893	3965123
280894	3965147
280895	3965153
280896	3965161
280897	3965197
280898	3965219
280899	3965231
280900	3965309
280901	3965317
280902	3965341
280903	3965347
280904	3965359
280905	3965371
280906	3965383
280907	3965393
280908	3965419
280909	3965441
280910	3965443
280911	3965447
280912	3965461
280913	3965483
280914	3965537
280915	3965569
280916	3965581
280917	3965587
280918	3965617
280919	3965629
280920	3965639
280921	3965653
280922	3965659
280923	3965681
280924	3965701
280925	3965707
280926	3965723
280927	3965783
280928	3965789
280929	3965827
280930	3965833
280931	3965839
280932	3965849
280933	3965869
280934	3965881
280935	3965887
280936	3965903
280937	3965911
280938	3965939
280939	3965963
280940	3966007
280941	3966029
280942	3966059
280943	3966089
280944	3966091
280945	3966113
280946	3966119
280947	3966121
280948	3966139
280949	3966161
280950	3966173
280951	3966197
280952	3966211
280953	3966223
280954	3966229
280955	3966239
280956	3966247
280957	3966271
280958	3966293
280959	3966323
280960	3966329
280961	3966331
280962	3966349
280963	3966407
280964	3966409
280965	3966433
280966	3966439
280967	3966503
280968	3966517
280969	3966539
280970	3966541
280971	3966563
280972	3966581
280973	3966583
280974	3966607
280975	3966617
280976	3966623
280977	3966631
280978	3966689
280979	3966691
280980	3966701
280981	3966719
280982	3966727
280983	3966761
280984	3966773
280985	3966779
280986	3966799
280987	3966803
280988	3966817
280989	3966857
280990	3966863
280991	3966871
280992	3966883
280993	3966887
280994	3966889
280995	3966913
280996	3966923
280997	3966929
280998	3966961
280999	3967027
281000	3967043
