281001	3967049
281002	3967057
281003	3967081
281004	3967087
281005	3967111
281006	3967121
281007	3967123
281008	3967127
281009	3967133
281010	3967141
281011	3967147
281012	3967157
281013	3967189
281014	3967193
281015	3967207
281016	3967231
281017	3967237
281018	3967241
281019	3967253
281020	3967259
281021	3967277
281022	3967289
281023	3967297
281024	3967321
281025	3967343
281026	3967351
281027	3967357
281028	3967363
281029	3967373
281030	3967417
281031	3967429
281032	3967441
281033	3967451
281034	3967487
281035	3967489
281036	3967493
281037	3967499
281038	3967507
281039	3967517
281040	3967541
281041	3967553
281042	3967571
281043	3967609
281044	3967619
281045	3967627
281046	3967651
281047	3967669
281048	3967679
281049	3967687
281050	3967699
281051	3967727
281052	3967741
281053	3967793
281054	3967801
281055	3967811
281056	3967819
281057	3967829
281058	3967837
281059	3967841
281060	3967871
281061	3967877
281062	3967913
281063	3967961
281064	3967963
281065	3967973
281066	3967993
281067	3968009
281068	3968011
281069	3968023
281070	3968047
281071	3968053
281072	3968071
281073	3968077
281074	3968113
281075	3968137
281076	3968149
281077	3968177
281078	3968183
281079	3968201
281080	3968203
281081	3968219
281082	3968227
281083	3968231
281084	3968291
281085	3968297
281086	3968299
281087	3968303
281088	3968323
281089	3968329
281090	3968339
281091	3968357
281092	3968381
281093	3968387
281094	3968411
281095	3968417
281096	3968453
281097	3968483
281098	3968491
281099	3968501
281100	3968507
281101	3968521
281102	3968533
281103	3968537
281104	3968543
281105	3968551
281106	3968567
281107	3968597
281108	3968603
281109	3968617
281110	3968647
281111	3968669
281112	3968717
281113	3968729
281114	3968743
281115	3968761
281116	3968801
281117	3968807
281118	3968813
281119	3968819
281120	3968827
281121	3968863
281122	3968869
281123	3968873
281124	3968893
281125	3968897
281126	3968917
281127	3968941
281128	3968947
281129	3968957
281130	3968981
281131	3968983
281132	3969001
281133	3969019
281134	3969037
281135	3969059
281136	3969061
281137	3969067
281138	3969071
281139	3969137
281140	3969151
281141	3969167
281142	3969181
281143	3969191
281144	3969193
281145	3969221
281146	3969241
281147	3969247
281148	3969253
281149	3969263
281150	3969269
281151	3969289
281152	3969307
281153	3969349
281154	3969367
281155	3969377
281156	3969389
281157	3969391
281158	3969419
281159	3969421
281160	3969437
281161	3969443
281162	3969451
281163	3969467
281164	3969481
281165	3969487
281166	3969503
281167	3969527
281168	3969529
281169	3969557
281170	3969569
281171	3969571
281172	3969583
281173	3969601
281174	3969611
281175	3969629
281176	3969649
281177	3969659
281178	3969673
281179	3969677
281180	3969703
281181	3969709
281182	3969733
281183	3969737
281184	3969751
281185	3969769
281186	3969773
281187	3969787
281188	3969793
281189	3969809
281190	3969811
281191	3969821
281192	3969827
281193	3969853
281194	3969863
281195	3969871
281196	3969899
281197	3969923
281198	3969937
281199	3969943
281200	3969971
281201	3969983
281202	3969997
281203	3970009
281204	3970033
281205	3970039
281206	3970049
281207	3970073
281208	3970097
281209	3970103
281210	3970111
281211	3970121
281212	3970133
281213	3970151
281214	3970157
281215	3970159
281216	3970189
281217	3970199
281218	3970223
281219	3970247
281220	3970261
281221	3970271
281222	3970273
281223	3970277
281224	3970289
281225	3970313
281226	3970321
281227	3970331
281228	3970339
281229	3970349
281230	3970357
281231	3970363
281232	3970409
281233	3970423
281234	3970441
281235	3970453
281236	3970459
281237	3970489
281238	3970493
281239	3970529
281240	3970531
281241	3970567
281242	3970579
281243	3970583
281244	3970591
281245	3970633
281246	3970643
281247	3970649
281248	3970657
281249	3970679
281250	3970691
281251	3970711
281252	3970723
281253	3970739
281254	3970751
281255	3970763
281256	3970781
281257	3970787
281258	3970793
281259	3970801
281260	3970819
281261	3970823
281262	3970831
281263	3970849
281264	3970859
281265	3970903
281266	3970949
281267	3970991
281268	3970997
281269	3971027
281270	3971041
281271	3971053
281272	3971063
281273	3971087
281274	3971117
281275	3971119
281276	3971129
281277	3971141
281278	3971147
281279	3971153
281280	3971167
281281	3971207
281282	3971213
281283	3971239
281284	3971257
281285	3971263
281286	3971267
281287	3971281
281288	3971287
281289	3971299
281290	3971309
281291	3971311
281292	3971333
281293	3971377
281294	3971393
281295	3971411
281296	3971413
281297	3971423
281298	3971431
281299	3971459
281300	3971477
281301	3971483
281302	3971501
281303	3971531
281304	3971533
281305	3971537
281306	3971549
281307	3971581
281308	3971587
281309	3971599
281310	3971621
281311	3971651
281312	3971677
281313	3971687
281314	3971713
281315	3971719
281316	3971731
281317	3971743
281318	3971749
281319	3971791
281320	3971797
281321	3971809
281322	3971833
281323	3971843
281324	3971861
281325	3971879
281326	3971881
281327	3971887
281328	3971899
281329	3971911
281330	3971917
281331	3971963
281332	3971977
281333	3971983
281334	3971993
281335	3972011
281336	3972019
281337	3972029
281338	3972037
281339	3972071
281340	3972091
281341	3972103
281342	3972107
281343	3972113
281344	3972119
281345	3972139
281346	3972151
281347	3972167
281348	3972173
281349	3972181
281350	3972187
281351	3972193
281352	3972223
281353	3972233
281354	3972251
281355	3972263
281356	3972301
281357	3972329
281358	3972341
281359	3972343
281360	3972359
281361	3972377
281362	3972413
281363	3972427
281364	3972439
281365	3972467
281366	3972499
281367	3972517
281368	3972523
281369	3972533
281370	3972541
281371	3972569
281372	3972593
281373	3972601
281374	3972643
281375	3972649
281376	3972671
281377	3972697
281378	3972737
281379	3972751
281380	3972757
281381	3972791
281382	3972809
281383	3972811
281384	3972817
281385	3972833
281386	3972841
281387	3972851
281388	3972877
281389	3972901
281390	3972911
281391	3972923
281392	3972931
281393	3972937
281394	3972953
281395	3972959
281396	3972973
281397	3972979
281398	3973007
281399	3973009
281400	3973027
281401	3973031
281402	3973061
281403	3973063
281404	3973093
281405	3973103
281406	3973117
281407	3973129
281408	3973133
281409	3973139
281410	3973153
281411	3973163
281412	3973183
281413	3973213
281414	3973219
281415	3973241
281416	3973247
281417	3973253
281418	3973259
281419	3973279
281420	3973283
281421	3973289
281422	3973297
281423	3973303
281424	3973309
281425	3973331
281426	3973339
281427	3973381
281428	3973391
281429	3973421
281430	3973429
281431	3973439
281432	3973447
281433	3973469
281434	3973481
281435	3973483
281436	3973499
281437	3973511
281438	3973517
281439	3973531
281440	3973553
281441	3973561
281442	3973577
281443	3973579
281444	3973633
281445	3973639
281446	3973649
281447	3973661
281448	3973691
281449	3973727
281450	3973729
281451	3973741
281452	3973747
281453	3973751
281454	3973757
281455	3973787
281456	3973807
281457	3973811
281458	3973829
281459	3973847
281460	3973861
281461	3973877
281462	3973919
281463	3973927
281464	3973933
281465	3973943
281466	3973973
281467	3973997
281468	3974023
281469	3974027
281470	3974041
281471	3974053
281472	3974057
281473	3974071
281474	3974077
281475	3974093
281476	3974129
281477	3974143
281478	3974167
281479	3974177
281480	3974197
281481	3974213
281482	3974219
281483	3974221
281484	3974227
281485	3974237
281486	3974261
281487	3974279
281488	3974291
281489	3974309
281490	3974351
281491	3974353
281492	3974357
281493	3974359
281494	3974371
281495	3974387
281496	3974389
281497	3974393
281498	3974419
281499	3974437
281500	3974441
281501	3974459
281502	3974483
281503	3974491
281504	3974497
281505	3974501
281506	3974527
281507	3974539
281508	3974563
281509	3974567
281510	3974609
281511	3974611
281512	3974623
281513	3974657
281514	3974681
281515	3974683
281516	3974687
281517	3974689
281518	3974701
281519	3974713
281520	3974717
281521	3974723
281522	3974741
281523	3974749
281524	3974759
281525	3974779
281526	3974783
281527	3974797
281528	3974801
281529	3974833
281530	3974849
281531	3974881
281532	3974897
281533	3974911
281534	3974917
281535	3974921
281536	3974939
281537	3974951
281538	3974959
281539	3974969
281540	3974981
281541	3974987
281542	3975011
281543	3975017
281544	3975031
281545	3975089
281546	3975091
281547	3975107
281548	3975109
281549	3975151
281550	3975163
281551	3975173
281552	3975193
281553	3975197
281554	3975217
281555	3975239
281556	3975247
281557	3975253
281558	3975269
281559	3975271
281560	3975277
281561	3975281
281562	3975289
281563	3975341
281564	3975353
281565	3975379
281566	3975383
281567	3975437
281568	3975449
281569	3975463
281570	3975473
281571	3975487
281572	3975493
281573	3975509
281574	3975511
281575	3975529
281576	3975547
281577	3975577
281578	3975593
281579	3975599
281580	3975649
281581	3975659
281582	3975661
281583	3975667
281584	3975677
281585	3975701
281586	3975703
281587	3975707
281588	3975709
281589	3975721
281590	3975749
281591	3975779
281592	3975791
281593	3975827
281594	3975857
281595	3975863
281596	3975887
281597	3975911
281598	3975947
281599	3975971
281600	3976001
281601	3976003
281602	3976009
281603	3976019
281604	3976031
281605	3976043
281606	3976061
281607	3976087
281608	3976097
281609	3976099
281610	3976121
281611	3976129
281612	3976169
281613	3976177
281614	3976183
281615	3976199
281616	3976207
281617	3976223
281618	3976229
281619	3976241
281620	3976261
281621	3976267
281622	3976289
281623	3976319
281624	3976327
281625	3976331
281626	3976337
281627	3976361
281628	3976367
281629	3976381
281630	3976387
281631	3976391
281632	3976397
281633	3976403
281634	3976409
281635	3976417
281636	3976439
281637	3976459
281638	3976477
281639	3976481
281640	3976507
281641	3976519
281642	3976523
281643	3976547
281644	3976573
281645	3976579
281646	3976601
281647	3976607
281648	3976619
281649	3976633
281650	3976663
281651	3976667
281652	3976669
281653	3976703
281654	3976733
281655	3976783
281656	3976801
281657	3976807
281658	3976829
281659	3976831
281660	3976849
281661	3976853
281662	3976859
281663	3976867
281664	3976873
281665	3976879
281666	3976913
281667	3976927
281668	3976943
281669	3976949
281670	3976969
281671	3976979
281672	3976981
281673	3976991
281674	3977003
281675	3977011
281676	3977059
281677	3977063
281678	3977069
281679	3977081
281680	3977087
281681	3977101
281682	3977107
281683	3977117
281684	3977153
281685	3977159
281686	3977161
281687	3977177
281688	3977203
281689	3977209
281690	3977219
281691	3977243
281692	3977273
281693	3977293
281694	3977317
281695	3977339
281696	3977341
281697	3977353
281698	3977377
281699	3977381
281700	3977387
281701	3977401
281702	3977411
281703	3977419
281704	3977429
281705	3977431
281706	3977447
281707	3977453
281708	3977461
281709	3977471
281710	3977483
281711	3977489
281712	3977497
281713	3977503
281714	3977509
281715	3977527
281716	3977549
281717	3977569
281718	3977573
281719	3977587
281720	3977599
281721	3977621
281722	3977639
281723	3977647
281724	3977653
281725	3977663
281726	3977681
281727	3977693
281728	3977717
281729	3977719
281730	3977731
281731	3977741
281732	3977761
281733	3977777
281734	3977791
281735	3977797
281736	3977807
281737	3977819
281738	3977849
281739	3977851
281740	3977863
281741	3977867
281742	3977891
281743	3977893
281744	3977903
281745	3977921
281746	3977927
281747	3977929
281748	3977933
281749	3977947
281750	3977977
281751	3977999
281752	3978031
281753	3978043
281754	3978053
281755	3978071
281756	3978101
281757	3978109
281758	3978113
281759	3978167
281760	3978179
281761	3978181
281762	3978197
281763	3978217
281764	3978229
281765	3978253
281766	3978257
281767	3978263
281768	3978269
281769	3978283
281770	3978301
281771	3978329
281772	3978349
281773	3978421
281774	3978431
281775	3978433
281776	3978451
281777	3978473
281778	3978479
281779	3978497
281780	3978511
281781	3978523
281782	3978553
281783	3978587
281784	3978593
281785	3978641
281786	3978643
281787	3978659
281788	3978671
281789	3978673
281790	3978683
281791	3978707
281792	3978727
281793	3978739
281794	3978743
281795	3978749
281796	3978761
281797	3978773
281798	3978781
281799	3978803
281800	3978811
281801	3978817
281802	3978823
281803	3978841
281804	3978859
281805	3978883
281806	3978893
281807	3978899
281808	3978917
281809	3978967
281810	3978971
281811	3978979
281812	3979013
281813	3979021
281814	3979039
281815	3979043
281816	3979117
281817	3979127
281818	3979133
281819	3979141
281820	3979147
281821	3979159
281822	3979163
281823	3979181
281824	3979193
281825	3979201
281826	3979211
281827	3979219
281828	3979229
281829	3979237
281830	3979247
281831	3979259
281832	3979267
281833	3979289
281834	3979357
281835	3979361
281836	3979363
281837	3979427
281838	3979433
281839	3979463
281840	3979499
281841	3979511
281842	3979517
281843	3979523
281844	3979543
281845	3979553
281846	3979561
281847	3979567
281848	3979571
281849	3979603
281850	3979627
281851	3979637
281852	3979639
281853	3979643
281854	3979663
281855	3979669
281856	3979691
281857	3979711
281858	3979739
281859	3979771
281860	3979837
281861	3979849
281862	3979861
281863	3979883
281864	3979889
281865	3979891
281866	3979901
281867	3979957
281868	3979967
281869	3979981
281870	3979999
281871	3980003
281872	3980017
281873	3980027
281874	3980051
281875	3980069
281876	3980071
281877	3980087
281878	3980089
281879	3980113
281880	3980117
281881	3980143
281882	3980147
281883	3980161
281884	3980191
281885	3980203
281886	3980231
281887	3980281
281888	3980287
281889	3980299
281890	3980303
281891	3980323
281892	3980341
281893	3980359
281894	3980377
281895	3980387
281896	3980399
281897	3980401
281898	3980407
281899	3980419
281900	3980429
281901	3980461
281902	3980479
281903	3980491
281904	3980503
281905	3980513
281906	3980521
281907	3980527
281908	3980531
281909	3980549
281910	3980551
281911	3980579
281912	3980591
281913	3980593
281914	3980611
281915	3980621
281916	3980629
281917	3980653
281918	3980657
281919	3980663
281920	3980687
281921	3980689
281922	3980693
281923	3980729
281924	3980749
281925	3980761
281926	3980819
281927	3980827
281928	3980831
281929	3980843
281930	3980857
281931	3980887
281932	3980891
281933	3980957
281934	3980971
281935	3980987
281936	3981017
281937	3981037
281938	3981067
281939	3981071
281940	3981097
281941	3981101
281942	3981119
281943	3981137
281944	3981157
281945	3981161
281946	3981167
281947	3981169
281948	3981181
281949	3981191
281950	3981193
281951	3981209
281952	3981217
281953	3981227
281954	3981253
281955	3981301
281956	3981331
281957	3981343
281958	3981389
281959	3981391
281960	3981401
281961	3981403
281962	3981407
281963	3981421
281964	3981449
281965	3981463
281966	3981473
281967	3981479
281968	3981491
281969	3981503
281970	3981517
281971	3981539
281972	3981541
281973	3981563
281974	3981569
281975	3981581
281976	3981589
281977	3981617
281978	3981619
281979	3981629
281980	3981641
281981	3981643
281982	3981647
281983	3981683
281984	3981707
281985	3981709
281986	3981739
281987	3981749
281988	3981763
281989	3981767
281990	3981821
281991	3981823
281992	3981827
281993	3981833
281994	3981839
281995	3981847
281996	3981863
281997	3981869
281998	3981871
281999	3981881
282000	3981883
