282001	3981889
282002	3981899
282003	3981911
282004	3981917
282005	3981937
282006	3981953
282007	3981959
282008	3981973
282009	3982031
282010	3982037
282011	3982057
282012	3982067
282013	3982073
282014	3982079
282015	3982117
282016	3982123
282017	3982129
282018	3982157
282019	3982171
282020	3982183
282021	3982201
282022	3982247
282023	3982249
282024	3982259
282025	3982271
282026	3982283
282027	3982333
282028	3982351
282029	3982373
282030	3982379
282031	3982393
282032	3982397
282033	3982399
282034	3982411
282035	3982417
282036	3982481
282037	3982493
282038	3982499
282039	3982513
282040	3982549
282041	3982567
282042	3982591
282043	3982597
282044	3982631
282045	3982679
282046	3982687
282047	3982691
282048	3982697
282049	3982721
282050	3982739
282051	3982747
282052	3982763
282053	3982801
282054	3982813
282055	3982819
282056	3982877
282057	3982883
282058	3982903
282059	3982931
282060	3982967
282061	3982987
282062	3982991
282063	3982999
282064	3983009
282065	3983011
282066	3983033
282067	3983039
282068	3983041
282069	3983059
282070	3983069
282071	3983093
282072	3983123
282073	3983129
282074	3983131
282075	3983153
282076	3983197
282077	3983201
282078	3983227
282079	3983249
282080	3983261
282081	3983263
282082	3983279
282083	3983299
282084	3983303
282085	3983333
282086	3983341
282087	3983377
282088	3983381
282089	3983387
282090	3983401
282091	3983431
282092	3983443
282093	3983453
282094	3983459
282095	3983461
282096	3983467
282097	3983471
282098	3983479
282099	3983509
282100	3983543
282101	3983587
282102	3983633
282103	3983641
282104	3983657
282105	3983663
282106	3983689
282107	3983699
282108	3983719
282109	3983747
282110	3983773
282111	3983789
282112	3983809
282113	3983839
282114	3983869
282115	3983873
282116	3983893
282117	3983897
282118	3983909
282119	3983911
282120	3983927
282121	3983951
282122	3983963
282123	3983981
282124	3983983
282125	3983989
282126	3983999
282127	3984031
282128	3984047
282129	3984061
282130	3984073
282131	3984109
282132	3984131
282133	3984133
282134	3984139
282135	3984161
282136	3984173
282137	3984181
282138	3984191
282139	3984199
282140	3984217
282141	3984229
282142	3984259
282143	3984269
282144	3984283
282145	3984287
282146	3984293
282147	3984301
282148	3984317
282149	3984347
282150	3984389
282151	3984391
282152	3984403
282153	3984439
282154	3984457
282155	3984467
282156	3984473
282157	3984479
282158	3984499
282159	3984517
282160	3984521
282161	3984587
282162	3984599
282163	3984611
282164	3984649
282165	3984653
282166	3984677
282167	3984679
282168	3984731
282169	3984751
282170	3984769
282171	3984781
282172	3984791
282173	3984793
282174	3984809
282175	3984823
282176	3984859
282177	3984917
282178	3984941
282179	3984943
282180	3984949
282181	3984971
282182	3984983
282183	3985013
282184	3985027
282185	3985031
282186	3985039
282187	3985057
282188	3985063
282189	3985067
282190	3985073
282191	3985087
282192	3985099
282193	3985103
282194	3985181
282195	3985207
282196	3985211
282197	3985213
282198	3985217
282199	3985237
282200	3985243
282201	3985249
282202	3985277
282203	3985297
282204	3985337
282205	3985349
282206	3985351
282207	3985363
282208	3985393
282209	3985403
282210	3985409
282211	3985433
282212	3985451
282213	3985469
282214	3985511
282215	3985519
282216	3985523
282217	3985537
282218	3985543
282219	3985549
282220	3985567
282221	3985589
282222	3985591
282223	3985609
282224	3985621
282225	3985637
282226	3985661
282227	3985669
282228	3985697
282229	3985711
282230	3985717
282231	3985721
282232	3985777
282233	3985829
282234	3985843
282235	3985853
282236	3985859
282237	3985867
282238	3985879
282239	3985889
282240	3985903
282241	3985951
282242	3985999
282243	3986009
282244	3986033
282245	3986051
282246	3986063
282247	3986111
282248	3986113
282249	3986159
282250	3986161
282251	3986173
282252	3986189
282253	3986201
282254	3986207
282255	3986209
282256	3986231
282257	3986237
282258	3986243
282259	3986263
282260	3986273
282261	3986287
282262	3986293
282263	3986303
282264	3986309
282265	3986329
282266	3986351
282267	3986357
282268	3986377
282269	3986393
282270	3986413
282271	3986431
282272	3986441
282273	3986459
282274	3986467
282275	3986473
282276	3986497
282277	3986503
282278	3986513
282279	3986519
282280	3986531
282281	3986537
282282	3986539
282283	3986581
282284	3986597
282285	3986611
282286	3986617
282287	3986623
282288	3986641
282289	3986651
282290	3986663
282291	3986669
282292	3986677
282293	3986699
282294	3986711
282295	3986729
282296	3986737
282297	3986747
282298	3986761
282299	3986767
282300	3986771
282301	3986783
282302	3986803
282303	3986809
282304	3986813
282305	3986839
282306	3986897
282307	3986921
282308	3986923
282309	3986929
282310	3986951
282311	3986953
282312	3986971
282313	3986977
282314	3986987
282315	3986989
282316	3986999
282317	3987001
282318	3987013
282319	3987019
282320	3987023
282321	3987029
282322	3987037
282323	3987077
282324	3987079
282325	3987107
282326	3987121
282327	3987149
282328	3987167
282329	3987173
282330	3987199
282331	3987227
282332	3987229
282333	3987259
282334	3987271
282335	3987287
282336	3987301
282337	3987311
282338	3987317
282339	3987323
282340	3987353
282341	3987407
282342	3987409
282343	3987421
282344	3987427
282345	3987449
282346	3987481
282347	3987517
282348	3987521
282349	3987523
282350	3987551
282351	3987559
282352	3987589
282353	3987593
282354	3987629
282355	3987649
282356	3987677
282357	3987727
282358	3987733
282359	3987757
282360	3987769
282361	3987791
282362	3987799
282363	3987811
282364	3987821
282365	3987829
282366	3987833
282367	3987839
282368	3987847
282369	3987859
282370	3987887
282371	3987913
282372	3987931
282373	3987937
282374	3987943
282375	3988003
282376	3988007
282377	3988021
282378	3988027
282379	3988069
282380	3988073
282381	3988087
282382	3988093
282383	3988097
282384	3988129
282385	3988147
282386	3988151
282387	3988213
282388	3988247
282389	3988249
282390	3988273
282391	3988277
282392	3988289
282393	3988291
282394	3988297
282395	3988301
282396	3988321
282397	3988331
282398	3988343
282399	3988351
282400	3988381
282401	3988403
282402	3988427
282403	3988433
282404	3988441
282405	3988451
282406	3988471
282407	3988477
282408	3988487
282409	3988513
282410	3988519
282411	3988531
282412	3988541
282413	3988583
282414	3988601
282415	3988619
282416	3988627
282417	3988643
282418	3988661
282419	3988667
282420	3988679
282421	3988681
282422	3988687
282423	3988703
282424	3988717
282425	3988753
282426	3988759
282427	3988763
282428	3988771
282429	3988781
282430	3988783
282431	3988823
282432	3988877
282433	3988889
282434	3988903
282435	3988909
282436	3988961
282437	3988969
282438	3988991
282439	3989003
282440	3989009
282441	3989021
282442	3989023
282443	3989039
282444	3989057
282445	3989093
282446	3989119
282447	3989123
282448	3989137
282449	3989147
282450	3989159
282451	3989171
282452	3989191
282453	3989233
282454	3989243
282455	3989261
282456	3989267
282457	3989287
282458	3989311
282459	3989317
282460	3989329
282461	3989333
282462	3989351
282463	3989371
282464	3989383
282465	3989387
282466	3989389
282467	3989393
282468	3989413
282469	3989429
282470	3989431
282471	3989437
282472	3989467
282473	3989471
282474	3989477
282475	3989519
282476	3989533
282477	3989569
282478	3989593
282479	3989641
282480	3989651
282481	3989653
282482	3989663
282483	3989683
282484	3989701
282485	3989723
282486	3989729
282487	3989759
282488	3989761
282489	3989801
282490	3989807
282491	3989809
282492	3989831
282493	3989837
282494	3989857
282495	3989863
282496	3989891
282497	3989897
282498	3989903
282499	3989929
282500	3989941
282501	3989957
282502	3989963
282503	3989983
282504	3989989
282505	3990001
282506	3990011
282507	3990029
282508	3990031
282509	3990037
282510	3990047
282511	3990061
282512	3990073
282513	3990083
282514	3990097
282515	3990113
282516	3990127
282517	3990157
282518	3990169
282519	3990179
282520	3990187
282521	3990241
282522	3990251
282523	3990269
282524	3990281
282525	3990307
282526	3990331
282527	3990353
282528	3990373
282529	3990379
282530	3990383
282531	3990419
282532	3990449
282533	3990451
282534	3990463
282535	3990473
282536	3990509
282537	3990521
282538	3990541
282539	3990593
282540	3990601
282541	3990607
282542	3990617
282543	3990619
282544	3990641
282545	3990689
282546	3990731
282547	3990737
282548	3990761
282549	3990773
282550	3990827
282551	3990841
282552	3990851
282553	3990853
282554	3990859
282555	3990863
282556	3990901
282557	3990907
282558	3990913
282559	3990919
282560	3990929
282561	3990967
282562	3990977
282563	3990979
282564	3990997
282565	3991019
282566	3991021
282567	3991037
282568	3991051
282569	3991087
282570	3991093
282571	3991103
282572	3991111
282573	3991139
282574	3991181
282575	3991189
282576	3991199
282577	3991223
282578	3991237
282579	3991261
282580	3991279
282581	3991289
282582	3991297
282583	3991313
282584	3991321
282585	3991331
282586	3991333
282587	3991369
282588	3991399
282589	3991441
282590	3991451
282591	3991469
282592	3991511
282593	3991517
282594	3991543
282595	3991571
282596	3991573
282597	3991579
282598	3991601
282599	3991607
282600	3991609
282601	3991613
282602	3991619
282603	3991639
282604	3991649
282605	3991667
282606	3991679
282607	3991681
282608	3991693
282609	3991703
282610	3991711
282611	3991717
282612	3991723
282613	3991727
282614	3991747
282615	3991751
282616	3991807
282617	3991817
282618	3991829
282619	3991831
282620	3991853
282621	3991877
282622	3991891
282623	3991943
282624	3991961
282625	3991973
282626	3991993
282627	3991997
282628	3992011
282629	3992029
282630	3992057
282631	3992069
282632	3992081
282633	3992083
282634	3992089
282635	3992099
282636	3992123
282637	3992141
282638	3992143
282639	3992159
282640	3992171
282641	3992201
282642	3992203
282643	3992207
282644	3992213
282645	3992221
282646	3992231
282647	3992243
282648	3992251
282649	3992257
282650	3992279
282651	3992291
282652	3992309
282653	3992323
282654	3992327
282655	3992333
282656	3992341
282657	3992347
282658	3992357
282659	3992371
282660	3992377
282661	3992381
282662	3992393
282663	3992407
282664	3992419
282665	3992441
282666	3992447
282667	3992453
282668	3992477
282669	3992479
282670	3992503
282671	3992519
282672	3992531
282673	3992533
282674	3992563
282675	3992567
282676	3992587
282677	3992609
282678	3992623
282679	3992627
282680	3992683
282681	3992687
282682	3992689
282683	3992699
282684	3992701
282685	3992713
282686	3992719
282687	3992741
282688	3992761
282689	3992771
282690	3992797
282691	3992837
282692	3992843
282693	3992873
282694	3992887
282695	3992899
282696	3992903
282697	3992917
282698	3992927
282699	3992939
282700	3992951
282701	3992959
282702	3992987
282703	3993019
282704	3993029
282705	3993037
282706	3993043
282707	3993049
282708	3993071
282709	3993083
282710	3993089
282711	3993091
282712	3993103
282713	3993107
282714	3993127
282715	3993161
282716	3993193
282717	3993217
282718	3993221
282719	3993229
282720	3993233
282721	3993239
282722	3993247
282723	3993251
282724	3993257
282725	3993259
282726	3993263
282727	3993313
282728	3993323
282729	3993343
282730	3993377
282731	3993397
282732	3993427
282733	3993443
282734	3993469
282735	3993481
282736	3993511
282737	3993527
282738	3993547
282739	3993557
282740	3993569
282741	3993571
282742	3993581
282743	3993593
282744	3993601
282745	3993617
282746	3993631
282747	3993653
282748	3993659
282749	3993683
282750	3993701
282751	3993713
282752	3993721
282753	3993733
282754	3993739
282755	3993751
282756	3993779
282757	3993791
282758	3993833
282759	3993839
282760	3993859
282761	3993889
282762	3993893
282763	3993901
282764	3993907
282765	3993911
282766	3993943
282767	3993949
282768	3993953
282769	3993959
282770	3993991
282771	3994007
282772	3994021
282773	3994069
282774	3994079
282775	3994103
282776	3994121
282777	3994147
282778	3994171
282779	3994183
282780	3994189
282781	3994213
282782	3994223
282783	3994229
282784	3994253
282785	3994267
282786	3994271
282787	3994279
282788	3994357
282789	3994369
282790	3994391
282791	3994411
282792	3994421
282793	3994429
282794	3994453
282795	3994481
282796	3994493
282797	3994499
282798	3994513
282799	3994537
282800	3994553
282801	3994559
282802	3994561
282803	3994591
282804	3994597
282805	3994619
282806	3994621
282807	3994681
282808	3994687
282809	3994699
282810	3994717
282811	3994723
282812	3994729
282813	3994733
282814	3994747
282815	3994759
282816	3994763
282817	3994777
282818	3994787
282819	3994789
282820	3994799
282821	3994817
282822	3994841
282823	3994843
282824	3994849
282825	3994891
282826	3994897
282827	3994909
282828	3994931
282829	3994933
282830	3994937
282831	3994961
282832	3994993
282833	3995021
282834	3995023
282835	3995029
282836	3995083
282837	3995093
282838	3995113
282839	3995129
282840	3995161
282841	3995183
282842	3995191
282843	3995207
282844	3995219
282845	3995231
282846	3995269
282847	3995279
282848	3995281
282849	3995347
282850	3995351
282851	3995413
282852	3995429
282853	3995437
282854	3995441
282855	3995443
282856	3995447
282857	3995449
282858	3995461
282859	3995471
282860	3995489
282861	3995503
282862	3995507
282863	3995513
282864	3995543
282865	3995557
282866	3995581
282867	3995587
282868	3995609
282869	3995623
282870	3995627
282871	3995633
282872	3995639
282873	3995647
282874	3995653
282875	3995659
282876	3995671
282877	3995687
282878	3995699
282879	3995713
282880	3995729
282881	3995743
282882	3995749
282883	3995753
282884	3995777
282885	3995779
282886	3995791
282887	3995837
282888	3995843
282889	3995851
282890	3995891
282891	3995897
282892	3995903
282893	3995921
282894	3995923
282895	3995933
282896	3995941
282897	3995977
282898	3995989
282899	3996007
282900	3996017
282901	3996059
282902	3996067
282903	3996073
282904	3996077
282905	3996079
282906	3996107
282907	3996131
282908	3996149
282909	3996151
282910	3996193
282911	3996199
282912	3996211
282913	3996221
282914	3996277
282915	3996281
282916	3996283
282917	3996323
282918	3996337
282919	3996341
282920	3996347
282921	3996353
282922	3996361
282923	3996379
282924	3996397
282925	3996413
282926	3996431
282927	3996439
282928	3996467
282929	3996511
282930	3996521
282931	3996523
282932	3996527
282933	3996529
282934	3996541
282935	3996569
282936	3996583
282937	3996589
282938	3996647
282939	3996653
282940	3996743
282941	3996763
282942	3996791
282943	3996793
282944	3996827
282945	3996857
282946	3996869
282947	3996911
282948	3996919
282949	3996931
282950	3996959
282951	3996961
282952	3996977
282953	3997001
282954	3997003
282955	3997039
282956	3997043
282957	3997051
282958	3997061
282959	3997069
282960	3997111
282961	3997117
282962	3997129
282963	3997141
282964	3997181
282965	3997211
282966	3997241
282967	3997267
282968	3997271
282969	3997297
282970	3997307
282971	3997319
282972	3997339
282973	3997349
282974	3997361
282975	3997381
282976	3997403
282977	3997453
282978	3997457
282979	3997463
282980	3997471
282981	3997493
282982	3997507
282983	3997547
282984	3997549
282985	3997559
282986	3997577
282987	3997583
282988	3997597
282989	3997603
282990	3997639
282991	3997649
282992	3997673
282993	3997723
282994	3997751
282995	3997759
282996	3997769
282997	3997801
282998	3997811
282999	3997849
283000	3997859
