283001	3997871
283002	3997891
283003	3997897
283004	3997909
283005	3997919
283006	3997921
283007	3997927
283008	3997933
283009	3997963
283010	3997967
283011	3997979
283012	3997993
283013	3997997
283014	3998003
283015	3998041
283016	3998069
283017	3998089
283018	3998107
283019	3998119
283020	3998131
283021	3998171
283022	3998173
283023	3998177
283024	3998191
283025	3998209
283026	3998219
283027	3998221
283028	3998233
283029	3998249
283030	3998261
283031	3998263
283032	3998273
283033	3998299
283034	3998333
283035	3998339
283036	3998353
283037	3998369
283038	3998377
283039	3998399
283040	3998413
283041	3998419
283042	3998459
283043	3998461
283044	3998497
283045	3998521
283046	3998537
283047	3998539
283048	3998551
283049	3998557
283050	3998567
283051	3998581
283052	3998591
283053	3998609
283054	3998623
283055	3998629
283056	3998639
283057	3998641
283058	3998653
283059	3998669
283060	3998671
283061	3998677
283062	3998693
283063	3998707
283064	3998717
283065	3998719
283066	3998737
283067	3998741
283068	3998749
283069	3998773
283070	3998779
283071	3998789
283072	3998801
283073	3998809
283074	3998821
283075	3998831
283076	3998837
283077	3998881
283078	3998899
283079	3998959
283080	3998971
283081	3998983
283082	3998993
283083	3998999
283084	3999001
283085	3999053
283086	3999067
283087	3999109
283088	3999113
283089	3999143
283090	3999161
283091	3999209
283092	3999211
283093	3999239
283094	3999251
283095	3999283
283096	3999311
283097	3999313
283098	3999323
283099	3999337
283100	3999379
283101	3999383
283102	3999389
283103	3999421
283104	3999439
283105	3999449
283106	3999461
283107	3999467
283108	3999487
283109	3999491
283110	3999497
283111	3999511
283112	3999517
283113	3999529
283114	3999547
283115	3999563
283116	3999577
283117	3999581
283118	3999599
283119	3999623
283120	3999629
283121	3999637
283122	3999647
283123	3999659
283124	3999661
283125	3999683
283126	3999703
283127	3999707
283128	3999719
283129	3999727
283130	3999733
283131	3999739
283132	3999763
283133	3999773
283134	3999781
283135	3999791
283136	3999803
283137	3999851
283138	3999859
283139	3999871
283140	3999893
283141	3999901
283142	3999917
283143	3999923
283144	3999929
283145	3999949
283146	3999971
283147	4000037
283148	4000039
283149	4000043
283150	4000063
283151	4000067
283152	4000079
283153	4000081
283154	4000093
283155	4000133
283156	4000153
283157	4000159
283158	4000169
283159	4000189
283160	4000237
283161	4000261
283162	4000267
283163	4000273
283164	4000277
283165	4000291
283166	4000301
283167	4000303
283168	4000309
283169	4000343
283170	4000357
283171	4000361
283172	4000379
283173	4000439
283174	4000489
283175	4000511
283176	4000523
283177	4000541
283178	4000543
283179	4000553
283180	4000561
283181	4000567
283182	4000573
283183	4000589
283184	4000631
283185	4000649
283186	4000651
283187	4000669
283188	4000673
283189	4000679
283190	4000691
283191	4000693
283192	4000709
283193	4000723
283194	4000741
283195	4000747
283196	4000751
283197	4000813
283198	4000823
283199	4000853
283200	4000861
283201	4000879
283202	4000883
283203	4000889
283204	4000897
283205	4000901
283206	4000907
283207	4000937
283208	4000939
283209	4000949
283210	4000951
283211	4000957
283212	4000979
283213	4000987
283214	4000993
283215	4001003
283216	4001009
283217	4001017
283218	4001027
283219	4001029
283220	4001059
283221	4001071
283222	4001089
283223	4001111
283224	4001117
283225	4001119
283226	4001141
283227	4001147
283228	4001167
283229	4001177
283230	4001183
283231	4001197
283232	4001213
283233	4001219
283234	4001227
283235	4001237
283236	4001243
283237	4001269
283238	4001303
283239	4001339
283240	4001357
283241	4001369
283242	4001383
283243	4001399
283244	4001407
283245	4001411
283246	4001453
283247	4001461
283248	4001467
283249	4001483
283250	4001509
283251	4001521
283252	4001527
283253	4001531
283254	4001549
283255	4001551
283256	4001561
283257	4001567
283258	4001593
283259	4001597
283260	4001603
283261	4001611
283262	4001617
283263	4001629
283264	4001639
283265	4001689
283266	4001713
283267	4001719
283268	4001741
283269	4001743
283270	4001771
283271	4001779
283272	4001791
283273	4001807
283274	4001827
283275	4001831
283276	4001849
283277	4001863
283278	4001867
283279	4001873
283280	4001891
283281	4001939
283282	4001947
283283	4001999
283284	4002001
283285	4002013
283286	4002017
283287	4002041
283288	4002043
283289	4002049
283290	4002067
283291	4002077
283292	4002101
283293	4002109
283294	4002113
283295	4002127
283296	4002137
283297	4002143
283298	4002169
283299	4002197
283300	4002209
283301	4002221
283302	4002223
283303	4002239
283304	4002247
283305	4002263
283306	4002269
283307	4002281
283308	4002301
283309	4002307
283310	4002329
283311	4002337
283312	4002353
283313	4002389
283314	4002403
283315	4002431
283316	4002457
283317	4002499
283318	4002527
283319	4002547
283320	4002553
283321	4002563
283322	4002571
283323	4002577
283324	4002611
283325	4002631
283326	4002641
283327	4002643
283328	4002671
283329	4002679
283330	4002709
283331	4002721
283332	4002727
283333	4002743
283334	4002773
283335	4002797
283336	4002811
283337	4002821
283338	4002829
283339	4002833
283340	4002839
283341	4002847
283342	4002857
283343	4002877
283344	4002893
283345	4002907
283346	4002917
283347	4002923
283348	4002949
283349	4002959
283350	4002961
283351	4002979
283352	4002983
283353	4002991
283354	4002997
283355	4003001
283356	4003019
283357	4003033
283358	4003039
283359	4003057
283360	4003079
283361	4003099
283362	4003121
283363	4003133
283364	4003147
283365	4003151
283366	4003187
283367	4003201
283368	4003213
283369	4003231
283370	4003253
283371	4003271
283372	4003273
283373	4003291
283374	4003297
283375	4003333
283376	4003361
283377	4003387
283378	4003397
283379	4003423
283380	4003427
283381	4003453
283382	4003459
283383	4003501
283384	4003513
283385	4003523
283386	4003529
283387	4003577
283388	4003579
283389	4003663
283390	4003667
283391	4003669
283392	4003697
283393	4003709
283394	4003717
283395	4003729
283396	4003757
283397	4003763
283398	4003781
283399	4003793
283400	4003819
283401	4003841
283402	4003847
283403	4003861
283404	4003871
283405	4003873
283406	4003877
283407	4003913
283408	4003939
283409	4003949
283410	4003963
283411	4003973
283412	4003981
283413	4003999
283414	4004009
283415	4004023
283416	4004057
283417	4004069
283418	4004081
283419	4004087
283420	4004089
283421	4004137
283422	4004141
283423	4004179
283424	4004191
283425	4004207
283426	4004213
283427	4004219
283428	4004227
283429	4004237
283430	4004249
283431	4004267
283432	4004279
283433	4004281
283434	4004293
283435	4004339
283436	4004359
283437	4004387
283438	4004393
283439	4004417
283440	4004449
283441	4004453
283442	4004489
283443	4004509
283444	4004513
283445	4004527
283446	4004579
283447	4004591
283448	4004597
283449	4004617
283450	4004629
283451	4004653
283452	4004659
283453	4004669
283454	4004677
283455	4004681
283456	4004683
283457	4004699
283458	4004713
283459	4004717
283460	4004731
283461	4004753
283462	4004773
283463	4004779
283464	4004789
283465	4004807
283466	4004821
283467	4004837
283468	4004851
283469	4004867
283470	4004873
283471	4004881
283472	4004887
283473	4004909
283474	4004933
283475	4004939
283476	4004951
283477	4004989
283478	4005019
283479	4005049
283480	4005091
283481	4005119
283482	4005121
283483	4005137
283484	4005173
283485	4005203
283486	4005223
283487	4005229
283488	4005233
283489	4005241
283490	4005271
283491	4005301
283492	4005307
283493	4005317
283494	4005341
283495	4005343
283496	4005347
283497	4005367
283498	4005373
283499	4005377
283500	4005433
283501	4005457
283502	4005467
283503	4005499
283504	4005527
283505	4005539
283506	4005553
283507	4005613
283508	4005619
283509	4005643
283510	4005649
283511	4005653
283512	4005691
283513	4005733
283514	4005767
283515	4005769
283516	4005791
283517	4005817
283518	4005821
283519	4005839
283520	4005847
283521	4005889
283522	4005893
283523	4005901
283524	4005917
283525	4005943
283526	4005959
283527	4005971
283528	4005977
283529	4005983
283530	4006001
283531	4006007
283532	4006019
283533	4006039
283534	4006063
283535	4006091
283536	4006097
283537	4006103
283538	4006109
283539	4006129
283540	4006133
283541	4006141
283542	4006153
283543	4006183
283544	4006201
283545	4006229
283546	4006231
283547	4006241
283548	4006243
283549	4006253
283550	4006259
283551	4006273
283552	4006307
283553	4006309
283554	4006319
283555	4006333
283556	4006337
283557	4006349
283558	4006351
283559	4006361
283560	4006363
283561	4006381
283562	4006403
283563	4006411
283564	4006417
283565	4006423
283566	4006451
283567	4006463
283568	4006477
283569	4006481
283570	4006489
283571	4006517
283572	4006523
283573	4006529
283574	4006537
283575	4006547
283576	4006567
283577	4006571
283578	4006589
283579	4006591
283580	4006603
283581	4006621
283582	4006633
283583	4006637
283584	4006649
283585	4006661
283586	4006687
283587	4006699
283588	4006721
283589	4006729
283590	4006741
283591	4006763
283592	4006789
283593	4006811
283594	4006823
283595	4006837
283596	4006859
283597	4006861
283598	4006879
283599	4006913
283600	4006927
283601	4006931
283602	4006939
283603	4006957
283604	4006963
283605	4006969
283606	4006979
283607	4006993
283608	4007021
283609	4007023
283610	4007033
283611	4007039
283612	4007071
283613	4007077
283614	4007099
283615	4007123
283616	4007131
283617	4007141
283618	4007147
283619	4007149
283620	4007183
283621	4007207
283622	4007209
283623	4007219
283624	4007239
283625	4007251
283626	4007261
283627	4007279
283628	4007281
283629	4007321
283630	4007351
283631	4007363
283632	4007369
283633	4007407
283634	4007411
283635	4007413
283636	4007429
283637	4007431
283638	4007441
283639	4007447
283640	4007459
283641	4007477
283642	4007483
283643	4007491
283644	4007513
283645	4007519
283646	4007527
283647	4007551
283648	4007561
283649	4007569
283650	4007573
283651	4007593
283652	4007599
283653	4007611
283654	4007623
283655	4007629
283656	4007657
283657	4007659
283658	4007671
283659	4007677
283660	4007687
283661	4007723
283662	4007741
283663	4007747
283664	4007777
283665	4007789
283666	4007797
283667	4007813
283668	4007827
283669	4007837
283670	4007851
283671	4007863
283672	4007881
283673	4007893
283674	4007921
283675	4007933
283676	4007953
283677	4007963
283678	4007981
283679	4007999
283680	4008001
283681	4008013
283682	4008023
283683	4008029
283684	4008077
283685	4008089
283686	4008091
283687	4008097
283688	4008131
283689	4008133
283690	4008143
283691	4008149
283692	4008157
283693	4008161
283694	4008181
283695	4008203
283696	4008217
283697	4008227
283698	4008239
283699	4008253
283700	4008271
283701	4008287
283702	4008289
283703	4008307
283704	4008313
283705	4008317
283706	4008349
283707	4008377
283708	4008391
283709	4008397
283710	4008421
283711	4008427
283712	4008437
283713	4008439
283714	4008461
283715	4008523
283716	4008551
283717	4008559
283718	4008577
283719	4008581
283720	4008619
283721	4008629
283722	4008643
283723	4008661
283724	4008671
283725	4008673
283726	4008679
283727	4008689
283728	4008701
283729	4008709
283730	4008713
283731	4008727
283732	4008749
283733	4008769
283734	4008779
283735	4008793
283736	4008799
283737	4008841
283738	4008853
283739	4008869
283740	4008881
283741	4008883
283742	4008887
283743	4008919
283744	4008947
283745	4008967
283746	4008971
283747	4008997
283748	4009001
283749	4009003
283750	4009007
283751	4009037
283752	4009039
283753	4009051
283754	4009091
283755	4009097
283756	4009139
283757	4009141
283758	4009151
283759	4009193
283760	4009207
283761	4009219
283762	4009237
283763	4009249
283764	4009307
283765	4009319
283766	4009321
283767	4009333
283768	4009339
283769	4009373
283770	4009381
283771	4009391
283772	4009409
283773	4009417
283774	4009451
283775	4009477
283776	4009483
283777	4009507
283778	4009529
283779	4009531
283780	4009543
283781	4009547
283782	4009549
283783	4009619
283784	4009631
283785	4009639
283786	4009667
283787	4009669
283788	4009679
283789	4009721
283790	4009729
283791	4009769
283792	4009777
283793	4009781
283794	4009787
283795	4009799
283796	4009823
283797	4009849
283798	4009861
283799	4009891
283800	4009897
283801	4009913
283802	4009919
283803	4009921
283804	4009933
283805	4009939
283806	4009991
283807	4010021
283808	4010029
283809	4010047
283810	4010063
283811	4010081
283812	4010089
283813	4010101
283814	4010117
283815	4010131
283816	4010141
283817	4010143
283818	4010161
283819	4010173
283820	4010177
283821	4010179
283822	4010183
283823	4010189
283824	4010203
283825	4010221
283826	4010231
283827	4010261
283828	4010267
283829	4010269
283830	4010297
283831	4010299
283832	4010339
283833	4010353
283834	4010371
283835	4010399
283836	4010423
283837	4010431
283838	4010443
283839	4010471
283840	4010491
283841	4010507
283842	4010509
283843	4010519
283844	4010527
283845	4010537
283846	4010543
283847	4010549
283848	4010551
283849	4010561
283850	4010569
283851	4010581
283852	4010597
283853	4010599
283854	4010603
283855	4010621
283856	4010627
283857	4010639
283858	4010641
283859	4010647
283860	4010663
283861	4010701
283862	4010707
283863	4010731
283864	4010771
283865	4010777
283866	4010789
283867	4010801
283868	4010803
283869	4010807
283870	4010819
283871	4010833
283872	4010849
283873	4010857
283874	4010893
283875	4010921
283876	4010927
283877	4010939
283878	4010953
283879	4010977
283880	4011011
283881	4011017
283882	4011037
283883	4011043
283884	4011053
283885	4011061
283886	4011103
283887	4011113
283888	4011127
283889	4011157
283890	4011181
283891	4011197
283892	4011209
283893	4011221
283894	4011239
283895	4011247
283896	4011257
283897	4011263
283898	4011283
283899	4011289
283900	4011313
283901	4011331
283902	4011347
283903	4011349
283904	4011353
283905	4011373
283906	4011377
283907	4011409
283908	4011443
283909	4011467
283910	4011479
283911	4011487
283912	4011523
283913	4011529
283914	4011533
283915	4011551
283916	4011559
283917	4011583
283918	4011647
283919	4011649
283920	4011653
283921	4011671
283922	4011673
283923	4011701
283924	4011703
283925	4011719
283926	4011731
283927	4011737
283928	4011767
283929	4011769
283930	4011781
283931	4011797
283932	4011811
283933	4011817
283934	4011827
283935	4011859
283936	4011863
283937	4011871
283938	4011883
283939	4011899
283940	4011911
283941	4011923
283942	4011929
283943	4011977
283944	4011979
283945	4011991
283946	4012013
283947	4012033
283948	4012037
283949	4012067
283950	4012069
283951	4012079
283952	4012081
283953	4012103
283954	4012109
283955	4012111
283956	4012133
283957	4012147
283958	4012157
283959	4012163
283960	4012171
283961	4012193
283962	4012199
283963	4012207
283964	4012213
283965	4012241
283966	4012247
283967	4012271
283968	4012273
283969	4012297
283970	4012321
283971	4012339
283972	4012367
283973	4012369
283974	4012381
283975	4012441
283976	4012451
283977	4012457
283978	4012483
283979	4012487
283980	4012499
283981	4012507
283982	4012537
283983	4012549
283984	4012573
283985	4012601
283986	4012621
283987	4012627
283988	4012633
283989	4012639
283990	4012669
283991	4012681
283992	4012703
283993	4012709
283994	4012721
283995	4012747
283996	4012769
283997	4012783
283998	4012829
283999	4012837
284000	4012847
