287001	4057969
287002	4058011
287003	4058017
287004	4058029
287005	4058059
287006	4058063
287007	4058071
287008	4058081
287009	4058083
287010	4058099
287011	4058101
287012	4058107
287013	4058111
287014	4058113
287015	4058137
287016	4058141
287017	4058149
287018	4058167
287019	4058209
287020	4058227
287021	4058237
287022	4058251
287023	4058261
287024	4058273
287025	4058279
287026	4058317
287027	4058321
287028	4058333
287029	4058339
287030	4058357
287031	4058363
287032	4058371
287033	4058387
287034	4058389
287035	4058399
287036	4058401
287037	4058423
287038	4058429
287039	4058443
287040	4058449
287041	4058471
287042	4058473
287043	4058477
287044	4058479
287045	4058501
287046	4058519
287047	4058543
287048	4058569
287049	4058599
287050	4058629
287051	4058633
287052	4058683
287053	4058693
287054	4058701
287055	4058731
287056	4058749
287057	4058777
287058	4058797
287059	4058809
287060	4058819
287061	4058839
287062	4058843
287063	4058849
287064	4058851
287065	4058867
287066	4058891
287067	4058893
287068	4058897
287069	4058917
287070	4058933
287071	4058947
287072	4058953
287073	4058963
287074	4058969
287075	4058981
287076	4059037
287077	4059049
287078	4059059
287079	4059067
287080	4059079
287081	4059113
287082	4059119
287083	4059131
287084	4059149
287085	4059161
287086	4059169
287087	4059191
287088	4059193
287089	4059197
287090	4059199
287091	4059203
287092	4059221
287093	4059227
287094	4059229
287095	4059271
287096	4059313
287097	4059317
287098	4059337
287099	4059347
287100	4059361
287101	4059371
287102	4059389
287103	4059397
287104	4059403
287105	4059439
287106	4059443
287107	4059499
287108	4059509
287109	4059511
287110	4059527
287111	4059563
287112	4059571
287113	4059581
287114	4059593
287115	4059599
287116	4059619
287117	4059637
287118	4059647
287119	4059659
287120	4059683
287121	4059761
287122	4059763
287123	4059817
287124	4059823
287125	4059827
287126	4059833
287127	4059871
287128	4059877
287129	4059883
287130	4059919
287131	4059947
287132	4059949
287133	4059953
287134	4060009
287135	4060019
287136	4060037
287137	4060061
287138	4060073
287139	4060109
287140	4060117
287141	4060123
287142	4060139
287143	4060151
287144	4060159
287145	4060181
287146	4060207
287147	4060211
287148	4060219
287149	4060237
287150	4060249
287151	4060253
287152	4060289
287153	4060291
287154	4060313
287155	4060337
287156	4060339
287157	4060369
287158	4060379
287159	4060387
287160	4060391
287161	4060403
287162	4060409
287163	4060423
287164	4060481
287165	4060487
287166	4060531
287167	4060579
287168	4060583
287169	4060591
287170	4060601
287171	4060613
287172	4060631
287173	4060633
287174	4060643
287175	4060663
287176	4060691
287177	4060717
287178	4060729
287179	4060741
287180	4060747
287181	4060751
287182	4060759
287183	4060769
287184	4060789
287185	4060799
287186	4060801
287187	4060853
287188	4060867
287189	4060871
287190	4060873
287191	4060879
287192	4060883
287193	4060891
287194	4060897
287195	4060933
287196	4060951
287197	4060967
287198	4060999
287199	4061017
287200	4061021
287201	4061023
287202	4061027
287203	4061033
287204	4061047
287205	4061051
287206	4061059
287207	4061077
287208	4061081
287209	4061137
287210	4061143
287211	4061149
287212	4061177
287213	4061191
287214	4061203
287215	4061207
287216	4061227
287217	4061237
287218	4061243
287219	4061251
287220	4061261
287221	4061263
287222	4061329
287223	4061347
287224	4061353
287225	4061377
287226	4061381
287227	4061401
287228	4061429
287229	4061461
287230	4061467
287231	4061483
287232	4061489
287233	4061543
287234	4061557
287235	4061567
287236	4061569
287237	4061579
287238	4061581
287239	4061609
287240	4061621
287241	4061633
287242	4061641
287243	4061663
287244	4061669
287245	4061671
287246	4061677
287247	4061699
287248	4061767
287249	4061791
287250	4061803
287251	4061809
287252	4061833
287253	4061843
287254	4061857
287255	4061873
287256	4061887
287257	4061903
287258	4061921
287259	4061923
287260	4061927
287261	4061951
287262	4061957
287263	4061969
287264	4061977
287265	4061983
287266	4061987
287267	4061999
287268	4062013
287269	4062077
287270	4062083
287271	4062089
287272	4062127
287273	4062131
287274	4062139
287275	4062151
287276	4062161
287277	4062197
287278	4062203
287279	4062221
287280	4062241
287281	4062251
287282	4062281
287283	4062287
287284	4062301
287285	4062307
287286	4062319
287287	4062347
287288	4062361
287289	4062413
287290	4062419
287291	4062431
287292	4062451
287293	4062491
287294	4062493
287295	4062521
287296	4062533
287297	4062547
287298	4062551
287299	4062557
287300	4062571
287301	4062577
287302	4062587
287303	4062589
287304	4062607
287305	4062613
287306	4062623
287307	4062631
287308	4062659
287309	4062671
287310	4062673
287311	4062701
287312	4062749
287313	4062781
287314	4062787
287315	4062791
287316	4062797
287317	4062809
287318	4062811
287319	4062823
287320	4062841
287321	4062853
287322	4062869
287323	4062889
287324	4062893
287325	4062911
287326	4062923
287327	4062931
287328	4062959
287329	4062967
287330	4062991
287331	4063013
287332	4063021
287333	4063061
287334	4063063
287335	4063067
287336	4063091
287337	4063097
287338	4063123
287339	4063127
287340	4063133
287341	4063159
287342	4063177
287343	4063181
287344	4063183
287345	4063211
287346	4063217
287347	4063237
287348	4063273
287349	4063307
287350	4063309
287351	4063327
287352	4063337
287353	4063363
287354	4063369
287355	4063373
287356	4063403
287357	4063417
287358	4063421
287359	4063429
287360	4063441
287361	4063447
287362	4063471
287363	4063487
287364	4063513
287365	4063517
287366	4063537
287367	4063547
287368	4063559
287369	4063583
287370	4063589
287371	4063601
287372	4063603
287373	4063627
287374	4063643
287375	4063693
287376	4063699
287377	4063711
287378	4063721
287379	4063723
287380	4063733
287381	4063757
287382	4063781
287383	4063793
287384	4063841
287385	4063859
287386	4063877
287387	4063889
287388	4063897
287389	4063909
287390	4063919
287391	4063931
287392	4063951
287393	4063957
287394	4063963
287395	4063991
287396	4064023
287397	4064033
287398	4064051
287399	4064083
287400	4064107
287401	4064113
287402	4064141
287403	4064143
287404	4064149
287405	4064161
287406	4064167
287407	4064171
287408	4064183
287409	4064189
287410	4064197
287411	4064209
287412	4064213
287413	4064227
287414	4064237
287415	4064243
287416	4064299
287417	4064311
287418	4064323
287419	4064327
287420	4064329
287421	4064351
287422	4064383
287423	4064393
287424	4064407
287425	4064447
287426	4064477
287427	4064509
287428	4064519
287429	4064527
287430	4064531
287431	4064539
287432	4064549
287433	4064579
287434	4064597
287435	4064603
287436	4064633
287437	4064639
287438	4064647
287439	4064659
287440	4064663
287441	4064681
287442	4064693
287443	4064707
287444	4064741
287445	4064807
287446	4064831
287447	4064839
287448	4064849
287449	4064861
287450	4064873
287451	4064881
287452	4064899
287453	4064909
287454	4064933
287455	4064971
287456	4065001
287457	4065007
287458	4065013
287459	4065029
287460	4065059
287461	4065073
287462	4065097
287463	4065119
287464	4065137
287465	4065157
287466	4065161
287467	4065179
287468	4065197
287469	4065199
287470	4065203
287471	4065209
287472	4065211
287473	4065241
287474	4065283
287475	4065287
287476	4065289
287477	4065293
287478	4065317
287479	4065331
287480	4065361
287481	4065377
287482	4065379
287483	4065403
287484	4065409
287485	4065427
287486	4065461
287487	4065463
287488	4065469
287489	4065473
287490	4065491
287491	4065517
287492	4065527
287493	4065541
287494	4065569
287495	4065571
287496	4065583
287497	4065587
287498	4065599
287499	4065613
287500	4065637
287501	4065653
287502	4065661
287503	4065667
287504	4065697
287505	4065701
287506	4065727
287507	4065731
287508	4065751
287509	4065757
287510	4065767
287511	4065773
287512	4065781
287513	4065821
287514	4065823
287515	4065857
287516	4065877
287517	4065913
287518	4065937
287519	4065947
287520	4065953
287521	4065973
287522	4065979
287523	4065983
287524	4065989
287525	4066021
287526	4066031
287527	4066033
287528	4066039
287529	4066063
287530	4066067
287531	4066121
287532	4066129
287533	4066141
287534	4066151
287535	4066187
287536	4066219
287537	4066229
287538	4066259
287539	4066261
287540	4066267
287541	4066273
287542	4066289
287543	4066313
287544	4066327
287545	4066333
287546	4066357
287547	4066369
287548	4066379
287549	4066441
287550	4066453
287551	4066507
287552	4066523
287553	4066537
287554	4066567
287555	4066577
287556	4066591
287557	4066597
287558	4066609
287559	4066613
287560	4066619
287561	4066661
287562	4066669
287563	4066679
287564	4066691
287565	4066709
287566	4066721
287567	4066729
287568	4066747
287569	4066759
287570	4066789
287571	4066801
287572	4066807
287573	4066823
287574	4066847
287575	4066861
287576	4066871
287577	4066877
287578	4066879
287579	4066891
287580	4066901
287581	4066943
287582	4066949
287583	4066981
287584	4066987
287585	4066991
287586	4067009
287587	4067027
287588	4067039
287589	4067071
287590	4067081
287591	4067087
287592	4067099
287593	4067123
287594	4067137
287595	4067143
287596	4067149
287597	4067171
287598	4067179
287599	4067201
287600	4067207
287601	4067213
287602	4067227
287603	4067237
287604	4067243
287605	4067257
287606	4067263
287607	4067291
287608	4067303
287609	4067309
287610	4067321
287611	4067363
287612	4067381
287613	4067407
287614	4067411
287615	4067423
287616	4067467
287617	4067477
287618	4067489
287619	4067509
287620	4067513
287621	4067543
287622	4067561
287623	4067579
287624	4067587
287625	4067593
287626	4067597
287627	4067599
287628	4067611
287629	4067617
287630	4067621
287631	4067629
287632	4067639
287633	4067647
287634	4067677
287635	4067699
287636	4067717
287637	4067731
287638	4067737
287639	4067741
287640	4067753
287641	4067797
287642	4067813
287643	4067827
287644	4067831
287645	4067837
287646	4067857
287647	4067863
287648	4067893
287649	4067939
287650	4067951
287651	4067963
287652	4067969
287653	4067971
287654	4067983
287655	4068011
287656	4068017
287657	4068023
287658	4068041
287659	4068047
287660	4068073
287661	4068107
287662	4068131
287663	4068137
287664	4068139
287665	4068203
287666	4068221
287667	4068241
287668	4068257
287669	4068269
287670	4068271
287671	4068283
287672	4068301
287673	4068313
287674	4068319
287675	4068329
287676	4068331
287677	4068343
287678	4068349
287679	4068353
287680	4068373
287681	4068419
287682	4068433
287683	4068443
287684	4068469
287685	4068473
287686	4068479
287687	4068487
287688	4068503
287689	4068511
287690	4068529
287691	4068541
287692	4068563
287693	4068569
287694	4068587
287695	4068607
287696	4068611
287697	4068619
287698	4068653
287699	4068667
287700	4068683
287701	4068697
287702	4068707
287703	4068731
287704	4068733
287705	4068739
287706	4068749
287707	4068751
287708	4068811
287709	4068829
287710	4068833
287711	4068839
287712	4068847
287713	4068851
287714	4068871
287715	4068877
287716	4068887
287717	4068893
287718	4068913
287719	4068923
287720	4068943
287721	4068949
287722	4068959
287723	4068973
287724	4068979
287725	4068989
287726	4069003
287727	4069027
287728	4069033
287729	4069049
287730	4069063
287731	4069073
287732	4069099
287733	4069139
287734	4069157
287735	4069159
287736	4069187
287737	4069199
287738	4069201
287739	4069217
287740	4069237
287741	4069267
287742	4069271
287743	4069279
287744	4069301
287745	4069327
287746	4069333
287747	4069343
287748	4069349
287749	4069381
287750	4069397
287751	4069421
287752	4069433
287753	4069451
287754	4069487
287755	4069489
287756	4069501
287757	4069523
287758	4069529
287759	4069543
287760	4069567
287761	4069603
287762	4069609
287763	4069627
287764	4069651
287765	4069661
287766	4069679
287767	4069687
287768	4069693
287769	4069699
287770	4069717
287771	4069721
287772	4069727
287773	4069729
287774	4069753
287775	4069757
287776	4069771
287777	4069787
287778	4069789
287779	4069801
287780	4069837
287781	4069847
287782	4069861
287783	4069867
287784	4069913
287785	4069937
287786	4069991
287787	4070051
287788	4070069
287789	4070093
287790	4070113
287791	4070117
287792	4070119
287793	4070137
287794	4070167
287795	4070197
287796	4070201
287797	4070203
287798	4070219
287799	4070221
287800	4070243
287801	4070267
287802	4070303
287803	4070309
287804	4070321
287805	4070323
287806	4070329
287807	4070371
287808	4070377
287809	4070383
287810	4070399
287811	4070431
287812	4070447
287813	4070449
287814	4070459
287815	4070483
287816	4070489
287817	4070519
287818	4070533
287819	4070537
287820	4070543
287821	4070557
287822	4070567
287823	4070621
287824	4070653
287825	4070669
287826	4070683
287827	4070687
287828	4070711
287829	4070723
287830	4070741
287831	4070749
287832	4070761
287833	4070789
287834	4070797
287835	4070813
287836	4070819
287837	4070821
287838	4070831
287839	4070861
287840	4070867
287841	4070873
287842	4070879
287843	4070903
287844	4070909
287845	4070923
287846	4070947
287847	4070953
287848	4070971
287849	4070981
287850	4071017
287851	4071019
287852	4071031
287853	4071037
287854	4071043
287855	4071047
287856	4071061
287857	4071071
287858	4071077
287859	4071097
287860	4071157
287861	4071181
287862	4071217
287863	4071227
287864	4071241
287865	4071257
287866	4071271
287867	4071289
287868	4071307
287869	4071317
287870	4071329
287871	4071337
287872	4071359
287873	4071371
287874	4071373
287875	4071383
287876	4071401
287877	4071421
287878	4071427
287879	4071433
287880	4071439
287881	4071451
287882	4071467
287883	4071479
287884	4071497
287885	4071511
287886	4071527
287887	4071533
287888	4071539
287889	4071553
287890	4071559
287891	4071569
287892	4071589
287893	4071593
287894	4071601
287895	4071647
287896	4071659
287897	4071679
287898	4071701
287899	4071703
287900	4071733
287901	4071761
287902	4071763
287903	4071797
287904	4071827
287905	4071829
287906	4071869
287907	4071877
287908	4071917
287909	4071931
287910	4071941
287911	4071953
287912	4071967
287913	4071983
287914	4072007
287915	4072009
287916	4072039
287917	4072049
287918	4072073
287919	4072091
287920	4072097
287921	4072139
287922	4072147
287923	4072171
287924	4072207
287925	4072223
287926	4072249
287927	4072259
287928	4072279
287929	4072291
287930	4072297
287931	4072301
287932	4072309
287933	4072337
287934	4072399
287935	4072417
287936	4072427
287937	4072433
287938	4072447
287939	4072457
287940	4072459
287941	4072463
287942	4072477
287943	4072483
287944	4072507
287945	4072513
287946	4072531
287947	4072559
287948	4072577
287949	4072583
287950	4072589
287951	4072609
287952	4072613
287953	4072619
287954	4072637
287955	4072661
287956	4072667
287957	4072697
287958	4072699
287959	4072709
287960	4072721
287961	4072751
287962	4072753
287963	4072793
287964	4072801
287965	4072807
287966	4072813
287967	4072819
287968	4072837
287969	4072841
287970	4072853
287971	4072867
287972	4072883
287973	4072903
287974	4072919
287975	4072927
287976	4072931
287977	4072949
287978	4072951
287979	4072961
287980	4072967
287981	4072987
287982	4073009
287983	4073023
287984	4073029
287985	4073033
287986	4073039
287987	4073053
287988	4073077
287989	4073101
287990	4073107
287991	4073123
287992	4073129
287993	4073143
287994	4073159
287995	4073171
287996	4073177
287997	4073191
287998	4073197
287999	4073203
288000	4073233
