288001	4073243
288002	4073249
288003	4073257
288004	4073287
288005	4073291
288006	4073339
288007	4073351
288008	4073359
288009	4073371
288010	4073411
288011	4073413
288012	4073423
288013	4073437
288014	4073449
288015	4073453
288016	4073491
288017	4073497
288018	4073501
288019	4073513
288020	4073521
288021	4073551
288022	4073561
288023	4073567
288024	4073569
288025	4073593
288026	4073609
288027	4073621
288028	4073627
288029	4073677
288030	4073683
288031	4073687
288032	4073689
288033	4073701
288034	4073711
288035	4073731
288036	4073747
288037	4073749
288038	4073791
288039	4073807
288040	4073821
288041	4073831
288042	4073837
288043	4073851
288044	4073873
288045	4073879
288046	4073887
288047	4073893
288048	4073899
288049	4073917
288050	4073929
288051	4073933
288052	4073939
288053	4073941
288054	4073957
288055	4073963
288056	4073983
288057	4074011
288058	4074023
288059	4074041
288060	4074043
288061	4074053
288062	4074061
288063	4074071
288064	4074073
288065	4074089
288066	4074137
288067	4074143
288068	4074149
288069	4074167
288070	4074173
288071	4074209
288072	4074241
288073	4074247
288074	4074253
288075	4074263
288076	4074277
288077	4074281
288078	4074313
288079	4074319
288080	4074347
288081	4074353
288082	4074377
288083	4074409
288084	4074419
288085	4074437
288086	4074439
288087	4074443
288088	4074449
288089	4074451
288090	4074461
288091	4074463
288092	4074487
288093	4074523
288094	4074527
288095	4074533
288096	4074557
288097	4074559
288098	4074589
288099	4074593
288100	4074601
288101	4074613
288102	4074647
288103	4074649
288104	4074677
288105	4074689
288106	4074701
288107	4074709
288108	4074731
288109	4074743
288110	4074757
288111	4074767
288112	4074769
288113	4074793
288114	4074817
288115	4074823
288116	4074839
288117	4074869
288118	4074871
288119	4074901
288120	4074929
288121	4074943
288122	4074977
288123	4074991
288124	4075003
288125	4075021
288126	4075039
288127	4075073
288128	4075091
288129	4075103
288130	4075111
288131	4075129
288132	4075133
288133	4075147
288134	4075171
288135	4075193
288136	4075199
288137	4075207
288138	4075213
288139	4075219
288140	4075231
288141	4075241
288142	4075243
288143	4075271
288144	4075289
288145	4075297
288146	4075319
288147	4075327
288148	4075369
288149	4075391
288150	4075397
288151	4075429
288152	4075433
288153	4075447
288154	4075459
288155	4075469
288156	4075493
288157	4075499
288158	4075507
288159	4075537
288160	4075559
288161	4075567
288162	4075579
288163	4075609
288164	4075627
288165	4075637
288166	4075657
288167	4075679
288168	4075693
288169	4075717
288170	4075723
288171	4075741
288172	4075759
288173	4075777
288174	4075817
288175	4075831
288176	4075871
288177	4075879
288178	4075889
288179	4075891
288180	4075909
288181	4075913
288182	4075919
288183	4075931
288184	4075963
288185	4075987
288186	4075993
288187	4076003
288188	4076021
288189	4076027
288190	4076063
288191	4076069
288192	4076077
288193	4076087
288194	4076113
288195	4076123
288196	4076143
288197	4076167
288198	4076183
288199	4076197
288200	4076201
288201	4076207
288202	4076227
288203	4076257
288204	4076287
288205	4076291
288206	4076299
288207	4076333
288208	4076339
288209	4076351
288210	4076363
288211	4076377
288212	4076381
288213	4076383
288214	4076411
288215	4076417
288216	4076419
288217	4076441
288218	4076459
288219	4076473
288220	4076477
288221	4076483
288222	4076489
288223	4076537
288224	4076557
288225	4076563
288226	4076587
288227	4076591
288228	4076599
288229	4076627
288230	4076629
288231	4076641
288232	4076647
288233	4076713
288234	4076729
288235	4076741
288236	4076759
288237	4076777
288238	4076783
288239	4076803
288240	4076833
288241	4076837
288242	4076857
288243	4076861
288244	4076867
288245	4076869
288246	4076879
288247	4076881
288248	4076951
288249	4076981
288250	4076987
288251	4077011
288252	4077013
288253	4077037
288254	4077041
288255	4077061
288256	4077079
288257	4077097
288258	4077103
288259	4077121
288260	4077137
288261	4077149
288262	4077167
288263	4077169
288264	4077211
288265	4077221
288266	4077223
288267	4077239
288268	4077247
288269	4077253
288270	4077259
288271	4077299
288272	4077319
288273	4077323
288274	4077341
288275	4077347
288276	4077349
288277	4077361
288278	4077373
288279	4077397
288280	4077407
288281	4077413
288282	4077421
288283	4077439
288284	4077443
288285	4077473
288286	4077481
288287	4077497
288288	4077499
288289	4077527
288290	4077529
288291	4077547
288292	4077551
288293	4077559
288294	4077583
288295	4077607
288296	4077611
288297	4077617
288298	4077629
288299	4077631
288300	4077643
288301	4077649
288302	4077653
288303	4077677
288304	4077701
288305	4077751
288306	4077757
288307	4077763
288308	4077779
288309	4077781
288310	4077817
288311	4077823
288312	4077847
288313	4077859
288314	4077863
288315	4077869
288316	4077883
288317	4077917
288318	4077919
288319	4077929
288320	4077947
288321	4077949
288322	4077967
288323	4077971
288324	4078003
288325	4078013
288326	4078031
288327	4078043
288328	4078073
288329	4078099
288330	4078117
288331	4078133
288332	4078159
288333	4078187
288334	4078201
288335	4078211
288336	4078213
288337	4078219
288338	4078231
288339	4078253
288340	4078259
288341	4078273
288342	4078301
288343	4078339
288344	4078343
288345	4078363
288346	4078367
288347	4078387
288348	4078397
288349	4078409
288350	4078411
288351	4078439
288352	4078441
288353	4078457
288354	4078469
288355	4078489
288356	4078511
288357	4078513
288358	4078523
288359	4078561
288360	4078573
288361	4078579
288362	4078601
288363	4078609
288364	4078619
288365	4078631
288366	4078637
288367	4078649
288368	4078651
288369	4078663
288370	4078667
288371	4078687
288372	4078693
288373	4078699
288374	4078709
288375	4078717
288376	4078741
288377	4078747
288378	4078757
288379	4078771
288380	4078777
288381	4078783
288382	4078799
288383	4078807
288384	4078817
288385	4078819
288386	4078829
288387	4078831
288388	4078871
288389	4078883
288390	4078891
288391	4078897
288392	4078951
288393	4078969
288394	4078993
288395	4078999
288396	4079003
288397	4079029
288398	4079041
288399	4079059
288400	4079071
288401	4079081
288402	4079123
288403	4079143
288404	4079189
288405	4079191
288406	4079203
288407	4079219
288408	4079221
288409	4079237
288410	4079261
288411	4079267
288412	4079297
288413	4079347
288414	4079353
288415	4079359
288416	4079381
288417	4079399
288418	4079419
288419	4079423
288420	4079431
288421	4079477
288422	4079479
288423	4079483
288424	4079489
288425	4079519
288426	4079527
288427	4079531
288428	4079557
288429	4079573
288430	4079617
288431	4079629
288432	4079641
288433	4079651
288434	4079653
288435	4079659
288436	4079683
288437	4079687
288438	4079689
288439	4079701
288440	4079707
288441	4079729
288442	4079753
288443	4079759
288444	4079767
288445	4079771
288446	4079783
288447	4079819
288448	4079821
288449	4079837
288450	4079857
288451	4079861
288452	4079891
288453	4079893
288454	4079963
288455	4079987
288456	4079989
288457	4080001
288458	4080007
288459	4080029
288460	4080047
288461	4080049
288462	4080071
288463	4080077
288464	4080103
288465	4080121
288466	4080133
288467	4080137
288468	4080143
288469	4080149
288470	4080151
288471	4080161
288472	4080163
288473	4080191
288474	4080199
288475	4080217
288476	4080239
288477	4080253
288478	4080259
288479	4080281
288480	4080287
288481	4080301
288482	4080331
288483	4080341
288484	4080347
288485	4080359
288486	4080403
288487	4080409
288488	4080413
288489	4080431
288490	4080449
288491	4080451
288492	4080457
288493	4080463
288494	4080469
288495	4080509
288496	4080511
288497	4080533
288498	4080539
288499	4080541
288500	4080547
288501	4080589
288502	4080613
288503	4080647
288504	4080679
288505	4080691
288506	4080707
288507	4080719
288508	4080737
288509	4080749
288510	4080751
288511	4080761
288512	4080787
288513	4080803
288514	4080827
288515	4080847
288516	4080859
288517	4080889
288518	4080907
288519	4080911
288520	4080931
288521	4080941
288522	4080943
288523	4080983
288524	4080997
288525	4081013
288526	4081019
288527	4081039
288528	4081073
288529	4081079
288530	4081111
288531	4081153
288532	4081157
288533	4081163
288534	4081177
288535	4081183
288536	4081201
288537	4081213
288538	4081229
288539	4081261
288540	4081271
288541	4081277
288542	4081283
288543	4081303
288544	4081307
288545	4081331
288546	4081351
288547	4081361
288548	4081381
288549	4081387
288550	4081393
288551	4081397
288552	4081421
288553	4081423
288554	4081453
288555	4081459
288556	4081463
288557	4081481
288558	4081487
288559	4081501
288560	4081541
288561	4081543
288562	4081549
288563	4081579
288564	4081601
288565	4081607
288566	4081613
288567	4081657
288568	4081661
288569	4081669
288570	4081703
288571	4081711
288572	4081733
288573	4081747
288574	4081771
288575	4081793
288576	4081799
288577	4081811
288578	4081813
288579	4081849
288580	4081867
288581	4081871
288582	4081897
288583	4081933
288584	4081949
288585	4081963
288586	4081969
288587	4081991
288588	4081999
288589	4082021
288590	4082027
288591	4082041
288592	4082053
288593	4082101
288594	4082107
288595	4082123
288596	4082147
288597	4082171
288598	4082237
288599	4082249
288600	4082251
288601	4082257
288602	4082311
288603	4082327
288604	4082333
288605	4082347
288606	4082357
288607	4082389
288608	4082401
288609	4082413
288610	4082423
288611	4082447
288612	4082479
288613	4082489
288614	4082513
288615	4082527
288616	4082531
288617	4082539
288618	4082563
288619	4082579
288620	4082599
288621	4082609
288622	4082629
288623	4082651
288624	4082681
288625	4082693
288626	4082711
288627	4082719
288628	4082747
288629	4082759
288630	4082761
288631	4082783
288632	4082789
288633	4082797
288634	4082809
288635	4082831
288636	4082849
288637	4082857
288638	4082879
288639	4082909
288640	4082921
288641	4082933
288642	4082971
288643	4082989
288644	4082993
288645	4083059
288646	4083071
288647	4083073
288648	4083083
288649	4083089
288650	4083097
288651	4083137
288652	4083143
288653	4083161
288654	4083199
288655	4083203
288656	4083223
288657	4083239
288658	4083241
288659	4083251
288660	4083253
288661	4083269
288662	4083307
288663	4083341
288664	4083361
288665	4083371
288666	4083377
288667	4083379
288668	4083419
288669	4083421
288670	4083427
288671	4083437
288672	4083463
288673	4083479
288674	4083487
288675	4083509
288676	4083511
288677	4083533
288678	4083539
288679	4083551
288680	4083557
288681	4083571
288682	4083619
288683	4083631
288684	4083637
288685	4083659
288686	4083671
288687	4083691
288688	4083697
288689	4083701
288690	4083721
288691	4083731
288692	4083749
288693	4083763
288694	4083769
288695	4083787
288696	4083817
288697	4083829
288698	4083853
288699	4083881
288700	4083883
288701	4083899
288702	4083901
288703	4083907
288704	4083913
288705	4083931
288706	4083953
288707	4083979
288708	4083997
288709	4084001
288710	4084019
288711	4084027
288712	4084037
288713	4084049
288714	4084057
288715	4084061
288716	4084079
288717	4084081
288718	4084109
288719	4084139
288720	4084141
288721	4084147
288722	4084163
288723	4084169
288724	4084177
288725	4084207
288726	4084211
288727	4084217
288728	4084229
288729	4084231
288730	4084247
288731	4084261
288732	4084279
288733	4084303
288734	4084307
288735	4084313
288736	4084349
288737	4084391
288738	4084397
288739	4084427
288740	4084439
288741	4084517
288742	4084519
288743	4084567
288744	4084571
288745	4084589
288746	4084603
288747	4084609
288748	4084631
288749	4084637
288750	4084643
288751	4084651
288752	4084667
288753	4084687
288754	4084693
288755	4084697
288756	4084721
288757	4084739
288758	4084741
288759	4084757
288760	4084771
288761	4084799
288762	4084807
288763	4084819
288764	4084859
288765	4084891
288766	4084907
288767	4084909
288768	4084931
288769	4084937
288770	4084991
288771	4084999
288772	4085033
288773	4085041
288774	4085047
288775	4085051
288776	4085069
288777	4085089
288778	4085111
288779	4085113
288780	4085119
288781	4085167
288782	4085173
288783	4085183
288784	4085239
288785	4085243
288786	4085261
288787	4085267
288788	4085309
288789	4085311
288790	4085339
288791	4085357
288792	4085359
288793	4085369
288794	4085371
288795	4085377
288796	4085383
288797	4085401
288798	4085407
288799	4085413
288800	4085447
288801	4085453
288802	4085489
288803	4085507
288804	4085519
288805	4085531
288806	4085537
288807	4085539
288808	4085561
288809	4085563
288810	4085567
288811	4085579
288812	4085603
288813	4085621
288814	4085623
288815	4085629
288816	4085633
288817	4085639
288818	4085657
288819	4085659
288820	4085677
288821	4085687
288822	4085693
288823	4085699
288824	4085747
288825	4085749
288826	4085761
288827	4085771
288828	4085777
288829	4085791
288830	4085803
288831	4085819
288832	4085827
288833	4085849
288834	4085857
288835	4085891
288836	4085923
288837	4085941
288838	4085951
288839	4085953
288840	4085957
288841	4085981
288842	4085987
288843	4085993
288844	4086011
288845	4086023
288846	4086031
288847	4086041
288848	4086053
288849	4086059
288850	4086073
288851	4086091
288852	4086097
288853	4086109
288854	4086119
288855	4086143
288856	4086149
288857	4086151
288858	4086167
288859	4086179
288860	4086217
288861	4086241
288862	4086253
288863	4086287
288864	4086289
288865	4086293
288866	4086337
288867	4086343
288868	4086367
288869	4086373
288870	4086377
288871	4086403
288872	4086413
288873	4086421
288874	4086427
288875	4086431
288876	4086449
288877	4086457
288878	4086473
288879	4086487
288880	4086491
288881	4086493
288882	4086499
288883	4086503
288884	4086521
288885	4086527
288886	4086529
288887	4086559
288888	4086569
288889	4086611
288890	4086631
288891	4086673
288892	4086679
288893	4086683
288894	4086713
288895	4086721
288896	4086743
288897	4086751
288898	4086773
288899	4086781
288900	4086809
288901	4086811
288902	4086821
288903	4086829
288904	4086833
288905	4086853
288906	4086877
288907	4086889
288908	4086911
288909	4086913
288910	4086923
288911	4086949
288912	4086967
288913	4086997
288914	4087001
288915	4087007
288916	4087019
288917	4087037
288918	4087093
288919	4087141
288920	4087151
288921	4087163
288922	4087177
288923	4087189
288924	4087199
288925	4087207
288926	4087211
288927	4087217
288928	4087229
288929	4087253
288930	4087267
288931	4087271
288932	4087273
288933	4087277
288934	4087297
288935	4087301
288936	4087333
288937	4087351
288938	4087357
288939	4087373
288940	4087379
288941	4087397
288942	4087403
288943	4087423
288944	4087439
288945	4087453
288946	4087477
288947	4087481
288948	4087487
288949	4087513
288950	4087597
288951	4087607
288952	4087613
288953	4087619
288954	4087621
288955	4087627
288956	4087631
288957	4087639
288958	4087661
288959	4087663
288960	4087673
288961	4087711
288962	4087729
288963	4087739
288964	4087747
288965	4087751
288966	4087757
288967	4087771
288968	4087801
288969	4087807
288970	4087829
288971	4087843
288972	4087847
288973	4087873
288974	4087883
288975	4087891
288976	4087901
288977	4087913
288978	4087931
288979	4087949
288980	4087957
288981	4087969
288982	4087991
288983	4088009
288984	4088011
288985	4088017
288986	4088027
288987	4088039
288988	4088047
288989	4088087
288990	4088111
288991	4088137
288992	4088141
288993	4088153
288994	4088179
288995	4088191
288996	4088197
288997	4088209
288998	4088213
288999	4088221
289000	4088237
