292001	4134649
292002	4134659
292003	4134667
292004	4134671
292005	4134677
292006	4134679
292007	4134701
292008	4134703
292009	4134707
292010	4134719
292011	4134737
292012	4134743
292013	4134769
292014	4134803
292015	4134817
292016	4134829
292017	4134847
292018	4134857
292019	4134869
292020	4134877
292021	4134881
292022	4134883
292023	4134887
292024	4134931
292025	4134937
292026	4134971
292027	4135003
292028	4135037
292029	4135049
292030	4135057
292031	4135069
292032	4135093
292033	4135123
292034	4135127
292035	4135151
292036	4135169
292037	4135211
292038	4135237
292039	4135249
292040	4135273
292041	4135279
292042	4135283
292043	4135297
292044	4135303
292045	4135343
292046	4135349
292047	4135357
292048	4135363
292049	4135381
292050	4135427
292051	4135447
292052	4135457
292053	4135463
292054	4135499
292055	4135507
292056	4135519
292057	4135529
292058	4135531
292059	4135541
292060	4135567
292061	4135591
292062	4135609
292063	4135613
292064	4135627
292065	4135717
292066	4135721
292067	4135763
292068	4135771
292069	4135829
292070	4135847
292071	4135853
292072	4135889
292073	4135907
292074	4135909
292075	4135921
292076	4135933
292077	4135987
292078	4135991
292079	4135993
292080	4135997
292081	4136003
292082	4136023
292083	4136029
292084	4136057
292085	4136059
292086	4136123
292087	4136137
292088	4136147
292089	4136149
292090	4136161
292091	4136179
292092	4136189
292093	4136191
292094	4136221
292095	4136239
292096	4136261
292097	4136269
292098	4136303
292099	4136309
292100	4136311
292101	4136317
292102	4136333
292103	4136339
292104	4136347
292105	4136351
292106	4136369
292107	4136381
292108	4136383
292109	4136411
292110	4136437
292111	4136459
292112	4136467
292113	4136477
292114	4136497
292115	4136521
292116	4136537
292117	4136551
292118	4136567
292119	4136579
292120	4136581
292121	4136599
292122	4136617
292123	4136633
292124	4136641
292125	4136651
292126	4136653
292127	4136663
292128	4136669
292129	4136681
292130	4136689
292131	4136701
292132	4136707
292133	4136719
292134	4136723
292135	4136747
292136	4136749
292137	4136753
292138	4136761
292139	4136767
292140	4136773
292141	4136819
292142	4136833
292143	4136861
292144	4136863
292145	4136887
292146	4136917
292147	4136939
292148	4136963
292149	4136971
292150	4136999
292151	4137013
292152	4137031
292153	4137037
292154	4137047
292155	4137059
292156	4137083
292157	4137097
292158	4137101
292159	4137113
292160	4137121
292161	4137149
292162	4137157
292163	4137173
292164	4137179
292165	4137181
292166	4137223
292167	4137271
292168	4137277
292169	4137299
292170	4137311
292171	4137323
292172	4137337
292173	4137347
292174	4137359
292175	4137389
292176	4137437
292177	4137449
292178	4137473
292179	4137491
292180	4137509
292181	4137527
292182	4137541
292183	4137559
292184	4137563
292185	4137571
292186	4137587
292187	4137593
292188	4137607
292189	4137619
292190	4137629
292191	4137643
292192	4137659
292193	4137671
292194	4137697
292195	4137701
292196	4137709
292197	4137733
292198	4137737
292199	4137751
292200	4137773
292201	4137781
292202	4137823
292203	4137829
292204	4137857
292205	4137863
292206	4137871
292207	4137883
292208	4137893
292209	4137901
292210	4137929
292211	4137949
292212	4137961
292213	4137971
292214	4137977
292215	4137979
292216	4137997
292217	4138033
292218	4138051
292219	4138073
292220	4138111
292221	4138129
292222	4138139
292223	4138153
292224	4138217
292225	4138223
292226	4138241
292227	4138243
292228	4138247
292229	4138249
292230	4138261
292231	4138279
292232	4138289
292233	4138291
292234	4138307
292235	4138331
292236	4138349
292237	4138369
292238	4138373
292239	4138391
292240	4138451
292241	4138483
292242	4138489
292243	4138507
292244	4138513
292245	4138529
292246	4138543
292247	4138567
292248	4138577
292249	4138579
292250	4138583
292251	4138591
292252	4138601
292253	4138609
292254	4138627
292255	4138649
292256	4138681
292257	4138691
292258	4138703
292259	4138711
292260	4138723
292261	4138741
292262	4138747
292263	4138753
292264	4138777
292265	4138807
292266	4138817
292267	4138819
292268	4138829
292269	4138843
292270	4138847
292271	4138853
292272	4138861
292273	4138877
292274	4138933
292275	4138943
292276	4138951
292277	4138957
292278	4138963
292279	4138969
292280	4138987
292281	4138993
292282	4138997
292283	4138999
292284	4139029
292285	4139063
292286	4139101
292287	4139111
292288	4139119
292289	4139129
292290	4139147
292291	4139159
292292	4139171
292293	4139189
292294	4139203
292295	4139209
292296	4139221
292297	4139249
292298	4139273
292299	4139297
292300	4139299
292301	4139323
292302	4139329
292303	4139339
292304	4139341
292305	4139351
292306	4139383
292307	4139389
292308	4139417
292309	4139419
292310	4139423
292311	4139477
292312	4139491
292313	4139497
292314	4139501
292315	4139503
292316	4139533
292317	4139537
292318	4139539
292319	4139557
292320	4139573
292321	4139579
292322	4139581
292323	4139591
292324	4139593
292325	4139599
292326	4139627
292327	4139659
292328	4139677
292329	4139699
292330	4139741
292331	4139749
292332	4139753
292333	4139761
292334	4139767
292335	4139801
292336	4139803
292337	4139809
292338	4139827
292339	4139831
292340	4139873
292341	4139881
292342	4139899
292343	4139909
292344	4139917
292345	4139921
292346	4139923
292347	4139951
292348	4139983
292349	4139999
292350	4140001
292351	4140029
292352	4140047
292353	4140053
292354	4140077
292355	4140079
292356	4140107
292357	4140109
292358	4140113
292359	4140121
292360	4140133
292361	4140173
292362	4140211
292363	4140217
292364	4140259
292365	4140281
292366	4140287
292367	4140361
292368	4140373
292369	4140377
292370	4140379
292371	4140397
292372	4140419
292373	4140421
292374	4140439
292375	4140457
292376	4140473
292377	4140481
292378	4140511
292379	4140557
292380	4140569
292381	4140589
292382	4140607
292383	4140611
292384	4140623
292385	4140629
292386	4140637
292387	4140641
292388	4140683
292389	4140691
292390	4140709
292391	4140733
292392	4140749
292393	4140757
292394	4140761
292395	4140767
292396	4140769
292397	4140811
292398	4140817
292399	4140821
292400	4140827
292401	4140839
292402	4140847
292403	4140853
292404	4140869
292405	4140883
292406	4140893
292407	4140923
292408	4140931
292409	4140937
292410	4140947
292411	4140967
292412	4140973
292413	4141001
292414	4141009
292415	4141057
292416	4141061
292417	4141063
292418	4141079
292419	4141091
292420	4141117
292421	4141121
292422	4141133
292423	4141147
292424	4141169
292425	4141177
292426	4141187
292427	4141211
292428	4141213
292429	4141223
292430	4141243
292431	4141273
292432	4141279
292433	4141283
292434	4141289
292435	4141301
292436	4141307
292437	4141309
292438	4141331
292439	4141339
292440	4141349
292441	4141381
292442	4141391
292443	4141399
292444	4141409
292445	4141439
292446	4141441
292447	4141457
292448	4141469
292449	4141481
292450	4141483
292451	4141493
292452	4141513
292453	4141517
292454	4141549
292455	4141559
292456	4141573
292457	4141589
292458	4141603
292459	4141663
292460	4141681
292461	4141691
292462	4141699
292463	4141703
292464	4141721
292465	4141723
292466	4141747
292467	4141759
292468	4141763
292469	4141769
292470	4141799
292471	4141807
292472	4141811
292473	4141831
292474	4141843
292475	4141847
292476	4141849
292477	4141853
292478	4141871
292479	4141877
292480	4141903
292481	4141919
292482	4141937
292483	4141957
292484	4141967
292485	4142011
292486	4142023
292487	4142027
292488	4142029
292489	4142053
292490	4142059
292491	4142087
292492	4142119
292493	4142129
292494	4142161
292495	4142167
292496	4142179
292497	4142227
292498	4142267
292499	4142287
292500	4142293
292501	4142297
292502	4142309
292503	4142311
292504	4142363
292505	4142371
292506	4142387
292507	4142393
292508	4142401
292509	4142417
292510	4142423
292511	4142429
292512	4142473
292513	4142497
292514	4142519
292515	4142521
292516	4142569
292517	4142573
292518	4142591
292519	4142609
292520	4142629
292521	4142641
292522	4142651
292523	4142657
292524	4142659
292525	4142669
292526	4142689
292527	4142701
292528	4142707
292529	4142753
292530	4142767
292531	4142791
292532	4142797
292533	4142813
292534	4142857
292535	4142863
292536	4142891
292537	4142899
292538	4142903
292539	4142939
292540	4142947
292541	4142989
292542	4142993
292543	4143011
292544	4143023
292545	4143037
292546	4143043
292547	4143047
292548	4143049
292549	4143067
292550	4143071
292551	4143077
292552	4143101
292553	4143109
292554	4143163
292555	4143187
292556	4143193
292557	4143221
292558	4143229
292559	4143233
292560	4143241
292561	4143253
292562	4143281
292563	4143287
292564	4143299
292565	4143301
292566	4143329
292567	4143331
292568	4143341
292569	4143353
292570	4143383
292571	4143389
292572	4143397
292573	4143401
292574	4143409
292575	4143413
292576	4143421
292577	4143449
292578	4143467
292579	4143479
292580	4143493
292581	4143497
292582	4143499
292583	4143509
292584	4143521
292585	4143551
292586	4143569
292587	4143571
292588	4143599
292589	4143613
292590	4143617
292591	4143637
292592	4143641
292593	4143647
292594	4143673
292595	4143683
292596	4143697
292597	4143707
292598	4143709
292599	4143719
292600	4143731
292601	4143757
292602	4143779
292603	4143803
292604	4143827
292605	4143833
292606	4143847
292607	4143851
292608	4143857
292609	4143859
292610	4143871
292611	4143877
292612	4143901
292613	4143947
292614	4143959
292615	4143961
292616	4143967
292617	4143973
292618	4144001
292619	4144031
292620	4144043
292621	4144051
292622	4144061
292623	4144067
292624	4144069
292625	4144079
292626	4144081
292627	4144087
292628	4144099
292629	4144121
292630	4144159
292631	4144177
292632	4144181
292633	4144201
292634	4144237
292635	4144241
292636	4144247
292637	4144249
292638	4144253
292639	4144267
292640	4144271
292641	4144291
292642	4144307
292643	4144331
292644	4144363
292645	4144367
292646	4144369
292647	4144373
292648	4144409
292649	4144423
292650	4144457
292651	4144471
292652	4144487
292653	4144537
292654	4144541
292655	4144579
292656	4144589
292657	4144631
292658	4144633
292659	4144663
292660	4144667
292661	4144681
292662	4144711
292663	4144729
292664	4144739
292665	4144741
292666	4144757
292667	4144781
292668	4144783
292669	4144801
292670	4144817
292671	4144849
292672	4144871
292673	4144873
292674	4144879
292675	4144913
292676	4144919
292677	4144961
292678	4144963
292679	4144967
292680	4144969
292681	4144981
292682	4145003
292683	4145017
292684	4145023
292685	4145027
292686	4145033
292687	4145047
292688	4145069
292689	4145111
292690	4145117
292691	4145171
292692	4145177
292693	4145189
292694	4145191
292695	4145201
292696	4145213
292697	4145257
292698	4145261
292699	4145291
292700	4145293
292701	4145299
292702	4145333
292703	4145341
292704	4145371
292705	4145389
292706	4145419
292707	4145423
292708	4145459
292709	4145473
292710	4145503
292711	4145509
292712	4145527
292713	4145539
292714	4145549
292715	4145567
292716	4145611
292717	4145639
292718	4145641
292719	4145653
292720	4145677
292721	4145689
292722	4145693
292723	4145699
292724	4145707
292725	4145711
292726	4145717
292727	4145731
292728	4145737
292729	4145777
292730	4145783
292731	4145803
292732	4145809
292733	4145837
292734	4145839
292735	4145849
292736	4145851
292737	4145861
292738	4145863
292739	4145873
292740	4145891
292741	4145951
292742	4145959
292743	4145969
292744	4145983
292745	4145993
292746	4146001
292747	4146013
292748	4146053
292749	4146067
292750	4146073
292751	4146119
292752	4146133
292753	4146139
292754	4146173
292755	4146179
292756	4146193
292757	4146203
292758	4146211
292759	4146221
292760	4146227
292761	4146253
292762	4146277
292763	4146323
292764	4146341
292765	4146347
292766	4146367
292767	4146377
292768	4146379
292769	4146383
292770	4146397
292771	4146403
292772	4146407
292773	4146409
292774	4146451
292775	4146497
292776	4146517
292777	4146539
292778	4146547
292779	4146559
292780	4146577
292781	4146587
292782	4146661
292783	4146671
292784	4146679
292785	4146743
292786	4146767
292787	4146803
292788	4146811
292789	4146833
292790	4146859
292791	4146881
292792	4146907
292793	4146917
292794	4146943
292795	4146949
292796	4146973
292797	4146977
292798	4146979
292799	4147001
292800	4147007
292801	4147009
292802	4147019
292803	4147021
292804	4147037
292805	4147043
292806	4147079
292807	4147081
292808	4147093
292809	4147103
292810	4147147
292811	4147151
292812	4147159
292813	4147163
292814	4147229
292815	4147237
292816	4147249
292817	4147267
292818	4147289
292819	4147309
292820	4147313
292821	4147321
292822	4147331
292823	4147357
292824	4147361
292825	4147373
292826	4147379
292827	4147391
292828	4147399
292829	4147411
292830	4147417
292831	4147457
292832	4147483
292833	4147499
292834	4147511
292835	4147531
292836	4147537
292837	4147547
292838	4147553
292839	4147571
292840	4147597
292841	4147639
292842	4147657
292843	4147673
292844	4147679
292845	4147687
292846	4147697
292847	4147709
292848	4147721
292849	4147729
292850	4147739
292851	4147747
292852	4147753
292853	4147771
292854	4147789
292855	4147799
292856	4147837
292857	4147867
292858	4147873
292859	4147879
292860	4147883
292861	4147921
292862	4147943
292863	4147961
292864	4147963
292865	4147973
292866	4147987
292867	4147991
292868	4148003
292869	4148009
292870	4148029
292871	4148041
292872	4148057
292873	4148059
292874	4148071
292875	4148077
292876	4148083
292877	4148087
292878	4148101
292879	4148129
292880	4148143
292881	4148147
292882	4148159
292883	4148161
292884	4148219
292885	4148227
292886	4148233
292887	4148239
292888	4148269
292889	4148279
292890	4148293
292891	4148321
292892	4148341
292893	4148351
292894	4148381
292895	4148393
292896	4148401
292897	4148407
292898	4148413
292899	4148437
292900	4148449
292901	4148453
292902	4148461
292903	4148483
292904	4148489
292905	4148567
292906	4148581
292907	4148591
292908	4148603
292909	4148609
292910	4148611
292911	4148621
292912	4148633
292913	4148647
292914	4148657
292915	4148659
292916	4148687
292917	4148689
292918	4148719
292919	4148741
292920	4148759
292921	4148791
292922	4148797
292923	4148813
292924	4148819
292925	4148849
292926	4148857
292927	4148861
292928	4148863
292929	4148873
292930	4148887
292931	4148891
292932	4148899
292933	4148909
292934	4148917
292935	4148923
292936	4148927
292937	4148933
292938	4148953
292939	4148957
292940	4148971
292941	4148983
292942	4148987
292943	4149007
292944	4149023
292945	4149029
292946	4149053
292947	4149107
292948	4149121
292949	4149137
292950	4149151
292951	4149161
292952	4149179
292953	4149191
292954	4149227
292955	4149259
292956	4149263
292957	4149283
292958	4149287
292959	4149337
292960	4149347
292961	4149359
292962	4149367
292963	4149373
292964	4149389
292965	4149401
292966	4149413
292967	4149427
292968	4149433
292969	4149437
292970	4149451
292971	4149469
292972	4149493
292973	4149517
292974	4149533
292975	4149553
292976	4149557
292977	4149559
292978	4149589
292979	4149599
292980	4149601
292981	4149617
292982	4149623
292983	4149641
292984	4149643
292985	4149653
292986	4149659
292987	4149679
292988	4149703
292989	4149707
292990	4149713
292991	4149721
292992	4149731
292993	4149749
292994	4149763
292995	4149793
292996	4149811
292997	4149833
292998	4149839
292999	4149881
293000	4149889
