293001	4149907
293002	4149911
293003	4149919
293004	4149931
293005	4149941
293006	4149947
293007	4149967
293008	4149983
293009	4149991
293010	4149997
293011	4150007
293012	4150009
293013	4150019
293014	4150033
293015	4150039
293016	4150043
293017	4150049
293018	4150073
293019	4150093
293020	4150109
293021	4150127
293022	4150129
293023	4150169
293024	4150171
293025	4150177
293026	4150213
293027	4150243
293028	4150247
293029	4150259
293030	4150283
293031	4150297
293032	4150301
293033	4150309
293034	4150313
293035	4150319
293036	4150331
293037	4150343
293038	4150351
293039	4150357
293040	4150369
293041	4150381
293042	4150411
293043	4150439
293044	4150441
293045	4150453
293046	4150457
293047	4150459
293048	4150463
293049	4150507
293050	4150513
293051	4150519
293052	4150529
293053	4150547
293054	4150577
293055	4150613
293056	4150633
293057	4150667
293058	4150673
293059	4150681
293060	4150691
293061	4150723
293062	4150733
293063	4150753
293064	4150763
293065	4150781
293066	4150793
293067	4150813
293068	4150819
293069	4150823
293070	4150847
293071	4150849
293072	4150859
293073	4150889
293074	4150901
293075	4150903
293076	4150933
293077	4150943
293078	4150967
293079	4150969
293080	4150981
293081	4151011
293082	4151023
293083	4151027
293084	4151029
293085	4151039
293086	4151053
293087	4151057
293088	4151099
293089	4151113
293090	4151129
293091	4151131
293092	4151153
293093	4151159
293094	4151167
293095	4151197
293096	4151207
293097	4151219
293098	4151239
293099	4151261
293100	4151267
293101	4151269
293102	4151297
293103	4151317
293104	4151341
293105	4151347
293106	4151351
293107	4151359
293108	4151377
293109	4151423
293110	4151461
293111	4151467
293112	4151471
293113	4151473
293114	4151479
293115	4151501
293116	4151531
293117	4151533
293118	4151549
293119	4151629
293120	4151639
293121	4151647
293122	4151663
293123	4151677
293124	4151681
293125	4151683
293126	4151699
293127	4151711
293128	4151713
293129	4151717
293130	4151801
293131	4151803
293132	4151809
293133	4151813
293134	4151821
293135	4151879
293136	4151887
293137	4151911
293138	4151929
293139	4151941
293140	4151963
293141	4151969
293142	4151971
293143	4151977
293144	4151989
293145	4152019
293146	4152061
293147	4152067
293148	4152077
293149	4152079
293150	4152091
293151	4152101
293152	4152107
293153	4152119
293154	4152139
293155	4152143
293156	4152157
293157	4152217
293158	4152229
293159	4152257
293160	4152271
293161	4152283
293162	4152289
293163	4152299
293164	4152311
293165	4152329
293166	4152341
293167	4152353
293168	4152371
293169	4152373
293170	4152377
293171	4152389
293172	4152409
293173	4152433
293174	4152503
293175	4152509
293176	4152517
293177	4152523
293178	4152527
293179	4152529
293180	4152541
293181	4152557
293182	4152587
293183	4152601
293184	4152653
293185	4152677
293186	4152679
293187	4152721
293188	4152737
293189	4152761
293190	4152763
293191	4152787
293192	4152803
293193	4152809
293194	4152823
293195	4152839
293196	4152847
293197	4152859
293198	4152877
293199	4152893
293200	4152901
293201	4152919
293202	4152923
293203	4152937
293204	4152943
293205	4152959
293206	4152971
293207	4152989
293208	4152997
293209	4153021
293210	4153067
293211	4153081
293212	4153099
293213	4153111
293214	4153159
293215	4153169
293216	4153183
293217	4153199
293218	4153207
293219	4153217
293220	4153223
293221	4153231
293222	4153273
293223	4153277
293224	4153283
293225	4153291
293226	4153301
293227	4153309
293228	4153333
293229	4153367
293230	4153393
293231	4153399
293232	4153417
293233	4153421
293234	4153433
293235	4153447
293236	4153453
293237	4153463
293238	4153469
293239	4153477
293240	4153483
293241	4153489
293242	4153493
293243	4153507
293244	4153517
293245	4153519
293246	4153529
293247	4153543
293248	4153561
293249	4153579
293250	4153607
293251	4153613
293252	4153649
293253	4153687
293254	4153697
293255	4153711
293256	4153717
293257	4153753
293258	4153759
293259	4153771
293260	4153817
293261	4153819
293262	4153829
293263	4153841
293264	4153867
293265	4153871
293266	4153909
293267	4153927
293268	4153943
293269	4153973
293270	4153979
293271	4153987
293272	4153991
293273	4153999
293274	4154009
293275	4154041
293276	4154077
293277	4154083
293278	4154089
293279	4154107
293280	4154149
293281	4154173
293282	4154177
293283	4154197
293284	4154203
293285	4154207
293286	4154209
293287	4154263
293288	4154287
293289	4154303
293290	4154309
293291	4154333
293292	4154347
293293	4154363
293294	4154383
293295	4154389
293296	4154417
293297	4154419
293298	4154461
293299	4154473
293300	4154497
293301	4154509
293302	4154519
293303	4154543
293304	4154561
293305	4154581
293306	4154593
293307	4154621
293308	4154629
293309	4154639
293310	4154641
293311	4154669
293312	4154677
293313	4154687
293314	4154699
293315	4154719
293316	4154729
293317	4154741
293318	4154779
293319	4154791
293320	4154797
293321	4154809
293322	4154819
293323	4154831
293324	4154833
293325	4154861
293326	4154867
293327	4154869
293328	4154879
293329	4154903
293330	4154911
293331	4154923
293332	4154929
293333	4154933
293334	4154947
293335	4154951
293336	4154959
293337	4154999
293338	4155007
293339	4155013
293340	4155017
293341	4155029
293342	4155037
293343	4155049
293344	4155061
293345	4155077
293346	4155079
293347	4155103
293348	4155113
293349	4155119
293350	4155121
293351	4155161
293352	4155169
293353	4155187
293354	4155197
293355	4155247
293356	4155251
293357	4155257
293358	4155269
293359	4155301
293360	4155331
293361	4155337
293362	4155343
293363	4155367
293364	4155401
293365	4155409
293366	4155413
293367	4155419
293368	4155427
293369	4155467
293370	4155469
293371	4155511
293372	4155517
293373	4155521
293374	4155523
293375	4155533
293376	4155539
293377	4155551
293378	4155583
293379	4155589
293380	4155607
293381	4155611
293382	4155629
293383	4155631
293384	4155647
293385	4155653
293386	4155659
293387	4155673
293388	4155703
293389	4155721
293390	4155731
293391	4155733
293392	4155743
293393	4155751
293394	4155761
293395	4155763
293396	4155779
293397	4155791
293398	4155793
293399	4155797
293400	4155839
293401	4155841
293402	4155857
293403	4155863
293404	4155887
293405	4155911
293406	4155913
293407	4155917
293408	4155919
293409	4155923
293410	4155929
293411	4155989
293412	4155997
293413	4156001
293414	4156037
293415	4156039
293416	4156043
293417	4156063
293418	4156073
293419	4156081
293420	4156091
293421	4156093
293422	4156151
293423	4156157
293424	4156181
293425	4156183
293426	4156199
293427	4156213
293428	4156219
293429	4156249
293430	4156277
293431	4156291
293432	4156297
293433	4156301
293434	4156331
293435	4156333
293436	4156349
293437	4156379
293438	4156409
293439	4156417
293440	4156433
293441	4156441
293442	4156447
293443	4156507
293444	4156519
293445	4156531
293446	4156549
293447	4156561
293448	4156571
293449	4156589
293450	4156591
293451	4156627
293452	4156639
293453	4156643
293454	4156651
293455	4156673
293456	4156709
293457	4156739
293458	4156751
293459	4156769
293460	4156777
293461	4156783
293462	4156787
293463	4156793
293464	4156799
293465	4156807
293466	4156819
293467	4156829
293468	4156847
293469	4156871
293470	4156903
293471	4156907
293472	4156909
293473	4156921
293474	4156937
293475	4156969
293476	4156981
293477	4157011
293478	4157053
293479	4157077
293480	4157093
293481	4157099
293482	4157119
293483	4157123
293484	4157141
293485	4157147
293486	4157159
293487	4157171
293488	4157173
293489	4157177
293490	4157189
293491	4157191
293492	4157201
293493	4157213
293494	4157239
293495	4157269
293496	4157287
293497	4157303
293498	4157311
293499	4157339
293500	4157347
293501	4157399
293502	4157429
293503	4157437
293504	4157449
293505	4157459
293506	4157471
293507	4157473
293508	4157477
293509	4157501
293510	4157509
293511	4157513
293512	4157563
293513	4157591
293514	4157603
293515	4157611
293516	4157617
293517	4157623
293518	4157663
293519	4157669
293520	4157677
293521	4157693
293522	4157717
293523	4157723
293524	4157729
293525	4157731
293526	4157749
293527	4157753
293528	4157771
293529	4157773
293530	4157807
293531	4157833
293532	4157837
293533	4157863
293534	4157869
293535	4157887
293536	4157891
293537	4157893
293538	4157897
293539	4157899
293540	4157927
293541	4157929
293542	4157947
293543	4157981
293544	4158001
293545	4158019
293546	4158031
293547	4158041
293548	4158053
293549	4158067
293550	4158073
293551	4158083
293552	4158103
293553	4158109
293554	4158139
293555	4158151
293556	4158157
293557	4158163
293558	4158173
293559	4158181
293560	4158197
293561	4158211
293562	4158233
293563	4158289
293564	4158307
293565	4158313
293566	4158337
293567	4158367
293568	4158391
293569	4158403
293570	4158409
293571	4158443
293572	4158449
293573	4158457
293574	4158461
293575	4158491
293576	4158499
293577	4158521
293578	4158527
293579	4158529
293580	4158547
293581	4158551
293582	4158559
293583	4158569
293584	4158611
293585	4158613
293586	4158617
293587	4158631
293588	4158641
293589	4158673
293590	4158697
293591	4158731
293592	4158779
293593	4158809
293594	4158823
293595	4158827
293596	4158859
293597	4158887
293598	4158893
293599	4158899
293600	4158907
293601	4158941
293602	4158943
293603	4158953
293604	4158961
293605	4158971
293606	4158989
293607	4159007
293608	4159013
293609	4159027
293610	4159049
293611	4159091
293612	4159097
293613	4159147
293614	4159153
293615	4159187
293616	4159193
293617	4159217
293618	4159219
293619	4159223
293620	4159229
293621	4159231
293622	4159241
293623	4159247
293624	4159273
293625	4159277
293626	4159279
293627	4159289
293628	4159291
293629	4159303
293630	4159319
293631	4159333
293632	4159349
293633	4159361
293634	4159367
293635	4159403
293636	4159447
293637	4159451
293638	4159459
293639	4159471
293640	4159501
293641	4159511
293642	4159517
293643	4159523
293644	4159531
293645	4159541
293646	4159553
293647	4159583
293648	4159601
293649	4159621
293650	4159627
293651	4159637
293652	4159663
293653	4159667
293654	4159669
293655	4159681
293656	4159693
293657	4159699
293658	4159717
293659	4159723
293660	4159741
293661	4159769
293662	4159787
293663	4159801
293664	4159807
293665	4159843
293666	4159889
293667	4159907
293668	4159937
293669	4159943
293670	4159973
293671	4159979
293672	4159997
293673	4160003
293674	4160011
293675	4160027
293676	4160041
293677	4160047
293678	4160063
293679	4160077
293680	4160099
293681	4160113
293682	4160119
293683	4160141
293684	4160159
293685	4160173
293686	4160179
293687	4160227
293688	4160237
293689	4160269
293690	4160281
293691	4160323
293692	4160327
293693	4160329
293694	4160333
293695	4160347
293696	4160353
293697	4160357
293698	4160363
293699	4160371
293700	4160381
293701	4160389
293702	4160399
293703	4160407
293704	4160413
293705	4160423
293706	4160437
293707	4160459
293708	4160467
293709	4160473
293710	4160491
293711	4160509
293712	4160521
293713	4160531
293714	4160549
293715	4160561
293716	4160567
293717	4160579
293718	4160591
293719	4160593
293720	4160599
293721	4160609
293722	4160617
293723	4160641
293724	4160669
293725	4160711
293726	4160713
293727	4160719
293728	4160729
293729	4160797
293730	4160843
293731	4160879
293732	4160881
293733	4160899
293734	4160911
293735	4160929
293736	4160941
293737	4160951
293738	4160969
293739	4160987
293740	4161011
293741	4161013
293742	4161023
293743	4161061
293744	4161077
293745	4161103
293746	4161109
293747	4161119
293748	4161149
293749	4161151
293750	4161163
293751	4161173
293752	4161187
293753	4161191
293754	4161193
293755	4161197
293756	4161221
293757	4161233
293758	4161251
293759	4161257
293760	4161263
293761	4161271
293762	4161299
293763	4161307
293764	4161331
293765	4161341
293766	4161343
293767	4161349
293768	4161389
293769	4161407
293770	4161419
293771	4161433
293772	4161439
293773	4161457
293774	4161461
293775	4161463
293776	4161499
293777	4161527
293778	4161539
293779	4161557
293780	4161559
293781	4161581
293782	4161593
293783	4161607
293784	4161611
293785	4161629
293786	4161631
293787	4161637
293788	4161653
293789	4161667
293790	4161671
293791	4161673
293792	4161679
293793	4161691
293794	4161697
293795	4161701
293796	4161713
293797	4161721
293798	4161727
293799	4161737
293800	4161757
293801	4161763
293802	4161767
293803	4161769
293804	4161791
293805	4161793
293806	4161809
293807	4161811
293808	4161823
293809	4161851
293810	4161853
293811	4161881
293812	4161943
293813	4161953
293814	4161959
293815	4161977
293816	4162003
293817	4162009
293818	4162021
293819	4162027
293820	4162049
293821	4162063
293822	4162069
293823	4162087
293824	4162097
293825	4162117
293826	4162133
293827	4162157
293828	4162177
293829	4162183
293830	4162187
293831	4162189
293832	4162211
293833	4162217
293834	4162219
293835	4162231
293836	4162243
293837	4162247
293838	4162253
293839	4162261
293840	4162309
293841	4162313
293842	4162321
293843	4162337
293844	4162343
293845	4162351
293846	4162363
293847	4162373
293848	4162381
293849	4162421
293850	4162423
293851	4162439
293852	4162447
293853	4162469
293854	4162481
293855	4162493
293856	4162507
293857	4162511
293858	4162519
293859	4162547
293860	4162549
293861	4162583
293862	4162591
293863	4162657
293864	4162661
293865	4162667
293866	4162681
293867	4162687
293868	4162693
293869	4162703
293870	4162709
293871	4162721
293872	4162727
293873	4162733
293874	4162751
293875	4162757
293876	4162783
293877	4162811
293878	4162859
293879	4162861
293880	4162867
293881	4162877
293882	4162889
293883	4162901
293884	4162913
293885	4162927
293886	4162937
293887	4162967
293888	4162969
293889	4162973
293890	4162993
293891	4162999
293892	4163009
293893	4163039
293894	4163041
293895	4163051
293896	4163077
293897	4163123
293898	4163149
293899	4163171
293900	4163177
293901	4163219
293902	4163231
293903	4163233
293904	4163251
293905	4163267
293906	4163281
293907	4163287
293908	4163297
293909	4163329
293910	4163333
293911	4163347
293912	4163353
293913	4163359
293914	4163371
293915	4163381
293916	4163387
293917	4163399
293918	4163417
293919	4163429
293920	4163459
293921	4163461
293922	4163479
293923	4163491
293924	4163503
293925	4163539
293926	4163563
293927	4163597
293928	4163611
293929	4163629
293930	4163651
293931	4163659
293932	4163669
293933	4163671
293934	4163681
293935	4163693
293936	4163699
293937	4163707
293938	4163723
293939	4163741
293940	4163743
293941	4163749
293942	4163767
293943	4163773
293944	4163801
293945	4163813
293946	4163821
293947	4163833
293948	4163843
293949	4163857
293950	4163879
293951	4163881
293952	4163893
293953	4163899
293954	4163903
293955	4163911
293956	4163933
293957	4163941
293958	4163953
293959	4163987
293960	4164007
293961	4164019
293962	4164047
293963	4164049
293964	4164053
293965	4164071
293966	4164101
293967	4164107
293968	4164131
293969	4164179
293970	4164191
293971	4164217
293972	4164233
293973	4164241
293974	4164253
293975	4164271
293976	4164289
293977	4164299
293978	4164317
293979	4164319
293980	4164343
293981	4164367
293982	4164379
293983	4164427
293984	4164437
293985	4164451
293986	4164463
293987	4164467
293988	4164481
293989	4164497
293990	4164499
293991	4164521
293992	4164527
293993	4164539
293994	4164551
293995	4164569
293996	4164583
293997	4164607
293998	4164613
293999	4164631
294000	4164637
