294001	4164673
294002	4164697
294003	4164709
294004	4164737
294005	4164749
294006	4164767
294007	4164773
294008	4164791
294009	4164799
294010	4164803
294011	4164827
294012	4164829
294013	4164859
294014	4164877
294015	4164887
294016	4164907
294017	4164913
294018	4164917
294019	4164947
294020	4164967
294021	4164977
294022	4164989
294023	4165037
294024	4165039
294025	4165043
294026	4165061
294027	4165079
294028	4165097
294029	4165099
294030	4165103
294031	4165157
294032	4165163
294033	4165169
294034	4165177
294035	4165181
294036	4165193
294037	4165229
294038	4165243
294039	4165267
294040	4165283
294041	4165297
294042	4165303
294043	4165319
294044	4165327
294045	4165331
294046	4165333
294047	4165339
294048	4165361
294049	4165379
294050	4165393
294051	4165397
294052	4165411
294053	4165451
294054	4165463
294055	4165489
294056	4165517
294057	4165523
294058	4165547
294059	4165549
294060	4165573
294061	4165583
294062	4165597
294063	4165607
294064	4165613
294065	4165619
294066	4165621
294067	4165627
294068	4165631
294069	4165633
294070	4165643
294071	4165661
294072	4165699
294073	4165709
294074	4165729
294075	4165741
294076	4165757
294077	4165781
294078	4165787
294079	4165849
294080	4165927
294081	4165933
294082	4165943
294083	4165949
294084	4165951
294085	4165957
294086	4165961
294087	4165963
294088	4165979
294089	4165991
294090	4165999
294091	4166011
294092	4166017
294093	4166023
294094	4166027
294095	4166047
294096	4166069
294097	4166081
294098	4166087
294099	4166093
294100	4166101
294101	4166119
294102	4166137
294103	4166143
294104	4166147
294105	4166153
294106	4166159
294107	4166177
294108	4166191
294109	4166203
294110	4166219
294111	4166231
294112	4166233
294113	4166251
294114	4166257
294115	4166287
294116	4166293
294117	4166299
294118	4166303
294119	4166317
294120	4166321
294121	4166333
294122	4166341
294123	4166363
294124	4166389
294125	4166417
294126	4166419
294127	4166447
294128	4166497
294129	4166501
294130	4166507
294131	4166509
294132	4166527
294133	4166531
294134	4166557
294135	4166563
294136	4166593
294137	4166599
294138	4166629
294139	4166641
294140	4166647
294141	4166651
294142	4166671
294143	4166689
294144	4166693
294145	4166731
294146	4166737
294147	4166809
294148	4166831
294149	4166837
294150	4166843
294151	4166863
294152	4166867
294153	4166873
294154	4166893
294155	4166999
294156	4167017
294157	4167043
294158	4167049
294159	4167073
294160	4167077
294161	4167109
294162	4167127
294163	4167133
294164	4167143
294165	4167157
294166	4167187
294167	4167197
294168	4167223
294169	4167239
294170	4167257
294171	4167263
294172	4167269
294173	4167287
294174	4167307
294175	4167311
294176	4167341
294177	4167367
294178	4167377
294179	4167379
294180	4167389
294181	4167391
294182	4167407
294183	4167413
294184	4167419
294185	4167433
294186	4167437
294187	4167451
294188	4167473
294189	4167481
294190	4167491
294191	4167509
294192	4167521
294193	4167523
294194	4167551
294195	4167587
294196	4167607
294197	4167641
294198	4167649
294199	4167659
294200	4167661
294201	4167673
294202	4167697
294203	4167719
294204	4167721
294205	4167731
294206	4167763
294207	4167767
294208	4167797
294209	4167809
294210	4167827
294211	4167829
294212	4167841
294213	4167847
294214	4167881
294215	4167893
294216	4167923
294217	4167931
294218	4167949
294219	4167953
294220	4167979
294221	4168001
294222	4168057
294223	4168063
294224	4168091
294225	4168097
294226	4168117
294227	4168121
294228	4168123
294229	4168127
294230	4168133
294231	4168159
294232	4168181
294233	4168207
294234	4168223
294235	4168253
294236	4168259
294237	4168273
294238	4168279
294239	4168301
294240	4168303
294241	4168319
294242	4168327
294243	4168331
294244	4168337
294245	4168369
294246	4168379
294247	4168387
294248	4168403
294249	4168421
294250	4168433
294251	4168447
294252	4168459
294253	4168469
294254	4168501
294255	4168517
294256	4168523
294257	4168529
294258	4168537
294259	4168559
294260	4168561
294261	4168579
294262	4168583
294263	4168627
294264	4168649
294265	4168651
294266	4168667
294267	4168691
294268	4168709
294269	4168741
294270	4168831
294271	4168861
294272	4168883
294273	4168889
294274	4168891
294275	4168933
294276	4168939
294277	4168943
294278	4168951
294279	4168981
294280	4168987
294281	4169057
294282	4169083
294283	4169093
294284	4169101
294285	4169119
294286	4169129
294287	4169147
294288	4169161
294289	4169171
294290	4169177
294291	4169203
294292	4169213
294293	4169251
294294	4169257
294295	4169273
294296	4169281
294297	4169293
294298	4169299
294299	4169327
294300	4169329
294301	4169387
294302	4169393
294303	4169401
294304	4169423
294305	4169441
294306	4169443
294307	4169453
294308	4169491
294309	4169497
294310	4169513
294311	4169521
294312	4169527
294313	4169549
294314	4169551
294315	4169579
294316	4169597
294317	4169603
294318	4169609
294319	4169621
294320	4169623
294321	4169651
294322	4169653
294323	4169657
294324	4169663
294325	4169677
294326	4169689
294327	4169713
294328	4169719
294329	4169723
294330	4169729
294331	4169731
294332	4169747
294333	4169771
294334	4169783
294335	4169807
294336	4169821
294337	4169827
294338	4169849
294339	4169909
294340	4169929
294341	4169941
294342	4169951
294343	4169953
294344	4170007
294345	4170017
294346	4170031
294347	4170041
294348	4170053
294349	4170071
294350	4170079
294351	4170091
294352	4170109
294353	4170119
294354	4170121
294355	4170191
294356	4170193
294357	4170209
294358	4170211
294359	4170227
294360	4170247
294361	4170251
294362	4170277
294363	4170289
294364	4170301
294365	4170343
294366	4170347
294367	4170349
294368	4170359
294369	4170371
294370	4170377
294371	4170379
294372	4170407
294373	4170427
294374	4170431
294375	4170433
294376	4170473
294377	4170493
294378	4170497
294379	4170499
294380	4170541
294381	4170547
294382	4170583
294383	4170599
294384	4170601
294385	4170641
294386	4170679
294387	4170703
294388	4170707
294389	4170721
294390	4170731
294391	4170737
294392	4170739
294393	4170743
294394	4170757
294395	4170773
294396	4170781
294397	4170839
294398	4170851
294399	4170863
294400	4170877
294401	4170911
294402	4170913
294403	4170953
294404	4170977
294405	4170979
294406	4170989
294407	4171003
294408	4171009
294409	4171021
294410	4171031
294411	4171087
294412	4171091
294413	4171093
294414	4171117
294415	4171151
294416	4171177
294417	4171183
294418	4171187
294419	4171201
294420	4171207
294421	4171213
294422	4171229
294423	4171231
294424	4171243
294425	4171261
294426	4171283
294427	4171289
294428	4171313
294429	4171319
294430	4171327
294431	4171337
294432	4171357
294433	4171361
294434	4171411
294435	4171421
294436	4171423
294437	4171429
294438	4171451
294439	4171459
294440	4171481
294441	4171483
294442	4171499
294443	4171523
294444	4171543
294445	4171547
294446	4171591
294447	4171619
294448	4171633
294449	4171667
294450	4171691
294451	4171721
294452	4171751
294453	4171759
294454	4171771
294455	4171777
294456	4171781
294457	4171793
294458	4171799
294459	4171801
294460	4171813
294461	4171819
294462	4171837
294463	4171841
294464	4171879
294465	4171883
294466	4171907
294467	4171931
294468	4171933
294469	4171943
294470	4171967
294471	4171991
294472	4172029
294473	4172041
294474	4172057
294475	4172059
294476	4172071
294477	4172087
294478	4172099
294479	4172101
294480	4172111
294481	4172117
294482	4172141
294483	4172159
294484	4172167
294485	4172171
294486	4172183
294487	4172239
294488	4172243
294489	4172257
294490	4172279
294491	4172309
294492	4172323
294493	4172341
294494	4172353
294495	4172359
294496	4172369
294497	4172417
294498	4172431
294499	4172471
294500	4172479
294501	4172489
294502	4172513
294503	4172521
294504	4172537
294505	4172551
294506	4172561
294507	4172573
294508	4172579
294509	4172621
294510	4172627
294511	4172639
294512	4172653
294513	4172681
294514	4172699
294515	4172711
294516	4172717
294517	4172719
294518	4172731
294519	4172737
294520	4172747
294521	4172759
294522	4172783
294523	4172789
294524	4172807
294525	4172851
294526	4172863
294527	4172869
294528	4172873
294529	4172881
294530	4172887
294531	4172929
294532	4172953
294533	4172957
294534	4172981
294535	4173023
294536	4173031
294537	4173047
294538	4173049
294539	4173073
294540	4173077
294541	4173079
294542	4173089
294543	4173139
294544	4173149
294545	4173151
294546	4173161
294547	4173181
294548	4173209
294549	4173223
294550	4173241
294551	4173269
294552	4173277
294553	4173287
294554	4173311
294555	4173319
294556	4173329
294557	4173343
294558	4173353
294559	4173359
294560	4173371
294561	4173383
294562	4173409
294563	4173413
294564	4173467
294565	4173469
294566	4173473
294567	4173479
294568	4173487
294569	4173493
294570	4173523
294571	4173539
294572	4173569
294573	4173571
294574	4173577
294575	4173607
294576	4173613
294577	4173641
294578	4173683
294579	4173703
294580	4173727
294581	4173733
294582	4173739
294583	4173751
294584	4173761
294585	4173769
294586	4173773
294587	4173779
294588	4173811
294589	4173817
294590	4173847
294591	4173853
294592	4173887
294593	4173907
294594	4173919
294595	4173943
294596	4173947
294597	4173973
294598	4173989
294599	4174013
294600	4174021
294601	4174039
294602	4174043
294603	4174069
294604	4174097
294605	4174103
294606	4174111
294607	4174133
294608	4174141
294609	4174151
294610	4174171
294611	4174193
294612	4174207
294613	4174237
294614	4174249
294615	4174259
294616	4174271
294617	4174273
294618	4174277
294619	4174283
294620	4174297
294621	4174327
294622	4174343
294623	4174349
294624	4174351
294625	4174369
294626	4174393
294627	4174409
294628	4174411
294629	4174421
294630	4174453
294631	4174501
294632	4174507
294633	4174517
294634	4174529
294635	4174531
294636	4174549
294637	4174561
294638	4174567
294639	4174601
294640	4174603
294641	4174607
294642	4174609
294643	4174631
294644	4174649
294645	4174669
294646	4174691
294647	4174711
294648	4174717
294649	4174727
294650	4174733
294651	4174759
294652	4174769
294653	4174771
294654	4174777
294655	4174789
294656	4174823
294657	4174847
294658	4174853
294659	4174861
294660	4174873
294661	4174879
294662	4174949
294663	4174967
294664	4174981
294665	4174991
294666	4174993
294667	4174997
294668	4175053
294669	4175063
294670	4175077
294671	4175123
294672	4175131
294673	4175141
294674	4175177
294675	4175189
294676	4175201
294677	4175203
294678	4175209
294679	4175243
294680	4175261
294681	4175263
294682	4175273
294683	4175279
294684	4175291
294685	4175299
294686	4175309
294687	4175321
294688	4175341
294689	4175377
294690	4175411
294691	4175417
294692	4175453
294693	4175467
294694	4175471
294695	4175473
294696	4175477
294697	4175491
294698	4175503
294699	4175513
294700	4175519
294701	4175531
294702	4175539
294703	4175551
294704	4175579
294705	4175597
294706	4175653
294707	4175657
294708	4175663
294709	4175671
294710	4175683
294711	4175737
294712	4175747
294713	4175777
294714	4175779
294715	4175789
294716	4175803
294717	4175827
294718	4175837
294719	4175867
294720	4175869
294721	4175879
294722	4175881
294723	4175893
294724	4175933
294725	4175939
294726	4175957
294727	4175981
294728	4175989
294729	4176001
294730	4176013
294731	4176037
294732	4176049
294733	4176061
294734	4176071
294735	4176077
294736	4176097
294737	4176113
294738	4176127
294739	4176157
294740	4176163
294741	4176167
294742	4176187
294743	4176191
294744	4176217
294745	4176229
294746	4176233
294747	4176239
294748	4176253
294749	4176259
294750	4176269
294751	4176281
294752	4176283
294753	4176287
294754	4176307
294755	4176313
294756	4176331
294757	4176379
294758	4176391
294759	4176397
294760	4176421
294761	4176443
294762	4176457
294763	4176517
294764	4176521
294765	4176539
294766	4176541
294767	4176563
294768	4176569
294769	4176587
294770	4176617
294771	4176647
294772	4176677
294773	4176691
294774	4176701
294775	4176709
294776	4176721
294777	4176727
294778	4176737
294779	4176743
294780	4176761
294781	4176769
294782	4176773
294783	4176779
294784	4176791
294785	4176803
294786	4176817
294787	4176833
294788	4176863
294789	4176871
294790	4176919
294791	4176929
294792	4176947
294793	4176973
294794	4177051
294795	4177079
294796	4177081
294797	4177123
294798	4177127
294799	4177139
294800	4177153
294801	4177163
294802	4177183
294803	4177193
294804	4177211
294805	4177231
294806	4177309
294807	4177333
294808	4177339
294809	4177351
294810	4177357
294811	4177373
294812	4177379
294813	4177391
294814	4177403
294815	4177409
294816	4177423
294817	4177447
294818	4177451
294819	4177469
294820	4177477
294821	4177483
294822	4177487
294823	4177519
294824	4177543
294825	4177553
294826	4177573
294827	4177609
294828	4177673
294829	4177687
294830	4177703
294831	4177709
294832	4177729
294833	4177741
294834	4177753
294835	4177759
294836	4177763
294837	4177787
294838	4177793
294839	4177799
294840	4177807
294841	4177843
294842	4177847
294843	4177867
294844	4177897
294845	4177907
294846	4177909
294847	4177913
294848	4177931
294849	4177939
294850	4177969
294851	4177993
294852	4177997
294853	4178021
294854	4178033
294855	4178047
294856	4178051
294857	4178063
294858	4178071
294859	4178093
294860	4178101
294861	4178113
294862	4178129
294863	4178131
294864	4178171
294865	4178177
294866	4178191
294867	4178197
294868	4178219
294869	4178221
294870	4178261
294871	4178287
294872	4178327
294873	4178329
294874	4178333
294875	4178357
294876	4178359
294877	4178393
294878	4178399
294879	4178411
294880	4178417
294881	4178431
294882	4178443
294883	4178453
294884	4178483
294885	4178491
294886	4178497
294887	4178501
294888	4178509
294889	4178513
294890	4178519
294891	4178527
294892	4178543
294893	4178569
294894	4178579
294895	4178591
294896	4178599
294897	4178609
294898	4178633
294899	4178641
294900	4178677
294901	4178701
294902	4178711
294903	4178717
294904	4178729
294905	4178737
294906	4178749
294907	4178767
294908	4178771
294909	4178773
294910	4178777
294911	4178789
294912	4178791
294913	4178809
294914	4178827
294915	4178849
294916	4178851
294917	4178861
294918	4178873
294919	4178887
294920	4178897
294921	4178903
294922	4178959
294923	4178963
294924	4178969
294925	4178971
294926	4178983
294927	4179001
294928	4179013
294929	4179023
294930	4179037
294931	4179053
294932	4179067
294933	4179073
294934	4179101
294935	4179139
294936	4179143
294937	4179151
294938	4179163
294939	4179247
294940	4179251
294941	4179257
294942	4179269
294943	4179289
294944	4179311
294945	4179317
294946	4179319
294947	4179341
294948	4179347
294949	4179359
294950	4179361
294951	4179367
294952	4179377
294953	4179379
294954	4179391
294955	4179403
294956	4179419
294957	4179437
294958	4179457
294959	4179463
294960	4179473
294961	4179493
294962	4179517
294963	4179521
294964	4179533
294965	4179541
294966	4179551
294967	4179577
294968	4179587
294969	4179607
294970	4179641
294971	4179647
294972	4179649
294973	4179667
294974	4179673
294975	4179691
294976	4179701
294977	4179709
294978	4179713
294979	4179727
294980	4179731
294981	4179743
294982	4179803
294983	4179839
294984	4179863
294985	4179881
294986	4179893
294987	4179899
294988	4179913
294989	4179919
294990	4179941
294991	4179949
294992	4179953
294993	4179971
294994	4179979
294995	4180051
294996	4180067
294997	4180069
294998	4180081
294999	4180093
295000	4180097
