295001	4180153
295002	4180157
295003	4180201
295004	4180217
295005	4180219
295006	4180229
295007	4180243
295008	4180271
295009	4180277
295010	4180301
295011	4180303
295012	4180313
295013	4180333
295014	4180343
295015	4180367
295016	4180369
295017	4180373
295018	4180387
295019	4180441
295020	4180447
295021	4180469
295022	4180471
295023	4180489
295024	4180499
295025	4180507
295026	4180541
295027	4180607
295028	4180609
295029	4180613
295030	4180621
295031	4180633
295032	4180663
295033	4180679
295034	4180723
295035	4180739
295036	4180747
295037	4180763
295038	4180769
295039	4180777
295040	4180789
295041	4180801
295042	4180819
295043	4180823
295044	4180831
295045	4180837
295046	4180849
295047	4180909
295048	4180921
295049	4180927
295050	4180949
295051	4180961
295052	4180987
295053	4181041
295054	4181059
295055	4181069
295056	4181071
295057	4181077
295058	4181081
295059	4181087
295060	4181129
295061	4181137
295062	4181141
295063	4181171
295064	4181173
295065	4181183
295066	4181209
295067	4181213
295068	4181251
295069	4181257
295070	4181263
295071	4181267
295072	4181279
295073	4181293
295074	4181321
295075	4181323
295076	4181347
295077	4181351
295078	4181357
295079	4181383
295080	4181393
295081	4181413
295082	4181417
295083	4181431
295084	4181447
295085	4181459
295086	4181461
295087	4181479
295088	4181483
295089	4181503
295090	4181509
295091	4181521
295092	4181531
295093	4181533
295094	4181557
295095	4181579
295096	4181603
295097	4181633
295098	4181657
295099	4181669
295100	4181693
295101	4181717
295102	4181741
295103	4181747
295104	4181759
295105	4181761
295106	4181773
295107	4181797
295108	4181819
295109	4181839
295110	4181857
295111	4181867
295112	4181873
295113	4181897
295114	4181899
295115	4181909
295116	4181917
295117	4181927
295118	4181941
295119	4181953
295120	4181981
295121	4181987
295122	4182011
295123	4182019
295124	4182037
295125	4182043
295126	4182047
295127	4182049
295128	4182077
295129	4182083
295130	4182089
295131	4182103
295132	4182127
295133	4182131
295134	4182133
295135	4182151
295136	4182163
295137	4182169
295138	4182173
295139	4182193
295140	4182203
295141	4182209
295142	4182239
295143	4182253
295144	4182257
295145	4182263
295146	4182271
295147	4182301
295148	4182307
295149	4182313
295150	4182317
295151	4182329
295152	4182331
295153	4182361
295154	4182379
295155	4182403
295156	4182407
295157	4182419
295158	4182421
295159	4182433
295160	4182461
295161	4182463
295162	4182487
295163	4182547
295164	4182553
295165	4182557
295166	4182559
295167	4182571
295168	4182589
295169	4182593
295170	4182599
295171	4182611
295172	4182631
295173	4182667
295174	4182691
295175	4182701
295176	4182721
295177	4182749
295178	4182751
295179	4182769
295180	4182791
295181	4182809
295182	4182821
295183	4182839
295184	4182853
295185	4182863
295186	4182881
295187	4182883
295188	4182947
295189	4182949
295190	4182979
295191	4182991
295192	4183001
295193	4183007
295194	4183009
295195	4183013
295196	4183019
295197	4183027
295198	4183031
295199	4183043
295200	4183057
295201	4183061
295202	4183063
295203	4183087
295204	4183099
295205	4183103
295206	4183111
295207	4183121
295208	4183133
295209	4183177
295210	4183199
295211	4183229
295212	4183243
295213	4183259
295214	4183273
295215	4183297
295216	4183301
295217	4183303
295218	4183327
295219	4183349
295220	4183351
295221	4183369
295222	4183381
295223	4183393
295224	4183397
295225	4183429
295226	4183457
295227	4183499
295228	4183537
295229	4183559
295230	4183567
295231	4183583
295232	4183639
295233	4183643
295234	4183651
295235	4183687
295236	4183691
295237	4183693
295238	4183727
295239	4183733
295240	4183741
295241	4183759
295242	4183783
295243	4183787
295244	4183789
295245	4183813
295246	4183831
295247	4183841
295248	4183847
295249	4183889
295250	4183891
295251	4183897
295252	4183903
295253	4183909
295254	4183913
295255	4183931
295256	4183937
295257	4183951
295258	4183957
295259	4183961
295260	4183967
295261	4183973
295262	4184017
295263	4184027
295264	4184087
295265	4184099
295266	4184107
295267	4184111
295268	4184119
295269	4184143
295270	4184153
295271	4184179
295272	4184197
295273	4184203
295274	4184233
295275	4184239
295276	4184251
295277	4184263
295278	4184273
295279	4184281
295280	4184303
295281	4184309
295282	4184311
295283	4184347
295284	4184353
295285	4184357
295286	4184359
295287	4184377
295288	4184399
295289	4184407
295290	4184423
295291	4184429
295292	4184437
295293	4184443
295294	4184507
295295	4184549
295296	4184561
295297	4184563
295298	4184569
295299	4184573
295300	4184591
295301	4184599
295302	4184603
295303	4184629
295304	4184633
295305	4184641
295306	4184647
295307	4184657
295308	4184681
295309	4184707
295310	4184711
295311	4184743
295312	4184759
295313	4184767
295314	4184773
295315	4184797
295316	4184809
295317	4184813
295318	4184821
295319	4184849
295320	4184857
295321	4184861
295322	4184881
295323	4184893
295324	4184897
295325	4184899
295326	4184909
295327	4184977
295328	4184989
295329	4185007
295330	4185029
295331	4185037
295332	4185067
295333	4185101
295334	4185121
295335	4185131
295336	4185133
295337	4185143
295338	4185173
295339	4185191
295340	4185197
295341	4185211
295342	4185229
295343	4185253
295344	4185257
295345	4185277
295346	4185343
295347	4185347
295348	4185353
295349	4185359
295350	4185361
295351	4185373
295352	4185409
295353	4185413
295354	4185431
295355	4185437
295356	4185439
295357	4185449
295358	4185469
295359	4185473
295360	4185479
295361	4185481
295362	4185497
295363	4185509
295364	4185523
295365	4185547
295366	4185583
295367	4185593
295368	4185613
295369	4185617
295370	4185619
295371	4185641
295372	4185661
295373	4185673
295374	4185683
295375	4185697
295376	4185703
295377	4185739
295378	4185751
295379	4185763
295380	4185767
295381	4185787
295382	4185799
295383	4185803
295384	4185821
295385	4185823
295386	4185829
295387	4185851
295388	4185869
295389	4185901
295390	4185911
295391	4185913
295392	4185917
295393	4185919
295394	4185941
295395	4185943
295396	4185949
295397	4185953
295398	4185967
295399	4185971
295400	4185989
295401	4185997
295402	4186009
295403	4186019
295404	4186031
295405	4186033
295406	4186043
295407	4186073
295408	4186079
295409	4186087
295410	4186103
295411	4186123
295412	4186129
295413	4186151
295414	4186153
295415	4186181
295416	4186183
295417	4186201
295418	4186211
295419	4186219
295420	4186241
295421	4186283
295422	4186307
295423	4186313
295424	4186319
295425	4186339
295426	4186381
295427	4186393
295428	4186397
295429	4186409
295430	4186421
295431	4186433
295432	4186459
295433	4186487
295434	4186489
295435	4186493
295436	4186531
295437	4186547
295438	4186571
295439	4186579
295440	4186591
295441	4186639
295442	4186673
295443	4186681
295444	4186691
295445	4186703
295446	4186717
295447	4186723
295448	4186747
295449	4186771
295450	4186801
295451	4186823
295452	4186837
295453	4186843
295454	4186849
295455	4186877
295456	4186907
295457	4186927
295458	4186937
295459	4186951
295460	4186997
295461	4186999
295462	4187009
295463	4187021
295464	4187023
295465	4187047
295466	4187059
295467	4187069
295468	4187093
295469	4187111
295470	4187123
295471	4187129
295472	4187137
295473	4187147
295474	4187177
295475	4187189
295476	4187213
295477	4187233
295478	4187251
295479	4187257
295480	4187269
295481	4187291
295482	4187303
295483	4187329
295484	4187333
295485	4187363
295486	4187369
295487	4187399
295488	4187411
295489	4187413
295490	4187419
295491	4187437
295492	4187459
295493	4187471
295494	4187479
295495	4187483
295496	4187489
295497	4187501
295498	4187503
295499	4187507
295500	4187531
295501	4187537
295502	4187563
295503	4187569
295504	4187591
295505	4187597
295506	4187611
295507	4187647
295508	4187663
295509	4187669
295510	4187707
295511	4187719
295512	4187731
295513	4187737
295514	4187741
295515	4187753
295516	4187773
295517	4187779
295518	4187789
295519	4187801
295520	4187819
295521	4187839
295522	4187851
295523	4187891
295524	4187927
295525	4187929
295526	4187941
295527	4187951
295528	4187957
295529	4187971
295530	4187983
295531	4187987
295532	4188011
295533	4188017
295534	4188043
295535	4188053
295536	4188059
295537	4188089
295538	4188101
295539	4188127
295540	4188133
295541	4188161
295542	4188187
295543	4188203
295544	4188221
295545	4188257
295546	4188259
295547	4188269
295548	4188271
295549	4188281
295550	4188299
295551	4188313
295552	4188337
295553	4188347
295554	4188367
295555	4188403
295556	4188407
295557	4188413
295558	4188419
295559	4188427
295560	4188433
295561	4188449
295562	4188451
295563	4188467
295564	4188473
295565	4188479
295566	4188491
295567	4188497
295568	4188533
295569	4188551
295570	4188559
295571	4188577
295572	4188617
295573	4188619
295574	4188631
295575	4188649
295576	4188671
295577	4188677
295578	4188697
295579	4188703
295580	4188713
295581	4188719
295582	4188727
295583	4188739
295584	4188763
295585	4188791
295586	4188799
295587	4188803
295588	4188827
295589	4188853
295590	4188857
295591	4188869
295592	4188893
295593	4188901
295594	4188971
295595	4188973
295596	4188991
295597	4188997
295598	4189001
295599	4189019
295600	4189027
295601	4189039
295602	4189057
295603	4189069
295604	4189091
295605	4189099
295606	4189117
295607	4189121
295608	4189147
295609	4189153
295610	4189181
295611	4189183
295612	4189187
295613	4189217
295614	4189219
295615	4189223
295616	4189261
295617	4189267
295618	4189271
295619	4189277
295620	4189307
295621	4189313
295622	4189337
295623	4189351
295624	4189363
295625	4189373
295626	4189403
295627	4189417
295628	4189453
295629	4189459
295630	4189477
295631	4189483
295632	4189489
295633	4189499
295634	4189513
295635	4189517
295636	4189553
295637	4189561
295638	4189567
295639	4189583
295640	4189609
295641	4189631
295642	4189643
295643	4189651
295644	4189673
295645	4189693
295646	4189697
295647	4189699
295648	4189723
295649	4189727
295650	4189729
295651	4189733
295652	4189741
295653	4189763
295654	4189771
295655	4189793
295656	4189807
295657	4189819
295658	4189847
295659	4189849
295660	4189879
295661	4189883
295662	4189897
295663	4189903
295664	4189951
295665	4189957
295666	4189961
295667	4189987
295668	4190009
295669	4190023
295670	4190027
295671	4190033
295672	4190057
295673	4190059
295674	4190063
295675	4190083
295676	4190093
295677	4190101
295678	4190107
295679	4190119
295680	4190149
295681	4190161
295682	4190167
295683	4190171
295684	4190183
295685	4190189
295686	4190231
295687	4190237
295688	4190257
295689	4190261
295690	4190269
295691	4190293
295692	4190299
295693	4190309
295694	4190321
295695	4190359
295696	4190369
295697	4190371
295698	4190383
295699	4190399
295700	4190411
295701	4190429
295702	4190447
295703	4190453
295704	4190467
295705	4190477
295706	4190489
295707	4190503
295708	4190513
295709	4190533
295710	4190573
295711	4190617
295712	4190629
295713	4190663
295714	4190677
295715	4190689
295716	4190699
295717	4190701
295718	4190707
295719	4190717
295720	4190729
295721	4190759
295722	4190777
295723	4190803
295724	4190833
295725	4190861
295726	4190863
295727	4190867
295728	4190903
295729	4190933
295730	4190957
295731	4190969
295732	4190981
295733	4190987
295734	4190999
295735	4191013
295736	4191017
295737	4191041
295738	4191043
295739	4191049
295740	4191067
295741	4191071
295742	4191073
295743	4191091
295744	4191097
295745	4191119
295746	4191137
295747	4191151
295748	4191157
295749	4191179
295750	4191181
295751	4191193
295752	4191217
295753	4191227
295754	4191233
295755	4191259
295756	4191311
295757	4191329
295758	4191337
295759	4191349
295760	4191353
295761	4191373
295762	4191391
295763	4191403
295764	4191427
295765	4191443
295766	4191461
295767	4191463
295768	4191487
295769	4191491
295770	4191521
295771	4191527
295772	4191529
295773	4191563
295774	4191581
295775	4191599
295776	4191613
295777	4191623
295778	4191641
295779	4191659
295780	4191679
295781	4191701
295782	4191709
295783	4191739
295784	4191757
295785	4191763
295786	4191787
295787	4191793
295788	4191797
295789	4191829
295790	4191857
295791	4191893
295792	4191907
295793	4191919
295794	4191931
295795	4191947
295796	4191949
295797	4191953
295798	4191973
295799	4191983
295800	4191991
295801	4192007
295802	4192021
295803	4192033
295804	4192039
295805	4192051
295806	4192073
295807	4192087
295808	4192091
295809	4192093
295810	4192121
295811	4192129
295812	4192157
295813	4192163
295814	4192169
295815	4192189
295816	4192219
295817	4192229
295818	4192231
295819	4192261
295820	4192267
295821	4192271
295822	4192273
295823	4192277
295824	4192283
295825	4192289
295826	4192301
295827	4192339
295828	4192343
295829	4192351
295830	4192361
295831	4192381
295832	4192399
295833	4192403
295834	4192411
295835	4192427
295836	4192429
295837	4192477
295838	4192493
295839	4192499
295840	4192511
295841	4192519
295842	4192547
295843	4192553
295844	4192561
295845	4192567
295846	4192571
295847	4192603
295848	4192607
295849	4192613
295850	4192627
295851	4192637
295852	4192667
295853	4192697
295854	4192709
295855	4192753
295856	4192757
295857	4192759
295858	4192789
295859	4192841
295860	4192861
295861	4192871
295862	4192873
295863	4192919
295864	4192943
295865	4192963
295866	4192987
295867	4192997
295868	4193039
295869	4193041
295870	4193051
295871	4193087
295872	4193089
295873	4193113
295874	4193131
295875	4193141
295876	4193149
295877	4193171
295878	4193191
295879	4193209
295880	4193221
295881	4193239
295882	4193249
295883	4193251
295884	4193263
295885	4193269
295886	4193279
295887	4193297
295888	4193303
295889	4193309
295890	4193327
295891	4193353
295892	4193359
295893	4193369
295894	4193377
295895	4193381
295896	4193389
295897	4193393
295898	4193411
295899	4193417
295900	4193443
295901	4193447
295902	4193459
295903	4193507
295904	4193513
295905	4193531
295906	4193549
295907	4193551
295908	4193569
295909	4193573
295910	4193633
295911	4193663
295912	4193701
295913	4193743
295914	4193753
295915	4193759
295916	4193789
295917	4193801
295918	4193803
295919	4193807
295920	4193869
295921	4193909
295922	4193929
295923	4193939
295924	4193957
295925	4193963
295926	4193971
295927	4193977
295928	4194007
295929	4194011
295930	4194023
295931	4194103
295932	4194107
295933	4194131
295934	4194137
295935	4194143
295936	4194167
295937	4194173
295938	4194181
295939	4194187
295940	4194191
295941	4194199
295942	4194217
295943	4194247
295944	4194271
295945	4194277
295946	4194287
295947	4194301
295948	4194319
295949	4194329
295950	4194353
295951	4194371
295952	4194389
295953	4194397
295954	4194403
295955	4194409
295956	4194419
295957	4194433
295958	4194439
295959	4194451
295960	4194493
295961	4194503
295962	4194511
295963	4194523
295964	4194527
295965	4194559
295966	4194581
295967	4194583
295968	4194599
295969	4194601
295970	4194637
295971	4194643
295972	4194661
295973	4194677
295974	4194679
295975	4194713
295976	4194719
295977	4194739
295978	4194761
295979	4194769
295980	4194781
295981	4194793
295982	4194823
295983	4194847
295984	4194851
295985	4194857
295986	4194863
295987	4194871
295988	4194887
295989	4194907
295990	4194917
295991	4194919
295992	4194961
295993	4194973
295994	4194989
295995	4195001
295996	4195019
295997	4195021
295998	4195027
295999	4195033
296000	4195057
