296001	4195063
296002	4195117
296003	4195127
296004	4195129
296005	4195157
296006	4195183
296007	4195189
296008	4195201
296009	4195211
296010	4195229
296011	4195231
296012	4195249
296013	4195253
296014	4195259
296015	4195271
296016	4195273
296017	4195283
296018	4195291
296019	4195297
296020	4195307
296021	4195309
296022	4195327
296023	4195349
296024	4195357
296025	4195421
296026	4195441
296027	4195463
296028	4195483
296029	4195487
296030	4195493
296031	4195501
296032	4195531
296033	4195547
296034	4195559
296035	4195573
296036	4195579
296037	4195589
296038	4195619
296039	4195621
296040	4195649
296041	4195657
296042	4195679
296043	4195703
296044	4195747
296045	4195759
296046	4195771
296047	4195777
296048	4195801
296049	4195823
296050	4195847
296051	4195859
296052	4195861
296053	4195871
296054	4195879
296055	4195883
296056	4195921
296057	4195937
296058	4195949
296059	4195951
296060	4195969
296061	4195973
296062	4195999
296063	4196011
296064	4196057
296065	4196077
296066	4196081
296067	4196089
296068	4196099
296069	4196119
296070	4196147
296071	4196149
296072	4196167
296073	4196177
296074	4196183
296075	4196233
296076	4196237
296077	4196239
296078	4196249
296079	4196267
296080	4196299
296081	4196303
296082	4196333
296083	4196341
296084	4196347
296085	4196363
296086	4196369
296087	4196371
296088	4196389
296089	4196393
296090	4196407
296091	4196417
296092	4196459
296093	4196497
296094	4196509
296095	4196513
296096	4196527
296097	4196567
296098	4196573
296099	4196581
296100	4196629
296101	4196641
296102	4196657
296103	4196659
296104	4196683
296105	4196713
296106	4196737
296107	4196747
296108	4196779
296109	4196789
296110	4196791
296111	4196809
296112	4196821
296113	4196837
296114	4196839
296115	4196849
296116	4196867
296117	4196869
296118	4196893
296119	4196897
296120	4196903
296121	4196917
296122	4196923
296123	4196939
296124	4196953
296125	4196981
296126	4196987
296127	4196993
296128	4196999
296129	4197007
296130	4197019
296131	4197031
296132	4197091
296133	4197097
296134	4197103
296135	4197107
296136	4197133
296137	4197139
296138	4197143
296139	4197161
296140	4197163
296141	4197197
296142	4197203
296143	4197239
296144	4197251
296145	4197253
296146	4197299
296147	4197311
296148	4197313
296149	4197337
296150	4197343
296151	4197367
296152	4197407
296153	4197409
296154	4197443
296155	4197463
296156	4197467
296157	4197469
296158	4197511
296159	4197527
296160	4197533
296161	4197541
296162	4197553
296163	4197577
296164	4197587
296165	4197601
296166	4197629
296167	4197631
296168	4197647
296169	4197667
296170	4197671
296171	4197737
296172	4197749
296173	4197757
296174	4197763
296175	4197769
296176	4197797
296177	4197821
296178	4197829
296179	4197833
296180	4197839
296181	4197857
296182	4197871
296183	4197877
296184	4197883
296185	4197887
296186	4197913
296187	4197923
296188	4197967
296189	4198003
296190	4198013
296191	4198037
296192	4198039
296193	4198049
296194	4198079
296195	4198093
296196	4198097
296197	4198111
296198	4198141
296199	4198211
296200	4198247
296201	4198261
296202	4198307
296203	4198309
296204	4198319
296205	4198321
296206	4198331
296207	4198333
296208	4198339
296209	4198343
296210	4198349
296211	4198357
296212	4198379
296213	4198409
296214	4198429
296215	4198433
296216	4198457
296217	4198471
296218	4198511
296219	4198517
296220	4198529
296221	4198543
296222	4198549
296223	4198553
296224	4198567
296225	4198577
296226	4198583
296227	4198631
296228	4198637
296229	4198669
296230	4198703
296231	4198709
296232	4198729
296233	4198757
296234	4198759
296235	4198763
296236	4198781
296237	4198793
296238	4198807
296239	4198837
296240	4198877
296241	4198879
296242	4198889
296243	4198891
296244	4198921
296245	4198927
296246	4198937
296247	4198963
296248	4198973
296249	4199003
296250	4199009
296251	4199021
296252	4199023
296253	4199029
296254	4199071
296255	4199077
296256	4199131
296257	4199141
296258	4199149
296259	4199177
296260	4199183
296261	4199189
296262	4199201
296263	4199213
296264	4199231
296265	4199257
296266	4199269
296267	4199281
296268	4199297
296269	4199303
296270	4199311
296271	4199341
296272	4199347
296273	4199383
296274	4199387
296275	4199411
296276	4199441
296277	4199473
296278	4199483
296279	4199491
296280	4199543
296281	4199557
296282	4199563
296283	4199567
296284	4199599
296285	4199603
296286	4199609
296287	4199633
296288	4199647
296289	4199653
296290	4199659
296291	4199669
296292	4199707
296293	4199711
296294	4199747
296295	4199749
296296	4199771
296297	4199791
296298	4199801
296299	4199803
296300	4199813
296301	4199827
296302	4199837
296303	4199851
296304	4199861
296305	4199887
296306	4199891
296307	4199903
296308	4199927
296309	4199929
296310	4199957
296311	4199963
296312	4199971
296313	4199977
296314	4199989
296315	4200013
296316	4200019
296317	4200023
296318	4200043
296319	4200047
296320	4200073
296321	4200103
296322	4200109
296323	4200113
296324	4200127
296325	4200137
296326	4200143
296327	4200149
296328	4200167
296329	4200187
296330	4200199
296331	4200211
296332	4200223
296333	4200227
296334	4200233
296335	4200239
296336	4200247
296337	4200257
296338	4200263
296339	4200299
296340	4200307
296341	4200319
296342	4200341
296343	4200397
296344	4200401
296345	4200403
296346	4200419
296347	4200433
296348	4200439
296349	4200451
296350	4200481
296351	4200487
296352	4200523
296353	4200527
296354	4200529
296355	4200583
296356	4200587
296357	4200601
296358	4200607
296359	4200611
296360	4200617
296361	4200629
296362	4200661
296363	4200671
296364	4200689
296365	4200701
296366	4200709
296367	4200731
296368	4200733
296369	4200739
296370	4200761
296371	4200769
296372	4200797
296373	4200803
296374	4200809
296375	4200821
296376	4200827
296377	4200863
296378	4200877
296379	4200883
296380	4200923
296381	4200941
296382	4200947
296383	4200949
296384	4200953
296385	4200991
296386	4201003
296387	4201007
296388	4201013
296389	4201051
296390	4201063
296391	4201069
296392	4201073
296393	4201079
296394	4201103
296395	4201123
296396	4201177
296397	4201181
296398	4201199
296399	4201207
296400	4201217
296401	4201243
296402	4201247
296403	4201271
296404	4201279
296405	4201289
296406	4201291
296407	4201303
296408	4201319
296409	4201321
296410	4201343
296411	4201357
296412	4201367
296413	4201391
296414	4201409
296415	4201429
296416	4201447
296417	4201459
296418	4201493
296419	4201501
296420	4201513
296421	4201529
296422	4201531
296423	4201537
296424	4201577
296425	4201579
296426	4201583
296427	4201621
296428	4201633
296429	4201649
296430	4201699
296431	4201711
296432	4201727
296433	4201739
296434	4201751
296435	4201763
296436	4201789
296437	4201811
296438	4201817
296439	4201837
296440	4201843
296441	4201849
296442	4201853
296443	4201861
296444	4201889
296445	4201891
296446	4201933
296447	4201937
296448	4201961
296449	4201963
296450	4201969
296451	4202017
296452	4202027
296453	4202047
296454	4202057
296455	4202063
296456	4202069
296457	4202083
296458	4202113
296459	4202117
296460	4202141
296461	4202147
296462	4202153
296463	4202161
296464	4202167
296465	4202171
296466	4202183
296467	4202203
296468	4202227
296469	4202257
296470	4202269
296471	4202273
296472	4202279
296473	4202293
296474	4202311
296475	4202321
296476	4202327
296477	4202339
296478	4202369
296479	4202371
296480	4202381
296481	4202389
296482	4202413
296483	4202447
296484	4202449
296485	4202461
296486	4202467
296487	4202479
296488	4202483
296489	4202489
296490	4202501
296491	4202521
296492	4202567
296493	4202579
296494	4202633
296495	4202641
296496	4202657
296497	4202663
296498	4202677
296499	4202687
296500	4202729
296501	4202761
296502	4202771
296503	4202773
296504	4202789
296505	4202797
296506	4202827
296507	4202851
296508	4202897
296509	4202899
296510	4202903
296511	4202911
296512	4202923
296513	4202929
296514	4202959
296515	4202963
296516	4202969
296517	4202981
296518	4202993
296519	4203013
296520	4203019
296521	4203041
296522	4203049
296523	4203053
296524	4203071
296525	4203109
296526	4203113
296527	4203119
296528	4203127
296529	4203139
296530	4203169
296531	4203187
296532	4203191
296533	4203193
296534	4203209
296535	4203217
296536	4203229
296537	4203239
296538	4203247
296539	4203263
296540	4203307
296541	4203349
296542	4203371
296543	4203373
296544	4203391
296545	4203421
296546	4203431
296547	4203473
296548	4203491
296549	4203509
296550	4203517
296551	4203523
296552	4203527
296553	4203581
296554	4203583
296555	4203587
296556	4203593
296557	4203599
296558	4203601
296559	4203611
296560	4203613
296561	4203643
296562	4203649
296563	4203677
296564	4203707
296565	4203757
296566	4203767
296567	4203791
296568	4203799
296569	4203841
296570	4203847
296571	4203863
296572	4203887
296573	4203889
296574	4203893
296575	4203911
296576	4203919
296577	4203929
296578	4203931
296579	4203961
296580	4203967
296581	4203973
296582	4204001
296583	4204007
296584	4204027
296585	4204037
296586	4204061
296587	4204063
296588	4204069
296589	4204091
296590	4204097
296591	4204121
296592	4204133
296593	4204139
296594	4204141
296595	4204157
296596	4204169
296597	4204223
296598	4204237
296599	4204243
296600	4204279
296601	4204283
296602	4204307
296603	4204309
296604	4204337
296605	4204363
296606	4204367
296607	4204379
296608	4204429
296609	4204439
296610	4204441
296611	4204471
296612	4204477
296613	4204481
296614	4204489
296615	4204493
296616	4204511
296617	4204523
296618	4204537
296619	4204553
296620	4204579
296621	4204601
296622	4204609
296623	4204633
296624	4204639
296625	4204657
296626	4204663
296627	4204679
296628	4204687
296629	4204703
296630	4204709
296631	4204723
296632	4204741
296633	4204751
296634	4204799
296635	4204807
296636	4204817
296637	4204819
296638	4204859
296639	4204903
296640	4204943
296641	4204961
296642	4204973
296643	4204997
296644	4204999
296645	4205009
296646	4205011
296647	4205017
296648	4205027
296649	4205039
296650	4205041
296651	4205053
296652	4205059
296653	4205063
296654	4205077
296655	4205081
296656	4205093
296657	4205129
296658	4205143
296659	4205147
296660	4205153
296661	4205177
296662	4205183
296663	4205189
296664	4205191
296665	4205219
296666	4205233
296667	4205269
296668	4205281
296669	4205303
296670	4205317
296671	4205321
296672	4205323
296673	4205347
296674	4205353
296675	4205363
296676	4205371
296677	4205381
296678	4205393
296679	4205437
296680	4205459
296681	4205473
296682	4205507
296683	4205533
296684	4205549
296685	4205569
296686	4205581
296687	4205587
296688	4205599
296689	4205611
296690	4205623
296691	4205651
296692	4205659
296693	4205671
296694	4205687
296695	4205689
296696	4205699
296697	4205713
296698	4205717
296699	4205731
296700	4205737
296701	4205743
296702	4205777
296703	4205779
296704	4205797
296705	4205809
296706	4205813
296707	4205819
296708	4205833
296709	4205837
296710	4205857
296711	4205869
296712	4205879
296713	4205891
296714	4205909
296715	4205911
296716	4205917
296717	4205923
296718	4205947
296719	4205951
296720	4205977
296721	4205989
296722	4206019
296723	4206023
296724	4206029
296725	4206053
296726	4206061
296727	4206091
296728	4206101
296729	4206107
296730	4206109
296731	4206119
296732	4206127
296733	4206151
296734	4206179
296735	4206203
296736	4206221
296737	4206227
296738	4206233
296739	4206281
296740	4206283
296741	4206299
296742	4206317
296743	4206329
296744	4206331
296745	4206337
296746	4206373
296747	4206379
296748	4206383
296749	4206409
296750	4206413
296751	4206427
296752	4206431
296753	4206439
296754	4206443
296755	4206469
296756	4206473
296757	4206481
296758	4206487
296759	4206511
296760	4206529
296761	4206533
296762	4206551
296763	4206569
296764	4206577
296765	4206583
296766	4206593
296767	4206611
296768	4206613
296769	4206659
296770	4206673
296771	4206691
296772	4206703
296773	4206721
296774	4206737
296775	4206739
296776	4206749
296777	4206757
296778	4206767
296779	4206773
296780	4206779
296781	4206781
296782	4206791
296783	4206817
296784	4206823
296785	4206857
296786	4206889
296787	4206893
296788	4206899
296789	4206901
296790	4206929
296791	4206931
296792	4206947
296793	4206967
296794	4206971
296795	4207003
296796	4207031
296797	4207039
296798	4207043
296799	4207061
296800	4207079
296801	4207097
296802	4207139
296803	4207141
296804	4207201
296805	4207213
296806	4207219
296807	4207237
296808	4207243
296809	4207253
296810	4207261
296811	4207267
296812	4207277
296813	4207283
296814	4207309
296815	4207319
296816	4207331
296817	4207337
296818	4207339
296819	4207373
296820	4207397
296821	4207433
296822	4207453
296823	4207471
296824	4207477
296825	4207481
296826	4207571
296827	4207583
296828	4207591
296829	4207613
296830	4207627
296831	4207631
296832	4207633
296833	4207657
296834	4207663
296835	4207691
296836	4207717
296837	4207729
296838	4207733
296839	4207771
296840	4207799
296841	4207807
296842	4207837
296843	4207843
296844	4207867
296845	4207877
296846	4207883
296847	4207901
296848	4207913
296849	4207933
296850	4207943
296851	4207961
296852	4207969
296853	4207981
296854	4207991
296855	4208053
296856	4208059
296857	4208077
296858	4208081
296859	4208107
296860	4208123
296861	4208131
296862	4208143
296863	4208159
296864	4208173
296865	4208179
296866	4208189
296867	4208209
296868	4208221
296869	4208227
296870	4208249
296871	4208257
296872	4208261
296873	4208273
296874	4208297
296875	4208311
296876	4208339
296877	4208341
296878	4208357
296879	4208371
296880	4208387
296881	4208419
296882	4208429
296883	4208437
296884	4208441
296885	4208447
296886	4208473
296887	4208483
296888	4208489
296889	4208507
296890	4208549
296891	4208579
296892	4208593
296893	4208621
296894	4208623
296895	4208627
296896	4208629
296897	4208641
296898	4208657
296899	4208689
296900	4208717
296901	4208731
296902	4208753
296903	4208759
296904	4208761
296905	4208779
296906	4208801
296907	4208821
296908	4208849
296909	4208863
296910	4208879
296911	4208887
296912	4208891
296913	4208903
296914	4208923
296915	4208933
296916	4208947
296917	4208959
296918	4208983
296919	4208999
296920	4209011
296921	4209017
296922	4209097
296923	4209103
296924	4209109
296925	4209113
296926	4209131
296927	4209151
296928	4209167
296929	4209169
296930	4209181
296931	4209187
296932	4209209
296933	4209221
296934	4209223
296935	4209229
296936	4209259
296937	4209269
296938	4209281
296939	4209311
296940	4209349
296941	4209371
296942	4209383
296943	4209389
296944	4209407
296945	4209451
296946	4209463
296947	4209481
296948	4209493
296949	4209497
296950	4209503
296951	4209533
296952	4209539
296953	4209559
296954	4209563
296955	4209587
296956	4209613
296957	4209617
296958	4209629
296959	4209643
296960	4209679
296961	4209683
296962	4209719
296963	4209739
296964	4209763
296965	4209767
296966	4209787
296967	4209797
296968	4209809
296969	4209817
296970	4209833
296971	4209853
296972	4209859
296973	4209869
296974	4209871
296975	4209883
296976	4209889
296977	4209899
296978	4209911
296979	4209913
296980	4209929
296981	4209937
296982	4209977
296983	4209979
296984	4209991
296985	4210013
296986	4210021
296987	4210043
296988	4210049
296989	4210061
296990	4210069
296991	4210093
296992	4210103
296993	4210109
296994	4210121
296995	4210139
296996	4210187
296997	4210207
296998	4210211
296999	4210247
297000	4210253
