299001	4241101
299002	4241119
299003	4241129
299004	4241173
299005	4241183
299006	4241189
299007	4241191
299008	4241201
299009	4241207
299010	4241239
299011	4241261
299012	4241291
299013	4241297
299014	4241317
299015	4241329
299016	4241339
299017	4241353
299018	4241357
299019	4241371
299020	4241399
299021	4241411
299022	4241429
299023	4241443
299024	4241459
299025	4241507
299026	4241509
299027	4241521
299028	4241539
299029	4241581
299030	4241593
299031	4241597
299032	4241599
299033	4241603
299034	4241621
299035	4241623
299036	4241639
299037	4241641
299038	4241647
299039	4241659
299040	4241663
299041	4241689
299042	4241711
299043	4241723
299044	4241759
299045	4241771
299046	4241773
299047	4241779
299048	4241813
299049	4241827
299050	4241833
299051	4241843
299052	4241851
299053	4241873
299054	4241893
299055	4241903
299056	4241929
299057	4241977
299058	4241987
299059	4241989
299060	4242019
299061	4242023
299062	4242031
299063	4242059
299064	4242109
299065	4242127
299066	4242131
299067	4242137
299068	4242167
299069	4242169
299070	4242191
299071	4242193
299072	4242209
299073	4242211
299074	4242223
299075	4242233
299076	4242241
299077	4242247
299078	4242253
299079	4242269
299080	4242283
299081	4242289
299082	4242307
299083	4242317
299084	4242349
299085	4242353
299086	4242391
299087	4242397
299088	4242409
299089	4242421
299090	4242437
299091	4242449
299092	4242451
299093	4242461
299094	4242473
299095	4242517
299096	4242523
299097	4242547
299098	4242551
299099	4242569
299100	4242593
299101	4242617
299102	4242619
299103	4242659
299104	4242661
299105	4242677
299106	4242709
299107	4242713
299108	4242751
299109	4242761
299110	4242781
299111	4242829
299112	4242839
299113	4242841
299114	4242851
299115	4242859
299116	4242869
299117	4242883
299118	4242893
299119	4242907
299120	4242913
299121	4242919
299122	4242923
299123	4242929
299124	4242941
299125	4242983
299126	4242989
299127	4242991
299128	4243003
299129	4243009
299130	4243039
299131	4243051
299132	4243067
299133	4243069
299134	4243087
299135	4243091
299136	4243093
299137	4243117
299138	4243121
299139	4243139
299140	4243147
299141	4243181
299142	4243189
299143	4243199
299144	4243219
299145	4243237
299146	4243243
299147	4243279
299148	4243297
299149	4243307
299150	4243321
299151	4243357
299152	4243361
299153	4243391
299154	4243397
299155	4243409
299156	4243411
299157	4243427
299158	4243429
299159	4243433
299160	4243439
299161	4243453
299162	4243469
299163	4243487
299164	4243511
299165	4243529
299166	4243543
299167	4243549
299168	4243571
299169	4243573
299170	4243597
299171	4243607
299172	4243619
299173	4243633
299174	4243639
299175	4243649
299176	4243667
299177	4243699
299178	4243711
299179	4243721
299180	4243747
299181	4243781
299182	4243793
299183	4243819
299184	4243823
299185	4243861
299186	4243879
299187	4243903
299188	4243927
299189	4243933
299190	4243949
299191	4243957
299192	4243961
299193	4243969
299194	4243979
299195	4243991
299196	4243997
299197	4244003
299198	4244017
299199	4244021
299200	4244027
299201	4244059
299202	4244069
299203	4244083
299204	4244099
299205	4244129
299206	4244137
299207	4244153
299208	4244161
299209	4244183
299210	4244221
299211	4244299
299212	4244311
299213	4244329
299214	4244333
299215	4244341
299216	4244347
299217	4244363
299218	4244377
299219	4244389
299220	4244417
299221	4244423
299222	4244431
299223	4244437
299224	4244447
299225	4244473
299226	4244477
299227	4244479
299228	4244491
299229	4244497
299230	4244503
299231	4244507
299232	4244521
299233	4244533
299234	4244549
299235	4244567
299236	4244579
299237	4244609
299238	4244621
299239	4244629
299240	4244633
299241	4244641
299242	4244663
299243	4244693
299244	4244707
299245	4244729
299246	4244743
299247	4244753
299248	4244767
299249	4244777
299250	4244791
299251	4244819
299252	4244827
299253	4244833
299254	4244837
299255	4244881
299256	4244893
299257	4244909
299258	4244927
299259	4244963
299260	4244969
299261	4244971
299262	4244983
299263	4244987
299264	4245013
299265	4245029
299266	4245077
299267	4245079
299268	4245091
299269	4245103
299270	4245119
299271	4245149
299272	4245167
299273	4245193
299274	4245203
299275	4245209
299276	4245217
299277	4245239
299278	4245259
299279	4245289
299280	4245301
299281	4245313
299282	4245331
299283	4245337
299284	4245361
299285	4245407
299286	4245413
299287	4245443
299288	4245469
299289	4245473
299290	4245487
299291	4245499
299292	4245511
299293	4245517
299294	4245541
299295	4245551
299296	4245599
299297	4245601
299298	4245611
299299	4245613
299300	4245617
299301	4245623
299302	4245643
299303	4245679
299304	4245743
299305	4245779
299306	4245793
299307	4245799
299308	4245811
299309	4245821
299310	4245827
299311	4245833
299312	4245847
299313	4245851
299314	4245881
299315	4245907
299316	4245929
299317	4245947
299318	4245973
299319	4246003
299320	4246019
299321	4246043
299322	4246049
299323	4246051
299324	4246057
299325	4246061
299326	4246087
299327	4246111
299328	4246127
299329	4246129
299330	4246147
299331	4246159
299332	4246181
299333	4246199
299334	4246213
299335	4246217
299336	4246241
299337	4246273
299338	4246301
299339	4246303
299340	4246327
299341	4246331
299342	4246357
299343	4246373
299344	4246387
299345	4246391
299346	4246397
299347	4246409
299348	4246433
299349	4246469
299350	4246507
299351	4246511
299352	4246523
299353	4246547
299354	4246553
299355	4246577
299356	4246603
299357	4246609
299358	4246679
299359	4246681
299360	4246691
299361	4246717
299362	4246727
299363	4246741
299364	4246751
299365	4246763
299366	4246769
299367	4246771
299368	4246799
299369	4246807
299370	4246817
299371	4246819
299372	4246831
299373	4246843
299374	4246877
299375	4246883
299376	4246919
299377	4246939
299378	4246987
299379	4246993
299380	4247011
299381	4247017
299382	4247039
299383	4247053
299384	4247057
299385	4247069
299386	4247071
299387	4247081
299388	4247101
299389	4247107
299390	4247129
299391	4247147
299392	4247167
299393	4247209
299394	4247227
299395	4247251
299396	4247273
299397	4247281
299398	4247333
299399	4247363
299400	4247371
299401	4247377
299402	4247381
299403	4247389
299404	4247407
299405	4247417
299406	4247429
299407	4247443
299408	4247447
299409	4247449
299410	4247459
299411	4247461
299412	4247471
299413	4247513
299414	4247539
299415	4247549
299416	4247561
299417	4247567
299418	4247597
299419	4247609
299420	4247611
299421	4247623
299422	4247629
299423	4247687
299424	4247689
299425	4247693
299426	4247707
299427	4247729
299428	4247741
299429	4247743
299430	4247753
299431	4247759
299432	4247767
299433	4247777
299434	4247809
299435	4247819
299436	4247821
299437	4247827
299438	4247863
299439	4247917
299440	4247923
299441	4247981
299442	4247983
299443	4248017
299444	4248019
299445	4248037
299446	4248043
299447	4248061
299448	4248071
299449	4248073
299450	4248091
299451	4248103
299452	4248121
299453	4248131
299454	4248151
299455	4248157
299456	4248173
299457	4248187
299458	4248193
299459	4248227
299460	4248253
299461	4248259
299462	4248281
299463	4248287
299464	4248319
299465	4248323
299466	4248331
299467	4248337
299468	4248347
299469	4248371
299470	4248389
299471	4248397
299472	4248401
299473	4248421
299474	4248449
299475	4248463
299476	4248479
299477	4248481
299478	4248539
299479	4248551
299480	4248553
299481	4248557
299482	4248611
299483	4248617
299484	4248631
299485	4248661
299486	4248667
299487	4248683
299488	4248689
299489	4248709
299490	4248719
299491	4248731
299492	4248733
299493	4248737
299494	4248743
299495	4248749
299496	4248757
299497	4248779
299498	4248791
299499	4248809
299500	4248817
299501	4248823
299502	4248869
299503	4248883
299504	4248901
299505	4248911
299506	4248917
299507	4248919
299508	4248931
299509	4248947
299510	4248967
299511	4248971
299512	4248977
299513	4248983
299514	4248991
299515	4249067
299516	4249087
299517	4249097
299518	4249123
299519	4249151
299520	4249159
299521	4249163
299522	4249211
299523	4249237
299524	4249241
299525	4249249
299526	4249253
299527	4249261
299528	4249277
299529	4249307
299530	4249309
299531	4249313
299532	4249327
299533	4249361
299534	4249391
299535	4249409
299536	4249417
299537	4249423
299538	4249429
299539	4249433
299540	4249447
299541	4249451
299542	4249459
299543	4249463
299544	4249477
299545	4249481
299546	4249501
299547	4249513
299548	4249523
299549	4249537
299550	4249543
299551	4249571
299552	4249577
299553	4249579
299554	4249613
299555	4249621
299556	4249627
299557	4249633
299558	4249669
299559	4249703
299560	4249717
299561	4249723
299562	4249741
299563	4249753
299564	4249757
299565	4249769
299566	4249789
299567	4249793
299568	4249799
299569	4249807
299570	4249823
299571	4249831
299572	4249853
299573	4249867
299574	4249873
299575	4249897
299576	4249913
299577	4249943
299578	4249951
299579	4249957
299580	4249961
299581	4249967
299582	4249969
299583	4249981
299584	4250021
299585	4250023
299586	4250027
299587	4250039
299588	4250041
299589	4250047
299590	4250063
299591	4250083
299592	4250107
299593	4250111
299594	4250149
299595	4250159
299596	4250161
299597	4250171
299598	4250177
299599	4250179
299600	4250189
299601	4250209
299602	4250219
299603	4250231
299604	4250251
299605	4250261
299606	4250287
299607	4250291
299608	4250293
299609	4250299
299610	4250303
299611	4250321
299612	4250329
299613	4250333
299614	4250353
299615	4250359
299616	4250369
299617	4250387
299618	4250431
299619	4250447
299620	4250453
299621	4250479
299622	4250483
299623	4250489
299624	4250531
299625	4250567
299626	4250569
299627	4250573
299628	4250591
299629	4250599
299630	4250611
299631	4250621
299632	4250639
299633	4250657
299634	4250711
299635	4250723
299636	4250747
299637	4250749
299638	4250767
299639	4250777
299640	4250809
299641	4250843
299642	4250861
299643	4250879
299644	4250887
299645	4250899
299646	4250903
299647	4250923
299648	4250933
299649	4250941
299650	4250951
299651	4250957
299652	4250959
299653	4250963
299654	4250977
299655	4250993
299656	4251019
299657	4251031
299658	4251043
299659	4251053
299660	4251073
299661	4251131
299662	4251157
299663	4251161
299664	4251199
299665	4251223
299666	4251239
299667	4251253
299668	4251259
299669	4251277
299670	4251283
299671	4251293
299672	4251311
299673	4251323
299674	4251329
299675	4251347
299676	4251349
299677	4251353
299678	4251361
299679	4251397
299680	4251407
299681	4251419
299682	4251449
299683	4251451
299684	4251461
299685	4251463
299686	4251491
299687	4251493
299688	4251523
299689	4251553
299690	4251563
299691	4251589
299692	4251601
299693	4251617
299694	4251623
299695	4251629
299696	4251631
299697	4251647
299698	4251691
299699	4251697
299700	4251703
299701	4251721
299702	4251727
299703	4251733
299704	4251749
299705	4251769
299706	4251773
299707	4251799
299708	4251809
299709	4251817
299710	4251829
299711	4251847
299712	4251857
299713	4251869
299714	4251889
299715	4251917
299716	4251931
299717	4251967
299718	4251971
299719	4252019
299720	4252037
299721	4252051
299722	4252063
299723	4252081
299724	4252093
299725	4252097
299726	4252103
299727	4252109
299728	4252111
299729	4252117
299730	4252121
299731	4252123
299732	4252147
299733	4252163
299734	4252169
299735	4252187
299736	4252207
299737	4252211
299738	4252229
299739	4252253
299740	4252271
299741	4252277
299742	4252279
299743	4252319
299744	4252327
299745	4252337
299746	4252351
299747	4252393
299748	4252421
299749	4252433
299750	4252439
299751	4252459
299752	4252463
299753	4252471
299754	4252477
299755	4252481
299756	4252489
299757	4252511
299758	4252519
299759	4252541
299760	4252553
299761	4252559
299762	4252583
299763	4252679
299764	4252681
299765	4252709
299766	4252711
299767	4252727
299768	4252739
299769	4252747
299770	4252753
299771	4252757
299772	4252777
299773	4252793
299774	4252799
299775	4252813
299776	4252819
299777	4252823
299778	4252841
299779	4252847
299780	4252867
299781	4252877
299782	4252883
299783	4252901
299784	4252933
299785	4252939
299786	4252951
299787	4252961
299788	4252987
299789	4252991
299790	4252993
299791	4253023
299792	4253027
299793	4253047
299794	4253057
299795	4253083
299796	4253089
299797	4253099
299798	4253101
299799	4253129
299800	4253147
299801	4253153
299802	4253167
299803	4253201
299804	4253203
299805	4253209
299806	4253233
299807	4253237
299808	4253257
299809	4253267
299810	4253273
299811	4253309
299812	4253311
299813	4253317
299814	4253329
299815	4253341
299816	4253351
299817	4253371
299818	4253387
299819	4253393
299820	4253419
299821	4253423
299822	4253429
299823	4253437
299824	4253443
299825	4253449
299826	4253461
299827	4253467
299828	4253477
299829	4253489
299830	4253531
299831	4253537
299832	4253563
299833	4253567
299834	4253573
299835	4253593
299836	4253609
299837	4253617
299838	4253651
299839	4253653
299840	4253671
299841	4253693
299842	4253699
299843	4253707
299844	4253719
299845	4253731
299846	4253737
299847	4253747
299848	4253759
299849	4253803
299850	4253813
299851	4253831
299852	4253839
299853	4253849
299854	4253863
299855	4253867
299856	4253869
299857	4253917
299858	4253941
299859	4253969
299860	4254007
299861	4254013
299862	4254049
299863	4254053
299864	4254083
299865	4254091
299866	4254101
299867	4254109
299868	4254113
299869	4254127
299870	4254139
299871	4254163
299872	4254179
299873	4254181
299874	4254191
299875	4254193
299876	4254197
299877	4254203
299878	4254227
299879	4254247
299880	4254251
299881	4254253
299882	4254259
299883	4254269
299884	4254277
299885	4254311
299886	4254319
299887	4254353
299888	4254361
299889	4254389
299890	4254449
299891	4254451
299892	4254473
299893	4254491
299894	4254527
299895	4254541
299896	4254553
299897	4254557
299898	4254559
299899	4254571
299900	4254583
299901	4254587
299902	4254599
299903	4254623
299904	4254629
299905	4254637
299906	4254643
299907	4254647
299908	4254671
299909	4254683
299910	4254707
299911	4254739
299912	4254763
299913	4254779
299914	4254797
299915	4254799
299916	4254821
299917	4254853
299918	4254869
299919	4254883
299920	4254911
299921	4254949
299922	4254961
299923	4254983
299924	4255039
299925	4255057
299926	4255061
299927	4255067
299928	4255073
299929	4255079
299930	4255081
299931	4255087
299932	4255093
299933	4255109
299934	4255133
299935	4255157
299936	4255169
299937	4255187
299938	4255193
299939	4255213
299940	4255249
299941	4255301
299942	4255313
299943	4255351
299944	4255369
299945	4255387
299946	4255399
299947	4255403
299948	4255429
299949	4255439
299950	4255451
299951	4255477
299952	4255501
299953	4255519
299954	4255523
299955	4255541
299956	4255549
299957	4255553
299958	4255561
299959	4255577
299960	4255579
299961	4255583
299962	4255591
299963	4255597
299964	4255609
299965	4255619
299966	4255637
299967	4255673
299968	4255679
299969	4255697
299970	4255739
299971	4255747
299972	4255751
299973	4255781
299974	4255789
299975	4255807
299976	4255817
299977	4255859
299978	4255877
299979	4255879
299980	4255913
299981	4255921
299982	4255931
299983	4255939
299984	4255949
299985	4255963
299986	4255987
299987	4255997
299988	4256003
299989	4256009
299990	4256029
299991	4256051
299992	4256089
299993	4256101
299994	4256117
299995	4256141
299996	4256159
299997	4256167
299998	4256191
299999	4256227
300000	4256233
