400001	5800139
400002	5800159
400003	5800189
400004	5800237
400005	5800241
400006	5800243
400007	5800279
400008	5800283
400009	5800297
400010	5800303
400011	5800321
400012	5800343
400013	5800357
400014	5800367
400015	5800369
400016	5800381
400017	5800387
400018	5800433
400019	5800477
400020	5800481
400021	5800489
400022	5800537
400023	5800547
400024	5800559
400025	5800573
400026	5800579
400027	5800591
400028	5800603
400029	5800637
400030	5800661
400031	5800687
400032	5800699
400033	5800709
400034	5800727
400035	5800759
400036	5800777
400037	5800801
400038	5800831
400039	5800843
400040	5800867
400041	5800889
400042	5800919
400043	5800943
400044	5800969
400045	5800973
400046	5800981
400047	5800987
400048	5800997
400049	5801011
400050	5801027
400051	5801041
400052	5801051
400053	5801053
400054	5801071
400055	5801093
400056	5801113
400057	5801141
400058	5801149
400059	5801171
400060	5801183
400061	5801203
400062	5801227
400063	5801239
400064	5801273
400065	5801281
400066	5801291
400067	5801303
400068	5801311
400069	5801317
400070	5801347
400071	5801357
400072	5801381
400073	5801399
400074	5801401
400075	5801407
400076	5801423
400077	5801429
400078	5801449
400079	5801461
400080	5801483
400081	5801501
400082	5801503
400083	5801507
400084	5801513
400085	5801519
400086	5801531
400087	5801561
400088	5801567
400089	5801591
400090	5801599
400091	5801629
400092	5801657
400093	5801671
400094	5801683
400095	5801687
400096	5801699
400097	5801701
400098	5801713
400099	5801717
400100	5801723
400101	5801729
400102	5801737
400103	5801749
400104	5801753
400105	5801797
400106	5801843
400107	5801849
400108	5801863
400109	5801881
400110	5801891
400111	5801899
400112	5801909
400113	5801921
400114	5801923
400115	5801941
400116	5801953
400117	5801959
400118	5801969
400119	5801977
400120	5801987
400121	5801989
400122	5802023
400123	5802037
400124	5802047
400125	5802073
400126	5802077
400127	5802089
400128	5802101
400129	5802107
400130	5802131
400131	5802143
400132	5802149
400133	5802157
400134	5802161
400135	5802169
400136	5802221
400137	5802227
400138	5802271
400139	5802283
400140	5802323
400141	5802331
400142	5802337
400143	5802341
400144	5802359
400145	5802373
400146	5802409
400147	5802413
400148	5802421
400149	5802431
400150	5802449
400151	5802469
400152	5802481
400153	5802499
400154	5802521
400155	5802527
400156	5802539
400157	5802547
400158	5802583
400159	5802623
400160	5802653
400161	5802659
400162	5802701
400163	5802703
400164	5802743
400165	5802751
400166	5802773
400167	5802781
400168	5802791
400169	5802793
400170	5802799
400171	5802829
400172	5802851
400173	5802887
400174	5802913
400175	5802947
400176	5802997
400177	5803003
400178	5803013
400179	5803019
400180	5803027
400181	5803033
400182	5803079
400183	5803087
400184	5803093
400185	5803121
400186	5803163
400187	5803177
400188	5803201
400189	5803207
400190	5803229
400191	5803241
400192	5803247
400193	5803249
400194	5803253
400195	5803267
400196	5803283
400197	5803297
400198	5803309
400199	5803313
400200	5803321
400201	5803349
400202	5803351
400203	5803361
400204	5803373
400205	5803381
400206	5803387
400207	5803411
400208	5803433
400209	5803439
400210	5803453
400211	5803459
400212	5803471
400213	5803489
400214	5803517
400215	5803543
400216	5803549
400217	5803559
400218	5803597
400219	5803619
400220	5803639
400221	5803657
400222	5803661
400223	5803687
400224	5803697
400225	5803729
400226	5803739
400227	5803747
400228	5803757
400229	5803769
400230	5803781
400231	5803807
400232	5803823
400233	5803841
400234	5803849
400235	5803859
400236	5803867
400237	5803877
400238	5803879
400239	5803883
400240	5803891
400241	5803901
400242	5803907
400243	5803927
400244	5803933
400245	5803937
400246	5803939
400247	5803943
400248	5803951
400249	5803961
400250	5803969
400251	5803979
400252	5803991
400253	5803999
400254	5804017
400255	5804023
400256	5804033
400257	5804041
400258	5804053
400259	5804059
400260	5804069
400261	5804081
400262	5804087
400263	5804093
400264	5804129
400265	5804137
400266	5804159
400267	5804173
400268	5804203
400269	5804207
400270	5804221
400271	5804261
400272	5804297
400273	5804311
400274	5804317
400275	5804339
400276	5804341
400277	5804353
400278	5804371
400279	5804377
400280	5804413
400281	5804423
400282	5804431
400283	5804473
400284	5804483
400285	5804509
400286	5804521
400287	5804543
400288	5804563
400289	5804573
400290	5804581
400291	5804609
400292	5804621
400293	5804639
400294	5804651
400295	5804653
400296	5804663
400297	5804677
400298	5804693
400299	5804707
400300	5804737
400301	5804749
400302	5804759
400303	5804767
400304	5804783
400305	5804797
400306	5804807
400307	5804831
400308	5804849
400309	5804873
400310	5804879
400311	5804881
400312	5804927
400313	5804941
400314	5804971
400315	5804983
400316	5804987
400317	5804989
400318	5805011
400319	5805053
400320	5805061
400321	5805073
400322	5805077
400323	5805097
400324	5805113
400325	5805119
400326	5805161
400327	5805167
400328	5805193
400329	5805227
400330	5805229
400331	5805251
400332	5805253
400333	5805257
400334	5805259
400335	5805287
400336	5805341
400337	5805343
400338	5805367
400339	5805377
400340	5805383
400341	5805391
400342	5805403
400343	5805413
400344	5805419
400345	5805439
400346	5805467
400347	5805479
400348	5805491
400349	5805493
400350	5805509
400351	5805511
400352	5805521
400353	5805523
400354	5805529
400355	5805577
400356	5805589
400357	5805593
400358	5805607
400359	5805623
400360	5805629
400361	5805671
400362	5805689
400363	5805691
400364	5805719
400365	5805733
400366	5805743
400367	5805749
400368	5805809
400369	5805841
400370	5805847
400371	5805851
400372	5805853
400373	5805859
400374	5805869
400375	5805871
400376	5805889
400377	5805893
400378	5805907
400379	5805911
400380	5805941
400381	5805953
400382	5805967
400383	5805973
400384	5805977
400385	5805997
400386	5806033
400387	5806043
400388	5806049
400389	5806067
400390	5806069
400391	5806081
400392	5806109
400393	5806111
400394	5806117
400395	5806121
400396	5806123
400397	5806139
400398	5806147
400399	5806159
400400	5806217
400401	5806237
400402	5806243
400403	5806253
400404	5806259
400405	5806289
400406	5806301
400407	5806319
400408	5806337
400409	5806349
400410	5806357
400411	5806369
400412	5806387
400413	5806391
400414	5806397
400415	5806429
400416	5806441
400417	5806453
400418	5806477
400419	5806481
400420	5806487
400421	5806513
400422	5806523
400423	5806531
400424	5806547
400425	5806561
400426	5806613
400427	5806637
400428	5806643
400429	5806657
400430	5806687
400431	5806727
400432	5806729
400433	5806739
400434	5806747
400435	5806769
400436	5806771
400437	5806781
400438	5806807
400439	5806813
400440	5806841
400441	5806861
400442	5806883
400443	5806901
400444	5806907
400445	5806909
400446	5806937
400447	5806961
400448	5806981
400449	5806987
400450	5806993
400451	5807029
400452	5807069
400453	5807071
400454	5807101
400455	5807111
400456	5807119
400457	5807147
400458	5807159
400459	5807167
400460	5807171
400461	5807173
400462	5807209
400463	5807213
400464	5807227
400465	5807233
400466	5807239
400467	5807257
400468	5807267
400469	5807299
400470	5807327
400471	5807357
400472	5807401
400473	5807413
400474	5807423
400475	5807467
400476	5807479
400477	5807497
400478	5807507
400479	5807513
400480	5807533
400481	5807539
400482	5807561
400483	5807579
400484	5807603
400485	5807617
400486	5807621
400487	5807647
400488	5807651
400489	5807653
400490	5807657
400491	5807663
400492	5807671
400493	5807677
400494	5807701
400495	5807717
400496	5807719
400497	5807723
400498	5807731
400499	5807741
400500	5807771
400501	5807777
400502	5807797
400503	5807827
400504	5807831
400505	5807849
400506	5807869
400507	5807887
400508	5807903
400509	5807929
400510	5807941
400511	5807947
400512	5807957
400513	5807959
400514	5807969
400515	5807981
400516	5808007
400517	5808017
400518	5808037
400519	5808041
400520	5808059
400521	5808073
400522	5808083
400523	5808097
400524	5808107
400525	5808113
400526	5808157
400527	5808161
400528	5808193
400529	5808211
400530	5808221
400531	5808227
400532	5808239
400533	5808241
400534	5808247
400535	5808269
400536	5808277
400537	5808287
400538	5808293
400539	5808301
400540	5808329
400541	5808331
400542	5808337
400543	5808349
400544	5808367
400545	5808379
400546	5808403
400547	5808419
400548	5808421
400549	5808487
400550	5808493
400551	5808499
400552	5808521
400553	5808527
400554	5808541
400555	5808553
400556	5808557
400557	5808571
400558	5808601
400559	5808617
400560	5808631
400561	5808643
400562	5808653
400563	5808689
400564	5808697
400565	5808701
400566	5808707
400567	5808731
400568	5808739
400569	5808743
400570	5808767
400571	5808773
400572	5808779
400573	5808797
400574	5808799
400575	5808809
400576	5808841
400577	5808863
400578	5808899
400579	5808919
400580	5808931
400581	5808947
400582	5808973
400583	5808977
400584	5808983
400585	5808989
400586	5809031
400587	5809033
400588	5809051
400589	5809093
400590	5809103
400591	5809109
400592	5809123
400593	5809129
400594	5809151
400595	5809159
400596	5809201
400597	5809207
400598	5809229
400599	5809241
400600	5809283
400601	5809289
400602	5809313
400603	5809327
400604	5809357
400605	5809387
400606	5809399
400607	5809403
400608	5809411
400609	5809439
400610	5809451
400611	5809469
400612	5809477
400613	5809499
400614	5809511
400615	5809549
400616	5809567
400617	5809571
400618	5809589
400619	5809607
400620	5809613
400621	5809619
400622	5809627
400623	5809633
400624	5809651
400625	5809663
400626	5809667
400627	5809681
400628	5809693
400629	5809711
400630	5809721
400631	5809723
400632	5809729
400633	5809747
400634	5809753
400635	5809757
400636	5809829
400637	5809847
400638	5809849
400639	5809861
400640	5809871
400641	5809873
400642	5809883
400643	5809891
400644	5809931
400645	5809939
400646	5809943
400647	5809949
400648	5810011
400649	5810023
400650	5810071
400651	5810081
400652	5810087
400653	5810111
400654	5810137
400655	5810149
400656	5810159
400657	5810171
400658	5810177
400659	5810183
400660	5810197
400661	5810201
400662	5810251
400663	5810263
400664	5810267
400665	5810279
400666	5810291
400667	5810297
400668	5810303
400669	5810309
400670	5810317
400671	5810323
400672	5810327
400673	5810341
400674	5810351
400675	5810359
400676	5810381
400677	5810383
400678	5810401
400679	5810407
400680	5810419
400681	5810437
400682	5810471
400683	5810477
400684	5810489
400685	5810507
400686	5810521
400687	5810531
400688	5810533
400689	5810537
400690	5810557
400691	5810587
400692	5810593
400693	5810603
400694	5810611
400695	5810621
400696	5810639
400697	5810647
400698	5810653
400699	5810659
400700	5810683
400701	5810689
400702	5810699
400703	5810731
400704	5810741
400705	5810771
400706	5810773
400707	5810801
400708	5810803
400709	5810863
400710	5810869
400711	5810953
400712	5810983
400713	5810989
400714	5810993
400715	5811007
400716	5811011
400717	5811061
400718	5811073
400719	5811083
400720	5811089
400721	5811101
400722	5811119
400723	5811121
400724	5811163
400725	5811187
400726	5811191
400727	5811227
400728	5811241
400729	5811301
400730	5811307
400731	5811313
400732	5811343
400733	5811347
400734	5811349
400735	5811373
400736	5811383
400737	5811389
400738	5811391
400739	5811401
400740	5811413
400741	5811419
400742	5811431
400743	5811437
400744	5811461
400745	5811469
400746	5811497
400747	5811517
400748	5811521
400749	5811527
400750	5811529
400751	5811599
400752	5811607
400753	5811643
400754	5811649
400755	5811661
400756	5811667
400757	5811727
400758	5811731
400759	5811733
400760	5811761
400761	5811769
400762	5811779
400763	5811797
400764	5811811
400765	5811823
400766	5811829
400767	5811833
400768	5811863
400769	5811889
400770	5811899
400771	5811907
400772	5811917
400773	5811931
400774	5811937
400775	5811959
400776	5811961
400777	5811979
400778	5812013
400779	5812057
400780	5812063
400781	5812073
400782	5812087
400783	5812111
400784	5812117
400785	5812127
400786	5812129
400787	5812199
400788	5812217
400789	5812223
400790	5812231
400791	5812237
400792	5812243
400793	5812253
400794	5812259
400795	5812277
400796	5812319
400797	5812327
400798	5812343
400799	5812361
400800	5812363
400801	5812369
400802	5812379
400803	5812397
400804	5812403
400805	5812421
400806	5812427
400807	5812463
400808	5812483
400809	5812493
400810	5812517
400811	5812523
400812	5812549
400813	5812559
400814	5812571
400815	5812577
400816	5812579
400817	5812619
400818	5812633
400819	5812649
400820	5812661
400821	5812687
400822	5812711
400823	5812733
400824	5812801
400825	5812823
400826	5812837
400827	5812843
400828	5812867
400829	5812883
400830	5812889
400831	5812907
400832	5812927
400833	5812931
400834	5812943
400835	5812957
400836	5812979
400837	5812981
400838	5812991
400839	5812999
400840	5813009
400841	5813023
400842	5813051
400843	5813053
400844	5813077
400845	5813123
400846	5813131
400847	5813141
400848	5813147
400849	5813149
400850	5813153
400851	5813173
400852	5813191
400853	5813233
400854	5813251
400855	5813263
400856	5813281
400857	5813309
400858	5813323
400859	5813333
400860	5813341
400861	5813347
400862	5813407
400863	5813419
400864	5813429
400865	5813441
400866	5813443
400867	5813527
400868	5813537
400869	5813567
400870	5813573
400871	5813579
400872	5813593
400873	5813603
400874	5813611
400875	5813617
400876	5813627
400877	5813663
400878	5813723
400879	5813749
400880	5813761
400881	5813767
400882	5813783
400883	5813789
400884	5813803
400885	5813807
400886	5813827
400887	5813861
400888	5813879
400889	5813887
400890	5813893
400891	5813903
400892	5813989
400893	5813993
400894	5814001
400895	5814043
400896	5814071
400897	5814077
400898	5814079
400899	5814089
400900	5814091
400901	5814113
400902	5814121
400903	5814131
400904	5814139
400905	5814161
400906	5814167
400907	5814199
400908	5814203
400909	5814223
400910	5814227
400911	5814257
400912	5814287
400913	5814301
400914	5814311
400915	5814313
400916	5814317
400917	5814343
400918	5814349
400919	5814353
400920	5814371
400921	5814397
400922	5814401
400923	5814407
400924	5814421
400925	5814433
400926	5814449
400927	5814467
400928	5814481
400929	5814491
400930	5814499
400931	5814521
400932	5814533
400933	5814541
400934	5814547
400935	5814559
400936	5814563
400937	5814569
400938	5814583
400939	5814619
400940	5814623
400941	5814643
400942	5814647
400943	5814673
400944	5814707
400945	5814713
400946	5814727
400947	5814737
400948	5814749
400949	5814751
400950	5814769
400951	5814797
400952	5814803
400953	5814811
400954	5814821
400955	5814827
400956	5814839
400957	5814841
400958	5814857
400959	5814869
400960	5814871
400961	5814899
400962	5814911
400963	5814923
400964	5814937
400965	5814967
400966	5814983
400967	5815009
400968	5815013
400969	5815027
400970	5815039
400971	5815057
400972	5815079
400973	5815081
400974	5815087
400975	5815097
400976	5815127
400977	5815133
400978	5815141
400979	5815151
400980	5815163
400981	5815177
400982	5815181
400983	5815189
400984	5815211
400985	5815219
400986	5815223
400987	5815231
400988	5815291
400989	5815307
400990	5815331
400991	5815333
400992	5815361
400993	5815379
400994	5815417
400995	5815421
400996	5815423
400997	5815487
400998	5815489
400999	5815517
401000	5815519
