401001	5815529
401002	5815541
401003	5815543
401004	5815559
401005	5815591
401006	5815603
401007	5815627
401008	5815651
401009	5815661
401010	5815687
401011	5815699
401012	5815721
401013	5815723
401014	5815739
401015	5815753
401016	5815769
401017	5815781
401018	5815783
401019	5815811
401020	5815813
401021	5815847
401022	5815861
401023	5815867
401024	5815903
401025	5815907
401026	5815937
401027	5815951
401028	5815961
401029	5815963
401030	5815969
401031	5815981
401032	5816009
401033	5816021
401034	5816029
401035	5816047
401036	5816077
401037	5816089
401038	5816093
401039	5816113
401040	5816117
401041	5816123
401042	5816143
401043	5816183
401044	5816191
401045	5816201
401046	5816207
401047	5816221
401048	5816233
401049	5816243
401050	5816257
401051	5816267
401052	5816303
401053	5816333
401054	5816339
401055	5816341
401056	5816347
401057	5816387
401058	5816399
401059	5816407
401060	5816453
401061	5816467
401062	5816477
401063	5816483
401064	5816491
401065	5816507
401066	5816521
401067	5816549
401068	5816563
401069	5816581
401070	5816597
401071	5816599
401072	5816611
401073	5816639
401074	5816647
401075	5816651
401076	5816683
401077	5816687
401078	5816689
401079	5816731
401080	5816749
401081	5816753
401082	5816801
401083	5816813
401084	5816821
401085	5816851
401086	5816879
401087	5816891
401088	5816897
401089	5816917
401090	5816927
401091	5816971
401092	5816989
401093	5817001
401094	5817037
401095	5817041
401096	5817047
401097	5817061
401098	5817073
401099	5817107
401100	5817113
401101	5817167
401102	5817191
401103	5817199
401104	5817209
401105	5817233
401106	5817239
401107	5817263
401108	5817283
401109	5817293
401110	5817299
401111	5817319
401112	5817347
401113	5817377
401114	5817379
401115	5817389
401116	5817397
401117	5817403
401118	5817437
401119	5817467
401120	5817503
401121	5817517
401122	5817533
401123	5817541
401124	5817563
401125	5817569
401126	5817571
401127	5817583
401128	5817593
401129	5817601
401130	5817641
401131	5817649
401132	5817653
401133	5817671
401134	5817673
401135	5817683
401136	5817703
401137	5817733
401138	5817751
401139	5817767
401140	5817803
401141	5817829
401142	5817853
401143	5817869
401144	5817887
401145	5817899
401146	5817907
401147	5817913
401148	5817937
401149	5817947
401150	5817967
401151	5818013
401152	5818061
401153	5818073
401154	5818081
401155	5818117
401156	5818121
401157	5818129
401158	5818133
401159	5818151
401160	5818159
401161	5818193
401162	5818229
401163	5818231
401164	5818247
401165	5818249
401166	5818259
401167	5818277
401168	5818279
401169	5818283
401170	5818289
401171	5818321
401172	5818331
401173	5818343
401174	5818381
401175	5818391
401176	5818399
401177	5818409
401178	5818411
401179	5818457
401180	5818469
401181	5818487
401182	5818493
401183	5818511
401184	5818513
401185	5818523
401186	5818543
401187	5818559
401188	5818601
401189	5818613
401190	5818619
401191	5818621
401192	5818633
401193	5818643
401194	5818651
401195	5818697
401196	5818721
401197	5818723
401198	5818727
401199	5818733
401200	5818819
401201	5818823
401202	5818847
401203	5818853
401204	5818859
401205	5818871
401206	5818873
401207	5818907
401208	5818949
401209	5818951
401210	5818963
401211	5818987
401212	5818991
401213	5818999
401214	5819003
401215	5819039
401216	5819057
401217	5819063
401218	5819071
401219	5819081
401220	5819113
401221	5819123
401222	5819129
401223	5819131
401224	5819141
401225	5819153
401226	5819159
401227	5819167
401228	5819179
401229	5819189
401230	5819221
401231	5819237
401232	5819239
401233	5819243
401234	5819269
401235	5819279
401236	5819291
401237	5819293
401238	5819327
401239	5819353
401240	5819369
401241	5819381
401242	5819393
401243	5819441
401244	5819467
401245	5819477
401246	5819479
401247	5819501
401248	5819503
401249	5819507
401250	5819531
401251	5819543
401252	5819549
401253	5819551
401254	5819557
401255	5819563
401256	5819647
401257	5819651
401258	5819659
401259	5819669
401260	5819677
401261	5819683
401262	5819689
401263	5819699
401264	5819717
401265	5819741
401266	5819773
401267	5819777
401268	5819789
401269	5819813
401270	5819857
401271	5819867
401272	5819873
401273	5819881
401274	5819929
401275	5819939
401276	5819959
401277	5819969
401278	5819987
401279	5819999
401280	5820011
401281	5820037
401282	5820041
401283	5820049
401284	5820079
401285	5820119
401286	5820121
401287	5820131
401288	5820149
401289	5820187
401290	5820197
401291	5820229
401292	5820233
401293	5820247
401294	5820277
401295	5820299
401296	5820313
401297	5820323
401298	5820337
401299	5820349
401300	5820361
401301	5820371
401302	5820377
401303	5820383
401304	5820389
401305	5820421
401306	5820431
401307	5820469
401308	5820473
401309	5820481
401310	5820487
401311	5820497
401312	5820499
401313	5820533
401314	5820539
401315	5820553
401316	5820569
401317	5820571
401318	5820583
401319	5820589
401320	5820599
401321	5820611
401322	5820623
401323	5820629
401324	5820637
401325	5820667
401326	5820671
401327	5820673
401328	5820697
401329	5820713
401330	5820739
401331	5820751
401332	5820757
401333	5820761
401334	5820769
401335	5820797
401336	5820823
401337	5820827
401338	5820833
401339	5820847
401340	5820853
401341	5820869
401342	5820883
401343	5820887
401344	5820917
401345	5820923
401346	5820929
401347	5820943
401348	5820959
401349	5820977
401350	5821003
401351	5821007
401352	5821009
401353	5821019
401354	5821033
401355	5821037
401356	5821051
401357	5821063
401358	5821069
401359	5821097
401360	5821129
401361	5821159
401362	5821171
401363	5821177
401364	5821183
401365	5821213
401366	5821229
401367	5821237
401368	5821243
401369	5821271
401370	5821289
401371	5821301
401372	5821313
401373	5821331
401374	5821339
401375	5821349
401376	5821357
401377	5821367
401378	5821393
401379	5821423
401380	5821441
401381	5821447
401382	5821451
401383	5821499
401384	5821511
401385	5821559
401386	5821567
401387	5821577
401388	5821591
401389	5821597
401390	5821603
401391	5821637
401392	5821639
401393	5821643
401394	5821687
401395	5821693
401396	5821729
401397	5821759
401398	5821789
401399	5821793
401400	5821817
401401	5821841
401402	5821853
401403	5821859
401404	5821889
401405	5821897
401406	5821909
401407	5821919
401408	5821931
401409	5821951
401410	5821957
401411	5821979
401412	5822021
401413	5822027
401414	5822077
401415	5822081
401416	5822083
401417	5822093
401418	5822101
401419	5822111
401420	5822129
401421	5822137
401422	5822147
401423	5822149
401424	5822153
401425	5822207
401426	5822239
401427	5822249
401428	5822251
401429	5822269
401430	5822273
401431	5822317
401432	5822351
401433	5822371
401434	5822387
401435	5822419
401436	5822423
401437	5822441
401438	5822459
401439	5822461
401440	5822471
401441	5822477
401442	5822489
401443	5822491
401444	5822521
401445	5822539
401446	5822561
401447	5822567
401448	5822573
401449	5822599
401450	5822603
401451	5822623
401452	5822627
401453	5822669
401454	5822681
401455	5822701
401456	5822717
401457	5822723
401458	5822731
401459	5822741
401460	5822743
401461	5822767
401462	5822807
401463	5822821
401464	5822827
401465	5822867
401466	5822897
401467	5822917
401468	5822963
401469	5822969
401470	5822981
401471	5822983
401472	5822989
401473	5823001
401474	5823019
401475	5823029
401476	5823053
401477	5823067
401478	5823073
401479	5823091
401480	5823119
401481	5823131
401482	5823143
401483	5823149
401484	5823179
401485	5823187
401486	5823193
401487	5823211
401488	5823221
401489	5823227
401490	5823239
401491	5823247
401492	5823263
401493	5823277
401494	5823281
401495	5823289
401496	5823317
401497	5823341
401498	5823373
401499	5823379
401500	5823409
401501	5823413
401502	5823421
401503	5823437
401504	5823449
401505	5823463
401506	5823473
401507	5823497
401508	5823509
401509	5823523
401510	5823527
401511	5823539
401512	5823547
401513	5823553
401514	5823563
401515	5823569
401516	5823611
401517	5823641
401518	5823659
401519	5823667
401520	5823739
401521	5823743
401522	5823749
401523	5823757
401524	5823767
401525	5823773
401526	5823793
401527	5823821
401528	5823859
401529	5823869
401530	5823871
401531	5823887
401532	5823889
401533	5823913
401534	5823931
401535	5823943
401536	5823947
401537	5823967
401538	5823971
401539	5823989
401540	5824003
401541	5824019
401542	5824031
401543	5824043
401544	5824069
401545	5824073
401546	5824079
401547	5824111
401548	5824141
401549	5824151
401550	5824199
401551	5824211
401552	5824271
401553	5824277
401554	5824297
401555	5824309
401556	5824321
401557	5824327
401558	5824333
401559	5824349
401560	5824363
401561	5824369
401562	5824409
401563	5824417
401564	5824453
401565	5824457
401566	5824471
401567	5824477
401568	5824493
401569	5824499
401570	5824513
401571	5824529
401572	5824571
401573	5824573
401574	5824631
401575	5824639
401576	5824649
401577	5824667
401578	5824673
401579	5824703
401580	5824717
401581	5824723
401582	5824739
401583	5824751
401584	5824781
401585	5824789
401586	5824813
401587	5824831
401588	5824837
401589	5824843
401590	5824867
401591	5824883
401592	5824919
401593	5824921
401594	5824939
401595	5824967
401596	5824979
401597	5825009
401598	5825041
401599	5825051
401600	5825059
401601	5825063
401602	5825107
401603	5825111
401604	5825161
401605	5825173
401606	5825207
401607	5825213
401608	5825221
401609	5825231
401610	5825251
401611	5825257
401612	5825291
401613	5825293
401614	5825297
401615	5825311
401616	5825333
401617	5825353
401618	5825359
401619	5825399
401620	5825431
401621	5825437
401622	5825447
401623	5825497
401624	5825503
401625	5825513
401626	5825527
401627	5825557
401628	5825563
401629	5825569
401630	5825581
401631	5825591
401632	5825593
401633	5825627
401634	5825641
401635	5825653
401636	5825669
401637	5825671
401638	5825681
401639	5825711
401640	5825741
401641	5825749
401642	5825753
401643	5825767
401644	5825773
401645	5825777
401646	5825797
401647	5825803
401648	5825819
401649	5825843
401650	5825879
401651	5825891
401652	5825899
401653	5825903
401654	5825947
401655	5825957
401656	5825959
401657	5825971
401658	5825993
401659	5825999
401660	5826001
401661	5826127
401662	5826133
401663	5826137
401664	5826157
401665	5826169
401666	5826173
401667	5826193
401668	5826251
401669	5826259
401670	5826263
401671	5826277
401672	5826281
401673	5826299
401674	5826311
401675	5826313
401676	5826319
401677	5826341
401678	5826389
401679	5826391
401680	5826397
401681	5826413
401682	5826421
401683	5826433
401684	5826437
401685	5826451
401686	5826493
401687	5826497
401688	5826503
401689	5826533
401690	5826539
401691	5826547
401692	5826577
401693	5826599
401694	5826643
401695	5826671
401696	5826677
401697	5826679
401698	5826701
401699	5826721
401700	5826739
401701	5826763
401702	5826811
401703	5826827
401704	5826833
401705	5826841
401706	5826851
401707	5826893
401708	5826911
401709	5826913
401710	5826949
401711	5826959
401712	5826967
401713	5826991
401714	5827001
401715	5827007
401716	5827037
401717	5827049
401718	5827051
401719	5827099
401720	5827103
401721	5827109
401722	5827117
401723	5827169
401724	5827177
401725	5827189
401726	5827193
401727	5827223
401728	5827229
401729	5827259
401730	5827267
401731	5827279
401732	5827301
401733	5827307
401734	5827309
401735	5827321
401736	5827333
401737	5827337
401738	5827343
401739	5827351
401740	5827361
401741	5827373
401742	5827399
401743	5827417
401744	5827427
401745	5827429
401746	5827439
401747	5827499
401748	5827511
401749	5827519
401750	5827531
401751	5827559
401752	5827561
401753	5827573
401754	5827589
401755	5827603
401756	5827639
401757	5827643
401758	5827681
401759	5827687
401760	5827691
401761	5827697
401762	5827709
401763	5827711
401764	5827729
401765	5827777
401766	5827823
401767	5827831
401768	5827847
401769	5827849
401770	5827867
401771	5827873
401772	5827931
401773	5827937
401774	5827949
401775	5827963
401776	5827967
401777	5827973
401778	5827979
401779	5827999
401780	5828023
401781	5828033
401782	5828057
401783	5828077
401784	5828087
401785	5828099
401786	5828107
401787	5828149
401788	5828153
401789	5828167
401790	5828189
401791	5828209
401792	5828219
401793	5828227
401794	5828233
401795	5828237
401796	5828239
401797	5828257
401798	5828281
401799	5828287
401800	5828299
401801	5828309
401802	5828353
401803	5828363
401804	5828369
401805	5828371
401806	5828377
401807	5828401
401808	5828441
401809	5828443
401810	5828447
401811	5828479
401812	5828483
401813	5828491
401814	5828513
401815	5828561
401816	5828567
401817	5828587
401818	5828593
401819	5828617
401820	5828621
401821	5828629
401822	5828663
401823	5828677
401824	5828701
401825	5828723
401826	5828741
401827	5828749
401828	5828759
401829	5828761
401830	5828789
401831	5828791
401832	5828803
401833	5828813
401834	5828833
401835	5828843
401836	5828863
401837	5828897
401838	5828917
401839	5828941
401840	5828947
401841	5828957
401842	5828981
401843	5828983
401844	5828989
401845	5829001
401846	5829041
401847	5829049
401848	5829059
401849	5829071
401850	5829119
401851	5829121
401852	5829127
401853	5829137
401854	5829139
401855	5829149
401856	5829157
401857	5829167
401858	5829169
401859	5829191
401860	5829199
401861	5829223
401862	5829227
401863	5829247
401864	5829251
401865	5829277
401866	5829287
401867	5829301
401868	5829323
401869	5829349
401870	5829353
401871	5829361
401872	5829391
401873	5829401
401874	5829403
401875	5829413
401876	5829433
401877	5829451
401878	5829463
401879	5829529
401880	5829533
401881	5829539
401882	5829559
401883	5829569
401884	5829583
401885	5829601
401886	5829641
401887	5829661
401888	5829679
401889	5829701
401890	5829721
401891	5829727
401892	5829743
401893	5829773
401894	5829779
401895	5829823
401896	5829839
401897	5829847
401898	5829869
401899	5829883
401900	5829911
401901	5829917
401902	5829919
401903	5829931
401904	5829937
401905	5829961
401906	5829973
401907	5830001
401908	5830007
401909	5830039
401910	5830049
401911	5830051
401912	5830057
401913	5830061
401914	5830079
401915	5830087
401916	5830091
401917	5830129
401918	5830151
401919	5830163
401920	5830177
401921	5830183
401922	5830193
401923	5830213
401924	5830219
401925	5830229
401926	5830249
401927	5830259
401928	5830271
401929	5830277
401930	5830313
401931	5830333
401932	5830343
401933	5830369
401934	5830373
401935	5830381
401936	5830393
401937	5830403
401938	5830411
401939	5830453
401940	5830457
401941	5830459
401942	5830483
401943	5830493
401944	5830547
401945	5830577
401946	5830579
401947	5830589
401948	5830603
401949	5830607
401950	5830613
401951	5830621
401952	5830631
401953	5830639
401954	5830691
401955	5830703
401956	5830709
401957	5830717
401958	5830763
401959	5830787
401960	5830789
401961	5830801
401962	5830819
401963	5830829
401964	5830837
401965	5830841
401966	5830849
401967	5830859
401968	5830861
401969	5830871
401970	5830873
401971	5830879
401972	5830907
401973	5830919
401974	5830921
401975	5830963
401976	5830987
401977	5831009
401978	5831041
401979	5831047
401980	5831053
401981	5831057
401982	5831087
401983	5831093
401984	5831123
401985	5831129
401986	5831141
401987	5831183
401988	5831197
401989	5831239
401990	5831249
401991	5831251
401992	5831257
401993	5831261
401994	5831269
401995	5831281
401996	5831303
401997	5831321
401998	5831363
401999	5831381
402000	5831387
