402001	5831401
402002	5831509
402003	5831513
402004	5831519
402005	5831521
402006	5831557
402007	5831597
402008	5831603
402009	5831611
402010	5831621
402011	5831633
402012	5831647
402013	5831653
402014	5831659
402015	5831669
402016	5831671
402017	5831677
402018	5831687
402019	5831699
402020	5831723
402021	5831729
402022	5831753
402023	5831759
402024	5831767
402025	5831773
402026	5831779
402027	5831797
402028	5831801
402029	5831831
402030	5831843
402031	5831863
402032	5831887
402033	5831893
402034	5831899
402035	5831909
402036	5831911
402037	5831921
402038	5831923
402039	5831927
402040	5831933
402041	5831939
402042	5831951
402043	5831957
402044	5831971
402045	5831981
402046	5831983
402047	5832007
402048	5832019
402049	5832049
402050	5832053
402051	5832097
402052	5832109
402053	5832121
402054	5832131
402055	5832143
402056	5832157
402057	5832163
402058	5832181
402059	5832187
402060	5832217
402061	5832257
402062	5832287
402063	5832289
402064	5832293
402065	5832313
402066	5832329
402067	5832331
402068	5832353
402069	5832361
402070	5832389
402071	5832397
402072	5832403
402073	5832419
402074	5832427
402075	5832439
402076	5832461
402077	5832467
402078	5832473
402079	5832499
402080	5832503
402081	5832523
402082	5832527
402083	5832529
402084	5832553
402085	5832571
402086	5832583
402087	5832587
402088	5832599
402089	5832611
402090	5832613
402091	5832623
402092	5832641
402093	5832647
402094	5832679
402095	5832709
402096	5832713
402097	5832719
402098	5832763
402099	5832767
402100	5832769
402101	5832779
402102	5832781
402103	5832803
402104	5832839
402105	5832847
402106	5832941
402107	5832977
402108	5832997
402109	5833001
402110	5833063
402111	5833067
402112	5833097
402113	5833103
402114	5833109
402115	5833169
402116	5833181
402117	5833187
402118	5833207
402119	5833229
402120	5833241
402121	5833253
402122	5833277
402123	5833349
402124	5833393
402125	5833403
402126	5833409
402127	5833411
402128	5833433
402129	5833441
402130	5833453
402131	5833459
402132	5833463
402133	5833481
402134	5833493
402135	5833537
402136	5833547
402137	5833591
402138	5833609
402139	5833631
402140	5833693
402141	5833717
402142	5833721
402143	5833739
402144	5833759
402145	5833769
402146	5833777
402147	5833783
402148	5833787
402149	5833813
402150	5833819
402151	5833829
402152	5833837
402153	5833847
402154	5833879
402155	5833889
402156	5833909
402157	5833943
402158	5833951
402159	5833967
402160	5833991
402161	5834011
402162	5834021
402163	5834027
402164	5834033
402165	5834041
402166	5834051
402167	5834053
402168	5834057
402169	5834069
402170	5834089
402171	5834099
402172	5834117
402173	5834119
402174	5834131
402175	5834167
402176	5834183
402177	5834189
402178	5834201
402179	5834207
402180	5834209
402181	5834219
402182	5834243
402183	5834261
402184	5834267
402185	5834287
402186	5834291
402187	5834299
402188	5834317
402189	5834321
402190	5834327
402191	5834329
402192	5834351
402193	5834357
402194	5834363
402195	5834371
402196	5834377
402197	5834401
402198	5834407
402199	5834431
402200	5834441
402201	5834459
402202	5834461
402203	5834473
402204	5834497
402205	5834503
402206	5834513
402207	5834531
402208	5834551
402209	5834557
402210	5834579
402211	5834593
402212	5834599
402213	5834623
402214	5834629
402215	5834657
402216	5834659
402217	5834677
402218	5834683
402219	5834701
402220	5834797
402221	5834809
402222	5834821
402223	5834831
402224	5834867
402225	5834891
402226	5834903
402227	5834921
402228	5834947
402229	5834953
402230	5834977
402231	5834987
402232	5834999
402233	5835001
402234	5835007
402235	5835013
402236	5835043
402237	5835059
402238	5835101
402239	5835103
402240	5835113
402241	5835127
402242	5835139
402243	5835157
402244	5835163
402245	5835173
402246	5835197
402247	5835209
402248	5835211
402249	5835217
402250	5835227
402251	5835239
402252	5835251
402253	5835253
402254	5835257
402255	5835281
402256	5835283
402257	5835289
402258	5835311
402259	5835329
402260	5835341
402261	5835343
402262	5835371
402263	5835383
402264	5835421
402265	5835439
402266	5835449
402267	5835461
402268	5835469
402269	5835497
402270	5835509
402271	5835517
402272	5835521
402273	5835551
402274	5835553
402275	5835569
402276	5835581
402277	5835601
402278	5835611
402279	5835619
402280	5835691
402281	5835701
402282	5835761
402283	5835769
402284	5835773
402285	5835787
402286	5835803
402287	5835821
402288	5835827
402289	5835833
402290	5835853
402291	5835857
402292	5835871
402293	5835923
402294	5835953
402295	5835959
402296	5835961
402297	5835971
402298	5836007
402299	5836009
402300	5836013
402301	5836027
402302	5836067
402303	5836069
402304	5836079
402305	5836081
402306	5836087
402307	5836093
402308	5836177
402309	5836183
402310	5836189
402311	5836217
402312	5836223
402313	5836241
402314	5836247
402315	5836291
402316	5836349
402317	5836351
402318	5836357
402319	5836379
402320	5836381
402321	5836399
402322	5836403
402323	5836409
402324	5836421
402325	5836427
402326	5836429
402327	5836447
402328	5836451
402329	5836459
402330	5836499
402331	5836543
402332	5836547
402333	5836583
402334	5836613
402335	5836631
402336	5836657
402337	5836669
402338	5836673
402339	5836717
402340	5836723
402341	5836739
402342	5836741
402343	5836751
402344	5836771
402345	5836799
402346	5836807
402347	5836813
402348	5836823
402349	5836829
402350	5836889
402351	5836903
402352	5836927
402353	5836931
402354	5836937
402355	5836939
402356	5836951
402357	5836969
402358	5836997
402359	5837003
402360	5837017
402361	5837053
402362	5837063
402363	5837081
402364	5837087
402365	5837099
402366	5837119
402367	5837131
402368	5837173
402369	5837189
402370	5837191
402371	5837201
402372	5837219
402373	5837233
402374	5837257
402375	5837263
402376	5837281
402377	5837287
402378	5837297
402379	5837309
402380	5837311
402381	5837317
402382	5837387
402383	5837399
402384	5837501
402385	5837521
402386	5837537
402387	5837543
402388	5837567
402389	5837593
402390	5837597
402391	5837603
402392	5837609
402393	5837627
402394	5837633
402395	5837651
402396	5837677
402397	5837687
402398	5837717
402399	5837719
402400	5837773
402401	5837803
402402	5837831
402403	5837849
402404	5837879
402405	5837891
402406	5837893
402407	5837899
402408	5837939
402409	5837947
402410	5837963
402411	5837977
402412	5837989
402413	5837999
402414	5838017
402415	5838043
402416	5838047
402417	5838071
402418	5838083
402419	5838097
402420	5838101
402421	5838163
402422	5838167
402423	5838197
402424	5838211
402425	5838221
402426	5838223
402427	5838229
402428	5838233
402429	5838247
402430	5838253
402431	5838257
402432	5838271
402433	5838299
402434	5838307
402435	5838319
402436	5838331
402437	5838353
402438	5838373
402439	5838379
402440	5838383
402441	5838397
402442	5838409
402443	5838419
402444	5838431
402445	5838433
402446	5838439
402447	5838449
402448	5838451
402449	5838479
402450	5838499
402451	5838551
402452	5838557
402453	5838587
402454	5838589
402455	5838593
402456	5838607
402457	5838617
402458	5838631
402459	5838641
402460	5838659
402461	5838661
402462	5838689
402463	5838691
402464	5838697
402465	5838713
402466	5838727
402467	5838731
402468	5838751
402469	5838779
402470	5838787
402471	5838797
402472	5838887
402473	5838907
402474	5838913
402475	5838919
402476	5838929
402477	5838949
402478	5838953
402479	5838971
402480	5838977
402481	5838991
402482	5838997
402483	5839037
402484	5839039
402485	5839073
402486	5839087
402487	5839091
402488	5839147
402489	5839151
402490	5839181
402491	5839187
402492	5839219
402493	5839231
402494	5839259
402495	5839283
402496	5839291
402497	5839307
402498	5839319
402499	5839349
402500	5839363
402501	5839367
402502	5839373
402503	5839387
402504	5839397
402505	5839409
402506	5839417
402507	5839433
402508	5839453
402509	5839481
402510	5839511
402511	5839513
402512	5839523
402513	5839531
402514	5839541
402515	5839543
402516	5839553
402517	5839567
402518	5839571
402519	5839573
402520	5839577
402521	5839579
402522	5839597
402523	5839627
402524	5839633
402525	5839637
402526	5839649
402527	5839657
402528	5839661
402529	5839667
402530	5839681
402531	5839693
402532	5839697
402533	5839709
402534	5839711
402535	5839741
402536	5839751
402537	5839829
402538	5839837
402539	5839843
402540	5839901
402541	5839903
402542	5839909
402543	5839919
402544	5839931
402545	5839937
402546	5839949
402547	5839979
402548	5840039
402549	5840041
402550	5840047
402551	5840077
402552	5840083
402553	5840089
402554	5840099
402555	5840101
402556	5840113
402557	5840119
402558	5840161
402559	5840213
402560	5840251
402561	5840257
402562	5840287
402563	5840291
402564	5840293
402565	5840297
402566	5840309
402567	5840311
402568	5840347
402569	5840371
402570	5840399
402571	5840411
402572	5840423
402573	5840449
402574	5840473
402575	5840477
402576	5840489
402577	5840507
402578	5840509
402579	5840521
402580	5840539
402581	5840563
402582	5840579
402583	5840599
402584	5840609
402585	5840621
402586	5840633
402587	5840663
402588	5840669
402589	5840671
402590	5840677
402591	5840683
402592	5840693
402593	5840699
402594	5840701
402595	5840713
402596	5840719
402597	5840743
402598	5840749
402599	5840753
402600	5840761
402601	5840767
402602	5840773
402603	5840777
402604	5840789
402605	5840801
402606	5840851
402607	5840867
402608	5840869
402609	5840881
402610	5840899
402611	5840903
402612	5840909
402613	5840951
402614	5840953
402615	5840963
402616	5840969
402617	5840987
402618	5841001
402619	5841007
402620	5841029
402621	5841053
402622	5841067
402623	5841097
402624	5841107
402625	5841109
402626	5841131
402627	5841169
402628	5841179
402629	5841203
402630	5841211
402631	5841223
402632	5841239
402633	5841263
402634	5841281
402635	5841293
402636	5841317
402637	5841323
402638	5841371
402639	5841373
402640	5841377
402641	5841389
402642	5841397
402643	5841401
402644	5841443
402645	5841461
402646	5841463
402647	5841467
402648	5841469
402649	5841481
402650	5841487
402651	5841509
402652	5841559
402653	5841571
402654	5841581
402655	5841587
402656	5841601
402657	5841611
402658	5841617
402659	5841629
402660	5841707
402661	5841743
402662	5841751
402663	5841779
402664	5841791
402665	5841799
402666	5841821
402667	5841859
402668	5841883
402669	5841907
402670	5841961
402671	5841989
402672	5841991
402673	5842013
402674	5842027
402675	5842051
402676	5842087
402677	5842097
402678	5842099
402679	5842103
402680	5842157
402681	5842159
402682	5842163
402683	5842171
402684	5842181
402685	5842183
402686	5842201
402687	5842211
402688	5842219
402689	5842223
402690	5842231
402691	5842247
402692	5842261
402693	5842267
402694	5842283
402695	5842289
402696	5842301
402697	5842327
402698	5842387
402699	5842393
402700	5842399
402701	5842451
402702	5842457
402703	5842471
402704	5842493
402705	5842511
402706	5842531
402707	5842537
402708	5842553
402709	5842567
402710	5842589
402711	5842607
402712	5842631
402713	5842657
402714	5842673
402715	5842687
402716	5842691
402717	5842699
402718	5842703
402719	5842723
402720	5842769
402721	5842777
402722	5842799
402723	5842813
402724	5842819
402725	5842831
402726	5842841
402727	5842867
402728	5842871
402729	5842873
402730	5842877
402731	5842901
402732	5842909
402733	5842931
402734	5842957
402735	5842961
402736	5842979
402737	5842981
402738	5842987
402739	5842997
402740	5842999
402741	5843009
402742	5843017
402743	5843023
402744	5843039
402745	5843041
402746	5843063
402747	5843083
402748	5843093
402749	5843099
402750	5843111
402751	5843113
402752	5843147
402753	5843161
402754	5843171
402755	5843179
402756	5843191
402757	5843213
402758	5843231
402759	5843267
402760	5843281
402761	5843287
402762	5843309
402763	5843323
402764	5843329
402765	5843339
402766	5843347
402767	5843363
402768	5843389
402769	5843401
402770	5843429
402771	5843441
402772	5843477
402773	5843483
402774	5843489
402775	5843491
402776	5843501
402777	5843503
402778	5843533
402779	5843543
402780	5843561
402781	5843567
402782	5843603
402783	5843609
402784	5843639
402785	5843641
402786	5843647
402787	5843653
402788	5843671
402789	5843683
402790	5843687
402791	5843693
402792	5843701
402793	5843707
402794	5843711
402795	5843731
402796	5843737
402797	5843749
402798	5843753
402799	5843809
402800	5843821
402801	5843837
402802	5843843
402803	5843857
402804	5843881
402805	5843897
402806	5843951
402807	5843953
402808	5843969
402809	5843989
402810	5844029
402811	5844031
402812	5844037
402813	5844043
402814	5844049
402815	5844053
402816	5844061
402817	5844101
402818	5844103
402819	5844119
402820	5844131
402821	5844133
402822	5844143
402823	5844149
402824	5844169
402825	5844193
402826	5844203
402827	5844211
402828	5844217
402829	5844221
402830	5844269
402831	5844281
402832	5844299
402833	5844301
402834	5844313
402835	5844317
402836	5844329
402837	5844331
402838	5844361
402839	5844367
402840	5844383
402841	5844389
402842	5844439
402843	5844451
402844	5844463
402845	5844493
402846	5844511
402847	5844539
402848	5844547
402849	5844581
402850	5844589
402851	5844613
402852	5844637
402853	5844677
402854	5844679
402855	5844697
402856	5844701
402857	5844721
402858	5844731
402859	5844733
402860	5844763
402861	5844781
402862	5844809
402863	5844851
402864	5844859
402865	5844869
402866	5844871
402867	5844899
402868	5844901
402869	5844931
402870	5844961
402871	5844983
402872	5844997
402873	5845009
402874	5845039
402875	5845069
402876	5845079
402877	5845087
402878	5845097
402879	5845111
402880	5845117
402881	5845139
402882	5845159
402883	5845171
402884	5845193
402885	5845309
402886	5845319
402887	5845321
402888	5845339
402889	5845349
402890	5845373
402891	5845387
402892	5845403
402893	5845417
402894	5845421
402895	5845451
402896	5845457
402897	5845459
402898	5845471
402899	5845481
402900	5845523
402901	5845547
402902	5845573
402903	5845583
402904	5845589
402905	5845591
402906	5845601
402907	5845627
402908	5845649
402909	5845681
402910	5845699
402911	5845709
402912	5845751
402913	5845753
402914	5845771
402915	5845781
402916	5845783
402917	5845793
402918	5845799
402919	5845823
402920	5845859
402921	5845871
402922	5845877
402923	5845891
402924	5845919
402925	5845967
402926	5845969
402927	5845991
402928	5845993
402929	5846021
402930	5846047
402931	5846051
402932	5846083
402933	5846089
402934	5846101
402935	5846107
402936	5846123
402937	5846131
402938	5846153
402939	5846161
402940	5846171
402941	5846173
402942	5846207
402943	5846221
402944	5846233
402945	5846261
402946	5846263
402947	5846273
402948	5846279
402949	5846293
402950	5846297
402951	5846299
402952	5846303
402953	5846327
402954	5846329
402955	5846339
402956	5846359
402957	5846381
402958	5846389
402959	5846411
402960	5846413
402961	5846417
402962	5846441
402963	5846443
402964	5846447
402965	5846459
402966	5846461
402967	5846473
402968	5846501
402969	5846513
402970	5846537
402971	5846539
402972	5846557
402973	5846563
402974	5846567
402975	5846573
402976	5846579
402977	5846591
402978	5846597
402979	5846609
402980	5846627
402981	5846653
402982	5846663
402983	5846681
402984	5846683
402985	5846689
402986	5846717
402987	5846747
402988	5846773
402989	5846791
402990	5846809
402991	5846821
402992	5846831
402993	5846849
402994	5846857
402995	5846873
402996	5846891
402997	5846903
402998	5846917
402999	5846933
403000	5846957
