403001	5846977
403002	5846983
403003	5846987
403004	5846989
403005	5846993
403006	5847019
403007	5847029
403008	5847043
403009	5847047
403010	5847053
403011	5847089
403012	5847103
403013	5847109
403014	5847113
403015	5847137
403016	5847139
403017	5847143
403018	5847161
403019	5847169
403020	5847181
403021	5847187
403022	5847199
403023	5847203
403024	5847239
403025	5847263
403026	5847271
403027	5847301
403028	5847323
403029	5847341
403030	5847349
403031	5847353
403032	5847397
403033	5847403
403034	5847419
403035	5847427
403036	5847463
403037	5847467
403038	5847481
403039	5847487
403040	5847493
403041	5847503
403042	5847509
403043	5847511
403044	5847529
403045	5847533
403046	5847539
403047	5847557
403048	5847577
403049	5847581
403050	5847587
403051	5847593
403052	5847617
403053	5847641
403054	5847661
403055	5847671
403056	5847679
403057	5847683
403058	5847689
403059	5847691
403060	5847701
403061	5847703
403062	5847713
403063	5847731
403064	5847749
403065	5847761
403066	5847767
403067	5847769
403068	5847797
403069	5847823
403070	5847833
403071	5847841
403072	5847851
403073	5847857
403074	5847883
403075	5847889
403076	5847899
403077	5847913
403078	5847917
403079	5847979
403080	5847997
403081	5848039
403082	5848061
403083	5848099
403084	5848123
403085	5848127
403086	5848159
403087	5848189
403088	5848211
403089	5848259
403090	5848273
403091	5848303
403092	5848307
403093	5848309
403094	5848313
403095	5848319
403096	5848321
403097	5848327
403098	5848361
403099	5848369
403100	5848373
403101	5848379
403102	5848397
403103	5848433
403104	5848441
403105	5848471
403106	5848487
403107	5848489
403108	5848501
403109	5848511
403110	5848519
403111	5848537
403112	5848547
403113	5848567
403114	5848571
403115	5848589
403116	5848597
403117	5848639
403118	5848651
403119	5848673
403120	5848679
403121	5848681
403122	5848699
403123	5848723
403124	5848747
403125	5848763
403126	5848781
403127	5848783
403128	5848819
403129	5848823
403130	5848837
403131	5848853
403132	5848859
403133	5848861
403134	5848873
403135	5848883
403136	5848907
403137	5848933
403138	5848939
403139	5848943
403140	5848951
403141	5848961
403142	5848963
403143	5849023
403144	5849029
403145	5849059
403146	5849087
403147	5849089
403148	5849099
403149	5849113
403150	5849117
403151	5849119
403152	5849149
403153	5849171
403154	5849177
403155	5849191
403156	5849203
403157	5849227
403158	5849231
403159	5849237
403160	5849269
403161	5849317
403162	5849323
403163	5849341
403164	5849353
403165	5849381
403166	5849401
403167	5849407
403168	5849413
403169	5849423
403170	5849453
403171	5849461
403172	5849471
403173	5849491
403174	5849497
403175	5849507
403176	5849551
403177	5849579
403178	5849603
403179	5849621
403180	5849633
403181	5849647
403182	5849651
403183	5849653
403184	5849681
403185	5849687
403186	5849693
403187	5849699
403188	5849719
403189	5849741
403190	5849749
403191	5849801
403192	5849803
403193	5849813
403194	5849821
403195	5849863
403196	5849867
403197	5849869
403198	5849911
403199	5849933
403200	5849939
403201	5849941
403202	5849947
403203	5849969
403204	5849993
403205	5850049
403206	5850113
403207	5850121
403208	5850127
403209	5850149
403210	5850161
403211	5850179
403212	5850191
403213	5850209
403214	5850217
403215	5850241
403216	5850259
403217	5850307
403218	5850319
403219	5850323
403220	5850337
403221	5850343
403222	5850359
403223	5850367
403224	5850379
403225	5850391
403226	5850437
403227	5850443
403228	5850457
403229	5850469
403230	5850473
403231	5850479
403232	5850491
403233	5850527
403234	5850529
403235	5850539
403236	5850541
403237	5850557
403238	5850563
403239	5850569
403240	5850583
403241	5850631
403242	5850643
403243	5850667
403244	5850673
403245	5850679
403246	5850683
403247	5850751
403248	5850769
403249	5850781
403250	5850787
403251	5850791
403252	5850811
403253	5850827
403254	5850833
403255	5850857
403256	5850883
403257	5850893
403258	5850899
403259	5850913
403260	5850979
403261	5850989
403262	5850997
403263	5851003
403264	5851007
403265	5851051
403266	5851063
403267	5851093
403268	5851103
403269	5851117
403270	5851123
403271	5851141
403272	5851159
403273	5851163
403274	5851189
403275	5851193
403276	5851199
403277	5851201
403278	5851249
403279	5851277
403280	5851283
403281	5851309
403282	5851319
403283	5851333
403284	5851337
403285	5851367
403286	5851369
403287	5851387
403288	5851403
403289	5851409
403290	5851421
403291	5851423
403292	5851427
403293	5851429
403294	5851441
403295	5851457
403296	5851459
403297	5851463
403298	5851471
403299	5851477
403300	5851481
403301	5851493
403302	5851507
403303	5851511
403304	5851523
403305	5851541
403306	5851543
403307	5851589
403308	5851597
403309	5851603
403310	5851613
403311	5851619
403312	5851627
403313	5851673
403314	5851691
403315	5851693
403316	5851697
403317	5851709
403318	5851711
403319	5851717
403320	5851733
403321	5851759
403322	5851787
403323	5851789
403324	5851801
403325	5851831
403326	5851837
403327	5851841
403328	5851843
403329	5851849
403330	5851871
403331	5851873
403332	5851877
403333	5851897
403334	5851907
403335	5851919
403336	5851921
403337	5851969
403338	5851991
403339	5852009
403340	5852023
403341	5852027
403342	5852069
403343	5852123
403344	5852129
403345	5852153
403346	5852159
403347	5852167
403348	5852183
403349	5852201
403350	5852213
403351	5852219
403352	5852227
403353	5852237
403354	5852239
403355	5852251
403356	5852263
403357	5852291
403358	5852293
403359	5852303
403360	5852333
403361	5852347
403362	5852359
403363	5852377
403364	5852389
403365	5852423
403366	5852443
403367	5852447
403368	5852449
403369	5852467
403370	5852477
403371	5852479
403372	5852501
403373	5852527
403374	5852531
403375	5852569
403376	5852591
403377	5852593
403378	5852597
403379	5852617
403380	5852653
403381	5852657
403382	5852659
403383	5852663
403384	5852669
403385	5852677
403386	5852681
403387	5852683
403388	5852699
403389	5852711
403390	5852713
403391	5852719
403392	5852747
403393	5852753
403394	5852761
403395	5852797
403396	5852801
403397	5852807
403398	5852827
403399	5852857
403400	5852881
403401	5852887
403402	5852923
403403	5852927
403404	5852933
403405	5852939
403406	5852941
403407	5852963
403408	5852989
403409	5852999
403410	5853047
403411	5853059
403412	5853101
403413	5853131
403414	5853137
403415	5853149
403416	5853173
403417	5853217
403418	5853223
403419	5853227
403420	5853233
403421	5853241
403422	5853269
403423	5853277
403424	5853299
403425	5853307
403426	5853319
403427	5853343
403428	5853383
403429	5853391
403430	5853403
403431	5853433
403432	5853443
403433	5853467
403434	5853481
403435	5853487
403436	5853509
403437	5853541
403438	5853553
403439	5853581
403440	5853583
403441	5853587
403442	5853607
403443	5853623
403444	5853641
403445	5853643
403446	5853647
403447	5853667
403448	5853677
403449	5853697
403450	5853751
403451	5853779
403452	5853791
403453	5853833
403454	5853839
403455	5853877
403456	5853889
403457	5853893
403458	5853901
403459	5853917
403460	5853923
403461	5853931
403462	5853949
403463	5853971
403464	5853989
403465	5854003
403466	5854031
403467	5854049
403468	5854067
403469	5854081
403470	5854087
403471	5854091
403472	5854099
403473	5854129
403474	5854141
403475	5854169
403476	5854187
403477	5854207
403478	5854243
403479	5854271
403480	5854283
403481	5854297
403482	5854309
403483	5854313
403484	5854339
403485	5854357
403486	5854361
403487	5854369
403488	5854391
403489	5854403
403490	5854423
403491	5854439
403492	5854481
403493	5854483
403494	5854487
403495	5854507
403496	5854523
403497	5854529
403498	5854543
403499	5854561
403500	5854577
403501	5854601
403502	5854619
403503	5854631
403504	5854633
403505	5854663
403506	5854669
403507	5854697
403508	5854699
403509	5854711
403510	5854727
403511	5854729
403512	5854741
403513	5854757
403514	5854777
403515	5854787
403516	5854789
403517	5854799
403518	5854801
403519	5854813
403520	5854859
403521	5854867
403522	5854883
403523	5854889
403524	5854909
403525	5854957
403526	5854993
403527	5854999
403528	5855023
403529	5855029
403530	5855033
403531	5855093
403532	5855099
403533	5855107
403534	5855141
403535	5855149
403536	5855159
403537	5855167
403538	5855183
403539	5855189
403540	5855203
403541	5855209
403542	5855233
403543	5855237
403544	5855263
403545	5855279
403546	5855309
403547	5855341
403548	5855347
403549	5855357
403550	5855383
403551	5855389
403552	5855393
403553	5855407
403554	5855413
403555	5855417
403556	5855483
403557	5855489
403558	5855491
403559	5855513
403560	5855527
403561	5855533
403562	5855537
403563	5855539
403564	5855557
403565	5855581
403566	5855587
403567	5855623
403568	5855699
403569	5855719
403570	5855723
403571	5855737
403572	5855747
403573	5855749
403574	5855753
403575	5855761
403576	5855771
403577	5855779
403578	5855797
403579	5855833
403580	5855851
403581	5855873
403582	5855887
403583	5855891
403584	5855897
403585	5855903
403586	5855909
403587	5855911
403588	5855921
403589	5855951
403590	5855957
403591	5855963
403592	5855977
403593	5855981
403594	5856013
403595	5856029
403596	5856043
403597	5856073
403598	5856079
403599	5856089
403600	5856091
403601	5856107
403602	5856113
403603	5856121
403604	5856131
403605	5856139
403606	5856167
403607	5856187
403608	5856197
403609	5856229
403610	5856239
403611	5856287
403612	5856337
403613	5856353
403614	5856377
403615	5856379
403616	5856401
403617	5856407
403618	5856413
403619	5856419
403620	5856439
403621	5856443
403622	5856457
403623	5856469
403624	5856479
403625	5856491
403626	5856493
403627	5856497
403628	5856509
403629	5856527
403630	5856547
403631	5856589
403632	5856601
403633	5856607
403634	5856661
403635	5856689
403636	5856691
403637	5856703
403638	5856707
403639	5856709
403640	5856713
403641	5856749
403642	5856751
403643	5856761
403644	5856791
403645	5856797
403646	5856833
403647	5856839
403648	5856847
403649	5856853
403650	5856899
403651	5856911
403652	5856913
403653	5856919
403654	5856931
403655	5856967
403656	5857031
403657	5857057
403658	5857067
403659	5857081
403660	5857097
403661	5857099
403662	5857147
403663	5857177
403664	5857183
403665	5857193
403666	5857237
403667	5857259
403668	5857279
403669	5857283
403670	5857303
403671	5857307
403672	5857309
403673	5857337
403674	5857349
403675	5857351
403676	5857361
403677	5857381
403678	5857399
403679	5857409
403680	5857451
403681	5857457
403682	5857459
403683	5857463
403684	5857487
403685	5857493
403686	5857499
403687	5857519
403688	5857531
403689	5857549
403690	5857561
403691	5857583
403692	5857601
403693	5857619
403694	5857627
403695	5857633
403696	5857661
403697	5857669
403698	5857699
403699	5857717
403700	5857727
403701	5857759
403702	5857763
403703	5857783
403704	5857829
403705	5857849
403706	5857861
403707	5857879
403708	5857883
403709	5857897
403710	5857903
403711	5857921
403712	5857937
403713	5857961
403714	5857967
403715	5857981
403716	5857991
403717	5858003
403718	5858009
403719	5858093
403720	5858113
403721	5858131
403722	5858159
403723	5858197
403724	5858201
403725	5858219
403726	5858227
403727	5858239
403728	5858243
403729	5858263
403730	5858267
403731	5858269
403732	5858291
403733	5858297
403734	5858311
403735	5858317
403736	5858341
403737	5858351
403738	5858371
403739	5858407
403740	5858417
403741	5858429
403742	5858431
403743	5858453
403744	5858459
403745	5858483
403746	5858497
403747	5858519
403748	5858533
403749	5858539
403750	5858563
403751	5858579
403752	5858581
403753	5858599
403754	5858627
403755	5858639
403756	5858647
403757	5858651
403758	5858687
403759	5858689
403760	5858701
403761	5858717
403762	5858731
403763	5858753
403764	5858773
403765	5858791
403766	5858803
403767	5858807
403768	5858833
403769	5858843
403770	5858857
403771	5858873
403772	5858911
403773	5858927
403774	5858933
403775	5858947
403776	5858953
403777	5858971
403778	5859017
403779	5859019
403780	5859037
403781	5859041
403782	5859071
403783	5859107
403784	5859109
403785	5859143
403786	5859167
403787	5859179
403788	5859211
403789	5859221
403790	5859241
403791	5859289
403792	5859299
403793	5859311
403794	5859317
403795	5859367
403796	5859379
403797	5859383
403798	5859401
403799	5859409
403800	5859437
403801	5859439
403802	5859487
403803	5859533
403804	5859541
403805	5859547
403806	5859569
403807	5859593
403808	5859613
403809	5859617
403810	5859629
403811	5859643
403812	5859661
403813	5859677
403814	5859691
403815	5859697
403816	5859751
403817	5859767
403818	5859787
403819	5859793
403820	5859803
403821	5859817
403822	5859829
403823	5859853
403824	5859869
403825	5859877
403826	5859941
403827	5859947
403828	5859967
403829	5859977
403830	5859989
403831	5859991
403832	5860033
403833	5860039
403834	5860079
403835	5860091
403836	5860109
403837	5860123
403838	5860133
403839	5860139
403840	5860163
403841	5860177
403842	5860181
403843	5860187
403844	5860199
403845	5860207
403846	5860213
403847	5860229
403848	5860241
403849	5860243
403850	5860247
403851	5860249
403852	5860259
403853	5860273
403854	5860277
403855	5860297
403856	5860301
403857	5860313
403858	5860321
403859	5860343
403860	5860363
403861	5860373
403862	5860399
403863	5860403
403864	5860433
403865	5860441
403866	5860451
403867	5860501
403868	5860507
403869	5860511
403870	5860537
403871	5860559
403872	5860567
403873	5860573
403874	5860577
403875	5860579
403876	5860609
403877	5860627
403878	5860637
403879	5860651
403880	5860661
403881	5860667
403882	5860681
403883	5860709
403884	5860717
403885	5860747
403886	5860753
403887	5860769
403888	5860781
403889	5860787
403890	5860807
403891	5860843
403892	5860847
403893	5860849
403894	5860861
403895	5860867
403896	5860889
403897	5860901
403898	5860919
403899	5860927
403900	5860969
403901	5860973
403902	5860993
403903	5861003
403904	5861027
403905	5861033
403906	5861057
403907	5861069
403908	5861081
403909	5861099
403910	5861123
403911	5861129
403912	5861153
403913	5861171
403914	5861179
403915	5861183
403916	5861189
403917	5861203
403918	5861221
403919	5861231
403920	5861239
403921	5861249
403922	5861267
403923	5861279
403924	5861299
403925	5861309
403926	5861321
403927	5861347
403928	5861351
403929	5861371
403930	5861381
403931	5861407
403932	5861411
403933	5861437
403934	5861461
403935	5861467
403936	5861497
403937	5861501
403938	5861507
403939	5861539
403940	5861579
403941	5861593
403942	5861621
403943	5861623
403944	5861663
403945	5861677
403946	5861701
403947	5861707
403948	5861731
403949	5861749
403950	5861761
403951	5861767
403952	5861773
403953	5861777
403954	5861789
403955	5861813
403956	5861837
403957	5861851
403958	5861881
403959	5861929
403960	5861951
403961	5861963
403962	5862011
403963	5862023
403964	5862029
403965	5862053
403966	5862083
403967	5862113
403968	5862121
403969	5862133
403970	5862137
403971	5862149
403972	5862167
403973	5862173
403974	5862179
403975	5862187
403976	5862211
403977	5862239
403978	5862253
403979	5862287
403980	5862293
403981	5862313
403982	5862349
403983	5862361
403984	5862371
403985	5862377
403986	5862397
403987	5862419
403988	5862421
403989	5862443
403990	5862449
403991	5862473
403992	5862497
403993	5862509
403994	5862517
403995	5862529
403996	5862547
403997	5862559
403998	5862599
403999	5862601
404000	5862617
