405001	5878139
405002	5878219
405003	5878241
405004	5878247
405005	5878289
405006	5878333
405007	5878343
405008	5878349
405009	5878399
405010	5878403
405011	5878417
405012	5878421
405013	5878451
405014	5878463
405015	5878489
405016	5878493
405017	5878507
405018	5878511
405019	5878517
405020	5878529
405021	5878541
405022	5878553
405023	5878559
405024	5878571
405025	5878591
405026	5878603
405027	5878633
405028	5878637
405029	5878661
405030	5878673
405031	5878679
405032	5878681
405033	5878693
405034	5878709
405035	5878721
405036	5878723
405037	5878739
405038	5878751
405039	5878799
405040	5878811
405041	5878837
405042	5878849
405043	5878877
405044	5878927
405045	5878963
405046	5878969
405047	5878981
405048	5878993
405049	5879009
405050	5879011
405051	5879017
405052	5879021
405053	5879023
405054	5879033
405055	5879039
405056	5879077
405057	5879087
405058	5879123
405059	5879177
405060	5879197
405061	5879207
405062	5879213
405063	5879231
405064	5879233
405065	5879239
405066	5879273
405067	5879333
405068	5879339
405069	5879353
405070	5879369
405071	5879381
405072	5879383
405073	5879387
405074	5879407
405075	5879413
405076	5879437
405077	5879473
405078	5879479
405079	5879483
405080	5879507
405081	5879521
405082	5879537
405083	5879539
405084	5879557
405085	5879593
405086	5879597
405087	5879611
405088	5879617
405089	5879623
405090	5879647
405091	5879659
405092	5879669
405093	5879681
405094	5879693
405095	5879711
405096	5879749
405097	5879761
405098	5879791
405099	5879813
405100	5879821
405101	5879831
405102	5879833
405103	5879857
405104	5879869
405105	5879957
405106	5879959
405107	5879983
405108	5880023
405109	5880031
405110	5880037
405111	5880041
405112	5880047
405113	5880053
405114	5880059
405115	5880067
405116	5880073
405117	5880103
405118	5880109
405119	5880137
405120	5880143
405121	5880163
405122	5880169
405123	5880187
405124	5880209
405125	5880229
405126	5880233
405127	5880241
405128	5880263
405129	5880269
405130	5880271
405131	5880307
405132	5880323
405133	5880349
405134	5880361
405135	5880377
405136	5880397
405137	5880401
405138	5880409
405139	5880437
405140	5880449
405141	5880463
405142	5880493
405143	5880503
405144	5880529
405145	5880541
405146	5880547
405147	5880587
405148	5880601
405149	5880619
405150	5880629
405151	5880631
405152	5880643
405153	5880653
405154	5880697
405155	5880713
405156	5880727
405157	5880737
405158	5880739
405159	5880751
405160	5880757
405161	5880767
405162	5880769
405163	5880773
405164	5880811
405165	5880821
405166	5880829
405167	5880841
405168	5880851
405169	5880857
405170	5880863
405171	5880883
405172	5880887
405173	5880907
405174	5880911
405175	5880913
405176	5880923
405177	5880947
405178	5880967
405179	5881003
405180	5881009
405181	5881019
405182	5881021
405183	5881033
405184	5881037
405185	5881069
405186	5881079
405187	5881087
405188	5881093
405189	5881097
405190	5881111
405191	5881159
405192	5881177
405193	5881189
405194	5881217
405195	5881219
405196	5881231
405197	5881237
405198	5881247
405199	5881277
405200	5881319
405201	5881339
405202	5881349
405203	5881367
405204	5881373
405205	5881397
405206	5881417
405207	5881423
405208	5881429
405209	5881441
405210	5881457
405211	5881459
405212	5881487
405213	5881501
405214	5881511
405215	5881517
405216	5881523
405217	5881543
405218	5881567
405219	5881597
405220	5881607
405221	5881633
405222	5881637
405223	5881639
405224	5881649
405225	5881657
405226	5881699
405227	5881703
405228	5881709
405229	5881717
405230	5881727
405231	5881739
405232	5881747
405233	5881783
405234	5881793
405235	5881801
405236	5881807
405237	5881823
405238	5881831
405239	5881873
405240	5881879
405241	5881913
405242	5881919
405243	5881969
405244	5881973
405245	5881979
405246	5881991
405247	5881999
405248	5882011
405249	5882027
405250	5882053
405251	5882057
405252	5882059
405253	5882083
405254	5882101
405255	5882113
405256	5882141
405257	5882143
405258	5882159
405259	5882171
405260	5882179
405261	5882189
405262	5882197
405263	5882203
405264	5882207
405265	5882213
405266	5882231
405267	5882237
405268	5882243
405269	5882249
405270	5882257
405271	5882263
405272	5882287
405273	5882309
405274	5882321
405275	5882329
405276	5882333
405277	5882339
405278	5882347
405279	5882351
405280	5882353
405281	5882363
405282	5882377
405283	5882407
405284	5882423
405285	5882431
405286	5882449
405287	5882479
405288	5882489
405289	5882501
405290	5882509
405291	5882531
405292	5882537
405293	5882579
405294	5882581
405295	5882587
405296	5882603
405297	5882623
405298	5882627
405299	5882651
405300	5882659
405301	5882677
405302	5882689
405303	5882717
405304	5882729
405305	5882743
405306	5882749
405307	5882771
405308	5882783
405309	5882797
405310	5882819
405311	5882827
405312	5882857
405313	5882861
405314	5882879
405315	5882881
405316	5882887
405317	5882923
405318	5882927
405319	5882939
405320	5882941
405321	5882971
405322	5882977
405323	5882983
405324	5882993
405325	5882999
405326	5883001
405327	5883019
405328	5883029
405329	5883077
405330	5883083
405331	5883089
405332	5883091
405333	5883107
405334	5883109
405335	5883113
405336	5883121
405337	5883127
405338	5883133
405339	5883151
405340	5883169
405341	5883221
405342	5883233
405343	5883271
405344	5883277
405345	5883281
405346	5883301
405347	5883323
405348	5883347
405349	5883359
405350	5883379
405351	5883391
405352	5883401
405353	5883403
405354	5883419
405355	5883431
405356	5883439
405357	5883443
405358	5883457
405359	5883467
405360	5883473
405361	5883487
405362	5883503
405363	5883509
405364	5883569
405365	5883587
405366	5883593
405367	5883599
405368	5883641
405369	5883643
405370	5883659
405371	5883667
405372	5883671
405373	5883677
405374	5883679
405375	5883719
405376	5883721
405377	5883737
405378	5883803
405379	5883821
405380	5883827
405381	5883847
405382	5883881
405383	5883919
405384	5883947
405385	5883961
405386	5883967
405387	5883971
405388	5883973
405389	5883979
405390	5884001
405391	5884003
405392	5884027
405393	5884049
405394	5884051
405395	5884061
405396	5884063
405397	5884069
405398	5884097
405399	5884103
405400	5884133
405401	5884139
405402	5884169
405403	5884171
405404	5884181
405405	5884189
405406	5884201
405407	5884217
405408	5884237
405409	5884253
405410	5884271
405411	5884289
405412	5884309
405413	5884313
405414	5884321
405415	5884331
405416	5884337
405417	5884349
405418	5884379
405419	5884393
405420	5884427
405421	5884429
405422	5884453
405423	5884469
405424	5884511
405425	5884523
405426	5884531
405427	5884559
405428	5884577
405429	5884589
405430	5884633
405431	5884639
405432	5884649
405433	5884663
405434	5884673
405435	5884687
405436	5884691
405437	5884717
405438	5884721
405439	5884727
405440	5884741
405441	5884751
405442	5884759
405443	5884777
405444	5884787
405445	5884793
405446	5884807
405447	5884817
405448	5884819
405449	5884829
405450	5884841
405451	5884861
405452	5884867
405453	5884871
405454	5884877
405455	5884891
405456	5884909
405457	5884919
405458	5884939
405459	5884943
405460	5884951
405461	5884969
405462	5884973
405463	5884993
405464	5884997
405465	5885029
405466	5885051
405467	5885059
405468	5885081
405469	5885083
405470	5885093
405471	5885123
405472	5885129
405473	5885137
405474	5885141
405475	5885147
405476	5885177
405477	5885189
405478	5885203
405479	5885207
405480	5885227
405481	5885233
405482	5885239
405483	5885249
405484	5885267
405485	5885311
405486	5885323
405487	5885353
405488	5885359
405489	5885377
405490	5885389
405491	5885431
405492	5885449
405493	5885483
405494	5885501
405495	5885507
405496	5885513
405497	5885531
405498	5885533
405499	5885543
405500	5885599
405501	5885623
405502	5885647
405503	5885653
405504	5885713
405505	5885717
405506	5885731
405507	5885741
405508	5885743
405509	5885777
405510	5885783
405511	5885807
405512	5885821
405513	5885827
405514	5885833
405515	5885843
405516	5885879
405517	5885881
405518	5885897
405519	5885903
405520	5885909
405521	5885911
405522	5885933
405523	5885981
405524	5885983
405525	5885993
405526	5886007
405527	5886011
405528	5886019
405529	5886031
405530	5886037
405531	5886059
405532	5886061
405533	5886121
405534	5886149
405535	5886157
405536	5886169
405537	5886191
405538	5886239
405539	5886241
405540	5886259
405541	5886263
405542	5886269
405543	5886271
405544	5886281
405545	5886289
405546	5886341
405547	5886359
405548	5886383
405549	5886407
405550	5886427
405551	5886451
405552	5886457
405553	5886469
405554	5886473
405555	5886481
405556	5886487
405557	5886499
405558	5886521
405559	5886533
405560	5886541
405561	5886547
405562	5886581
405563	5886611
405564	5886613
405565	5886631
405566	5886649
405567	5886653
405568	5886659
405569	5886667
405570	5886677
405571	5886679
405572	5886691
405573	5886701
405574	5886719
405575	5886721
405576	5886757
405577	5886761
405578	5886767
405579	5886787
405580	5886799
405581	5886851
405582	5886857
405583	5886871
405584	5886887
405585	5886889
405586	5886901
405587	5886911
405588	5886929
405589	5886943
405590	5886953
405591	5886967
405592	5886973
405593	5886989
405594	5886997
405595	5887003
405596	5887031
405597	5887039
405598	5887043
405599	5887051
405600	5887061
405601	5887069
405602	5887097
405603	5887109
405604	5887121
405605	5887127
405606	5887129
405607	5887153
405608	5887157
405609	5887163
405610	5887183
405611	5887213
405612	5887229
405613	5887243
405614	5887279
405615	5887289
405616	5887307
405617	5887327
405618	5887351
405619	5887367
405620	5887381
405621	5887393
405622	5887421
405623	5887447
405624	5887451
405625	5887459
405626	5887463
405627	5887487
405628	5887507
405629	5887513
405630	5887529
405631	5887543
405632	5887573
405633	5887577
405634	5887589
405635	5887591
405636	5887597
405637	5887601
405638	5887621
405639	5887631
405640	5887649
405641	5887691
405642	5887711
405643	5887733
405644	5887741
405645	5887751
405646	5887753
405647	5887757
405648	5887769
405649	5887801
405650	5887807
405651	5887811
405652	5887867
405653	5887877
405654	5887879
405655	5887909
405656	5887927
405657	5887939
405658	5887963
405659	5887993
405660	5888009
405661	5888021
405662	5888039
405663	5888053
405664	5888059
405665	5888083
405666	5888087
405667	5888089
405668	5888093
405669	5888117
405670	5888167
405671	5888173
405672	5888177
405673	5888203
405674	5888219
405675	5888221
405676	5888227
405677	5888231
405678	5888261
405679	5888263
405680	5888287
405681	5888321
405682	5888359
405683	5888369
405684	5888383
405685	5888411
405686	5888431
405687	5888453
405688	5888471
405689	5888497
405690	5888501
405691	5888521
405692	5888539
405693	5888557
405694	5888573
405695	5888593
405696	5888611
405697	5888627
405698	5888633
405699	5888639
405700	5888657
405701	5888693
405702	5888717
405703	5888719
405704	5888737
405705	5888741
405706	5888873
405707	5888881
405708	5888887
405709	5888899
405710	5888903
405711	5888923
405712	5888929
405713	5888951
405714	5888963
405715	5888969
405716	5888999
405717	5889011
405718	5889017
405719	5889019
405720	5889029
405721	5889043
405722	5889049
405723	5889073
405724	5889077
405725	5889097
405726	5889109
405727	5889113
405728	5889119
405729	5889131
405730	5889139
405731	5889167
405732	5889187
405733	5889211
405734	5889239
405735	5889251
405736	5889263
405737	5889269
405738	5889271
405739	5889277
405740	5889283
405741	5889313
405742	5889319
405743	5889341
405744	5889347
405745	5889383
405746	5889419
405747	5889451
405748	5889461
405749	5889467
405750	5889469
405751	5889491
405752	5889517
405753	5889539
405754	5889547
405755	5889551
405756	5889553
405757	5889577
405758	5889607
405759	5889619
405760	5889649
405761	5889661
405762	5889671
405763	5889683
405764	5889703
405765	5889707
405766	5889727
405767	5889739
405768	5889787
405769	5889809
405770	5889811
405771	5889833
405772	5889853
405773	5889857
405774	5889869
405775	5889881
405776	5889887
405777	5889889
405778	5889893
405779	5889913
405780	5889953
405781	5889959
405782	5889971
405783	5889979
405784	5889991
405785	5890013
405786	5890051
405787	5890061
405788	5890081
405789	5890111
405790	5890117
405791	5890121
405792	5890123
405793	5890189
405794	5890193
405795	5890207
405796	5890223
405797	5890237
405798	5890267
405799	5890301
405800	5890303
405801	5890307
405802	5890321
405803	5890337
405804	5890349
405805	5890397
405806	5890447
405807	5890459
405808	5890471
405809	5890481
405810	5890531
405811	5890537
405812	5890541
405813	5890543
405814	5890559
405815	5890561
405816	5890583
405817	5890601
405818	5890607
405819	5890609
405820	5890637
405821	5890639
405822	5890663
405823	5890667
405824	5890679
405825	5890693
405826	5890747
405827	5890751
405828	5890777
405829	5890813
405830	5890849
405831	5890853
405832	5890873
405833	5890883
405834	5890889
405835	5890903
405836	5890979
405837	5890981
405838	5890987
405839	5891009
405840	5891021
405841	5891047
405842	5891051
405843	5891077
405844	5891087
405845	5891113
405846	5891117
405847	5891131
405848	5891141
405849	5891143
405850	5891153
405851	5891161
405852	5891203
405853	5891213
405854	5891219
405855	5891227
405856	5891233
405857	5891261
405858	5891279
405859	5891293
405860	5891297
405861	5891317
405862	5891323
405863	5891357
405864	5891359
405865	5891363
405866	5891371
405867	5891383
405868	5891393
405869	5891407
405870	5891419
405871	5891429
405872	5891443
405873	5891447
405874	5891449
405875	5891453
405876	5891467
405877	5891471
405878	5891477
405879	5891491
405880	5891507
405881	5891521
405882	5891531
405883	5891569
405884	5891573
405885	5891579
405886	5891597
405887	5891617
405888	5891623
405889	5891629
405890	5891663
405891	5891687
405892	5891759
405893	5891761
405894	5891773
405895	5891783
405896	5891789
405897	5891797
405898	5891803
405899	5891813
405900	5891839
405901	5891849
405902	5891863
405903	5891867
405904	5891939
405905	5891971
405906	5891981
405907	5891983
405908	5891993
405909	5891999
405910	5892001
405911	5892011
405912	5892023
405913	5892043
405914	5892059
405915	5892091
405916	5892113
405917	5892121
405918	5892127
405919	5892137
405920	5892193
405921	5892197
405922	5892199
405923	5892203
405924	5892277
405925	5892283
405926	5892311
405927	5892323
405928	5892331
405929	5892371
405930	5892377
405931	5892379
405932	5892391
405933	5892401
405934	5892409
405935	5892427
405936	5892433
405937	5892443
405938	5892457
405939	5892461
405940	5892493
405941	5892521
405942	5892529
405943	5892533
405944	5892547
405945	5892559
405946	5892571
405947	5892581
405948	5892599
405949	5892617
405950	5892619
405951	5892637
405952	5892683
405953	5892701
405954	5892703
405955	5892707
405956	5892709
405957	5892721
405958	5892739
405959	5892749
405960	5892767
405961	5892791
405962	5892823
405963	5892827
405964	5892833
405965	5892839
405966	5892841
405967	5892881
405968	5892937
405969	5892941
405970	5892947
405971	5892949
405972	5892959
405973	5892973
405974	5892977
405975	5892989
405976	5893039
405977	5893049
405978	5893051
405979	5893057
405980	5893079
405981	5893081
405982	5893087
405983	5893091
405984	5893093
405985	5893103
405986	5893117
405987	5893127
405988	5893141
405989	5893171
405990	5893201
405991	5893231
405992	5893241
405993	5893243
405994	5893247
405995	5893273
405996	5893319
405997	5893331
405998	5893337
405999	5893343
406000	5893357
