407001	5908783
407002	5908787
407003	5908807
407004	5908841
407005	5908849
407006	5908871
407007	5908873
407008	5908891
407009	5908897
407010	5908901
407011	5908921
407012	5908927
407013	5908933
407014	5908957
407015	5908993
407016	5909021
407017	5909039
407018	5909041
407019	5909053
407020	5909087
407021	5909089
407022	5909093
407023	5909119
407024	5909147
407025	5909153
407026	5909173
407027	5909179
407028	5909231
407029	5909237
407030	5909249
407031	5909261
407032	5909273
407033	5909287
407034	5909297
407035	5909303
407036	5909317
407037	5909383
407038	5909389
407039	5909411
407040	5909429
407041	5909473
407042	5909479
407043	5909483
407044	5909509
407045	5909549
407046	5909567
407047	5909581
407048	5909587
407049	5909599
407050	5909621
407051	5909647
407052	5909663
407053	5909669
407054	5909671
407055	5909681
407056	5909737
407057	5909749
407058	5909759
407059	5909767
407060	5909777
407061	5909789
407062	5909797
407063	5909807
407064	5909819
407065	5909821
407066	5909833
407067	5909837
407068	5909843
407069	5909879
407070	5909887
407071	5909903
407072	5909909
407073	5909927
407074	5909957
407075	5909983
407076	5909987
407077	5909993
407078	5910029
407079	5910041
407080	5910053
407081	5910059
407082	5910097
407083	5910127
407084	5910133
407085	5910143
407086	5910161
407087	5910173
407088	5910251
407089	5910277
407090	5910283
407091	5910293
407092	5910301
407093	5910313
407094	5910319
407095	5910323
407096	5910337
407097	5910341
407098	5910353
407099	5910361
407100	5910371
407101	5910389
407102	5910397
407103	5910413
407104	5910427
407105	5910433
407106	5910467
407107	5910469
407108	5910493
407109	5910521
407110	5910523
407111	5910529
407112	5910533
407113	5910547
407114	5910551
407115	5910559
407116	5910581
407117	5910599
407118	5910607
407119	5910617
407120	5910623
407121	5910637
407122	5910647
407123	5910659
407124	5910703
407125	5910721
407126	5910727
407127	5910731
407128	5910733
407129	5910761
407130	5910769
407131	5910803
407132	5910811
407133	5910829
407134	5910841
407135	5910857
407136	5910901
407137	5910907
407138	5910911
407139	5910913
407140	5910943
407141	5910953
407142	5910967
407143	5910973
407144	5910991
407145	5910997
407146	5911027
407147	5911039
407148	5911051
407149	5911057
407150	5911063
407151	5911079
407152	5911091
407153	5911097
407154	5911123
407155	5911127
407156	5911153
407157	5911163
407158	5911181
407159	5911183
407160	5911193
407161	5911201
407162	5911211
407163	5911229
407164	5911267
407165	5911289
407166	5911309
407167	5911313
407168	5911319
407169	5911351
407170	5911357
407171	5911361
407172	5911417
407173	5911439
407174	5911463
407175	5911481
407176	5911487
407177	5911501
407178	5911513
407179	5911523
407180	5911537
407181	5911541
407182	5911547
407183	5911553
407184	5911559
407185	5911579
407186	5911589
407187	5911651
407188	5911657
407189	5911663
407190	5911681
407191	5911709
407192	5911721
407193	5911729
407194	5911739
407195	5911747
407196	5911751
407197	5911757
407198	5911777
407199	5911781
407200	5911811
407201	5911817
407202	5911819
407203	5911837
407204	5911849
407205	5911877
407206	5911883
407207	5911901
407208	5911921
407209	5911931
407210	5911933
407211	5911951
407212	5911963
407213	5911973
407214	5911981
407215	5911987
407216	5911993
407217	5912017
407218	5912029
407219	5912033
407220	5912057
407221	5912089
407222	5912111
407223	5912117
407224	5912183
407225	5912189
407226	5912239
407227	5912251
407228	5912261
407229	5912279
407230	5912293
407231	5912321
407232	5912327
407233	5912329
407234	5912353
407235	5912369
407236	5912377
407237	5912381
407238	5912393
407239	5912429
407240	5912437
407241	5912461
407242	5912483
407243	5912507
407244	5912527
407245	5912531
407246	5912539
407247	5912579
407248	5912581
407249	5912593
407250	5912603
407251	5912609
407252	5912657
407253	5912659
407254	5912663
407255	5912681
407256	5912689
407257	5912693
407258	5912701
407259	5912717
407260	5912747
407261	5912749
407262	5912761
407263	5912773
407264	5912813
407265	5912827
407266	5912831
407267	5912833
407268	5912861
407269	5912867
407270	5912873
407271	5912899
407272	5912903
407273	5912917
407274	5912939
407275	5912983
407276	5912987
407277	5912989
407278	5912999
407279	5913031
407280	5913041
407281	5913049
407282	5913067
407283	5913097
407284	5913109
407285	5913121
407286	5913133
407287	5913163
407288	5913179
407289	5913181
407290	5913191
407291	5913197
407292	5913203
407293	5913221
407294	5913223
407295	5913233
407296	5913241
407297	5913251
407298	5913253
407299	5913269
407300	5913283
407301	5913289
407302	5913293
407303	5913319
407304	5913329
407305	5913337
407306	5913367
407307	5913371
407308	5913373
407309	5913379
407310	5913409
407311	5913421
407312	5913431
407313	5913437
407314	5913443
407315	5913463
407316	5913473
407317	5913497
407318	5913499
407319	5913517
407320	5913521
407321	5913527
407322	5913533
407323	5913559
407324	5913563
407325	5913571
407326	5913601
407327	5913631
407328	5913643
407329	5913679
407330	5913689
407331	5913707
407332	5913727
407333	5913757
407334	5913763
407335	5913797
407336	5913823
407337	5913857
407338	5913863
407339	5913893
407340	5913907
407341	5913911
407342	5913913
407343	5913917
407344	5913923
407345	5913931
407346	5913937
407347	5913953
407348	5913979
407349	5914003
407350	5914021
407351	5914039
407352	5914049
407353	5914061
407354	5914063
407355	5914067
407356	5914093
407357	5914121
407358	5914123
407359	5914141
407360	5914159
407361	5914163
407362	5914171
407363	5914189
407364	5914193
407365	5914199
407366	5914201
407367	5914247
407368	5914261
407369	5914267
407370	5914277
407371	5914303
407372	5914309
407373	5914327
407374	5914333
407375	5914343
407376	5914357
407377	5914369
407378	5914393
407379	5914409
407380	5914411
407381	5914421
407382	5914423
407383	5914451
407384	5914457
407385	5914471
407386	5914477
407387	5914483
407388	5914501
407389	5914511
407390	5914553
407391	5914591
407392	5914609
407393	5914627
407394	5914717
407395	5914723
407396	5914739
407397	5914751
407398	5914763
407399	5914787
407400	5914789
407401	5914801
407402	5914807
407403	5914813
407404	5914817
407405	5914819
407406	5914873
407407	5914879
407408	5914889
407409	5914897
407410	5914919
407411	5914921
407412	5914991
407413	5914999
407414	5915003
407415	5915033
407416	5915047
407417	5915051
407418	5915057
407419	5915069
407420	5915083
407421	5915087
407422	5915093
407423	5915113
407424	5915131
407425	5915149
407426	5915183
407427	5915191
407428	5915197
407429	5915219
407430	5915233
407431	5915237
407432	5915293
407433	5915297
407434	5915323
407435	5915339
407436	5915341
407437	5915359
407438	5915401
407439	5915417
407440	5915419
407441	5915431
407442	5915443
407443	5915447
407444	5915453
407445	5915477
407446	5915491
407447	5915501
407448	5915509
407449	5915519
407450	5915543
407451	5915551
407452	5915557
407453	5915573
407454	5915587
407455	5915621
407456	5915683
407457	5915717
407458	5915731
407459	5915737
407460	5915743
407461	5915773
407462	5915803
407463	5915809
407464	5915831
407465	5915839
407466	5915851
407467	5915857
407468	5915863
407469	5915867
407470	5915869
407471	5915887
407472	5915891
407473	5915911
407474	5915929
407475	5915939
407476	5915951
407477	5915957
407478	5915969
407479	5915977
407480	5915999
407481	5916007
407482	5916023
407483	5916047
407484	5916061
407485	5916077
407486	5916089
407487	5916101
407488	5916109
407489	5916143
407490	5916149
407491	5916151
407492	5916161
407493	5916173
407494	5916179
407495	5916191
407496	5916199
407497	5916227
407498	5916233
407499	5916247
407500	5916269
407501	5916271
407502	5916299
407503	5916307
407504	5916311
407505	5916349
407506	5916367
407507	5916401
407508	5916419
407509	5916433
407510	5916437
407511	5916439
407512	5916457
407513	5916481
407514	5916503
407515	5916511
407516	5916517
407517	5916529
407518	5916539
407519	5916557
407520	5916583
407521	5916593
407522	5916601
407523	5916613
407524	5916623
407525	5916637
407526	5916649
407527	5916661
407528	5916683
407529	5916719
407530	5916721
407531	5916739
407532	5916763
407533	5916767
407534	5916769
407535	5916797
407536	5916839
407537	5916851
407538	5916853
407539	5916871
407540	5916881
407541	5916907
407542	5916919
407543	5916931
407544	5916941
407545	5916943
407546	5916949
407547	5916959
407548	5916979
407549	5916991
407550	5917007
407551	5917013
407552	5917039
407553	5917099
407554	5917103
407555	5917117
407556	5917123
407557	5917127
407558	5917157
407559	5917181
407560	5917201
407561	5917213
407562	5917229
407563	5917231
407564	5917259
407565	5917267
407566	5917271
407567	5917277
407568	5917297
407569	5917313
407570	5917321
407571	5917349
407572	5917361
407573	5917367
407574	5917381
407575	5917393
407576	5917403
407577	5917423
407578	5917451
407579	5917459
407580	5917477
407581	5917481
407582	5917511
407583	5917517
407584	5917519
407585	5917543
407586	5917567
407587	5917577
407588	5917619
407589	5917627
407590	5917631
407591	5917633
407592	5917661
407593	5917673
407594	5917687
407595	5917727
407596	5917729
407597	5917741
407598	5917757
407599	5917771
407600	5917781
407601	5917783
407602	5917823
407603	5917829
407604	5917837
407605	5917843
407606	5917859
407607	5917861
407608	5917871
407609	5917883
407610	5917897
407611	5917903
407612	5917907
407613	5917913
407614	5917963
407615	5918009
407616	5918021
407617	5918027
407618	5918051
407619	5918053
407620	5918083
407621	5918093
407622	5918111
407623	5918119
407624	5918123
407625	5918147
407626	5918161
407627	5918167
407628	5918173
407629	5918189
407630	5918191
407631	5918201
407632	5918207
407633	5918221
407634	5918239
407635	5918243
407636	5918251
407637	5918273
407638	5918279
407639	5918293
407640	5918299
407641	5918317
407642	5918321
407643	5918323
407644	5918371
407645	5918377
407646	5918387
407647	5918389
407648	5918399
407649	5918401
407650	5918413
407651	5918417
407652	5918441
407653	5918447
407654	5918461
407655	5918501
407656	5918509
407657	5918527
407658	5918531
407659	5918573
407660	5918599
407661	5918603
407662	5918623
407663	5918657
407664	5918681
407665	5918683
407666	5918687
407667	5918699
407668	5918723
407669	5918741
407670	5918753
407671	5918777
407672	5918789
407673	5918863
407674	5918867
407675	5918879
407676	5918909
407677	5918921
407678	5918933
407679	5918947
407680	5918953
407681	5918977
407682	5918999
407683	5919031
407684	5919041
407685	5919061
407686	5919071
407687	5919091
407688	5919097
407689	5919107
407690	5919131
407691	5919139
407692	5919157
407693	5919181
407694	5919191
407695	5919197
407696	5919229
407697	5919253
407698	5919269
407699	5919271
407700	5919283
407701	5919289
407702	5919367
407703	5919373
407704	5919377
407705	5919427
407706	5919437
407707	5919449
407708	5919467
407709	5919491
407710	5919493
407711	5919499
407712	5919547
407713	5919559
407714	5919577
407715	5919581
407716	5919607
407717	5919611
407718	5919629
407719	5919631
407720	5919673
407721	5919679
407722	5919691
407723	5919713
407724	5919721
407725	5919733
407726	5919737
407727	5919743
407728	5919751
407729	5919761
407730	5919779
407731	5919787
407732	5919817
407733	5919829
407734	5919833
407735	5919863
407736	5919869
407737	5919877
407738	5919911
407739	5919923
407740	5919929
407741	5919931
407742	5919937
407743	5919959
407744	5919971
407745	5920003
407746	5920043
407747	5920049
407748	5920069
407749	5920091
407750	5920099
407751	5920121
407752	5920127
407753	5920139
407754	5920151
407755	5920157
407756	5920169
407757	5920171
407758	5920207
407759	5920219
407760	5920241
407761	5920247
407762	5920249
407763	5920253
407764	5920273
407765	5920279
407766	5920289
407767	5920303
407768	5920309
407769	5920319
407770	5920351
407771	5920357
407772	5920363
407773	5920367
407774	5920391
407775	5920399
407776	5920423
407777	5920429
407778	5920433
407779	5920463
407780	5920469
407781	5920483
407782	5920487
407783	5920489
407784	5920501
407785	5920511
407786	5920513
407787	5920529
407788	5920549
407789	5920561
407790	5920567
407791	5920633
407792	5920657
407793	5920667
407794	5920679
407795	5920693
407796	5920711
407797	5920741
407798	5920757
407799	5920787
407800	5920801
407801	5920829
407802	5920853
407803	5920877
407804	5920891
407805	5920897
407806	5920909
407807	5920921
407808	5920931
407809	5920939
407810	5920949
407811	5920961
407812	5920979
407813	5920997
407814	5921009
407815	5921011
407816	5921039
407817	5921089
407818	5921101
407819	5921119
407820	5921131
407821	5921159
407822	5921173
407823	5921177
407824	5921231
407825	5921233
407826	5921239
407827	5921257
407828	5921263
407829	5921269
407830	5921291
407831	5921297
407832	5921309
407833	5921317
407834	5921351
407835	5921353
407836	5921359
407837	5921371
407838	5921411
407839	5921413
407840	5921431
407841	5921459
407842	5921473
407843	5921477
407844	5921479
407845	5921501
407846	5921533
407847	5921543
407848	5921549
407849	5921561
407850	5921599
407851	5921639
407852	5921677
407853	5921681
407854	5921683
407855	5921689
407856	5921717
407857	5921737
407858	5921759
407859	5921789
407860	5921791
407861	5921807
407862	5921809
407863	5921869
407864	5921891
407865	5921893
407866	5921957
407867	5921959
407868	5921989
407869	5922013
407870	5922019
407871	5922029
407872	5922031
407873	5922067
407874	5922071
407875	5922073
407876	5922083
407877	5922097
407878	5922107
407879	5922113
407880	5922127
407881	5922143
407882	5922151
407883	5922157
407884	5922173
407885	5922179
407886	5922187
407887	5922221
407888	5922223
407889	5922227
407890	5922229
407891	5922251
407892	5922253
407893	5922269
407894	5922283
407895	5922289
407896	5922311
407897	5922317
407898	5922349
407899	5922353
407900	5922359
407901	5922383
407902	5922419
407903	5922421
407904	5922437
407905	5922451
407906	5922461
407907	5922463
407908	5922473
407909	5922481
407910	5922487
407911	5922493
407912	5922503
407913	5922533
407914	5922541
407915	5922577
407916	5922593
407917	5922617
407918	5922619
407919	5922629
407920	5922649
407921	5922667
407922	5922671
407923	5922677
407924	5922713
407925	5922743
407926	5922751
407927	5922773
407928	5922779
407929	5922781
407930	5922793
407931	5922811
407932	5922823
407933	5922827
407934	5922841
407935	5922853
407936	5922857
407937	5922859
407938	5922877
407939	5922881
407940	5922883
407941	5922887
407942	5922911
407943	5922913
407944	5922941
407945	5922971
407946	5922979
407947	5922991
407948	5923009
407949	5923019
407950	5923031
407951	5923051
407952	5923061
407953	5923067
407954	5923087
407955	5923097
407956	5923133
407957	5923189
407958	5923223
407959	5923237
407960	5923241
407961	5923243
407962	5923261
407963	5923271
407964	5923297
407965	5923319
407966	5923321
407967	5923331
407968	5923343
407969	5923369
407970	5923433
407971	5923471
407972	5923493
407973	5923501
407974	5923507
407975	5923513
407976	5923517
407977	5923523
407978	5923529
407979	5923553
407980	5923571
407981	5923591
407982	5923597
407983	5923609
407984	5923669
407985	5923679
407986	5923681
407987	5923691
407988	5923699
407989	5923711
407990	5923727
407991	5923733
407992	5923741
407993	5923783
407994	5923787
407995	5923829
407996	5923843
407997	5923847
407998	5923849
407999	5923889
408000	5923901
