410001	5955043
410002	5955067
410003	5955071
410004	5955073
410005	5955107
410006	5955119
410007	5955139
410008	5955149
410009	5955181
410010	5955197
410011	5955211
410012	5955221
410013	5955241
410014	5955259
410015	5955281
410016	5955307
410017	5955311
410018	5955329
410019	5955331
410020	5955337
410021	5955343
410022	5955347
410023	5955349
410024	5955359
410025	5955361
410026	5955403
410027	5955419
410028	5955421
410029	5955431
410030	5955437
410031	5955487
410032	5955497
410033	5955517
410034	5955529
410035	5955533
410036	5955539
410037	5955541
410038	5955553
410039	5955583
410040	5955611
410041	5955617
410042	5955623
410043	5955647
410044	5955671
410045	5955709
410046	5955737
410047	5955743
410048	5955749
410049	5955773
410050	5955821
410051	5955823
410052	5955839
410053	5955841
410054	5955863
410055	5955877
410056	5955883
410057	5955923
410058	5955931
410059	5955959
410060	5956003
410061	5956007
410062	5956031
410063	5956037
410064	5956073
410065	5956129
410066	5956133
410067	5956141
410068	5956151
410069	5956157
410070	5956187
410071	5956189
410072	5956199
410073	5956207
410074	5956211
410075	5956213
410076	5956219
410077	5956229
410078	5956259
410079	5956277
410080	5956337
410081	5956351
410082	5956361
410083	5956373
410084	5956393
410085	5956399
410086	5956417
410087	5956421
410088	5956429
410089	5956459
410090	5956493
410091	5956507
410092	5956537
410093	5956541
410094	5956543
410095	5956549
410096	5956591
410097	5956607
410098	5956627
410099	5956663
410100	5956669
410101	5956697
410102	5956739
410103	5956751
410104	5956759
410105	5956763
410106	5956771
410107	5956787
410108	5956789
410109	5956801
410110	5956807
410111	5956831
410112	5956843
410113	5956913
410114	5956927
410115	5956933
410116	5956943
410117	5956957
410118	5956967
410119	5956997
410120	5957009
410121	5957027
410122	5957033
410123	5957047
410124	5957059
410125	5957071
410126	5957087
410127	5957117
410128	5957129
410129	5957137
410130	5957141
410131	5957143
410132	5957167
410133	5957173
410134	5957179
410135	5957197
410136	5957201
410137	5957219
410138	5957221
410139	5957227
410140	5957249
410141	5957251
410142	5957257
410143	5957261
410144	5957269
410145	5957291
410146	5957309
410147	5957339
410148	5957387
410149	5957389
410150	5957411
410151	5957459
410152	5957509
410153	5957513
410154	5957527
410155	5957563
410156	5957591
410157	5957617
410158	5957639
410159	5957641
410160	5957663
410161	5957671
410162	5957689
410163	5957711
410164	5957723
410165	5957729
410166	5957737
410167	5957741
410168	5957753
410169	5957771
410170	5957801
410171	5957821
410172	5957839
410173	5957843
410174	5957857
410175	5957881
410176	5957899
410177	5957911
410178	5957933
410179	5957953
410180	5957969
410181	5957971
410182	5957981
410183	5958047
410184	5958061
410185	5958067
410186	5958089
410187	5958097
410188	5958131
410189	5958133
410190	5958163
410191	5958179
410192	5958181
410193	5958193
410194	5958217
410195	5958247
410196	5958257
410197	5958263
410198	5958269
410199	5958289
410200	5958299
410201	5958301
410202	5958317
410203	5958319
410204	5958349
410205	5958367
410206	5958371
410207	5958389
410208	5958401
410209	5958431
410210	5958437
410211	5958439
410212	5958451
410213	5958473
410214	5958499
410215	5958503
410216	5958521
410217	5958527
410218	5958569
410219	5958577
410220	5958583
410221	5958607
410222	5958643
410223	5958671
410224	5958683
410225	5958691
410226	5958709
410227	5958749
410228	5958751
410229	5958763
410230	5958767
410231	5958773
410232	5958781
410233	5958787
410234	5958839
410235	5958853
410236	5958871
410237	5958877
410238	5958881
410239	5958889
410240	5958893
410241	5958923
410242	5958929
410243	5958947
410244	5958971
410245	5959039
410246	5959043
410247	5959067
410248	5959073
410249	5959081
410250	5959087
410251	5959111
410252	5959127
410253	5959133
410254	5959147
410255	5959153
410256	5959189
410257	5959193
410258	5959199
410259	5959211
410260	5959237
410261	5959253
410262	5959259
410263	5959279
410264	5959307
410265	5959313
410266	5959319
410267	5959339
410268	5959361
410269	5959381
410270	5959397
410271	5959399
410272	5959403
410273	5959411
410274	5959423
410275	5959427
410276	5959433
410277	5959487
410278	5959489
410279	5959511
410280	5959519
410281	5959543
410282	5959549
410283	5959567
410284	5959589
410285	5959601
410286	5959607
410287	5959619
410288	5959633
410289	5959661
410290	5959663
410291	5959687
410292	5959721
410293	5959727
410294	5959739
410295	5959747
410296	5959763
410297	5959771
410298	5959799
410299	5959813
410300	5959817
410301	5959831
410302	5959853
410303	5959867
410304	5959871
410305	5959879
410306	5959937
410307	5959949
410308	5959957
410309	5959963
410310	5959969
410311	5959973
410312	5960027
410313	5960041
410314	5960077
410315	5960083
410316	5960089
410317	5960099
410318	5960113
410319	5960137
410320	5960159
410321	5960173
410322	5960179
410323	5960203
410324	5960261
410325	5960267
410326	5960287
410327	5960309
410328	5960323
410329	5960329
410330	5960333
410331	5960347
410332	5960389
410333	5960413
410334	5960429
410335	5960431
410336	5960443
410337	5960453
410338	5960483
410339	5960501
410340	5960503
410341	5960527
410342	5960543
410343	5960599
410344	5960627
410345	5960639
410346	5960671
410347	5960683
410348	5960701
410349	5960707
410350	5960719
410351	5960723
410352	5960729
410353	5960753
410354	5960767
410355	5960777
410356	5960791
410357	5960797
410358	5960803
410359	5960807
410360	5960809
410361	5960821
410362	5960827
410363	5960831
410364	5960833
410365	5960849
410366	5960861
410367	5960881
410368	5960891
410369	5960909
410370	5960917
410371	5960951
410372	5960957
410373	5960971
410374	5960993
410375	5961001
410376	5961017
410377	5961049
410378	5961091
410379	5961097
410380	5961119
410381	5961127
410382	5961149
410383	5961157
410384	5961167
410385	5961173
410386	5961199
410387	5961217
410388	5961223
410389	5961233
410390	5961239
410391	5961259
410392	5961283
410393	5961287
410394	5961289
410395	5961299
410396	5961311
410397	5961313
410398	5961337
410399	5961343
410400	5961349
410401	5961353
410402	5961379
410403	5961401
410404	5961409
410405	5961427
410406	5961437
410407	5961457
410408	5961463
410409	5961481
410410	5961491
410411	5961499
410412	5961503
410413	5961511
410414	5961533
410415	5961539
410416	5961547
410417	5961569
410418	5961581
410419	5961583
410420	5961587
410421	5961643
410422	5961647
410423	5961653
410424	5961689
410425	5961707
410426	5961721
410427	5961731
410428	5961737
410429	5961751
410430	5961757
410431	5961779
410432	5961793
410433	5961797
410434	5961833
410435	5961859
410436	5961863
410437	5961869
410438	5961881
410439	5961887
410440	5961919
410441	5961931
410442	5961971
410443	5961979
410444	5962001
410445	5962027
410446	5962031
410447	5962039
410448	5962043
410449	5962063
410450	5962093
410451	5962109
410452	5962123
410453	5962133
410454	5962153
410455	5962157
410456	5962171
410457	5962183
410458	5962193
410459	5962207
410460	5962241
410461	5962259
410462	5962277
410463	5962283
410464	5962289
410465	5962331
410466	5962379
410467	5962381
410468	5962387
410469	5962391
410470	5962399
410471	5962417
410472	5962433
410473	5962441
410474	5962459
410475	5962477
410476	5962499
410477	5962519
410478	5962547
410479	5962549
410480	5962573
410481	5962577
410482	5962591
410483	5962601
410484	5962613
410485	5962643
410486	5962673
410487	5962679
410488	5962709
410489	5962711
410490	5962721
410491	5962729
410492	5962741
410493	5962763
410494	5962769
410495	5962771
410496	5962783
410497	5962787
410498	5962823
410499	5962837
410500	5962849
410501	5962867
410502	5962907
410503	5962909
410504	5962919
410505	5962949
410506	5962967
410507	5962973
410508	5963011
410509	5963021
410510	5963047
410511	5963051
410512	5963053
410513	5963059
410514	5963119
410515	5963147
410516	5963149
410517	5963159
410518	5963173
410519	5963203
410520	5963213
410521	5963227
410522	5963249
410523	5963257
410524	5963263
410525	5963317
410526	5963341
410527	5963351
410528	5963381
410529	5963411
410530	5963423
410531	5963449
410532	5963459
410533	5963471
410534	5963479
410535	5963519
410536	5963527
410537	5963537
410538	5963557
410539	5963561
410540	5963569
410541	5963579
410542	5963599
410543	5963609
410544	5963611
410545	5963621
410546	5963641
410547	5963653
410548	5963669
410549	5963677
410550	5963707
410551	5963729
410552	5963731
410553	5963761
410554	5963773
410555	5963791
410556	5963809
410557	5963813
410558	5963827
410559	5963833
410560	5963843
410561	5963857
410562	5963869
410563	5963899
410564	5963911
410565	5963927
410566	5963933
410567	5963939
410568	5963981
410569	5963989
410570	5964001
410571	5964017
410572	5964019
410573	5964041
410574	5964083
410575	5964097
410576	5964103
410577	5964113
410578	5964149
410579	5964163
410580	5964181
410581	5964187
410582	5964191
410583	5964197
410584	5964209
410585	5964223
410586	5964241
410587	5964247
410588	5964293
410589	5964313
410590	5964341
410591	5964359
410592	5964373
410593	5964377
410594	5964391
410595	5964419
410596	5964443
410597	5964457
410598	5964473
410599	5964481
410600	5964503
410601	5964523
410602	5964527
410603	5964529
410604	5964533
410605	5964551
410606	5964559
410607	5964593
410608	5964599
410609	5964631
410610	5964653
410611	5964661
410612	5964677
410613	5964683
410614	5964697
410615	5964701
410616	5964709
410617	5964719
410618	5964731
410619	5964743
410620	5964767
410621	5964793
410622	5964811
410623	5964839
410624	5964857
410625	5964863
410626	5964877
410627	5964883
410628	5964887
410629	5964919
410630	5964941
410631	5964947
410632	5964949
410633	5964979
410634	5964983
410635	5964997
410636	5965009
410637	5965013
410638	5965019
410639	5965021
410640	5965067
410641	5965093
410642	5965123
410643	5965139
410644	5965163
410645	5965171
410646	5965247
410647	5965273
410648	5965279
410649	5965301
410650	5965307
410651	5965319
410652	5965321
410653	5965327
410654	5965331
410655	5965343
410656	5965397
410657	5965409
410658	5965417
410659	5965429
410660	5965439
410661	5965447
410662	5965469
410663	5965483
410664	5965489
410665	5965493
410666	5965501
410667	5965507
410668	5965511
410669	5965537
410670	5965573
410671	5965643
410672	5965649
410673	5965651
410674	5965669
410675	5965693
410676	5965697
410677	5965699
410678	5965709
410679	5965721
410680	5965723
410681	5965727
410682	5965781
410683	5965783
410684	5965789
410685	5965807
410686	5965819
410687	5965831
410688	5965847
410689	5965849
410690	5965853
410691	5965873
410692	5965877
410693	5965907
410694	5965933
410695	5965961
410696	5965979
410697	5966011
410698	5966017
410699	5966029
410700	5966041
410701	5966047
410702	5966063
410703	5966087
410704	5966101
410705	5966113
410706	5966117
410707	5966143
410708	5966153
410709	5966183
410710	5966189
410711	5966239
410712	5966243
410713	5966273
410714	5966281
410715	5966299
410716	5966309
410717	5966339
410718	5966341
410719	5966347
410720	5966351
410721	5966357
410722	5966377
410723	5966381
410724	5966383
410725	5966393
410726	5966413
410727	5966419
410728	5966459
410729	5966483
410730	5966491
410731	5966497
410732	5966501
410733	5966503
410734	5966531
410735	5966533
410736	5966537
410737	5966549
410738	5966557
410739	5966561
410740	5966563
410741	5966573
410742	5966579
410743	5966599
410744	5966629
410745	5966651
410746	5966659
410747	5966669
410748	5966693
410749	5966699
410750	5966717
410751	5966773
410752	5966797
410753	5966803
410754	5966839
410755	5966843
410756	5966861
410757	5966887
410758	5966921
410759	5966923
410760	5966929
410761	5966963
410762	5966971
410763	5966993
410764	5966999
410765	5967019
410766	5967029
410767	5967037
410768	5967043
410769	5967061
410770	5967079
410771	5967109
410772	5967133
410773	5967151
410774	5967161
410775	5967163
410776	5967179
410777	5967193
410778	5967251
410779	5967253
410780	5967271
410781	5967277
410782	5967287
410783	5967293
410784	5967317
410785	5967341
410786	5967347
410787	5967433
410788	5967439
410789	5967461
410790	5967487
410791	5967499
410792	5967503
410793	5967517
410794	5967547
410795	5967553
410796	5967571
410797	5967589
410798	5967601
410799	5967631
410800	5967667
410801	5967679
410802	5967737
410803	5967743
410804	5967749
410805	5967803
410806	5967809
410807	5967839
410808	5967851
410809	5967877
410810	5967887
410811	5967889
410812	5967893
410813	5967917
410814	5967931
410815	5967937
410816	5967947
410817	5967977
410818	5967979
410819	5967991
410820	5968007
410821	5968009
410822	5968019
410823	5968021
410824	5968031
410825	5968043
410826	5968049
410827	5968051
410828	5968087
410829	5968091
410830	5968093
410831	5968097
410832	5968103
410833	5968121
410834	5968133
410835	5968141
410836	5968163
410837	5968181
410838	5968199
410839	5968217
410840	5968219
410841	5968231
410842	5968253
410843	5968267
410844	5968279
410845	5968307
410846	5968367
410847	5968379
410848	5968409
410849	5968439
410850	5968453
410851	5968463
410852	5968471
410853	5968481
410854	5968549
410855	5968583
410856	5968591
410857	5968601
410858	5968609
410859	5968621
410860	5968643
410861	5968681
410862	5968691
410863	5968723
410864	5968741
410865	5968759
410866	5968783
410867	5968801
410868	5968811
410869	5968813
410870	5968817
410871	5968843
410872	5968849
410873	5968883
410874	5968889
410875	5968901
410876	5968909
410877	5968927
410878	5968939
410879	5968961
410880	5968973
410881	5968981
410882	5968987
410883	5968993
410884	5968997
410885	5969009
410886	5969027
410887	5969053
410888	5969063
410889	5969107
410890	5969123
410891	5969129
410892	5969147
410893	5969153
410894	5969177
410895	5969179
410896	5969221
410897	5969233
410898	5969237
410899	5969239
410900	5969263
410901	5969269
410902	5969279
410903	5969309
410904	5969333
410905	5969347
410906	5969357
410907	5969393
410908	5969407
410909	5969413
410910	5969417
410911	5969437
410912	5969449
410913	5969461
410914	5969473
410915	5969479
410916	5969507
410917	5969519
410918	5969531
410919	5969569
410920	5969573
410921	5969597
410922	5969651
410923	5969653
410924	5969657
410925	5969659
410926	5969681
410927	5969729
410928	5969741
410929	5969753
410930	5969773
410931	5969779
410932	5969809
410933	5969813
410934	5969827
410935	5969833
410936	5969861
410937	5969863
410938	5969897
410939	5969921
410940	5969927
410941	5969939
410942	5969947
410943	5969959
410944	5969993
410945	5970001
410946	5970017
410947	5970023
410948	5970037
410949	5970053
410950	5970067
410951	5970071
410952	5970089
410953	5970101
410954	5970119
410955	5970121
410956	5970127
410957	5970137
410958	5970157
410959	5970191
410960	5970193
410961	5970203
410962	5970221
410963	5970227
410964	5970241
410965	5970277
410966	5970287
410967	5970299
410968	5970301
410969	5970329
410970	5970337
410971	5970347
410972	5970359
410973	5970373
410974	5970443
410975	5970449
410976	5970487
410977	5970499
410978	5970509
410979	5970511
410980	5970533
410981	5970557
410982	5970563
410983	5970577
410984	5970589
410985	5970599
410986	5970649
410987	5970661
410988	5970673
410989	5970677
410990	5970697
410991	5970703
410992	5970721
410993	5970733
410994	5970763
410995	5970773
410996	5970779
410997	5970787
410998	5970793
410999	5970799
411000	5970803
