411001	5970827
411002	5970847
411003	5970857
411004	5970901
411005	5970919
411006	5970967
411007	5970983
411008	5970989
411009	5971001
411010	5971027
411011	5971061
411012	5971067
411013	5971081
411014	5971087
411015	5971093
411016	5971123
411017	5971151
411018	5971157
411019	5971193
411020	5971243
411021	5971253
411022	5971279
411023	5971297
411024	5971307
411025	5971309
411026	5971321
411027	5971337
411028	5971379
411029	5971391
411030	5971409
411031	5971411
411032	5971429
411033	5971439
411034	5971447
411035	5971451
411036	5971463
411037	5971481
411038	5971487
411039	5971489
411040	5971507
411041	5971517
411042	5971519
411043	5971543
411044	5971547
411045	5971549
411046	5971577
411047	5971591
411048	5971621
411049	5971627
411050	5971639
411051	5971657
411052	5971663
411053	5971673
411054	5971699
411055	5971703
411056	5971723
411057	5971759
411058	5971781
411059	5971793
411060	5971799
411061	5971807
411062	5971813
411063	5971841
411064	5971873
411065	5971877
411066	5971919
411067	5971939
411068	5971951
411069	5971993
411070	5972003
411071	5972009
411072	5972017
411073	5972051
411074	5972053
411075	5972063
411076	5972077
411077	5972107
411078	5972129
411079	5972147
411080	5972209
411081	5972257
411082	5972261
411083	5972279
411084	5972293
411085	5972297
411086	5972303
411087	5972311
411088	5972339
411089	5972357
411090	5972363
411091	5972377
411092	5972381
411093	5972383
411094	5972443
411095	5972453
411096	5972501
411097	5972507
411098	5972509
411099	5972513
411100	5972537
411101	5972557
411102	5972563
411103	5972567
411104	5972611
411105	5972647
411106	5972653
411107	5972671
411108	5972689
411109	5972699
411110	5972719
411111	5972723
411112	5972737
411113	5972741
411114	5972749
411115	5972767
411116	5972773
411117	5972779
411118	5972803
411119	5972851
411120	5972881
411121	5972903
411122	5972909
411123	5972917
411124	5972957
411125	5972959
411126	5972999
411127	5973013
411128	5973029
411129	5973041
411130	5973053
411131	5973083
411132	5973119
411133	5973131
411134	5973133
411135	5973139
411136	5973151
411137	5973161
411138	5973179
411139	5973197
411140	5973223
411141	5973257
411142	5973263
411143	5973287
411144	5973311
411145	5973313
411146	5973323
411147	5973329
411148	5973343
411149	5973347
411150	5973349
411151	5973361
411152	5973367
411153	5973389
411154	5973403
411155	5973433
411156	5973437
411157	5973439
411158	5973463
411159	5973481
411160	5973497
411161	5973503
411162	5973509
411163	5973521
411164	5973523
411165	5973533
411166	5973553
411167	5973563
411168	5973571
411169	5973587
411170	5973589
411171	5973599
411172	5973601
411173	5973637
411174	5973673
411175	5973679
411176	5973701
411177	5973707
411178	5973713
411179	5973719
411180	5973763
411181	5973811
411182	5973829
411183	5973853
411184	5973881
411185	5973883
411186	5973889
411187	5973893
411188	5973911
411189	5973937
411190	5973943
411191	5973949
411192	5973973
411193	5973991
411194	5974009
411195	5974019
411196	5974027
411197	5974039
411198	5974063
411199	5974079
411200	5974093
411201	5974097
411202	5974109
411203	5974121
411204	5974127
411205	5974139
411206	5974141
411207	5974187
411208	5974193
411209	5974211
411210	5974223
411211	5974237
411212	5974249
411213	5974271
411214	5974301
411215	5974313
411216	5974333
411217	5974337
411218	5974343
411219	5974363
411220	5974369
411221	5974387
411222	5974403
411223	5974421
411224	5974447
411225	5974459
411226	5974469
411227	5974471
411228	5974477
411229	5974487
411230	5974511
411231	5974543
411232	5974547
411233	5974583
411234	5974627
411235	5974669
411236	5974693
411237	5974697
411238	5974699
411239	5974711
411240	5974747
411241	5974757
411242	5974763
411243	5974777
411244	5974789
411245	5974799
411246	5974811
411247	5974817
411248	5974823
411249	5974853
411250	5974861
411251	5974877
411252	5974879
411253	5974897
411254	5974933
411255	5974937
411256	5974961
411257	5974999
411258	5975017
411259	5975023
411260	5975029
411261	5975051
411262	5975071
411263	5975089
411264	5975111
411265	5975117
411266	5975161
411267	5975171
411268	5975173
411269	5975191
411270	5975197
411271	5975209
411272	5975227
411273	5975257
411274	5975267
411275	5975287
411276	5975293
411277	5975311
411278	5975317
411279	5975341
411280	5975351
411281	5975369
411282	5975393
411283	5975401
411284	5975413
411285	5975441
411286	5975447
411287	5975503
411288	5975509
411289	5975513
411290	5975521
411291	5975527
411292	5975539
411293	5975597
411294	5975617
411295	5975659
411296	5975677
411297	5975681
411298	5975689
411299	5975701
411300	5975713
411301	5975773
411302	5975807
411303	5975813
411304	5975819
411305	5975831
411306	5975863
411307	5975869
411308	5975881
411309	5975887
411310	5975897
411311	5975903
411312	5975911
411313	5975923
411314	5975951
411315	5975953
411316	5975969
411317	5976007
411318	5976017
411319	5976023
411320	5976029
411321	5976031
411322	5976049
411323	5976071
411324	5976079
411325	5976181
411326	5976193
411327	5976209
411328	5976221
411329	5976281
411330	5976301
411331	5976319
411332	5976323
411333	5976329
411334	5976331
411335	5976337
411336	5976359
411337	5976403
411338	5976409
411339	5976413
411340	5976419
411341	5976449
411342	5976463
411343	5976491
411344	5976497
411345	5976541
411346	5976547
411347	5976557
411348	5976563
411349	5976569
411350	5976577
411351	5976599
411352	5976637
411353	5976653
411354	5976679
411355	5976701
411356	5976713
411357	5976727
411358	5976749
411359	5976787
411360	5976791
411361	5976793
411362	5976821
411363	5976823
411364	5976881
411365	5976889
411366	5976917
411367	5976923
411368	5976931
411369	5976947
411370	5976953
411371	5976959
411372	5976961
411373	5976967
411374	5977009
411375	5977019
411376	5977031
411377	5977051
411378	5977057
411379	5977073
411380	5977121
411381	5977159
411382	5977199
411383	5977211
411384	5977247
411385	5977253
411386	5977259
411387	5977261
411388	5977273
411389	5977289
411390	5977297
411391	5977303
411392	5977331
411393	5977333
411394	5977337
411395	5977339
411396	5977351
411397	5977357
411398	5977379
411399	5977397
411400	5977409
411401	5977429
411402	5977453
411403	5977469
411404	5977471
411405	5977487
411406	5977501
411407	5977511
411408	5977547
411409	5977549
411410	5977603
411411	5977607
411412	5977613
411413	5977619
411414	5977627
411415	5977639
411416	5977649
411417	5977651
411418	5977663
411419	5977667
411420	5977679
411421	5977681
411422	5977687
411423	5977691
411424	5977717
411425	5977733
411426	5977739
411427	5977747
411428	5977753
411429	5977801
411430	5977843
411431	5977847
411432	5977849
411433	5977859
411434	5977871
411435	5977877
411436	5977879
411437	5977889
411438	5977901
411439	5977921
411440	5977943
411441	5977949
411442	5977957
411443	5977963
411444	5977969
411445	5977981
411446	5977991
411447	5977997
411448	5978003
411449	5978047
411450	5978051
411451	5978059
411452	5978069
411453	5978083
411454	5978117
411455	5978131
411456	5978143
411457	5978149
411458	5978153
411459	5978171
411460	5978177
411461	5978213
411462	5978221
411463	5978227
411464	5978233
411465	5978239
411466	5978243
411467	5978261
411468	5978267
411469	5978279
411470	5978309
411471	5978311
411472	5978317
411473	5978341
411474	5978363
411475	5978377
411476	5978389
411477	5978393
411478	5978417
411479	5978449
411480	5978461
411481	5978471
411482	5978507
411483	5978513
411484	5978527
411485	5978537
411486	5978563
411487	5978603
411488	5978617
411489	5978633
411490	5978639
411491	5978653
411492	5978657
411493	5978659
411494	5978663
411495	5978681
411496	5978683
411497	5978699
411498	5978701
411499	5978723
411500	5978737
411501	5978783
411502	5978801
411503	5978803
411504	5978809
411505	5978813
411506	5978821
411507	5978831
411508	5978851
411509	5978857
411510	5978887
411511	5978891
411512	5978909
411513	5978911
411514	5978933
411515	5978993
411516	5979007
411517	5979023
411518	5979041
411519	5979049
411520	5979059
411521	5979067
411522	5979079
411523	5979097
411524	5979131
411525	5979143
411526	5979151
411527	5979173
411528	5979179
411529	5979203
411530	5979209
411531	5979229
411532	5979269
411533	5979271
411534	5979277
411535	5979283
411536	5979313
411537	5979331
411538	5979341
411539	5979361
411540	5979367
411541	5979377
411542	5979383
411543	5979397
411544	5979401
411545	5979409
411546	5979437
411547	5979443
411548	5979469
411549	5979527
411550	5979551
411551	5979581
411552	5979583
411553	5979593
411554	5979613
411555	5979629
411556	5979653
411557	5979679
411558	5979689
411559	5979703
411560	5979707
411561	5979731
411562	5979749
411563	5979761
411564	5979773
411565	5979781
411566	5979797
411567	5979811
411568	5979823
411569	5979859
411570	5979893
411571	5979899
411572	5979917
411573	5979929
411574	5979943
411575	5979947
411576	5979949
411577	5979959
411578	5979979
411579	5979983
411580	5979991
411581	5980021
411582	5980031
411583	5980033
411584	5980081
411585	5980099
411586	5980111
411587	5980127
411588	5980129
411589	5980151
411590	5980171
411591	5980189
411592	5980201
411593	5980223
411594	5980229
411595	5980237
411596	5980267
411597	5980279
411598	5980291
411599	5980319
411600	5980321
411601	5980333
411602	5980339
411603	5980363
411604	5980367
411605	5980393
411606	5980433
411607	5980439
411608	5980453
411609	5980477
411610	5980493
411611	5980517
411612	5980519
411613	5980531
411614	5980561
411615	5980567
411616	5980589
411617	5980591
411618	5980607
411619	5980619
411620	5980631
411621	5980661
411622	5980669
411623	5980673
411624	5980691
411625	5980693
411626	5980747
411627	5980781
411628	5980829
411629	5980859
411630	5980903
411631	5980921
411632	5980967
411633	5980973
411634	5980981
411635	5981021
411636	5981033
411637	5981051
411638	5981069
411639	5981071
411640	5981077
411641	5981099
411642	5981123
411643	5981137
411644	5981141
411645	5981149
411646	5981159
411647	5981167
411648	5981177
411649	5981179
411650	5981189
411651	5981191
411652	5981197
411653	5981201
411654	5981207
411655	5981237
411656	5981317
411657	5981323
411658	5981341
411659	5981347
411660	5981351
411661	5981359
411662	5981363
411663	5981377
411664	5981387
411665	5981411
411666	5981431
411667	5981441
411668	5981471
411669	5981483
411670	5981489
411671	5981491
411672	5981533
411673	5981539
411674	5981567
411675	5981579
411676	5981609
411677	5981629
411678	5981641
411679	5981659
411680	5981663
411681	5981669
411682	5981681
411683	5981683
411684	5981707
411685	5981711
411686	5981719
411687	5981749
411688	5981797
411689	5981813
411690	5981819
411691	5981851
411692	5981867
411693	5981873
411694	5981879
411695	5981887
411696	5981891
411697	5981939
411698	5981947
411699	5981971
411700	5981993
411701	5982007
411702	5982037
411703	5982043
411704	5982071
411705	5982121
411706	5982127
411707	5982173
411708	5982191
411709	5982217
411710	5982227
411711	5982233
411712	5982239
411713	5982241
411714	5982257
411715	5982293
411716	5982307
411717	5982329
411718	5982341
411719	5982371
411720	5982373
411721	5982401
411722	5982407
411723	5982413
411724	5982523
411725	5982527
411726	5982551
411727	5982563
411728	5982577
411729	5982601
411730	5982607
411731	5982611
411732	5982637
411733	5982661
411734	5982689
411735	5982709
411736	5982727
411737	5982731
411738	5982733
411739	5982751
411740	5982763
411741	5982773
411742	5982791
411743	5982803
411744	5982811
411745	5982817
411746	5982833
411747	5982839
411748	5982841
411749	5982869
411750	5982877
411751	5982881
411752	5982883
411753	5982931
411754	5982943
411755	5982947
411756	5982953
411757	5982971
411758	5982973
411759	5982983
411760	5983009
411761	5983027
411762	5983037
411763	5983051
411764	5983067
411765	5983069
411766	5983091
411767	5983121
411768	5983127
411769	5983129
411770	5983141
411771	5983169
411772	5983181
411773	5983183
411774	5983213
411775	5983231
411776	5983247
411777	5983259
411778	5983267
411779	5983277
411780	5983283
411781	5983297
411782	5983331
411783	5983339
411784	5983357
411785	5983361
411786	5983363
411787	5983391
411788	5983399
411789	5983421
411790	5983441
411791	5983447
411792	5983451
411793	5983459
411794	5983489
411795	5983511
411796	5983517
411797	5983531
411798	5983577
411799	5983583
411800	5983597
411801	5983619
411802	5983631
411803	5983661
411804	5983669
411805	5983693
411806	5983699
411807	5983723
411808	5983781
411809	5983799
411810	5983801
411811	5983807
411812	5983829
411813	5983849
411814	5983853
411815	5983877
411816	5983903
411817	5983907
411818	5983919
411819	5983921
411820	5983927
411821	5983931
411822	5983969
411823	5983997
411824	5984021
411825	5984053
411826	5984057
411827	5984059
411828	5984101
411829	5984131
411830	5984137
411831	5984159
411832	5984201
411833	5984203
411834	5984207
411835	5984213
411836	5984227
411837	5984233
411838	5984257
411839	5984261
411840	5984263
411841	5984299
411842	5984309
411843	5984327
411844	5984339
411845	5984371
411846	5984387
411847	5984399
411848	5984453
411849	5984471
411850	5984477
411851	5984479
411852	5984497
411853	5984501
411854	5984509
411855	5984513
411856	5984521
411857	5984533
411858	5984543
411859	5984567
411860	5984569
411861	5984579
411862	5984591
411863	5984597
411864	5984599
411865	5984659
411866	5984681
411867	5984687
411868	5984711
411869	5984717
411870	5984747
411871	5984749
411872	5984773
411873	5984777
411874	5984821
411875	5984837
411876	5984843
411877	5984851
411878	5984857
411879	5984879
411880	5984903
411881	5984911
411882	5984917
411883	5984921
411884	5984929
411885	5984939
411886	5984941
411887	5984947
411888	5984959
411889	5984963
411890	5984971
411891	5984977
411892	5984987
411893	5985011
411894	5985013
411895	5985029
411896	5985053
411897	5985059
411898	5985061
411899	5985073
411900	5985103
411901	5985143
411902	5985151
411903	5985169
411904	5985179
411905	5985193
411906	5985211
411907	5985233
411908	5985251
411909	5985257
411910	5985269
411911	5985283
411912	5985289
411913	5985307
411914	5985337
411915	5985341
411916	5985347
411917	5985349
411918	5985389
411919	5985401
411920	5985407
411921	5985431
411922	5985439
411923	5985461
411924	5985481
411925	5985493
411926	5985533
411927	5985541
411928	5985559
411929	5985583
411930	5985587
411931	5985611
411932	5985613
411933	5985647
411934	5985653
411935	5985659
411936	5985671
411937	5985673
411938	5985677
411939	5985689
411940	5985691
411941	5985709
411942	5985719
411943	5985739
411944	5985743
411945	5985761
411946	5985799
411947	5985809
411948	5985827
411949	5985829
411950	5985841
411951	5985871
411952	5985899
411953	5985913
411954	5985923
411955	5985929
411956	5985943
411957	5985983
411958	5985997
411959	5986009
411960	5986021
411961	5986027
411962	5986031
411963	5986033
411964	5986037
411965	5986039
411966	5986103
411967	5986111
411968	5986117
411969	5986147
411970	5986153
411971	5986157
411972	5986163
411973	5986177
411974	5986207
411975	5986231
411976	5986237
411977	5986271
411978	5986291
411979	5986303
411980	5986327
411981	5986333
411982	5986339
411983	5986381
411984	5986391
411985	5986427
411986	5986429
411987	5986433
411988	5986447
411989	5986471
411990	5986481
411991	5986483
411992	5986523
411993	5986537
411994	5986559
411995	5986571
411996	5986579
411997	5986583
411998	5986597
411999	5986609
412000	5986613
