412001	5986619
412002	5986621
412003	5986663
412004	5986679
412005	5986727
412006	5986733
412007	5986753
412008	5986759
412009	5986769
412010	5986777
412011	5986793
412012	5986817
412013	5986819
412014	5986823
412015	5986829
412016	5986867
412017	5986879
412018	5986889
412019	5986891
412020	5986901
412021	5986921
412022	5986927
412023	5986931
412024	5986951
412025	5986961
412026	5986979
412027	5986987
412028	5986991
412029	5986993
412030	5986997
412031	5987029
412032	5987057
412033	5987083
412034	5987101
412035	5987129
412036	5987141
412037	5987159
412038	5987167
412039	5987183
412040	5987221
412041	5987227
412042	5987231
412043	5987239
412044	5987243
412045	5987249
412046	5987257
412047	5987263
412048	5987273
412049	5987339
412050	5987341
412051	5987347
412052	5987389
412053	5987393
412054	5987411
412055	5987419
412056	5987437
412057	5987441
412058	5987447
412059	5987461
412060	5987467
412061	5987473
412062	5987477
412063	5987483
412064	5987503
412065	5987539
412066	5987549
412067	5987551
412068	5987561
412069	5987563
412070	5987573
412071	5987593
412072	5987609
412073	5987627
412074	5987629
412075	5987633
412076	5987651
412077	5987677
412078	5987687
412079	5987693
412080	5987701
412081	5987719
412082	5987731
412083	5987749
412084	5987759
412085	5987767
412086	5987771
412087	5987777
412088	5987789
412089	5987803
412090	5987819
412091	5987873
412092	5987897
412093	5987899
412094	5987903
412095	5987911
412096	5987921
412097	5987953
412098	5987959
412099	5987977
412100	5988001
412101	5988011
412102	5988013
412103	5988019
412104	5988061
412105	5988067
412106	5988079
412107	5988083
412108	5988113
412109	5988139
412110	5988163
412111	5988167
412112	5988193
412113	5988197
412114	5988217
412115	5988221
412116	5988251
412117	5988253
412118	5988271
412119	5988289
412120	5988293
412121	5988319
412122	5988331
412123	5988343
412124	5988347
412125	5988361
412126	5988371
412127	5988379
412128	5988421
412129	5988427
412130	5988443
412131	5988461
412132	5988467
412133	5988497
412134	5988511
412135	5988517
412136	5988557
412137	5988571
412138	5988589
412139	5988617
412140	5988659
412141	5988679
412142	5988691
412143	5988733
412144	5988737
412145	5988769
412146	5988791
412147	5988793
412148	5988817
412149	5988833
412150	5988839
412151	5988869
412152	5988883
412153	5988893
412154	5988943
412155	5988967
412156	5988973
412157	5988989
412158	5988991
412159	5989001
412160	5989007
412161	5989013
412162	5989019
412163	5989021
412164	5989043
412165	5989057
412166	5989099
412167	5989127
412168	5989171
412169	5989183
412170	5989241
412171	5989259
412172	5989271
412173	5989273
412174	5989297
412175	5989307
412176	5989309
412177	5989327
412178	5989349
412179	5989367
412180	5989381
412181	5989409
412182	5989429
412183	5989439
412184	5989463
412185	5989469
412186	5989481
412187	5989483
412188	5989493
412189	5989517
412190	5989537
412191	5989547
412192	5989561
412193	5989589
412194	5989601
412195	5989609
412196	5989619
412197	5989639
412198	5989663
412199	5989667
412200	5989673
412201	5989681
412202	5989691
412203	5989699
412204	5989703
412205	5989721
412206	5989751
412207	5989787
412208	5989793
412209	5989801
412210	5989811
412211	5989817
412212	5989829
412213	5989843
412214	5989853
412215	5989871
412216	5989873
412217	5989889
412218	5989897
412219	5989903
412220	5989909
412221	5989931
412222	5989939
412223	5989993
412224	5989999
412225	5990081
412226	5990119
412227	5990129
412228	5990147
412229	5990177
412230	5990183
412231	5990191
412232	5990203
412233	5990213
412234	5990221
412235	5990233
412236	5990249
412237	5990251
412238	5990293
412239	5990297
412240	5990311
412241	5990317
412242	5990353
412243	5990357
412244	5990363
412245	5990371
412246	5990381
412247	5990389
412248	5990401
412249	5990417
412250	5990423
412251	5990437
412252	5990441
412253	5990461
412254	5990473
412255	5990489
412256	5990513
412257	5990519
412258	5990521
412259	5990549
412260	5990561
412261	5990563
412262	5990581
412263	5990597
412264	5990629
412265	5990651
412266	5990653
412267	5990659
412268	5990669
412269	5990687
412270	5990693
412271	5990711
412272	5990713
412273	5990723
412274	5990729
412275	5990731
412276	5990737
412277	5990759
412278	5990771
412279	5990779
412280	5990819
412281	5990821
412282	5990861
412283	5990863
412284	5990867
412285	5990893
412286	5990903
412287	5990911
412288	5990917
412289	5990977
412290	5991031
412291	5991047
412292	5991059
412293	5991071
412294	5991101
412295	5991103
412296	5991107
412297	5991113
412298	5991131
412299	5991149
412300	5991169
412301	5991187
412302	5991217
412303	5991221
412304	5991229
412305	5991239
412306	5991241
412307	5991253
412308	5991257
412309	5991263
412310	5991311
412311	5991343
412312	5991367
412313	5991379
412314	5991389
412315	5991397
412316	5991413
412317	5991443
412318	5991449
412319	5991451
412320	5991457
412321	5991473
412322	5991533
412323	5991541
412324	5991551
412325	5991553
412326	5991563
412327	5991571
412328	5991589
412329	5991641
412330	5991653
412331	5991659
412332	5991677
412333	5991709
412334	5991721
412335	5991731
412336	5991757
412337	5991779
412338	5991823
412339	5991827
412340	5991829
412341	5991833
412342	5991841
412343	5991851
412344	5991857
412345	5991883
412346	5991899
412347	5991901
412348	5991907
412349	5991943
412350	5991949
412351	5991961
412352	5991967
412353	5991971
412354	5991977
412355	5991989
412356	5991991
412357	5992003
412358	5992013
412359	5992031
412360	5992033
412361	5992073
412362	5992097
412363	5992111
412364	5992153
412365	5992157
412366	5992169
412367	5992199
412368	5992223
412369	5992237
412370	5992247
412371	5992267
412372	5992271
412373	5992289
412374	5992291
412375	5992297
412376	5992303
412377	5992307
412378	5992309
412379	5992319
412380	5992361
412381	5992379
412382	5992403
412383	5992411
412384	5992421
412385	5992463
412386	5992501
412387	5992529
412388	5992537
412389	5992559
412390	5992603
412391	5992639
412392	5992667
412393	5992669
412394	5992691
412395	5992697
412396	5992717
412397	5992747
412398	5992751
412399	5992759
412400	5992783
412401	5992793
412402	5992859
412403	5992901
412404	5992907
412405	5992933
412406	5992969
412407	5993023
412408	5993047
412409	5993059
412410	5993089
412411	5993101
412412	5993107
412413	5993123
412414	5993131
412415	5993167
412416	5993173
412417	5993191
412418	5993201
412419	5993209
412420	5993213
412421	5993219
412422	5993233
412423	5993237
412424	5993249
412425	5993291
412426	5993321
412427	5993327
412428	5993329
412429	5993353
412430	5993357
412431	5993359
412432	5993387
412433	5993411
412434	5993413
412435	5993419
412436	5993423
412437	5993431
412438	5993473
412439	5993483
412440	5993521
412441	5993539
412442	5993543
412443	5993549
412444	5993551
412445	5993557
412446	5993573
412447	5993579
412448	5993591
412449	5993597
412450	5993599
412451	5993609
412452	5993621
412453	5993623
412454	5993627
412455	5993653
412456	5993671
412457	5993693
412458	5993699
412459	5993711
412460	5993719
412461	5993723
412462	5993761
412463	5993783
412464	5993791
412465	5993837
412466	5993849
412467	5993927
412468	5993941
412469	5993947
412470	5993959
412471	5993969
412472	5993993
412473	5994041
412474	5994049
412475	5994073
412476	5994083
412477	5994089
412478	5994091
412479	5994133
412480	5994143
412481	5994151
412482	5994169
412483	5994179
412484	5994181
412485	5994187
412486	5994199
412487	5994203
412488	5994221
412489	5994229
412490	5994269
412491	5994301
412492	5994337
412493	5994347
412494	5994361
412495	5994371
412496	5994379
412497	5994403
412498	5994431
412499	5994437
412500	5994449
412501	5994473
412502	5994491
412503	5994511
412504	5994517
412505	5994529
412506	5994551
412507	5994553
412508	5994589
412509	5994607
412510	5994613
412511	5994617
412512	5994631
412513	5994641
412514	5994647
412515	5994649
412516	5994661
412517	5994679
412518	5994701
412519	5994707
412520	5994719
412521	5994739
412522	5994767
412523	5994797
412524	5994809
412525	5994817
412526	5994839
412527	5994847
412528	5994853
412529	5994869
412530	5994871
412531	5994887
412532	5994943
412533	5994949
412534	5994971
412535	5995009
412536	5995021
412537	5995037
412538	5995043
412539	5995063
412540	5995069
412541	5995079
412542	5995081
412543	5995091
412544	5995117
412545	5995123
412546	5995151
412547	5995163
412548	5995177
412549	5995181
412550	5995211
412551	5995217
412552	5995219
412553	5995243
412554	5995277
412555	5995309
412556	5995331
412557	5995337
412558	5995343
412559	5995349
412560	5995397
412561	5995399
412562	5995411
412563	5995427
412564	5995439
412565	5995481
412566	5995513
412567	5995523
412568	5995541
412569	5995573
412570	5995579
412571	5995589
412572	5995597
412573	5995603
412574	5995609
412575	5995631
412576	5995651
412577	5995669
412578	5995687
412579	5995699
412580	5995727
412581	5995729
412582	5995777
412583	5995783
412584	5995817
412585	5995819
412586	5995853
412587	5995867
412588	5995901
412589	5995933
412590	5995949
412591	5995967
412592	5995973
412593	5995991
412594	5995999
412595	5996009
412596	5996027
412597	5996033
412598	5996041
412599	5996047
412600	5996083
412601	5996093
412602	5996099
412603	5996101
412604	5996129
412605	5996131
412606	5996143
412607	5996149
412608	5996167
412609	5996171
412610	5996231
412611	5996233
412612	5996251
412613	5996273
412614	5996311
412615	5996323
412616	5996327
412617	5996329
412618	5996339
412619	5996357
412620	5996371
412621	5996407
412622	5996437
412623	5996477
412624	5996489
412625	5996509
412626	5996519
412627	5996521
412628	5996527
412629	5996539
412630	5996561
412631	5996587
412632	5996603
412633	5996611
412634	5996621
412635	5996633
412636	5996657
412637	5996677
412638	5996681
412639	5996687
412640	5996719
412641	5996729
412642	5996741
412643	5996759
412644	5996779
412645	5996789
412646	5996807
412647	5996839
412648	5996863
412649	5996899
412650	5996911
412651	5996953
412652	5997001
412653	5997031
412654	5997041
412655	5997083
412656	5997091
412657	5997097
412658	5997119
412659	5997151
412660	5997161
412661	5997163
412662	5997191
412663	5997197
412664	5997203
412665	5997221
412666	5997223
412667	5997301
412668	5997307
412669	5997317
412670	5997347
412671	5997349
412672	5997359
412673	5997361
412674	5997373
412675	5997377
412676	5997419
412677	5997421
412678	5997437
412679	5997463
412680	5997469
412681	5997487
412682	5997517
412683	5997553
412684	5997571
412685	5997599
412686	5997611
412687	5997613
412688	5997631
412689	5997637
412690	5997643
412691	5997647
412692	5997659
412693	5997679
412694	5997689
412695	5997713
412696	5997721
412697	5997731
412698	5997743
412699	5997781
412700	5997791
412701	5997839
412702	5997841
412703	5997847
412704	5997853
412705	5997869
412706	5997877
412707	5997883
412708	5997919
412709	5997961
412710	5997967
412711	5998001
412712	5998007
412713	5998037
412714	5998039
412715	5998049
412716	5998061
412717	5998073
412718	5998079
412719	5998081
412720	5998103
412721	5998121
412722	5998133
412723	5998141
412724	5998171
412725	5998207
412726	5998211
412727	5998217
412728	5998253
412729	5998261
412730	5998277
412731	5998303
412732	5998339
412733	5998351
412734	5998361
412735	5998367
412736	5998373
412737	5998387
412738	5998393
412739	5998409
412740	5998417
412741	5998427
412742	5998439
412743	5998451
412744	5998459
412745	5998481
412746	5998513
412747	5998537
412748	5998541
412749	5998567
412750	5998579
412751	5998583
412752	5998609
412753	5998613
412754	5998627
412755	5998639
412756	5998651
412757	5998667
412758	5998673
412759	5998687
412760	5998691
412761	5998697
412762	5998703
412763	5998709
412764	5998721
412765	5998723
412766	5998757
412767	5998763
412768	5998793
412769	5998799
412770	5998843
412771	5998859
412772	5998871
412773	5998873
412774	5998891
412775	5998901
412776	5998907
412777	5998913
412778	5998919
412779	5998933
412780	5998957
412781	5998987
412782	5999009
412783	5999053
412784	5999083
412785	5999107
412786	5999129
412787	5999137
412788	5999171
412789	5999173
412790	5999177
412791	5999183
412792	5999197
412793	5999207
412794	5999209
412795	5999233
412796	5999237
412797	5999261
412798	5999263
412799	5999267
412800	5999303
412801	5999309
412802	5999311
412803	5999327
412804	5999341
412805	5999347
412806	5999377
412807	5999387
412808	5999393
412809	5999417
412810	5999423
412811	5999449
412812	5999471
412813	5999479
412814	5999519
412815	5999537
412816	5999551
412817	5999561
412818	5999563
412819	5999569
412820	5999593
412821	5999599
412822	5999603
412823	5999627
412824	5999629
412825	5999633
412826	5999639
412827	5999663
412828	5999677
412829	5999681
412830	5999699
412831	5999717
412832	5999729
412833	5999731
412834	5999737
412835	5999743
412836	5999767
412837	5999779
412838	5999831
412839	5999863
412840	5999869
412841	5999881
412842	5999909
412843	5999911
412844	5999921
412845	5999923
412846	5999927
412847	5999933
412848	5999947
412849	5999993
412850	6000011
412851	6000023
412852	6000041
412853	6000047
412854	6000053
412855	6000061
412856	6000073
412857	6000101
412858	6000103
412859	6000109
412860	6000119
412861	6000121
412862	6000149
412863	6000157
412864	6000173
412865	6000191
412866	6000199
412867	6000221
412868	6000229
412869	6000233
412870	6000271
412871	6000277
412872	6000283
412873	6000301
412874	6000307
412875	6000317
412876	6000343
412877	6000373
412878	6000377
412879	6000389
412880	6000403
412881	6000427
412882	6000431
412883	6000457
412884	6000479
412885	6000481
412886	6000503
412887	6000529
412888	6000551
412889	6000557
412890	6000569
412891	6000571
412892	6000581
412893	6000611
412894	6000619
412895	6000641
412896	6000653
412897	6000679
412898	6000703
412899	6000733
412900	6000773
412901	6000793
412902	6000803
412903	6000809
412904	6000821
412905	6000823
412906	6000829
412907	6000853
412908	6000857
412909	6000859
412910	6000889
412911	6000893
412912	6000899
412913	6000937
412914	6000961
412915	6000977
412916	6001013
412917	6001019
412918	6001033
412919	6001043
412920	6001049
412921	6001063
412922	6001069
412923	6001087
412924	6001109
412925	6001147
412926	6001157
412927	6001189
412928	6001201
412929	6001217
412930	6001249
412931	6001253
412932	6001271
412933	6001277
412934	6001291
412935	6001297
412936	6001339
412937	6001343
412938	6001351
412939	6001427
412940	6001433
412941	6001439
412942	6001447
412943	6001453
412944	6001469
412945	6001483
412946	6001517
412947	6001531
412948	6001547
412949	6001577
412950	6001601
412951	6001609
412952	6001613
412953	6001627
412954	6001669
412955	6001673
412956	6001679
412957	6001717
412958	6001727
412959	6001741
412960	6001747
412961	6001757
412962	6001763
412963	6001789
412964	6001819
412965	6001829
412966	6001903
412967	6001907
412968	6001909
412969	6001921
412970	6001937
412971	6001939
412972	6001981
412973	6001991
412974	6001997
412975	6002033
412976	6002047
412977	6002053
412978	6002063
412979	6002083
412980	6002089
412981	6002093
412982	6002111
412983	6002123
412984	6002131
412985	6002137
412986	6002153
412987	6002179
412988	6002201
412989	6002203
412990	6002209
412991	6002237
412992	6002239
412993	6002257
412994	6002273
412995	6002281
412996	6002291
412997	6002357
412998	6002363
412999	6002369
413000	6002371
