414001	6017657
414002	6017701
414003	6017719
414004	6017729
414005	6017731
414006	6017741
414007	6017773
414008	6017777
414009	6017827
414010	6017831
414011	6017849
414012	6017863
414013	6017887
414014	6017897
414015	6017899
414016	6017903
414017	6017909
414018	6017923
414019	6017929
414020	6017951
414021	6017971
414022	6017987
414023	6017989
414024	6018029
414025	6018037
414026	6018043
414027	6018083
414028	6018107
414029	6018127
414030	6018137
414031	6018143
414032	6018191
414033	6018197
414034	6018223
414035	6018239
414036	6018241
414037	6018253
414038	6018263
414039	6018277
414040	6018293
414041	6018301
414042	6018317
414043	6018329
414044	6018347
414045	6018367
414046	6018373
414047	6018377
414048	6018401
414049	6018427
414050	6018469
414051	6018473
414052	6018487
414053	6018499
414054	6018503
414055	6018539
414056	6018541
414057	6018563
414058	6018569
414059	6018577
414060	6018583
414061	6018587
414062	6018589
414063	6018613
414064	6018659
414065	6018671
414066	6018673
414067	6018703
414068	6018707
414069	6018713
414070	6018757
414071	6018769
414072	6018781
414073	6018787
414074	6018791
414075	6018797
414076	6018823
414077	6018829
414078	6018853
414079	6018869
414080	6018913
414081	6018919
414082	6018937
414083	6018949
414084	6018959
414085	6018967
414086	6018973
414087	6019001
414088	6019009
414089	6019019
414090	6019021
414091	6019061
414092	6019063
414093	6019073
414094	6019081
414095	6019103
414096	6019187
414097	6019193
414098	6019199
414099	6019201
414100	6019267
414101	6019283
414102	6019289
414103	6019331
414104	6019339
414105	6019367
414106	6019379
414107	6019381
414108	6019393
414109	6019417
414110	6019421
414111	6019459
414112	6019469
414113	6019471
414114	6019483
414115	6019511
414116	6019553
414117	6019571
414118	6019589
414119	6019597
414120	6019603
414121	6019609
414122	6019627
414123	6019633
414124	6019639
414125	6019667
414126	6019669
414127	6019679
414128	6019681
414129	6019691
414130	6019697
414131	6019757
414132	6019771
414133	6019781
414134	6019787
414135	6019801
414136	6019817
414137	6019823
414138	6019837
414139	6019861
414140	6019889
414141	6019891
414142	6019913
414143	6019919
414144	6019931
414145	6019967
414146	6019973
414147	6019987
414148	6019991
414149	6020039
414150	6020051
414151	6020059
414152	6020087
414153	6020099
414154	6020117
414155	6020137
414156	6020143
414157	6020167
414158	6020173
414159	6020177
414160	6020221
414161	6020251
414162	6020257
414163	6020263
414164	6020269
414165	6020279
414166	6020281
414167	6020291
414168	6020297
414169	6020299
414170	6020309
414171	6020327
414172	6020341
414173	6020351
414174	6020401
414175	6020423
414176	6020447
414177	6020449
414178	6020459
414179	6020471
414180	6020477
414181	6020491
414182	6020519
414183	6020543
414184	6020557
414185	6020579
414186	6020591
414187	6020617
414188	6020621
414189	6020627
414190	6020647
414191	6020681
414192	6020699
414193	6020717
414194	6020723
414195	6020741
414196	6020759
414197	6020801
414198	6020831
414199	6020843
414200	6020867
414201	6020869
414202	6020879
414203	6020909
414204	6020921
414205	6020923
414206	6020933
414207	6020947
414208	6020969
414209	6020977
414210	6020983
414211	6020999
414212	6021007
414213	6021011
414214	6021017
414215	6021019
414216	6021053
414217	6021073
414218	6021079
414219	6021083
414220	6021091
414221	6021109
414222	6021139
414223	6021187
414224	6021199
414225	6021203
414226	6021209
414227	6021227
414228	6021263
414229	6021289
414230	6021319
414231	6021359
414232	6021373
414233	6021397
414234	6021403
414235	6021437
414236	6021467
414237	6021479
414238	6021497
414239	6021511
414240	6021517
414241	6021523
414242	6021529
414243	6021557
414244	6021559
414245	6021569
414246	6021571
414247	6021577
414248	6021583
414249	6021601
414250	6021623
414251	6021637
414252	6021641
414253	6021649
414254	6021661
414255	6021667
414256	6021679
414257	6021683
414258	6021749
414259	6021751
414260	6021761
414261	6021773
414262	6021809
414263	6021811
414264	6021823
414265	6021833
414266	6021839
414267	6021863
414268	6021877
414269	6021881
414270	6021887
414271	6021901
414272	6021907
414273	6021943
414274	6021949
414275	6021991
414276	6021997
414277	6022057
414278	6022061
414279	6022073
414280	6022087
414281	6022117
414282	6022123
414283	6022127
414284	6022129
414285	6022147
414286	6022171
414287	6022223
414288	6022229
414289	6022271
414290	6022273
414291	6022283
414292	6022319
414293	6022321
414294	6022381
414295	6022391
414296	6022399
414297	6022409
414298	6022441
414299	6022447
414300	6022477
414301	6022483
414302	6022493
414303	6022501
414304	6022507
414305	6022519
414306	6022547
414307	6022553
414308	6022559
414309	6022567
414310	6022571
414311	6022579
414312	6022589
414313	6022603
414314	6022609
414315	6022631
414316	6022637
414317	6022651
414318	6022663
414319	6022699
414320	6022703
414321	6022727
414322	6022733
414323	6022739
414324	6022741
414325	6022747
414326	6022759
414327	6022763
414328	6022769
414329	6022771
414330	6022781
414331	6022799
414332	6022801
414333	6022843
414334	6022847
414335	6022853
414336	6022873
414337	6022883
414338	6022889
414339	6022901
414340	6022921
414341	6022927
414342	6022949
414343	6022969
414344	6022993
414345	6022999
414346	6023029
414347	6023047
414348	6023051
414349	6023071
414350	6023077
414351	6023081
414352	6023093
414353	6023107
414354	6023111
414355	6023123
414356	6023141
414357	6023153
414358	6023159
414359	6023161
414360	6023203
414361	6023221
414362	6023243
414363	6023257
414364	6023273
414365	6023279
414366	6023299
414367	6023327
414368	6023333
414369	6023357
414370	6023359
414371	6023363
414372	6023371
414373	6023383
414374	6023461
414375	6023467
414376	6023509
414377	6023527
414378	6023533
414379	6023557
414380	6023581
414381	6023587
414382	6023599
414383	6023621
414384	6023629
414385	6023639
414386	6023651
414387	6023653
414388	6023657
414389	6023659
414390	6023663
414391	6023683
414392	6023701
414393	6023707
414394	6023713
414395	6023747
414396	6023767
414397	6023777
414398	6023783
414399	6023789
414400	6023791
414401	6023803
414402	6023807
414403	6023813
414404	6023819
414405	6023863
414406	6023879
414407	6023881
414408	6023911
414409	6023923
414410	6023939
414411	6023947
414412	6023957
414413	6023971
414414	6024017
414415	6024019
414416	6024041
414417	6024043
414418	6024047
414419	6024049
414420	6024071
414421	6024097
414422	6024107
414423	6024119
414424	6024127
414425	6024149
414426	6024169
414427	6024173
414428	6024209
414429	6024259
414430	6024283
414431	6024371
414432	6024391
414433	6024401
414434	6024419
414435	6024433
414436	6024449
414437	6024467
414438	6024479
414439	6024493
414440	6024497
414441	6024503
414442	6024521
414443	6024533
414444	6024553
414445	6024569
414446	6024583
414447	6024587
414448	6024589
414449	6024593
414450	6024607
414451	6024611
414452	6024637
414453	6024659
414454	6024661
414455	6024671
414456	6024679
414457	6024701
414458	6024703
414459	6024719
414460	6024731
414461	6024737
414462	6024769
414463	6024797
414464	6024803
414465	6024833
414466	6024853
414467	6024857
414468	6024869
414469	6024877
414470	6024899
414471	6024901
414472	6024911
414473	6024913
414474	6024917
414475	6024923
414476	6024929
414477	6024983
414478	6025001
414479	6025009
414480	6025013
414481	6025037
414482	6025079
414483	6025087
414484	6025091
414485	6025099
414486	6025111
414487	6025121
414488	6025133
414489	6025163
414490	6025171
414491	6025181
414492	6025207
414493	6025213
414494	6025247
414495	6025249
414496	6025291
414497	6025297
414498	6025307
414499	6025321
414500	6025343
414501	6025351
414502	6025363
414503	6025373
414504	6025381
414505	6025399
414506	6025421
414507	6025423
414508	6025433
414509	6025457
414510	6025469
414511	6025507
414512	6025529
414513	6025549
414514	6025571
414515	6025577
414516	6025583
414517	6025589
414518	6025597
414519	6025619
414520	6025627
414521	6025631
414522	6025637
414523	6025661
414524	6025673
414525	6025681
414526	6025693
414527	6025697
414528	6025703
414529	6025711
414530	6025727
414531	6025741
414532	6025751
414533	6025753
414534	6025759
414535	6025771
414536	6025777
414537	6025781
414538	6025801
414539	6025813
414540	6025829
414541	6025849
414542	6025889
414543	6025909
414544	6025933
414545	6025937
414546	6025961
414547	6025967
414548	6025969
414549	6025979
414550	6025991
414551	6026017
414552	6026071
414553	6026081
414554	6026087
414555	6026089
414556	6026099
414557	6026107
414558	6026123
414559	6026159
414560	6026179
414561	6026191
414562	6026197
414563	6026203
414564	6026213
414565	6026231
414566	6026233
414567	6026243
414568	6026257
414569	6026261
414570	6026263
414571	6026269
414572	6026281
414573	6026291
414574	6026297
414575	6026309
414576	6026323
414577	6026327
414578	6026333
414579	6026341
414580	6026351
414581	6026389
414582	6026411
414583	6026413
414584	6026417
414585	6026429
414586	6026441
414587	6026453
414588	6026521
414589	6026543
414590	6026557
414591	6026563
414592	6026567
414593	6026609
414594	6026611
414595	6026627
414596	6026641
414597	6026663
414598	6026677
414599	6026711
414600	6026723
414601	6026737
414602	6026747
414603	6026749
414604	6026753
414605	6026827
414606	6026843
414607	6026873
414608	6026887
414609	6026899
414610	6026929
414611	6026939
414612	6026947
414613	6026957
414614	6026981
414615	6026987
414616	6027013
414617	6027017
414618	6027019
414619	6027023
414620	6027037
414621	6027053
414622	6027059
414623	6027067
414624	6027071
414625	6027079
414626	6027083
414627	6027089
414628	6027097
414629	6027101
414630	6027143
414631	6027149
414632	6027167
414633	6027187
414634	6027191
414635	6027221
414636	6027223
414637	6027247
414638	6027269
414639	6027277
414640	6027283
414641	6027383
414642	6027407
414643	6027409
414644	6027419
414645	6027443
414646	6027487
414647	6027517
414648	6027523
414649	6027529
414650	6027601
414651	6027607
414652	6027613
414653	6027641
414654	6027647
414655	6027649
414656	6027653
414657	6027661
414658	6027667
414659	6027689
414660	6027691
414661	6027713
414662	6027719
414663	6027727
414664	6027739
414665	6027751
414666	6027757
414667	6027761
414668	6027767
414669	6027773
414670	6027803
414671	6027811
414672	6027821
414673	6027823
414674	6027851
414675	6027887
414676	6027893
414677	6027907
414678	6027941
414679	6027949
414680	6027961
414681	6027977
414682	6028019
414683	6028031
414684	6028039
414685	6028049
414686	6028051
414687	6028063
414688	6028069
414689	6028097
414690	6028103
414691	6028109
414692	6028123
414693	6028129
414694	6028147
414695	6028157
414696	6028171
414697	6028177
414698	6028193
414699	6028219
414700	6028247
414701	6028261
414702	6028279
414703	6028283
414704	6028289
414705	6028303
414706	6028313
414707	6028327
414708	6028331
414709	6028343
414710	6028349
414711	6028357
414712	6028367
414713	6028381
414714	6028403
414715	6028417
414716	6028423
414717	6028427
414718	6028457
414719	6028469
414720	6028483
414721	6028493
414722	6028511
414723	6028513
414724	6028537
414725	6028571
414726	6028577
414727	6028579
414728	6028597
414729	6028609
414730	6028613
414731	6028619
414732	6028637
414733	6028639
414734	6028651
414735	6028667
414736	6028699
414737	6028703
414738	6028721
414739	6028747
414740	6028793
414741	6028801
414742	6028807
414743	6028811
414744	6028837
414745	6028853
414746	6028873
414747	6028879
414748	6028907
414749	6028933
414750	6028969
414751	6029003
414752	6029017
414753	6029021
414754	6029029
414755	6029041
414756	6029047
414757	6029053
414758	6029063
414759	6029081
414760	6029087
414761	6029119
414762	6029123
414763	6029131
414764	6029147
414765	6029161
414766	6029171
414767	6029183
414768	6029209
414769	6029273
414770	6029281
414771	6029299
414772	6029329
414773	6029363
414774	6029371
414775	6029377
414776	6029383
414777	6029389
414778	6029431
414779	6029447
414780	6029449
414781	6029467
414782	6029497
414783	6029521
414784	6029561
414785	6029563
414786	6029591
414787	6029603
414788	6029609
414789	6029641
414790	6029659
414791	6029671
414792	6029687
414793	6029689
414794	6029719
414795	6029743
414796	6029759
414797	6029791
414798	6029797
414799	6029809
414800	6029813
414801	6029831
414802	6029843
414803	6029851
414804	6029861
414805	6029879
414806	6029921
414807	6029923
414808	6029939
414809	6029953
414810	6029963
414811	6029981
414812	6029987
414813	6030023
414814	6030029
414815	6030041
414816	6030043
414817	6030077
414818	6030083
414819	6030091
414820	6030103
414821	6030107
414822	6030109
414823	6030113
414824	6030119
414825	6030127
414826	6030137
414827	6030161
414828	6030187
414829	6030197
414830	6030247
414831	6030259
414832	6030263
414833	6030281
414834	6030313
414835	6030317
414836	6030361
414837	6030379
414838	6030383
414839	6030397
414840	6030419
414841	6030421
414842	6030433
414843	6030473
414844	6030481
414845	6030491
414846	6030503
414847	6030517
414848	6030533
414849	6030539
414850	6030569
414851	6030599
414852	6030611
414853	6030641
414854	6030653
414855	6030659
414856	6030677
414857	6030679
414858	6030691
414859	6030721
414860	6030727
414861	6030743
414862	6030751
414863	6030757
414864	6030763
414865	6030769
414866	6030779
414867	6030797
414868	6030799
414869	6030821
414870	6030823
414871	6030839
414872	6030851
414873	6030859
414874	6030883
414875	6030901
414876	6030919
414877	6030929
414878	6030949
414879	6031001
414880	6031031
414881	6031049
414882	6031063
414883	6031099
414884	6031117
414885	6031133
414886	6031153
414887	6031171
414888	6031177
414889	6031183
414890	6031199
414891	6031211
414892	6031213
414893	6031219
414894	6031229
414895	6031247
414896	6031261
414897	6031283
414898	6031301
414899	6031321
414900	6031327
414901	6031339
414902	6031409
414903	6031411
414904	6031423
414905	6031429
414906	6031433
414907	6031439
414908	6031471
414909	6031477
414910	6031499
414911	6031513
414912	6031517
414913	6031547
414914	6031561
414915	6031591
414916	6031603
414917	6031637
414918	6031657
414919	6031661
414920	6031673
414921	6031679
414922	6031709
414923	6031717
414924	6031723
414925	6031757
414926	6031789
414927	6031793
414928	6031799
414929	6031801
414930	6031811
414931	6031843
414932	6031847
414933	6031849
414934	6031853
414935	6031871
414936	6031891
414937	6031897
414938	6031903
414939	6031931
414940	6031937
414941	6031979
414942	6032009
414943	6032017
414944	6032021
414945	6032041
414946	6032051
414947	6032057
414948	6032069
414949	6032111
414950	6032129
414951	6032149
414952	6032167
414953	6032171
414954	6032179
414955	6032251
414956	6032269
414957	6032293
414958	6032303
414959	6032311
414960	6032317
414961	6032359
414962	6032363
414963	6032393
414964	6032413
414965	6032437
414966	6032459
414967	6032483
414968	6032489
414969	6032491
414970	6032503
414971	6032531
414972	6032539
414973	6032567
414974	6032581
414975	6032597
414976	6032639
414977	6032641
414978	6032651
414979	6032723
414980	6032729
414981	6032743
414982	6032749
414983	6032777
414984	6032791
414985	6032797
414986	6032801
414987	6032821
414988	6032833
414989	6032869
414990	6032891
414991	6032921
414992	6032951
414993	6032959
414994	6032963
414995	6033023
414996	6033031
414997	6033037
414998	6033047
414999	6033091
415000	6033101
