416001	6049423
416002	6049441
416003	6049451
416004	6049457
416005	6049481
416006	6049489
416007	6049507
416008	6049517
416009	6049531
416010	6049567
416011	6049573
416012	6049607
416013	6049613
416014	6049633
416015	6049639
416016	6049643
416017	6049651
416018	6049679
416019	6049709
416020	6049717
416021	6049721
416022	6049727
416023	6049753
416024	6049763
416025	6049781
416026	6049811
416027	6049817
416028	6049819
416029	6049831
416030	6049843
416031	6049871
416032	6049877
416033	6049889
416034	6049891
416035	6049913
416036	6049931
416037	6049933
416038	6049963
416039	6049993
416040	6049997
416041	6050017
416042	6050039
416043	6050047
416044	6050059
416045	6050063
416046	6050069
416047	6050087
416048	6050089
416049	6050137
416050	6050141
416051	6050159
416052	6050171
416053	6050201
416054	6050207
416055	6050221
416056	6050237
416057	6050269
416058	6050293
416059	6050327
416060	6050333
416061	6050339
416062	6050347
416063	6050353
416064	6050371
416065	6050377
416066	6050381
416067	6050389
416068	6050393
416069	6050413
416070	6050431
416071	6050441
416072	6050477
416073	6050489
416074	6050491
416075	6050501
416076	6050503
416077	6050507
416078	6050543
416079	6050563
416080	6050567
416081	6050581
416082	6050591
416083	6050599
416084	6050609
416085	6050621
416086	6050641
416087	6050669
416088	6050687
416089	6050713
416090	6050717
416091	6050719
416092	6050731
416093	6050747
416094	6050749
416095	6050753
416096	6050761
416097	6050767
416098	6050791
416099	6050801
416100	6050839
416101	6050881
416102	6050893
416103	6050899
416104	6050927
416105	6050953
416106	6050959
416107	6050969
416108	6050977
416109	6051007
416110	6051013
416111	6051029
416112	6051041
416113	6051061
416114	6051077
416115	6051079
416116	6051103
416117	6051113
416118	6051119
416119	6051121
416120	6051131
416121	6051161
416122	6051181
416123	6051187
416124	6051197
416125	6051209
416126	6051211
416127	6051223
416128	6051233
416129	6051247
416130	6051257
416131	6051271
416132	6051289
416133	6051299
416134	6051301
416135	6051307
416136	6051317
416137	6051319
416138	6051341
416139	6051349
416140	6051361
416141	6051379
416142	6051403
416143	6051407
416144	6051413
416145	6051421
416146	6051457
416147	6051497
416148	6051499
416149	6051503
416150	6051511
416151	6051523
416152	6051527
416153	6051533
416154	6051581
416155	6051583
416156	6051587
416157	6051601
416158	6051607
416159	6051611
416160	6051623
416161	6051629
416162	6051631
416163	6051649
416164	6051653
416165	6051667
416166	6051679
416167	6051739
416168	6051743
416169	6051761
416170	6051763
416171	6051769
416172	6051781
416173	6051791
416174	6051797
416175	6051803
416176	6051821
416177	6051869
416178	6051883
416179	6051917
416180	6051959
416181	6051961
416182	6051977
416183	6052003
416184	6052031
416185	6052061
416186	6052073
416187	6052087
416188	6052091
416189	6052103
416190	6052117
416191	6052139
416192	6052147
416193	6052157
416194	6052159
416195	6052171
416196	6052181
416197	6052261
416198	6052273
416199	6052283
416200	6052301
416201	6052303
416202	6052313
416203	6052327
416204	6052337
416205	6052339
416206	6052351
416207	6052369
416208	6052373
416209	6052399
416210	6052421
416211	6052429
416212	6052433
416213	6052463
416214	6052483
416215	6052489
416216	6052499
416217	6052511
416218	6052517
416219	6052531
416220	6052567
416221	6052573
416222	6052577
416223	6052591
416224	6052597
416225	6052601
416226	6052639
416227	6052643
416228	6052667
416229	6052681
416230	6052687
416231	6052691
416232	6052729
416233	6052763
416234	6052771
416235	6052807
416236	6052819
416237	6052831
416238	6052853
416239	6052859
416240	6052861
416241	6052873
416242	6052903
416243	6052927
416244	6052951
416245	6052973
416246	6053011
416247	6053027
416248	6053041
416249	6053051
416250	6053053
416251	6053081
416252	6053093
416253	6053101
416254	6053111
416255	6053129
416256	6053143
416257	6053147
416258	6053167
416259	6053227
416260	6053231
416261	6053251
416262	6053263
416263	6053269
416264	6053279
416265	6053287
416266	6053291
416267	6053303
416268	6053317
416269	6053323
416270	6053329
416271	6053353
416272	6053357
416273	6053407
416274	6053447
416275	6053461
416276	6053477
416277	6053483
416278	6053491
416279	6053519
416280	6053521
416281	6053543
416282	6053549
416283	6053561
416284	6053563
416285	6053599
416286	6053603
416287	6053617
416288	6053627
416289	6053633
416290	6053639
416291	6053687
416292	6053693
416293	6053699
416294	6053737
416295	6053743
416296	6053753
416297	6053759
416298	6053777
416299	6053783
416300	6053797
416301	6053809
416302	6053821
416303	6053843
416304	6053881
416305	6053891
416306	6053909
416307	6053911
416308	6053923
416309	6053933
416310	6053941
416311	6053947
416312	6053981
416313	6053987
416314	6054001
416315	6054017
416316	6054029
416317	6054071
416318	6054079
416319	6054089
416320	6054107
416321	6054119
416322	6054133
416323	6054157
416324	6054197
416325	6054203
416326	6054229
416327	6054247
416328	6054263
416329	6054277
416330	6054281
416331	6054283
416332	6054287
416333	6054289
416334	6054299
416335	6054319
416336	6054341
416337	6054353
416338	6054361
416339	6054379
416340	6054437
416341	6054457
416342	6054463
416343	6054479
416344	6054487
416345	6054491
416346	6054527
416347	6054539
416348	6054551
416349	6054553
416350	6054557
416351	6054563
416352	6054571
416353	6054583
416354	6054599
416355	6054613
416356	6054617
416357	6054619
416358	6054637
416359	6054661
416360	6054679
416361	6054683
416362	6054691
416363	6054709
416364	6054721
416365	6054733
416366	6054739
416367	6054751
416368	6054779
416369	6054817
416370	6054821
416371	6054833
416372	6054877
416373	6054899
416374	6054929
416375	6054931
416376	6054947
416377	6054967
416378	6055001
416379	6055037
416380	6055079
416381	6055081
416382	6055097
416383	6055103
416384	6055109
416385	6055139
416386	6055163
416387	6055169
416388	6055193
416389	6055201
416390	6055207
416391	6055219
416392	6055223
416393	6055297
416394	6055307
416395	6055321
416396	6055327
416397	6055337
416398	6055363
416399	6055369
416400	6055373
416401	6055381
416402	6055397
416403	6055453
416404	6055477
416405	6055493
416406	6055507
416407	6055513
416408	6055523
416409	6055541
416410	6055579
416411	6055591
416412	6055603
416413	6055619
416414	6055627
416415	6055631
416416	6055639
416417	6055667
416418	6055669
416419	6055681
416420	6055697
416421	6055703
416422	6055711
416423	6055729
416424	6055747
416425	6055759
416426	6055771
416427	6055781
416428	6055787
416429	6055789
416430	6055793
416431	6055799
416432	6055801
416433	6055843
416434	6055849
416435	6055853
416436	6055871
416437	6055873
416438	6055883
416439	6055891
416440	6055909
416441	6055913
416442	6055919
416443	6055949
416444	6055957
416445	6055967
416446	6055979
416447	6055993
416448	6056023
416449	6056027
416450	6056033
416451	6056053
416452	6056059
416453	6056111
416454	6056119
416455	6056159
416456	6056177
416457	6056179
416458	6056201
416459	6056203
416460	6056207
416461	6056209
416462	6056213
416463	6056221
416464	6056243
416465	6056251
416466	6056287
416467	6056293
416468	6056311
416469	6056317
416470	6056329
416471	6056353
416472	6056357
416473	6056381
416474	6056387
416475	6056399
416476	6056411
416477	6056431
416478	6056443
416479	6056473
416480	6056543
416481	6056549
416482	6056569
416483	6056581
416484	6056639
416485	6056651
416486	6056653
416487	6056657
416488	6056663
416489	6056669
416490	6056671
416491	6056707
416492	6056711
416493	6056723
416494	6056731
416495	6056747
416496	6056753
416497	6056767
416498	6056773
416499	6056833
416500	6056837
416501	6056857
416502	6056887
416503	6056891
416504	6056899
416505	6056909
416506	6056929
416507	6056933
416508	6056951
416509	6056957
416510	6056959
416511	6056989
416512	6056993
416513	6057013
416514	6057017
416515	6057019
416516	6057061
416517	6057097
416518	6057113
416519	6057133
416520	6057137
416521	6057157
416522	6057169
416523	6057173
416524	6057179
416525	6057187
416526	6057193
416527	6057197
416528	6057199
416529	6057209
416530	6057221
416531	6057229
416532	6057241
416533	6057263
416534	6057277
416535	6057319
416536	6057329
416537	6057343
416538	6057379
416539	6057391
416540	6057419
416541	6057427
416542	6057437
416543	6057449
416544	6057451
416545	6057461
416546	6057473
416547	6057497
416548	6057509
416549	6057511
416550	6057521
416551	6057551
416552	6057563
416553	6057581
416554	6057587
416555	6057619
416556	6057643
416557	6057659
416558	6057683
416559	6057697
416560	6057721
416561	6057731
416562	6057743
416563	6057749
416564	6057757
416565	6057787
416566	6057841
416567	6057859
416568	6057871
416569	6057917
416570	6057929
416571	6057937
416572	6057977
416573	6057991
416574	6058007
416575	6058033
416576	6058049
416577	6058057
416578	6058097
416579	6058099
416580	6058109
416581	6058123
416582	6058127
416583	6058147
416584	6058163
416585	6058183
416586	6058189
416587	6058193
416588	6058211
416589	6058219
416590	6058243
416591	6058289
416592	6058301
416593	6058331
416594	6058333
416595	6058369
416596	6058373
416597	6058379
416598	6058421
416599	6058439
416600	6058457
416601	6058469
416602	6058513
416603	6058519
416604	6058531
416605	6058541
416606	6058543
416607	6058553
416608	6058583
416609	6058597
416610	6058603
416611	6058607
416612	6058621
416613	6058631
416614	6058649
416615	6058667
416616	6058669
416617	6058673
416618	6058691
416619	6058697
416620	6058727
416621	6058763
416622	6058799
416623	6058807
416624	6058813
416625	6058823
416626	6058831
416627	6058837
416628	6058841
416629	6058847
416630	6058879
416631	6058901
416632	6058903
416633	6058909
416634	6058931
416635	6058933
416636	6058937
416637	6058957
416638	6058961
416639	6058963
416640	6058991
416641	6058993
416642	6059003
416643	6059017
416644	6059023
416645	6059029
416646	6059033
416647	6059041
416648	6059047
416649	6059059
416650	6059071
416651	6059107
416652	6059117
416653	6059147
416654	6059153
416655	6059171
416656	6059197
416657	6059237
416658	6059239
416659	6059243
416660	6059269
416661	6059321
416662	6059323
416663	6059341
416664	6059369
416665	6059377
416666	6059393
416667	6059401
416668	6059407
416669	6059467
416670	6059483
416671	6059489
416672	6059491
416673	6059503
416674	6059507
416675	6059509
416676	6059519
416677	6059549
416678	6059563
416679	6059587
416680	6059611
416681	6059623
416682	6059639
416683	6059653
416684	6059659
416685	6059693
416686	6059707
416687	6059719
416688	6059723
416689	6059737
416690	6059761
416691	6059771
416692	6059773
416693	6059777
416694	6059789
416695	6059821
416696	6059839
416697	6059863
416698	6059887
416699	6059891
416700	6059903
416701	6059909
416702	6059941
416703	6059953
416704	6059957
416705	6059959
416706	6059981
416707	6060013
416708	6060037
416709	6060049
416710	6060053
416711	6060071
416712	6060091
416713	6060113
416714	6060137
416715	6060149
416716	6060151
416717	6060181
416718	6060203
416719	6060233
416720	6060281
416721	6060287
416722	6060319
416723	6060337
416724	6060359
416725	6060361
416726	6060367
416727	6060371
416728	6060401
416729	6060433
416730	6060437
416731	6060443
416732	6060473
416733	6060479
416734	6060491
416735	6060511
416736	6060521
416737	6060541
416738	6060547
416739	6060581
416740	6060583
416741	6060599
416742	6060641
416743	6060667
416744	6060689
416745	6060737
416746	6060749
416747	6060751
416748	6060757
416749	6060781
416750	6060809
416751	6060853
416752	6060863
416753	6060869
416754	6060911
416755	6060949
416756	6060953
416757	6060961
416758	6060991
416759	6061001
416760	6061031
416761	6061039
416762	6061043
416763	6061067
416764	6061091
416765	6061123
416766	6061141
416767	6061157
416768	6061169
416769	6061183
416770	6061189
416771	6061201
416772	6061217
416773	6061243
416774	6061267
416775	6061271
416776	6061283
416777	6061301
416778	6061309
416779	6061327
416780	6061331
416781	6061339
416782	6061343
416783	6061369
416784	6061379
416785	6061403
416786	6061411
416787	6061421
416788	6061427
416789	6061439
416790	6061441
416791	6061459
416792	6061463
416793	6061487
416794	6061499
416795	6061507
416796	6061511
416797	6061519
416798	6061529
416799	6061541
416800	6061553
416801	6061579
416802	6061597
416803	6061607
416804	6061621
416805	6061661
416806	6061669
416807	6061687
416808	6061697
416809	6061721
416810	6061723
416811	6061729
416812	6061751
416813	6061777
416814	6061813
416815	6061829
416816	6061849
416817	6061883
416818	6061897
416819	6061921
416820	6061967
416821	6061987
416822	6062003
416823	6062029
416824	6062039
416825	6062053
416826	6062099
416827	6062101
416828	6062129
416829	6062153
416830	6062213
416831	6062249
416832	6062257
416833	6062263
416834	6062279
416835	6062291
416836	6062321
416837	6062327
416838	6062333
416839	6062341
416840	6062347
416841	6062359
416842	6062393
416843	6062417
416844	6062423
416845	6062429
416846	6062443
416847	6062449
416848	6062461
416849	6062467
416850	6062491
416851	6062503
416852	6062519
416853	6062521
416854	6062533
416855	6062543
416856	6062579
416857	6062603
416858	6062621
416859	6062627
416860	6062681
416861	6062717
416862	6062741
416863	6062743
416864	6062747
416865	6062753
416866	6062759
416867	6062773
416868	6062803
416869	6062807
416870	6062809
416871	6062831
416872	6062839
416873	6062867
416874	6062873
416875	6062891
416876	6062911
416877	6062923
416878	6062971
416879	6062977
416880	6062981
416881	6062983
416882	6062989
416883	6062993
416884	6063089
416885	6063091
416886	6063097
416887	6063133
416888	6063143
416889	6063149
416890	6063163
416891	6063181
416892	6063193
416893	6063199
416894	6063221
416895	6063251
416896	6063263
416897	6063287
416898	6063289
416899	6063293
416900	6063313
416901	6063347
416902	6063377
416903	6063389
416904	6063391
416905	6063419
416906	6063427
416907	6063439
416908	6063457
416909	6063469
416910	6063479
416911	6063493
416912	6063503
416913	6063511
416914	6063539
416915	6063553
416916	6063587
416917	6063601
416918	6063619
416919	6063647
416920	6063649
416921	6063653
416922	6063667
416923	6063683
416924	6063689
416925	6063703
416926	6063709
416927	6063721
416928	6063751
416929	6063769
416930	6063773
416931	6063791
416932	6063839
416933	6063877
416934	6063887
416935	6063899
416936	6063901
416937	6063913
416938	6063931
416939	6063943
416940	6063947
416941	6063979
416942	6064001
416943	6064007
416944	6064013
416945	6064027
416946	6064033
416947	6064049
416948	6064061
416949	6064099
416950	6064117
416951	6064129
416952	6064139
416953	6064159
416954	6064199
416955	6064213
416956	6064217
416957	6064231
416958	6064241
416959	6064259
416960	6064273
416961	6064307
416962	6064309
416963	6064319
416964	6064339
416965	6064349
416966	6064369
416967	6064381
416968	6064397
416969	6064417
416970	6064423
416971	6064447
416972	6064453
416973	6064459
416974	6064463
416975	6064469
416976	6064483
416977	6064489
416978	6064511
416979	6064523
416980	6064543
416981	6064547
416982	6064577
416983	6064627
416984	6064637
416985	6064649
416986	6064657
416987	6064661
416988	6064673
416989	6064693
416990	6064703
416991	6064717
416992	6064771
416993	6064783
416994	6064789
416995	6064813
416996	6064829
416997	6064841
416998	6064873
416999	6064879
417000	6064897
