418001	6080461
418002	6080507
418003	6080519
418004	6080521
418005	6080527
418006	6080537
418007	6080549
418008	6080561
418009	6080567
418010	6080573
418011	6080597
418012	6080609
418013	6080621
418014	6080623
418015	6080677
418016	6080689
418017	6080693
418018	6080699
418019	6080707
418020	6080731
418021	6080761
418022	6080771
418023	6080797
418024	6080831
418025	6080857
418026	6080873
418027	6080881
418028	6080897
418029	6080909
418030	6080911
418031	6080927
418032	6080933
418033	6080939
418034	6080941
418035	6080957
418036	6080959
418037	6081013
418038	6081043
418039	6081059
418040	6081073
418041	6081091
418042	6081113
418043	6081139
418044	6081143
418045	6081181
418046	6081199
418047	6081203
418048	6081211
418049	6081217
418050	6081227
418051	6081233
418052	6081247
418053	6081259
418054	6081263
418055	6081287
418056	6081289
418057	6081319
418058	6081323
418059	6081331
418060	6081337
418061	6081343
418062	6081347
418063	6081353
418064	6081371
418065	6081401
418066	6081403
418067	6081409
418068	6081451
418069	6081457
418070	6081473
418071	6081497
418072	6081521
418073	6081583
418074	6081599
418075	6081601
418076	6081613
418077	6081617
418078	6081629
418079	6081671
418080	6081679
418081	6081707
418082	6081731
418083	6081737
418084	6081739
418085	6081743
418086	6081749
418087	6081763
418088	6081787
418089	6081799
418090	6081809
418091	6081811
418092	6081853
418093	6081857
418094	6081871
418095	6081893
418096	6081961
418097	6081989
418098	6082001
418099	6082003
418100	6082007
418101	6082057
418102	6082061
418103	6082079
418104	6082081
418105	6082099
418106	6082103
418107	6082123
418108	6082151
418109	6082177
418110	6082183
418111	6082211
418112	6082217
418113	6082247
418114	6082259
418115	6082267
418116	6082273
418117	6082283
418118	6082301
418119	6082303
418120	6082313
418121	6082339
418122	6082343
418123	6082367
418124	6082381
418125	6082397
418126	6082399
418127	6082409
418128	6082421
418129	6082429
418130	6082441
418131	6082457
418132	6082471
418133	6082477
418134	6082561
418135	6082567
418136	6082589
418137	6082597
418138	6082607
418139	6082613
418140	6082619
418141	6082631
418142	6082633
418143	6082639
418144	6082667
418145	6082669
418146	6082691
418147	6082711
418148	6082751
418149	6082819
418150	6082877
418151	6082891
418152	6082939
418153	6082943
418154	6082961
418155	6083009
418156	6083023
418157	6083041
418158	6083053
418159	6083071
418160	6083083
418161	6083087
418162	6083089
418163	6083113
418164	6083123
418165	6083141
418166	6083171
418167	6083177
418168	6083191
418169	6083213
418170	6083219
418171	6083221
418172	6083227
418173	6083251
418174	6083269
418175	6083299
418176	6083303
418177	6083321
418178	6083333
418179	6083377
418180	6083381
418181	6083383
418182	6083387
418183	6083411
418184	6083437
418185	6083443
418186	6083479
418187	6083491
418188	6083507
418189	6083513
418190	6083527
418191	6083531
418192	6083543
418193	6083551
418194	6083573
418195	6083579
418196	6083599
418197	6083611
418198	6083641
418199	6083647
418200	6083659
418201	6083669
418202	6083677
418203	6083687
418204	6083689
418205	6083723
418206	6083729
418207	6083761
418208	6083767
418209	6083789
418210	6083797
418211	6083809
418212	6083813
418213	6083837
418214	6083839
418215	6083849
418216	6083897
418217	6083899
418218	6083911
418219	6083921
418220	6083927
418221	6083963
418222	6083969
418223	6083993
418224	6083999
418225	6084007
418226	6084017
418227	6084019
418228	6084037
418229	6084073
418230	6084097
418231	6084137
418232	6084157
418233	6084163
418234	6084173
418235	6084179
418236	6084191
418237	6084193
418238	6084209
418239	6084233
418240	6084269
418241	6084289
418242	6084293
418243	6084319
418244	6084361
418245	6084367
418246	6084383
418247	6084409
418248	6084437
418249	6084451
418250	6084467
418251	6084473
418252	6084497
418253	6084499
418254	6084509
418255	6084571
418256	6084599
418257	6084601
418258	6084619
418259	6084641
418260	6084643
418261	6084653
418262	6084671
418263	6084679
418264	6084703
418265	6084781
418266	6084787
418267	6084829
418268	6084839
418269	6084853
418270	6084889
418271	6084893
418272	6084899
418273	6084901
418274	6084919
418275	6084941
418276	6084943
418277	6084961
418278	6084977
418279	6085103
418280	6085109
418281	6085117
418282	6085139
418283	6085151
418284	6085153
418285	6085159
418286	6085171
418287	6085181
418288	6085193
418289	6085199
418290	6085213
418291	6085223
418292	6085229
418293	6085243
418294	6085283
418295	6085327
418296	6085333
418297	6085357
418298	6085397
418299	6085433
418300	6085441
418301	6085561
418302	6085571
418303	6085577
418304	6085591
418305	6085601
418306	6085627
418307	6085631
418308	6085633
418309	6085663
418310	6085669
418311	6085691
418312	6085697
418313	6085699
418314	6085721
418315	6085741
418316	6085759
418317	6085769
418318	6085789
418319	6085799
418320	6085819
418321	6085843
418322	6085861
418323	6085897
418324	6085901
418325	6085927
418326	6085943
418327	6085987
418328	6085991
418329	6086009
418330	6086011
418331	6086029
418332	6086057
418333	6086063
418334	6086117
418335	6086123
418336	6086131
418337	6086147
418338	6086173
418339	6086183
418340	6086189
418341	6086209
418342	6086219
418343	6086231
418344	6086243
418345	6086273
418346	6086279
418347	6086281
418348	6086287
418349	6086299
418350	6086309
418351	6086321
418352	6086351
418353	6086371
418354	6086383
418355	6086387
418356	6086401
418357	6086413
418358	6086417
418359	6086429
418360	6086449
418361	6086461
418362	6086471
418363	6086497
418364	6086503
418365	6086539
418366	6086543
418367	6086567
418368	6086569
418369	6086599
418370	6086623
418371	6086657
418372	6086677
418373	6086701
418374	6086711
418375	6086719
418376	6086747
418377	6086753
418378	6086767
418379	6086777
418380	6086807
418381	6086809
418382	6086827
418383	6086831
418384	6086837
418385	6086851
418386	6086869
418387	6086879
418388	6086893
418389	6086903
418390	6086921
418391	6086929
418392	6086933
418393	6086939
418394	6086947
418395	6086953
418396	6086963
418397	6086989
418398	6086999
418399	6087023
418400	6087031
418401	6087073
418402	6087077
418403	6087079
418404	6087083
418405	6087101
418406	6087113
418407	6087121
418408	6087127
418409	6087161
418410	6087167
418411	6087181
418412	6087217
418413	6087223
418414	6087233
418415	6087247
418416	6087259
418417	6087269
418418	6087283
418419	6087287
418420	6087293
418421	6087307
418422	6087313
418423	6087349
418424	6087383
418425	6087401
418426	6087407
418427	6087409
418428	6087427
418429	6087437
418430	6087449
418431	6087451
418432	6087463
418433	6087493
418434	6087509
418435	6087533
418436	6087539
418437	6087583
418438	6087589
418439	6087643
418440	6087659
418441	6087667
418442	6087671
418443	6087673
418444	6087691
418445	6087707
418446	6087787
418447	6087791
418448	6087793
418449	6087827
418450	6087833
418451	6087839
418452	6087857
418453	6087859
418454	6087871
418455	6087881
418456	6087889
418457	6087911
418458	6087929
418459	6087931
418460	6087937
418461	6087953
418462	6087959
418463	6087971
418464	6087973
418465	6088001
418466	6088009
418467	6088013
418468	6088039
418469	6088063
418470	6088067
418471	6088079
418472	6088087
418473	6088097
418474	6088099
418475	6088109
418476	6088111
418477	6088129
418478	6088139
418479	6088141
418480	6088153
418481	6088157
418482	6088171
418483	6088207
418484	6088211
418485	6088219
418486	6088237
418487	6088249
418488	6088259
418489	6088301
418490	6088337
418491	6088343
418492	6088351
418493	6088361
418494	6088373
418495	6088393
418496	6088403
418497	6088421
418498	6088429
418499	6088441
418500	6088457
418501	6088477
418502	6088483
418503	6088513
418504	6088517
418505	6088529
418506	6088543
418507	6088547
418508	6088549
418509	6088559
418510	6088561
418511	6088597
418512	6088613
418513	6088627
418514	6088633
418515	6088661
418516	6088673
418517	6088681
418518	6088699
418519	6088723
418520	6088727
418521	6088729
418522	6088739
418523	6088751
418524	6088763
418525	6088769
418526	6088777
418527	6088781
418528	6088793
418529	6088801
418530	6088807
418531	6088847
418532	6088861
418533	6088867
418534	6088877
418535	6088879
418536	6088883
418537	6088909
418538	6088933
418539	6088937
418540	6088939
418541	6088967
418542	6089023
418543	6089047
418544	6089087
418545	6089093
418546	6089107
418547	6089131
418548	6089137
418549	6089147
418550	6089207
418551	6089219
418552	6089221
418553	6089233
418554	6089243
418555	6089261
418556	6089267
418557	6089287
418558	6089309
418559	6089341
418560	6089351
418561	6089371
418562	6089381
418563	6089387
418564	6089389
418565	6089431
418566	6089437
418567	6089453
418568	6089459
418569	6089471
418570	6089483
418571	6089491
418572	6089509
418573	6089521
418574	6089533
418575	6089537
418576	6089539
418577	6089543
418578	6089581
418579	6089591
418580	6089597
418581	6089639
418582	6089651
418583	6089659
418584	6089693
418585	6089731
418586	6089737
418587	6089749
418588	6089761
418589	6089767
418590	6089807
418591	6089827
418592	6089833
418593	6089849
418594	6089851
418595	6089869
418596	6089903
418597	6089911
418598	6089929
418599	6089953
418600	6089957
418601	6089983
418602	6089999
418603	6090001
418604	6090011
418605	6090023
418606	6090053
418607	6090067
418608	6090103
418609	6090109
418610	6090121
418611	6090137
418612	6090143
418613	6090173
418614	6090209
418615	6090223
418616	6090251
418617	6090257
418618	6090269
418619	6090277
418620	6090289
418621	6090299
418622	6090349
418623	6090373
418624	6090379
418625	6090397
418626	6090421
418627	6090433
418628	6090449
418629	6090479
418630	6090481
418631	6090499
418632	6090503
418633	6090517
418634	6090523
418635	6090527
418636	6090529
418637	6090541
418638	6090559
418639	6090569
418640	6090571
418641	6090577
418642	6090599
418643	6090611
418644	6090613
418645	6090647
418646	6090661
418647	6090671
418648	6090677
418649	6090691
418650	6090701
418651	6090719
418652	6090737
418653	6090739
418654	6090751
418655	6090757
418656	6090779
418657	6090781
418658	6090797
418659	6090803
418660	6090809
418661	6090823
418662	6090839
418663	6090859
418664	6090863
418665	6090869
418666	6090881
418667	6090923
418668	6090941
418669	6090949
418670	6091027
418671	6091031
418672	6091103
418673	6091109
418674	6091207
418675	6091213
418676	6091223
418677	6091243
418678	6091259
418679	6091271
418680	6091279
418681	6091291
418682	6091307
418683	6091313
418684	6091331
418685	6091357
418686	6091367
418687	6091387
418688	6091391
418689	6091409
418690	6091433
418691	6091447
418692	6091451
418693	6091483
418694	6091487
418695	6091489
418696	6091511
418697	6091513
418698	6091517
418699	6091541
418700	6091597
418701	6091607
418702	6091621
418703	6091633
418704	6091637
418705	6091639
418706	6091649
418707	6091663
418708	6091669
418709	6091699
418710	6091703
418711	6091727
418712	6091733
418713	6091741
418714	6091747
418715	6091751
418716	6091753
418717	6091807
418718	6091819
418719	6091823
418720	6091829
418721	6091843
418722	6091847
418723	6091861
418724	6091867
418725	6091879
418726	6091931
418727	6091937
418728	6091957
418729	6091973
418730	6091991
418731	6091997
418732	6092011
418733	6092029
418734	6092041
418735	6092057
418736	6092077
418737	6092081
418738	6092083
418739	6092101
418740	6092113
418741	6092123
418742	6092143
418743	6092147
418744	6092159
418745	6092173
418746	6092183
418747	6092189
418748	6092227
418749	6092237
418750	6092249
418751	6092269
418752	6092287
418753	6092299
418754	6092311
418755	6092329
418756	6092353
418757	6092357
418758	6092363
418759	6092371
418760	6092441
418761	6092467
418762	6092479
418763	6092491
418764	6092503
418765	6092533
418766	6092557
418767	6092561
418768	6092573
418769	6092591
418770	6092599
418771	6092609
418772	6092629
418773	6092633
418774	6092659
418775	6092663
418776	6092683
418777	6092689
418778	6092693
418779	6092701
418780	6092729
418781	6092731
418782	6092747
418783	6092761
418784	6092767
418785	6092791
418786	6092797
418787	6092809
418788	6092831
418789	6092837
418790	6092843
418791	6092897
418792	6092903
418793	6092909
418794	6092917
418795	6092927
418796	6092951
418797	6092959
418798	6092963
418799	6092993
418800	6093011
418801	6093041
418802	6093071
418803	6093077
418804	6093083
418805	6093097
418806	6093121
418807	6093151
418808	6093163
418809	6093173
418810	6093179
418811	6093187
418812	6093193
418813	6093211
418814	6093223
418815	6093247
418816	6093287
418817	6093313
418818	6093337
418819	6093371
418820	6093389
418821	6093403
418822	6093467
418823	6093481
418824	6093491
418825	6093499
418826	6093511
418827	6093533
418828	6093541
418829	6093557
418830	6093601
418831	6093629
418832	6093631
418833	6093671
418834	6093709
418835	6093713
418836	6093719
418837	6093721
418838	6093733
418839	6093739
418840	6093743
418841	6093749
418842	6093761
418843	6093767
418844	6093779
418845	6093809
418846	6093811
418847	6093817
418848	6093853
418849	6093869
418850	6093881
418851	6093911
418852	6093931
418853	6093947
418854	6093991
418855	6094009
418856	6094013
418857	6094019
418858	6094021
418859	6094027
418860	6094043
418861	6094069
418862	6094087
418863	6094091
418864	6094111
418865	6094141
418866	6094157
418867	6094181
418868	6094183
418869	6094189
418870	6094213
418871	6094217
418872	6094223
418873	6094229
418874	6094247
418875	6094267
418876	6094301
418877	6094303
418878	6094337
418879	6094343
418880	6094357
418881	6094373
418882	6094391
418883	6094393
418884	6094397
418885	6094411
418886	6094481
418887	6094489
418888	6094493
418889	6094567
418890	6094579
418891	6094591
418892	6094601
418893	6094633
418894	6094651
418895	6094657
418896	6094729
418897	6094757
418898	6094787
418899	6094807
418900	6094859
418901	6094861
418902	6094867
418903	6094873
418904	6094883
418905	6094889
418906	6094903
418907	6094909
418908	6094919
418909	6094927
418910	6094943
418911	6094969
418912	6094981
418913	6095021
418914	6095039
418915	6095051
418916	6095071
418917	6095077
418918	6095083
418919	6095093
418920	6095119
418921	6095147
418922	6095149
418923	6095153
418924	6095203
418925	6095209
418926	6095227
418927	6095233
418928	6095239
418929	6095261
418930	6095263
418931	6095291
418932	6095317
418933	6095321
418934	6095329
418935	6095339
418936	6095359
418937	6095363
418938	6095381
418939	6095393
418940	6095407
418941	6095413
418942	6095431
418943	6095449
418944	6095473
418945	6095489
418946	6095497
418947	6095543
418948	6095549
418949	6095581
418950	6095587
418951	6095591
418952	6095611
418953	6095627
418954	6095629
418955	6095647
418956	6095657
418957	6095671
418958	6095693
418959	6095717
418960	6095729
418961	6095731
418962	6095737
418963	6095743
418964	6095753
418965	6095767
418966	6095773
418967	6095777
418968	6095797
418969	6095801
418970	6095807
418971	6095819
418972	6095833
418973	6095879
418974	6095891
418975	6095893
418976	6095909
418977	6095917
418978	6095927
418979	6095951
418980	6095959
418981	6095977
418982	6095987
418983	6096049
418984	6096053
418985	6096059
418986	6096071
418987	6096107
418988	6096109
418989	6096137
418990	6096161
418991	6096163
418992	6096187
418993	6096191
418994	6096197
418995	6096199
418996	6096241
418997	6096247
418998	6096257
418999	6096269
419000	6096271
