421001	6127417
421002	6127421
421003	6127423
421004	6127447
421005	6127483
421006	6127493
421007	6127501
421008	6127523
421009	6127529
421010	6127549
421011	6127559
421012	6127567
421013	6127577
421014	6127579
421015	6127603
421016	6127609
421017	6127631
421018	6127643
421019	6127661
421020	6127669
421021	6127679
421022	6127687
421023	6127691
421024	6127697
421025	6127703
421026	6127711
421027	6127717
421028	6127733
421029	6127757
421030	6127763
421031	6127777
421032	6127789
421033	6127831
421034	6127841
421035	6127859
421036	6127889
421037	6127897
421038	6127909
421039	6127931
421040	6127949
421041	6127963
421042	6127967
421043	6127969
421044	6127993
421045	6128011
421046	6128029
421047	6128039
421048	6128053
421049	6128063
421050	6128069
421051	6128107
421052	6128113
421053	6128137
421054	6128141
421055	6128149
421056	6128159
421057	6128167
421058	6128183
421059	6128197
421060	6128201
421061	6128207
421062	6128237
421063	6128257
421064	6128299
421065	6128303
421066	6128321
421067	6128341
421068	6128351
421069	6128387
421070	6128411
421071	6128413
421072	6128417
421073	6128459
421074	6128461
421075	6128467
421076	6128477
421077	6128491
421078	6128501
421079	6128503
421080	6128509
421081	6128513
421082	6128531
421083	6128539
421084	6128567
421085	6128581
421086	6128587
421087	6128597
421088	6128611
421089	6128623
421090	6128651
421091	6128663
421092	6128693
421093	6128723
421094	6128729
421095	6128737
421096	6128767
421097	6128777
421098	6128779
421099	6128783
421100	6128813
421101	6128819
421102	6128821
421103	6128851
421104	6128921
421105	6128923
421106	6128929
421107	6128951
421108	6128953
421109	6128957
421110	6128977
421111	6128987
421112	6129029
421113	6129043
421114	6129059
421115	6129073
421116	6129083
421117	6129089
421118	6129107
421119	6129113
421120	6129119
421121	6129133
421122	6129143
421123	6129157
421124	6129181
421125	6129187
421126	6129199
421127	6129209
421128	6129257
421129	6129269
421130	6129271
421131	6129287
421132	6129311
421133	6129313
421134	6129323
421135	6129329
421136	6129379
421137	6129407
421138	6129421
421139	6129433
421140	6129439
421141	6129449
421142	6129481
421143	6129491
421144	6129493
421145	6129511
421146	6129547
421147	6129553
421148	6129577
421149	6129581
421150	6129583
421151	6129587
421152	6129611
421153	6129619
421154	6129631
421155	6129637
421156	6129649
421157	6129653
421158	6129659
421159	6129667
421160	6129677
421161	6129713
421162	6129731
421163	6129743
421164	6129769
421165	6129803
421166	6129811
421167	6129857
421168	6129863
421169	6129899
421170	6129919
421171	6129947
421172	6129953
421173	6129961
421174	6129967
421175	6129973
421176	6130021
421177	6130043
421178	6130067
421179	6130097
421180	6130099
421181	6130129
421182	6130133
421183	6130151
421184	6130153
421185	6130169
421186	6130171
421187	6130177
421188	6130199
421189	6130249
421190	6130253
421191	6130261
421192	6130273
421193	6130301
421194	6130337
421195	6130373
421196	6130391
421197	6130393
421198	6130427
421199	6130429
421200	6130441
421201	6130459
421202	6130469
421203	6130477
421204	6130499
421205	6130517
421206	6130541
421207	6130543
421208	6130547
421209	6130549
421210	6130603
421211	6130609
421212	6130661
421213	6130667
421214	6130679
421215	6130697
421216	6130699
421217	6130703
421218	6130717
421219	6130739
421220	6130741
421221	6130753
421222	6130763
421223	6130769
421224	6130781
421225	6130783
421226	6130807
421227	6130819
421228	6130823
421229	6130849
421230	6130907
421231	6130951
421232	6130967
421233	6130973
421234	6130979
421235	6130981
421236	6130997
421237	6131039
421238	6131057
421239	6131077
421240	6131089
421241	6131119
421242	6131131
421243	6131189
421244	6131219
421245	6131239
421246	6131297
421247	6131303
421248	6131309
421249	6131311
421250	6131329
421251	6131351
421252	6131353
421253	6131369
421254	6131387
421255	6131393
421256	6131399
421257	6131401
421258	6131423
421259	6131431
421260	6131443
421261	6131453
421262	6131473
421263	6131491
421264	6131507
421265	6131527
421266	6131533
421267	6131549
421268	6131551
421269	6131561
421270	6131597
421271	6131621
421272	6131627
421273	6131641
421274	6131651
421275	6131663
421276	6131669
421277	6131681
421278	6131683
421279	6131753
421280	6131759
421281	6131771
421282	6131821
421283	6131857
421284	6131863
421285	6131887
421286	6131891
421287	6131911
421288	6131921
421289	6131947
421290	6131953
421291	6131977
421292	6131981
421293	6131989
421294	6131999
421295	6132029
421296	6132037
421297	6132089
421298	6132103
421299	6132107
421300	6132109
421301	6132127
421302	6132131
421303	6132143
421304	6132149
421305	6132151
421306	6132167
421307	6132169
421308	6132179
421309	6132221
421310	6132229
421311	6132233
421312	6132239
421313	6132271
421314	6132281
421315	6132299
421316	6132317
421317	6132319
421318	6132337
421319	6132349
421320	6132353
421321	6132377
421322	6132403
421323	6132431
421324	6132439
421325	6132473
421326	6132479
421327	6132481
421328	6132509
421329	6132523
421330	6132551
421331	6132569
421332	6132571
421333	6132587
421334	6132593
421335	6132647
421336	6132653
421337	6132661
421338	6132671
421339	6132673
421340	6132751
421341	6132769
421342	6132773
421343	6132779
421344	6132781
421345	6132799
421346	6132809
421347	6132811
421348	6132817
421349	6132827
421350	6132829
421351	6132851
421352	6132857
421353	6132871
421354	6132883
421355	6132887
421356	6132911
421357	6132923
421358	6132967
421359	6133003
421360	6133013
421361	6133031
421362	6133033
421363	6133037
421364	6133069
421365	6133093
421366	6133117
421367	6133129
421368	6133139
421369	6133151
421370	6133159
421371	6133163
421372	6133177
421373	6133187
421374	6133189
421375	6133199
421376	6133207
421377	6133223
421378	6133261
421379	6133271
421380	6133273
421381	6133279
421382	6133291
421383	6133331
421384	6133339
421385	6133343
421386	6133349
421387	6133373
421388	6133411
421389	6133429
421390	6133441
421391	6133483
421392	6133487
421393	6133493
421394	6133499
421395	6133537
421396	6133573
421397	6133579
421398	6133591
421399	6133607
421400	6133643
421401	6133657
421402	6133661
421403	6133669
421404	6133727
421405	6133769
421406	6133781
421407	6133811
421408	6133837
421409	6133843
421410	6133867
421411	6133871
421412	6133873
421413	6133891
421414	6133913
421415	6133921
421416	6133927
421417	6133937
421418	6133943
421419	6133961
421420	6133987
421421	6133997
421422	6133999
421423	6134003
421424	6134021
421425	6134069
421426	6134071
421427	6134083
421428	6134101
421429	6134129
421430	6134137
421431	6134143
421432	6134153
421433	6134159
421434	6134197
421435	6134213
421436	6134231
421437	6134237
421438	6134257
421439	6134269
421440	6134279
421441	6134309
421442	6134327
421443	6134339
421444	6134357
421445	6134363
421446	6134369
421447	6134419
421448	6134441
421449	6134459
421450	6134483
421451	6134519
421452	6134521
421453	6134533
421454	6134551
421455	6134561
421456	6134567
421457	6134593
421458	6134617
421459	6134641
421460	6134651
421461	6134659
421462	6134699
421463	6134743
421464	6134749
421465	6134759
421466	6134797
421467	6134801
421468	6134809
421469	6134833
421470	6134837
421471	6134839
421472	6134851
421473	6134857
421474	6134881
421475	6134893
421476	6134911
421477	6134917
421478	6134923
421479	6134927
421480	6134941
421481	6134963
421482	6134969
421483	6134981
421484	6134983
421485	6135023
421486	6135029
421487	6135047
421488	6135049
421489	6135053
421490	6135131
421491	6135133
421492	6135161
421493	6135163
421494	6135167
421495	6135187
421496	6135191
421497	6135203
421498	6135209
421499	6135221
421500	6135223
421501	6135251
421502	6135253
421503	6135289
421504	6135293
421505	6135299
421506	6135329
421507	6135331
421508	6135341
421509	6135343
421510	6135359
421511	6135383
421512	6135397
421513	6135421
421514	6135433
421515	6135463
421516	6135473
421517	6135491
421518	6135509
421519	6135523
421520	6135533
421521	6135539
421522	6135553
421523	6135581
421524	6135593
421525	6135611
421526	6135637
421527	6135643
421528	6135653
421529	6135667
421530	6135677
421531	6135683
421532	6135707
421533	6135721
421534	6135743
421535	6135781
421536	6135797
421537	6135839
421538	6135859
421539	6135881
421540	6135887
421541	6135889
421542	6135893
421543	6135901
421544	6135919
421545	6135931
421546	6135947
421547	6135953
421548	6135973
421549	6135977
421550	6135979
421551	6136003
421552	6136073
421553	6136079
421554	6136087
421555	6136111
421556	6136121
421557	6136127
421558	6136153
421559	6136157
421560	6136189
421561	6136211
421562	6136213
421563	6136217
421564	6136219
421565	6136231
421566	6136237
421567	6136243
421568	6136271
421569	6136301
421570	6136309
421571	6136321
421572	6136327
421573	6136349
421574	6136363
421575	6136379
421576	6136391
421577	6136399
421578	6136441
421579	6136451
421580	6136477
421581	6136517
421582	6136519
421583	6136523
421584	6136547
421585	6136549
421586	6136577
421587	6136619
421588	6136621
421589	6136631
421590	6136651
421591	6136673
421592	6136679
421593	6136681
421594	6136693
421595	6136703
421596	6136717
421597	6136721
421598	6136723
421599	6136733
421600	6136751
421601	6136807
421602	6136841
421603	6136873
421604	6136877
421605	6136901
421606	6136919
421607	6136927
421608	6136939
421609	6136967
421610	6136979
421611	6136993
421612	6136997
421613	6137011
421614	6137023
421615	6137041
421616	6137059
421617	6137069
421618	6137077
421619	6137081
421620	6137123
421621	6137137
421622	6137177
421623	6137179
421624	6137191
421625	6137203
421626	6137233
421627	6137279
421628	6137303
421629	6137309
421630	6137317
421631	6137333
421632	6137353
421633	6137363
421634	6137371
421635	6137387
421636	6137423
421637	6137441
421638	6137447
421639	6137477
421640	6137491
421641	6137497
421642	6137501
421643	6137503
421644	6137533
421645	6137557
421646	6137563
421647	6137567
421648	6137569
421649	6137587
421650	6137591
421651	6137603
421652	6137609
421653	6137623
421654	6137633
421655	6137639
421656	6137641
421657	6137653
421658	6137687
421659	6137689
421660	6137693
421661	6137701
421662	6137713
421663	6137717
421664	6137749
421665	6137753
421666	6137797
421667	6137801
421668	6137809
421669	6137827
421670	6137837
421671	6137839
421672	6137861
421673	6137909
421674	6137917
421675	6137951
421676	6137959
421677	6137981
421678	6137993
421679	6138019
421680	6138023
421681	6138113
421682	6138127
421683	6138131
421684	6138149
421685	6138161
421686	6138179
421687	6138191
421688	6138193
421689	6138211
421690	6138239
421691	6138271
421692	6138277
421693	6138281
421694	6138299
421695	6138313
421696	6138331
421697	6138347
421698	6138367
421699	6138371
421700	6138383
421701	6138409
421702	6138413
421703	6138427
421704	6138437
421705	6138439
421706	6138443
421707	6138449
421708	6138467
421709	6138469
421710	6138481
421711	6138523
421712	6138557
421713	6138563
421714	6138569
421715	6138571
421716	6138593
421717	6138599
421718	6138611
421719	6138647
421720	6138659
421721	6138661
421722	6138667
421723	6138673
421724	6138689
421725	6138709
421726	6138719
421727	6138739
421728	6138779
421729	6138787
421730	6138793
421731	6138823
421732	6138827
421733	6138841
421734	6138859
421735	6138863
421736	6138871
421737	6138877
421738	6138883
421739	6138893
421740	6138901
421741	6138947
421742	6138983
421743	6138991
421744	6139019
421745	6139027
421746	6139031
421747	6139037
421748	6139051
421749	6139061
421750	6139073
421751	6139099
421752	6139103
421753	6139117
421754	6139121
421755	6139123
421756	6139139
421757	6139141
421758	6139201
421759	6139219
421760	6139241
421761	6139249
421762	6139253
421763	6139279
421764	6139283
421765	6139297
421766	6139303
421767	6139319
421768	6139351
421769	6139369
421770	6139379
421771	6139391
421772	6139417
421773	6139423
421774	6139453
421775	6139493
421776	6139513
421777	6139517
421778	6139531
421779	6139547
421780	6139559
421781	6139579
421782	6139591
421783	6139613
421784	6139663
421785	6139673
421786	6139681
421787	6139687
421788	6139691
421789	6139697
421790	6139699
421791	6139723
421792	6139733
421793	6139739
421794	6139741
421795	6139753
421796	6139787
421797	6139789
421798	6139807
421799	6139849
421800	6139853
421801	6139871
421802	6139883
421803	6139897
421804	6139901
421805	6139921
421806	6139937
421807	6139949
421808	6139951
421809	6139961
421810	6139979
421811	6139993
421812	6139999
421813	6140023
421814	6140041
421815	6140051
421816	6140053
421817	6140087
421818	6140107
421819	6140129
421820	6140137
421821	6140153
421822	6140171
421823	6140191
421824	6140207
421825	6140219
421826	6140227
421827	6140231
421828	6140243
421829	6140269
421830	6140273
421831	6140279
421832	6140291
421833	6140339
421834	6140353
421835	6140359
421836	6140369
421837	6140389
421838	6140411
421839	6140419
421840	6140429
421841	6140441
421842	6140461
421843	6140467
421844	6140473
421845	6140521
421846	6140531
421847	6140539
421848	6140549
421849	6140567
421850	6140569
421851	6140579
421852	6140581
421853	6140593
421854	6140647
421855	6140653
421856	6140657
421857	6140671
421858	6140707
421859	6140711
421860	6140753
421861	6140767
421862	6140773
421863	6140777
421864	6140789
421865	6140803
421866	6140807
421867	6140843
421868	6140851
421869	6140863
421870	6140903
421871	6140909
421872	6140923
421873	6140929
421874	6140947
421875	6140957
421876	6140983
421877	6140989
421878	6140999
421879	6141013
421880	6141017
421881	6141041
421882	6141049
421883	6141059
421884	6141061
421885	6141071
421886	6141077
421887	6141137
421888	6141173
421889	6141203
421890	6141209
421891	6141229
421892	6141257
421893	6141263
421894	6141277
421895	6141281
421896	6141323
421897	6141337
421898	6141341
421899	6141347
421900	6141397
421901	6141407
421902	6141409
421903	6141433
421904	6141439
421905	6141449
421906	6141463
421907	6141467
421908	6141469
421909	6141491
421910	6141493
421911	6141497
421912	6141521
421913	6141559
421914	6141599
421915	6141601
421916	6141613
421917	6141659
421918	6141661
421919	6141671
421920	6141679
421921	6141691
421922	6141727
421923	6141739
421924	6141757
421925	6141761
421926	6141763
421927	6141791
421928	6141797
421929	6141809
421930	6141827
421931	6141833
421932	6141853
421933	6141857
421934	6141859
421935	6141887
421936	6141893
421937	6141899
421938	6141977
421939	6141983
421940	6142033
421941	6142057
421942	6142063
421943	6142079
421944	6142109
421945	6142141
421946	6142153
421947	6142177
421948	6142189
421949	6142207
421950	6142211
421951	6142231
421952	6142237
421953	6142243
421954	6142261
421955	6142267
421956	6142277
421957	6142291
421958	6142303
421959	6142307
421960	6142327
421961	6142343
421962	6142349
421963	6142351
421964	6142361
421965	6142363
421966	6142373
421967	6142387
421968	6142391
421969	6142397
421970	6142441
421971	6142463
421972	6142469
421973	6142483
421974	6142489
421975	6142501
421976	6142523
421977	6142547
421978	6142573
421979	6142589
421980	6142603
421981	6142613
421982	6142649
421983	6142651
421984	6142663
421985	6142687
421986	6142727
421987	6142739
421988	6142783
421989	6142813
421990	6142819
421991	6142837
421992	6142841
421993	6142879
421994	6142897
421995	6142949
421996	6142951
421997	6142957
421998	6142963
421999	6142973
422000	6142987
