426001	6205429
426002	6205439
426003	6205453
426004	6205477
426005	6205481
426006	6205501
426007	6205517
426008	6205519
426009	6205523
426010	6205531
426011	6205543
426012	6205547
426013	6205559
426014	6205579
426015	6205583
426016	6205597
426017	6205643
426018	6205649
426019	6205651
426020	6205669
426021	6205709
426022	6205711
426023	6205747
426024	6205753
426025	6205777
426026	6205783
426027	6205807
426028	6205813
426029	6205817
426030	6205819
426031	6205831
426032	6205861
426033	6205879
426034	6205891
426035	6205931
426036	6205937
426037	6205943
426038	6205967
426039	6206017
426040	6206051
426041	6206069
426042	6206077
426043	6206089
426044	6206111
426045	6206117
426046	6206119
426047	6206153
426048	6206177
426049	6206191
426050	6206197
426051	6206227
426052	6206257
426053	6206273
426054	6206287
426055	6206327
426056	6206329
426057	6206341
426058	6206357
426059	6206371
426060	6206383
426061	6206393
426062	6206413
426063	6206423
426064	6206429
426065	6206437
426066	6206449
426067	6206461
426068	6206503
426069	6206507
426070	6206509
426071	6206531
426072	6206549
426073	6206561
426074	6206579
426075	6206653
426076	6206693
426077	6206701
426078	6206719
426079	6206737
426080	6206747
426081	6206779
426082	6206791
426083	6206797
426084	6206801
426085	6206833
426086	6206839
426087	6206869
426088	6206903
426089	6206909
426090	6206917
426091	6206923
426092	6206929
426093	6206953
426094	6206969
426095	6206983
426096	6206999
426097	6207001
426098	6207013
426099	6207017
426100	6207029
426101	6207041
426102	6207043
426103	6207101
426104	6207107
426105	6207119
426106	6207133
426107	6207137
426108	6207139
426109	6207143
426110	6207163
426111	6207181
426112	6207197
426113	6207199
426114	6207209
426115	6207211
426116	6207241
426117	6207259
426118	6207269
426119	6207283
426120	6207287
426121	6207301
426122	6207367
426123	6207371
426124	6207389
426125	6207403
426126	6207419
426127	6207427
426128	6207473
426129	6207491
426130	6207517
426131	6207569
426132	6207577
426133	6207587
426134	6207599
426135	6207611
426136	6207613
426137	6207629
426138	6207671
426139	6207673
426140	6207689
426141	6207727
426142	6207739
426143	6207779
426144	6207793
426145	6207809
426146	6207821
426147	6207829
426148	6207863
426149	6207869
426150	6207893
426151	6207931
426152	6207947
426153	6207973
426154	6207977
426155	6207989
426156	6207991
426157	6207997
426158	6208021
426159	6208067
426160	6208087
426161	6208093
426162	6208099
426163	6208109
426164	6208121
426165	6208127
426166	6208159
426167	6208199
426168	6208207
426169	6208217
426170	6208219
426171	6208243
426172	6208249
426173	6208259
426174	6208303
426175	6208309
426176	6208327
426177	6208331
426178	6208337
426179	6208351
426180	6208357
426181	6208379
426182	6208387
426183	6208403
426184	6208427
426185	6208441
426186	6208457
426187	6208471
426188	6208513
426189	6208537
426190	6208541
426191	6208547
426192	6208561
426193	6208583
426194	6208591
426195	6208603
426196	6208607
426197	6208613
426198	6208619
426199	6208627
426200	6208633
426201	6208651
426202	6208661
426203	6208663
426204	6208691
426205	6208693
426206	6208717
426207	6208721
426208	6208733
426209	6208759
426210	6208771
426211	6208793
426212	6208799
426213	6208817
426214	6208819
426215	6208831
426216	6208861
426217	6208913
426218	6208949
426219	6209009
426220	6209017
426221	6209023
426222	6209039
426223	6209041
426224	6209051
426225	6209053
426226	6209087
426227	6209089
426228	6209111
426229	6209117
426230	6209173
426231	6209179
426232	6209183
426233	6209191
426234	6209201
426235	6209213
426236	6209239
426237	6209249
426238	6209279
426239	6209297
426240	6209299
426241	6209309
426242	6209341
426243	6209351
426244	6209353
426245	6209381
426246	6209383
426247	6209407
426248	6209419
426249	6209429
426250	6209431
426251	6209443
426252	6209449
426253	6209461
426254	6209473
426255	6209503
426256	6209513
426257	6209521
426258	6209527
426259	6209537
426260	6209543
426261	6209551
426262	6209569
426263	6209591
426264	6209597
426265	6209603
426266	6209629
426267	6209633
426268	6209647
426269	6209663
426270	6209669
426271	6209681
426272	6209717
426273	6209719
426274	6209729
426275	6209773
426276	6209779
426277	6209803
426278	6209807
426279	6209831
426280	6209837
426281	6209867
426282	6209893
426283	6209897
426284	6209909
426285	6209911
426286	6209921
426287	6209923
426288	6209933
426289	6209939
426290	6209963
426291	6209971
426292	6209989
426293	6210011
426294	6210041
426295	6210053
426296	6210059
426297	6210067
426298	6210097
426299	6210101
426300	6210167
426301	6210203
426302	6210209
426303	6210221
426304	6210223
426305	6210241
426306	6210247
426307	6210277
426308	6210289
426309	6210301
426310	6210307
426311	6210319
426312	6210353
426313	6210377
426314	6210383
426315	6210401
426316	6210409
426317	6210419
426318	6210433
426319	6210443
426320	6210461
426321	6210467
426322	6210481
426323	6210497
426324	6210499
426325	6210539
426326	6210551
426327	6210569
426328	6210577
426329	6210599
426330	6210613
426331	6210623
426332	6210637
426333	6210643
426334	6210671
426335	6210689
426336	6210691
426337	6210697
426338	6210707
426339	6210719
426340	6210731
426341	6210749
426342	6210751
426343	6210779
426344	6210817
426345	6210821
426346	6210829
426347	6210839
426348	6210847
426349	6210863
426350	6210887
426351	6210889
426352	6210907
426353	6210923
426354	6210949
426355	6210979
426356	6210983
426357	6210991
426358	6211019
426359	6211027
426360	6211033
426361	6211039
426362	6211057
426363	6211061
426364	6211091
426365	6211159
426366	6211187
426367	6211223
426368	6211237
426369	6211241
426370	6211259
426371	6211279
426372	6211291
426373	6211297
426374	6211321
426375	6211349
426376	6211367
426377	6211397
426378	6211421
426379	6211427
426380	6211451
426381	6211453
426382	6211489
426383	6211507
426384	6211553
426385	6211559
426386	6211573
426387	6211609
426388	6211619
426389	6211631
426390	6211657
426391	6211669
426392	6211703
426393	6211729
426394	6211747
426395	6211753
426396	6211757
426397	6211763
426398	6211769
426399	6211781
426400	6211831
426401	6211853
426402	6211867
426403	6211871
426404	6211897
426405	6211901
426406	6211903
426407	6211927
426408	6211937
426409	6211939
426410	6211957
426411	6211963
426412	6211973
426413	6211981
426414	6212009
426415	6212053
426416	6212113
426417	6212117
426418	6212147
426419	6212153
426420	6212159
426421	6212161
426422	6212201
426423	6212203
426424	6212243
426425	6212267
426426	6212273
426427	6212299
426428	6212321
426429	6212347
426430	6212357
426431	6212359
426432	6212363
426433	6212377
426434	6212383
426435	6212387
426436	6212389
426437	6212407
426438	6212417
426439	6212471
426440	6212483
426441	6212489
426442	6212491
426443	6212533
426444	6212543
426445	6212551
426446	6212561
426447	6212587
426448	6212621
426449	6212669
426450	6212671
426451	6212681
426452	6212711
426453	6212747
426454	6212749
426455	6212761
426456	6212777
426457	6212807
426458	6212809
426459	6212821
426460	6212831
426461	6212839
426462	6212851
426463	6212881
426464	6212893
426465	6212917
426466	6212923
426467	6212951
426468	6212953
426469	6212971
426470	6212993
426471	6213029
426472	6213037
426473	6213043
426474	6213073
426475	6213083
426476	6213089
426477	6213091
426478	6213101
426479	6213107
426480	6213121
426481	6213127
426482	6213149
426483	6213157
426484	6213173
426485	6213203
426486	6213223
426487	6213239
426488	6213253
426489	6213257
426490	6213287
426491	6213301
426492	6213307
426493	6213329
426494	6213331
426495	6213341
426496	6213343
426497	6213367
426498	6213391
426499	6213401
426500	6213407
426501	6213413
426502	6213433
426503	6213443
426504	6213479
426505	6213491
426506	6213503
426507	6213523
426508	6213527
426509	6213533
426510	6213563
426511	6213593
426512	6213601
426513	6213607
426514	6213617
426515	6213637
426516	6213659
426517	6213679
426518	6213689
426519	6213719
426520	6213731
426521	6213737
426522	6213751
426523	6213769
426524	6213787
426525	6213791
426526	6213793
426527	6213797
426528	6213799
426529	6213827
426530	6213839
426531	6213869
426532	6213899
426533	6213913
426534	6213947
426535	6213953
426536	6213997
426537	6214031
426538	6214037
426539	6214051
426540	6214073
426541	6214099
426542	6214123
426543	6214139
426544	6214157
426545	6214171
426546	6214177
426547	6214181
426548	6214211
426549	6214223
426550	6214267
426551	6214283
426552	6214309
426553	6214319
426554	6214321
426555	6214331
426556	6214339
426557	6214357
426558	6214361
426559	6214363
426560	6214399
426561	6214421
426562	6214433
426563	6214441
426564	6214447
426565	6214471
426566	6214487
426567	6214511
426568	6214519
426569	6214541
426570	6214543
426571	6214573
426572	6214591
426573	6214597
426574	6214627
426575	6214651
426576	6214687
426577	6214699
426578	6214751
426579	6214753
426580	6214757
426581	6214777
426582	6214783
426583	6214799
426584	6214801
426585	6214811
426586	6214837
426587	6214841
426588	6214907
426589	6214931
426590	6214933
426591	6214937
426592	6214981
426593	6214993
426594	6215017
426595	6215021
426596	6215023
426597	6215039
426598	6215051
426599	6215057
426600	6215063
426601	6215089
426602	6215093
426603	6215101
426604	6215141
426605	6215171
426606	6215173
426607	6215189
426608	6215191
426609	6215201
426610	6215203
426611	6215213
426612	6215227
426613	6215249
426614	6215273
426615	6215281
426616	6215317
426617	6215333
426618	6215347
426619	6215357
426620	6215369
426621	6215381
426622	6215393
426623	6215401
426624	6215423
426625	6215431
426626	6215441
426627	6215449
426628	6215453
426629	6215459
426630	6215467
426631	6215471
426632	6215491
426633	6215501
426634	6215533
426635	6215551
426636	6215579
426637	6215597
426638	6215611
426639	6215617
426640	6215623
426641	6215639
426642	6215647
426643	6215653
426644	6215669
426645	6215701
426646	6215719
426647	6215771
426648	6215789
426649	6215813
426650	6215851
426651	6215861
426652	6215873
426653	6215917
426654	6215921
426655	6215929
426656	6215933
426657	6215959
426658	6215971
426659	6215987
426660	6216011
426661	6216013
426662	6216019
426663	6216029
426664	6216031
426665	6216047
426666	6216061
426667	6216071
426668	6216073
426669	6216103
426670	6216107
426671	6216109
426672	6216139
426673	6216149
426674	6216191
426675	6216227
426676	6216229
426677	6216239
426678	6216251
426679	6216253
426680	6216257
426681	6216277
426682	6216281
426683	6216283
426684	6216293
426685	6216307
426686	6216311
426687	6216341
426688	6216349
426689	6216367
426690	6216377
426691	6216389
426692	6216403
426693	6216421
426694	6216437
426695	6216479
426696	6216499
426697	6216503
426698	6216541
426699	6216557
426700	6216569
426701	6216599
426702	6216697
426703	6216719
426704	6216731
426705	6216733
426706	6216751
426707	6216757
426708	6216761
426709	6216773
426710	6216779
426711	6216797
426712	6216823
426713	6216829
426714	6216841
426715	6216887
426716	6216893
426717	6216913
426718	6216929
426719	6216943
426720	6216961
426721	6216967
426722	6216979
426723	6216989
426724	6217027
426725	6217037
426726	6217039
426727	6217051
426728	6217067
426729	6217091
426730	6217097
426731	6217103
426732	6217151
426733	6217157
426734	6217177
426735	6217229
426736	6217231
426737	6217249
426738	6217259
426739	6217261
426740	6217279
426741	6217283
426742	6217297
426743	6217307
426744	6217319
426745	6217381
426746	6217411
426747	6217441
426748	6217457
426749	6217481
426750	6217493
426751	6217543
426752	6217633
426753	6217637
426754	6217643
426755	6217649
426756	6217657
426757	6217681
426758	6217697
426759	6217709
426760	6217711
426761	6217721
426762	6217741
426763	6217747
426764	6217777
426765	6217789
426766	6217811
426767	6217817
426768	6217831
426769	6217859
426770	6217867
426771	6217873
426772	6217879
426773	6217901
426774	6217927
426775	6217931
426776	6217933
426777	6217943
426778	6217963
426779	6217993
426780	6217999
426781	6218021
426782	6218033
426783	6218057
426784	6218059
426785	6218083
426786	6218089
426787	6218099
426788	6218117
426789	6218143
426790	6218159
426791	6218161
426792	6218189
426793	6218207
426794	6218221
426795	6218227
426796	6218231
426797	6218237
426798	6218269
426799	6218291
426800	6218297
426801	6218323
426802	6218351
426803	6218357
426804	6218363
426805	6218369
426806	6218417
426807	6218431
426808	6218449
426809	6218477
426810	6218489
426811	6218539
426812	6218581
426813	6218599
426814	6218603
426815	6218621
426816	6218623
426817	6218647
426818	6218657
426819	6218669
426820	6218683
426821	6218687
426822	6218689
426823	6218713
426824	6218741
426825	6218749
426826	6218759
426827	6218827
426828	6218837
426829	6218867
426830	6218881
426831	6218887
426832	6218897
426833	6218917
426834	6218929
426835	6218951
426836	6218981
426837	6218987
426838	6219001
426839	6219041
426840	6219043
426841	6219049
426842	6219077
426843	6219091
426844	6219097
426845	6219113
426846	6219121
426847	6219139
426848	6219149
426849	6219173
426850	6219197
426851	6219203
426852	6219209
426853	6219211
426854	6219221
426855	6219233
426856	6219271
426857	6219287
426858	6219319
426859	6219359
426860	6219371
426861	6219379
426862	6219383
426863	6219419
426864	6219443
426865	6219457
426866	6219503
426867	6219509
426868	6219541
426869	6219547
426870	6219583
426871	6219617
426872	6219643
426873	6219667
426874	6219679
426875	6219701
426876	6219727
426877	6219757
426878	6219779
426879	6219781
426880	6219793
426881	6219797
426882	6219827
426883	6219847
426884	6219853
426885	6219887
426886	6219893
426887	6219901
426888	6219919
426889	6219923
426890	6219947
426891	6219953
426892	6219971
426893	6219989
426894	6219991
426895	6220001
426896	6220003
426897	6220043
426898	6220061
426899	6220063
426900	6220073
426901	6220091
426902	6220099
426903	6220117
426904	6220129
426905	6220141
426906	6220157
426907	6220169
426908	6220177
426909	6220187
426910	6220199
426911	6220217
426912	6220229
426913	6220237
426914	6220241
426915	6220259
426916	6220261
426917	6220271
426918	6220289
426919	6220307
426920	6220321
426921	6220339
426922	6220343
426923	6220349
426924	6220369
426925	6220387
426926	6220399
426927	6220411
426928	6220421
426929	6220433
426930	6220447
426931	6220457
426932	6220463
426933	6220469
426934	6220517
426935	6220519
426936	6220567
426937	6220579
426938	6220631
426939	6220633
426940	6220639
426941	6220651
426942	6220661
426943	6220673
426944	6220693
426945	6220723
426946	6220727
426947	6220729
426948	6220751
426949	6220757
426950	6220777
426951	6220813
426952	6220817
426953	6220829
426954	6220831
426955	6220849
426956	6220871
426957	6220897
426958	6220927
426959	6220937
426960	6220943
426961	6220979
426962	6221003
426963	6221009
426964	6221023
426965	6221027
426966	6221041
426967	6221071
426968	6221077
426969	6221081
426970	6221093
426971	6221101
426972	6221107
426973	6221119
426974	6221123
426975	6221147
426976	6221153
426977	6221161
426978	6221177
426979	6221179
426980	6221183
426981	6221191
426982	6221203
426983	6221209
426984	6221213
426985	6221231
426986	6221239
426987	6221263
426988	6221273
426989	6221287
426990	6221309
426991	6221311
426992	6221317
426993	6221377
426994	6221429
426995	6221459
426996	6221471
426997	6221489
426998	6221497
426999	6221539
427000	6221543
