427001	6221549
427002	6221557
427003	6221561
427004	6221563
427005	6221591
427006	6221629
427007	6221639
427008	6221647
427009	6221651
427010	6221671
427011	6221693
427012	6221749
427013	6221767
427014	6221771
427015	6221773
427016	6221819
427017	6221827
427018	6221833
427019	6221837
427020	6221849
427021	6221867
427022	6221869
427023	6221879
427024	6221909
427025	6221927
427026	6221933
427027	6221951
427028	6221953
427029	6221977
427030	6221981
427031	6221989
427032	6222011
427033	6222049
427034	6222053
427035	6222059
427036	6222071
427037	6222077
427038	6222113
427039	6222149
427040	6222163
427041	6222169
427042	6222173
427043	6222191
427044	6222193
427045	6222197
427046	6222217
427047	6222233
427048	6222241
427049	6222263
427050	6222287
427051	6222299
427052	6222313
427053	6222319
427054	6222341
427055	6222343
427056	6222353
427057	6222361
427058	6222373
427059	6222383
427060	6222407
427061	6222409
427062	6222421
427063	6222439
427064	6222451
427065	6222457
427066	6222467
427067	6222473
427068	6222479
427069	6222497
427070	6222499
427071	6222523
427072	6222533
427073	6222551
427074	6222607
427075	6222641
427076	6222679
427077	6222707
427078	6222743
427079	6222757
427080	6222761
427081	6222763
427082	6222767
427083	6222781
427084	6222817
427085	6222829
427086	6222869
427087	6222877
427088	6222883
427089	6222947
427090	6222959
427091	6222967
427092	6222977
427093	6222991
427094	6223001
427095	6223057
427096	6223069
427097	6223073
427098	6223099
427099	6223109
427100	6223111
427101	6223117
427102	6223121
427103	6223171
427104	6223181
427105	6223187
427106	6223193
427107	6223201
427108	6223211
427109	6223247
427110	6223253
427111	6223277
427112	6223291
427113	6223319
427114	6223331
427115	6223333
427116	6223337
427117	6223351
427118	6223387
427119	6223391
427120	6223397
427121	6223439
427122	6223463
427123	6223471
427124	6223489
427125	6223531
427126	6223549
427127	6223561
427128	6223577
427129	6223579
427130	6223601
427131	6223627
427132	6223667
427133	6223669
427134	6223673
427135	6223687
427136	6223727
427137	6223739
427138	6223741
427139	6223747
427140	6223757
427141	6223771
427142	6223781
427143	6223783
427144	6223813
427145	6223817
427146	6223871
427147	6223873
427148	6223897
427149	6223909
427150	6223933
427151	6223937
427152	6223939
427153	6223957
427154	6223967
427155	6223993
427156	6223999
427157	6224011
427158	6224017
427159	6224033
427160	6224041
427161	6224051
427162	6224059
427163	6224063
427164	6224081
427165	6224089
427166	6224093
427167	6224107
427168	6224131
427169	6224137
427170	6224171
427171	6224189
427172	6224201
427173	6224213
427174	6224221
427175	6224243
427176	6224249
427177	6224263
427178	6224269
427179	6224279
427180	6224287
427181	6224353
427182	6224359
427183	6224369
427184	6224377
427185	6224401
427186	6224411
427187	6224417
427188	6224423
427189	6224429
427190	6224437
427191	6224447
427192	6224461
427193	6224483
427194	6224503
427195	6224507
427196	6224509
427197	6224527
427198	6224573
427199	6224611
427200	6224627
427201	6224629
427202	6224639
427203	6224653
427204	6224657
427205	6224671
427206	6224681
427207	6224683
427208	6224689
427209	6224693
427210	6224717
427211	6224747
427212	6224753
427213	6224759
427214	6224767
427215	6224791
427216	6224851
427217	6224861
427218	6224891
427219	6224909
427220	6224921
427221	6224923
427222	6224971
427223	6224983
427224	6224987
427225	6225001
427226	6225007
427227	6225013
427228	6225029
427229	6225097
427230	6225119
427231	6225137
427232	6225181
427233	6225187
427234	6225211
427235	6225223
427236	6225299
427237	6225313
427238	6225319
427239	6225353
427240	6225377
427241	6225379
427242	6225391
427243	6225409
427244	6225449
427245	6225469
427246	6225487
427247	6225523
427248	6225529
427249	6225533
427250	6225547
427251	6225551
427252	6225607
427253	6225619
427254	6225623
427255	6225647
427256	6225649
427257	6225677
427258	6225679
427259	6225697
427260	6225701
427261	6225719
427262	6225733
427263	6225763
427264	6225767
427265	6225773
427266	6225781
427267	6225797
427268	6225803
427269	6225827
427270	6225829
427271	6225839
427272	6225851
427273	6225871
427274	6225889
427275	6225899
427276	6225917
427277	6225931
427278	6225941
427279	6225979
427280	6225983
427281	6226007
427282	6226019
427283	6226021
427284	6226049
427285	6226067
427286	6226127
427287	6226141
427288	6226159
427289	6226163
427290	6226177
427291	6226201
427292	6226229
427293	6226273
427294	6226277
427295	6226279
427296	6226291
427297	6226303
427298	6226313
427299	6226321
427300	6226343
427301	6226349
427302	6226361
427303	6226379
427304	6226391
427305	6226393
427306	6226417
427307	6226427
427308	6226439
427309	6226457
427310	6226469
427311	6226477
427312	6226481
427313	6226499
427314	6226523
427315	6226559
427316	6226589
427317	6226603
427318	6226609
427319	6226613
427320	6226621
427321	6226631
427322	6226643
427323	6226663
427324	6226673
427325	6226687
427326	6226729
427327	6226733
427328	6226741
427329	6226747
427330	6226757
427331	6226769
427332	6226799
427333	6226807
427334	6226817
427335	6226861
427336	6226867
427337	6226901
427338	6226903
427339	6226907
427340	6226921
427341	6226931
427342	6226933
427343	6226963
427344	6226993
427345	6227027
427346	6227029
427347	6227033
427348	6227057
427349	6227069
427350	6227099
427351	6227101
427352	6227107
427353	6227113
427354	6227149
427355	6227161
427356	6227183
427357	6227189
427358	6227201
427359	6227209
427360	6227233
427361	6227239
427362	6227261
427363	6227267
427364	6227297
427365	6227323
427366	6227329
427367	6227363
427368	6227369
427369	6227371
427370	6227387
427371	6227393
427372	6227399
427373	6227401
427374	6227437
427375	6227443
427376	6227461
427377	6227471
427378	6227477
427379	6227521
427380	6227527
427381	6227537
427382	6227563
427383	6227567
427384	6227569
427385	6227579
427386	6227587
427387	6227591
427388	6227603
427389	6227633
427390	6227651
427391	6227653
427392	6227657
427393	6227671
427394	6227677
427395	6227701
427396	6227707
427397	6227713
427398	6227731
427399	6227737
427400	6227743
427401	6227747
427402	6227773
427403	6227783
427404	6227821
427405	6227833
427406	6227861
427407	6227867
427408	6227873
427409	6227891
427410	6227909
427411	6227911
427412	6227927
427413	6227939
427414	6227959
427415	6227971
427416	6227987
427417	6227989
427418	6227999
427419	6228007
427420	6228031
427421	6228037
427422	6228041
427423	6228059
427424	6228073
427425	6228091
427426	6228121
427427	6228139
427428	6228203
427429	6228223
427430	6228227
427431	6228251
427432	6228263
427433	6228289
427434	6228311
427435	6228317
427436	6228329
427437	6228337
427438	6228353
427439	6228361
427440	6228373
427441	6228389
427442	6228413
427443	6228449
427444	6228457
427445	6228463
427446	6228473
427447	6228493
427448	6228499
427449	6228503
427450	6228539
427451	6228553
427452	6228583
427453	6228589
427454	6228611
427455	6228623
427456	6228631
427457	6228659
427458	6228667
427459	6228671
427460	6228683
427461	6228709
427462	6228721
427463	6228731
427464	6228743
427465	6228773
427466	6228779
427467	6228787
427468	6228793
427469	6228797
427470	6228809
427471	6228821
427472	6228829
427473	6228841
427474	6228847
427475	6228853
427476	6228857
427477	6228869
427478	6228877
427479	6228889
427480	6228907
427481	6228917
427482	6228947
427483	6228949
427484	6228961
427485	6228983
427486	6228991
427487	6229033
427488	6229073
427489	6229079
427490	6229081
427491	6229087
427492	6229099
427493	6229103
427494	6229117
427495	6229129
427496	6229133
427497	6229141
427498	6229151
427499	6229177
427500	6229183
427501	6229187
427502	6229193
427503	6229213
427504	6229231
427505	6229247
427506	6229261
427507	6229303
427508	6229319
427509	6229339
427510	6229369
427511	6229373
427512	6229393
427513	6229409
427514	6229439
427515	6229441
427516	6229451
427517	6229471
427518	6229501
427519	6229507
427520	6229513
427521	6229523
427522	6229529
427523	6229547
427524	6229583
427525	6229589
427526	6229591
427527	6229621
427528	6229627
427529	6229649
427530	6229661
427531	6229723
427532	6229789
427533	6229793
427534	6229799
427535	6229813
427536	6229819
427537	6229829
427538	6229843
427539	6229859
427540	6229877
427541	6229889
427542	6229907
427543	6229913
427544	6229921
427545	6229933
427546	6229943
427547	6229957
427548	6230017
427549	6230047
427550	6230053
427551	6230057
427552	6230069
427553	6230087
427554	6230123
427555	6230131
427556	6230153
427557	6230167
427558	6230173
427559	6230209
427560	6230221
427561	6230251
427562	6230291
427563	6230303
427564	6230311
427565	6230317
427566	6230351
427567	6230359
427568	6230369
427569	6230383
427570	6230429
427571	6230443
427572	6230501
427573	6230507
427574	6230527
427575	6230533
427576	6230557
427577	6230579
427578	6230599
427579	6230617
427580	6230629
427581	6230633
427582	6230663
427583	6230671
427584	6230681
427585	6230683
427586	6230699
427587	6230711
427588	6230759
427589	6230761
427590	6230771
427591	6230797
427592	6230821
427593	6230827
427594	6230831
427595	6230849
427596	6230863
427597	6230869
427598	6230881
427599	6230899
427600	6230909
427601	6230921
427602	6230927
427603	6230929
427604	6230947
427605	6230957
427606	6230971
427607	6230977
427608	6230981
427609	6231007
427610	6231011
427611	6231037
427612	6231053
427613	6231073
427614	6231097
427615	6231101
427616	6231109
427617	6231131
427618	6231149
427619	6231151
427620	6231187
427621	6231209
427622	6231223
427623	6231227
427624	6231241
427625	6231301
427626	6231347
427627	6231349
427628	6231361
427629	6231371
427630	6231383
427631	6231419
427632	6231427
427633	6231437
427634	6231439
427635	6231451
427636	6231461
427637	6231481
427638	6231493
427639	6231497
427640	6231523
427641	6231529
427642	6231553
427643	6231559
427644	6231569
427645	6231587
427646	6231613
427647	6231623
427648	6231629
427649	6231637
427650	6231647
427651	6231661
427652	6231679
427653	6231697
427654	6231703
427655	6231721
427656	6231733
427657	6231749
427658	6231751
427659	6231767
427660	6231803
427661	6231833
427662	6231851
427663	6231853
427664	6231859
427665	6231887
427666	6231893
427667	6231913
427668	6231949
427669	6232043
427670	6232049
427671	6232067
427672	6232087
427673	6232097
427674	6232099
427675	6232159
427676	6232199
427677	6232201
427678	6232277
427679	6232279
427680	6232297
427681	6232321
427682	6232327
427683	6232337
427684	6232339
427685	6232349
427686	6232351
427687	6232357
427688	6232363
427689	6232367
427690	6232393
427691	6232397
427692	6232409
427693	6232411
427694	6232417
427695	6232423
427696	6232433
427697	6232439
427698	6232441
427699	6232459
427700	6232469
427701	6232487
427702	6232493
427703	6232531
427704	6232543
427705	6232561
427706	6232573
427707	6232619
427708	6232649
427709	6232657
427710	6232663
427711	6232669
427712	6232679
427713	6232753
427714	6232757
427715	6232763
427716	6232771
427717	6232781
427718	6232783
427719	6232789
427720	6232799
427721	6232801
427722	6232823
427723	6232841
427724	6232843
427725	6232847
427726	6232859
427727	6232867
427728	6232873
427729	6232907
427730	6232927
427731	6232939
427732	6232951
427733	6232981
427734	6232987
427735	6232991
427736	6232997
427737	6233039
427738	6233047
427739	6233063
427740	6233119
427741	6233137
427742	6233141
427743	6233147
427744	6233153
427745	6233167
427746	6233191
427747	6233221
427748	6233239
427749	6233257
427750	6233267
427751	6233327
427752	6233329
427753	6233333
427754	6233341
427755	6233377
427756	6233389
427757	6233393
427758	6233399
427759	6233401
427760	6233411
427761	6233429
427762	6233473
427763	6233477
427764	6233497
427765	6233503
427766	6233531
427767	6233533
427768	6233561
427769	6233567
427770	6233593
427771	6233603
427772	6233659
427773	6233677
427774	6233683
427775	6233687
427776	6233693
427777	6233699
427778	6233719
427779	6233737
427780	6233743
427781	6233749
427782	6233761
427783	6233771
427784	6233779
427785	6233789
427786	6233791
427787	6233803
427788	6233809
427789	6233831
427790	6233833
427791	6233863
427792	6233867
427793	6233873
427794	6233879
427795	6233893
427796	6233921
427797	6233923
427798	6233933
427799	6233959
427800	6233963
427801	6233971
427802	6234001
427803	6234029
427804	6234031
427805	6234061
427806	6234077
427807	6234079
427808	6234089
427809	6234113
427810	6234133
427811	6234143
427812	6234169
427813	6234181
427814	6234197
427815	6234199
427816	6234203
427817	6234211
427818	6234233
427819	6234247
427820	6234253
427821	6234259
427822	6234329
427823	6234331
427824	6234343
427825	6234367
427826	6234373
427827	6234377
427828	6234407
427829	6234469
427830	6234491
427831	6234509
427832	6234511
427833	6234517
427834	6234523
427835	6234559
427836	6234619
427837	6234637
427838	6234643
427839	6234649
427840	6234653
427841	6234659
427842	6234661
427843	6234671
427844	6234673
427845	6234677
427846	6234703
427847	6234713
427848	6234719
427849	6234721
427850	6234731
427851	6234737
427852	6234743
427853	6234757
427854	6234763
427855	6234779
427856	6234803
427857	6234821
427858	6234827
427859	6234841
427860	6234859
427861	6234883
427862	6234889
427863	6234901
427864	6234919
427865	6234923
427866	6234959
427867	6234979
427868	6234989
427869	6235013
427870	6235027
427871	6235037
427872	6235049
427873	6235051
427874	6235057
427875	6235069
427876	6235081
427877	6235111
427878	6235121
427879	6235133
427880	6235147
427881	6235153
427882	6235181
427883	6235189
427884	6235193
427885	6235219
427886	6235223
427887	6235241
427888	6235283
427889	6235289
427890	6235331
427891	6235337
427892	6235357
427893	6235367
427894	6235373
427895	6235381
427896	6235399
427897	6235417
427898	6235423
427899	6235457
427900	6235459
427901	6235483
427902	6235487
427903	6235513
427904	6235519
427905	6235529
427906	6235531
427907	6235543
427908	6235561
427909	6235571
427910	6235597
427911	6235601
427912	6235627
427913	6235643
427914	6235657
427915	6235661
427916	6235673
427917	6235699
427918	6235703
427919	6235727
427920	6235739
427921	6235741
427922	6235751
427923	6235771
427924	6235777
427925	6235793
427926	6235807
427927	6235837
427928	6235843
427929	6235877
427930	6235909
427931	6235939
427932	6235949
427933	6235961
427934	6235973
427935	6235997
427936	6236011
427937	6236029
427938	6236051
427939	6236057
427940	6236071
427941	6236089
427942	6236099
427943	6236137
427944	6236179
427945	6236201
427946	6236203
427947	6236207
427948	6236231
427949	6236249
427950	6236267
427951	6236299
427952	6236303
427953	6236309
427954	6236323
427955	6236327
427956	6236353
427957	6236369
427958	6236393
427959	6236411
427960	6236413
427961	6236423
427962	6236437
427963	6236443
427964	6236453
427965	6236459
427966	6236507
427967	6236509
427968	6236521
427969	6236533
427970	6236557
427971	6236623
427972	6236627
427973	6236639
427974	6236647
427975	6236687
427976	6236689
427977	6236707
427978	6236719
427979	6236743
427980	6236761
427981	6236771
427982	6236801
427983	6236819
427984	6236833
427985	6236899
427986	6236903
427987	6236911
427988	6236917
427989	6236927
427990	6236929
427991	6236939
427992	6236941
427993	6236953
427994	6236957
427995	6236969
427996	6236981
427997	6236999
427998	6237013
427999	6237017
428000	6237019
