428001	6237061
428002	6237083
428003	6237103
428004	6237109
428005	6237131
428006	6237167
428007	6237191
428008	6237211
428009	6237221
428010	6237223
428011	6237227
428012	6237239
428013	6237251
428014	6237277
428015	6237281
428016	6237313
428017	6237331
428018	6237353
428019	6237373
428020	6237379
428021	6237383
428022	6237397
428023	6237409
428024	6237431
428025	6237443
428026	6237449
428027	6237467
428028	6237493
428029	6237503
428030	6237509
428031	6237527
428032	6237547
428033	6237557
428034	6237599
428035	6237629
428036	6237641
428037	6237667
428038	6237689
428039	6237701
428040	6237739
428041	6237769
428042	6237773
428043	6237787
428044	6237809
428045	6237811
428046	6237817
428047	6237877
428048	6237911
428049	6237937
428050	6237943
428051	6237949
428052	6238009
428053	6238013
428054	6238033
428055	6238039
428056	6238051
428057	6238073
428058	6238079
428059	6238087
428060	6238091
428061	6238121
428062	6238123
428063	6238147
428064	6238151
428065	6238157
428066	6238159
428067	6238171
428068	6238241
428069	6238249
428070	6238261
428071	6238279
428072	6238283
428073	6238291
428074	6238301
428075	6238307
428076	6238319
428077	6238321
428078	6238333
428079	6238369
428080	6238373
428081	6238381
428082	6238411
428083	6238423
428084	6238429
428085	6238433
428086	6238457
428087	6238469
428088	6238489
428089	6238493
428090	6238513
428091	6238559
428092	6238579
428093	6238591
428094	6238597
428095	6238649
428096	6238651
428097	6238663
428098	6238667
428099	6238679
428100	6238693
428101	6238703
428102	6238721
428103	6238723
428104	6238751
428105	6238759
428106	6238777
428107	6238787
428108	6238801
428109	6238823
428110	6238831
428111	6238873
428112	6238891
428113	6238907
428114	6238909
428115	6238931
428116	6238933
428117	6238937
428118	6238951
428119	6238961
428120	6238987
428121	6239033
428122	6239053
428123	6239071
428124	6239081
428125	6239099
428126	6239113
428127	6239131
428128	6239143
428129	6239197
428130	6239209
428131	6239227
428132	6239231
428133	6239243
428134	6239281
428135	6239327
428136	6239333
428137	6239351
428138	6239369
428139	6239381
428140	6239393
428141	6239411
428142	6239413
428143	6239419
428144	6239423
428145	6239447
428146	6239449
428147	6239461
428148	6239473
428149	6239489
428150	6239501
428151	6239533
428152	6239537
428153	6239539
428154	6239557
428155	6239567
428156	6239599
428157	6239603
428158	6239617
428159	6239627
428160	6239659
428161	6239677
428162	6239683
428163	6239699
428164	6239707
428165	6239759
428166	6239789
428167	6239797
428168	6239801
428169	6239813
428170	6239819
428171	6239837
428172	6239839
428173	6239887
428174	6239921
428175	6239927
428176	6239929
428177	6239941
428178	6239953
428179	6239957
428180	6240001
428181	6240007
428182	6240011
428183	6240019
428184	6240041
428185	6240053
428186	6240079
428187	6240089
428188	6240097
428189	6240103
428190	6240109
428191	6240121
428192	6240137
428193	6240149
428194	6240163
428195	6240181
428196	6240187
428197	6240193
428198	6240197
428199	6240211
428200	6240233
428201	6240251
428202	6240257
428203	6240263
428204	6240277
428205	6240287
428206	6240293
428207	6240319
428208	6240329
428209	6240349
428210	6240373
428211	6240401
428212	6240407
428213	6240419
428214	6240431
428215	6240463
428216	6240473
428217	6240491
428218	6240499
428219	6240503
428220	6240523
428221	6240527
428222	6240587
428223	6240589
428224	6240631
428225	6240671
428226	6240691
428227	6240701
428228	6240737
428229	6240743
428230	6240749
428231	6240757
428232	6240791
428233	6240799
428234	6240811
428235	6240821
428236	6240823
428237	6240841
428238	6240847
428239	6240851
428240	6240869
428241	6240893
428242	6240917
428243	6240967
428244	6240973
428245	6240991
428246	6241009
428247	6241021
428248	6241031
428249	6241033
428250	6241043
428251	6241097
428252	6241111
428253	6241127
428254	6241129
428255	6241141
428256	6241153
428257	6241171
428258	6241181
428259	6241187
428260	6241201
428261	6241217
428262	6241219
428263	6241229
428264	6241241
428265	6241243
428266	6241247
428267	6241259
428268	6241267
428269	6241289
428270	6241297
428271	6241331
428272	6241343
428273	6241387
428274	6241399
428275	6241421
428276	6241429
428277	6241451
428278	6241457
428279	6241463
428280	6241483
428281	6241511
428282	6241513
428283	6241523
428284	6241537
428285	6241559
428286	6241589
428287	6241603
428288	6241619
428289	6241621
428290	6241643
428291	6241649
428292	6241661
428293	6241663
428294	6241673
428295	6241679
428296	6241687
428297	6241691
428298	6241693
428299	6241721
428300	6241723
428301	6241733
428302	6241777
428303	6241783
428304	6241793
428305	6241801
428306	6241811
428307	6241831
428308	6241841
428309	6241847
428310	6241871
428311	6241883
428312	6241897
428313	6241913
428314	6241957
428315	6241967
428316	6241979
428317	6241987
428318	6241997
428319	6241999
428320	6242003
428321	6242017
428322	6242021
428323	6242029
428324	6242087
428325	6242113
428326	6242143
428327	6242149
428328	6242153
428329	6242161
428330	6242207
428331	6242219
428332	6242237
428333	6242239
428334	6242261
428335	6242263
428336	6242363
428337	6242387
428338	6242413
428339	6242437
428340	6242443
428341	6242473
428342	6242479
428343	6242497
428344	6242503
428345	6242527
428346	6242531
428347	6242573
428348	6242581
428349	6242597
428350	6242609
428351	6242633
428352	6242657
428353	6242669
428354	6242671
428355	6242693
428356	6242713
428357	6242759
428358	6242771
428359	6242779
428360	6242809
428361	6242813
428362	6242833
428363	6242837
428364	6242839
428365	6242851
428366	6242861
428367	6242879
428368	6242891
428369	6242897
428370	6242909
428371	6242921
428372	6242941
428373	6242981
428374	6242987
428375	6243007
428376	6243043
428377	6243049
428378	6243071
428379	6243073
428380	6243079
428381	6243109
428382	6243157
428383	6243161
428384	6243163
428385	6243187
428386	6243197
428387	6243239
428388	6243247
428389	6243257
428390	6243277
428391	6243287
428392	6243313
428393	6243317
428394	6243319
428395	6243353
428396	6243359
428397	6243361
428398	6243371
428399	6243379
428400	6243383
428401	6243407
428402	6243409
428403	6243443
428404	6243451
428405	6243469
428406	6243473
428407	6243481
428408	6243487
428409	6243553
428410	6243563
428411	6243577
428412	6243583
428413	6243623
428414	6243631
428415	6243659
428416	6243661
428417	6243667
428418	6243673
428419	6243683
428420	6243689
428421	6243691
428422	6243703
428423	6243707
428424	6243749
428425	6243773
428426	6243779
428427	6243781
428428	6243791
428429	6243817
428430	6243823
428431	6243859
428432	6243863
428433	6243869
428434	6243871
428435	6243893
428436	6243907
428437	6243929
428438	6243943
428439	6243967
428440	6244003
428441	6244031
428442	6244033
428443	6244039
428444	6244061
428445	6244079
428446	6244093
428447	6244099
428448	6244153
428449	6244171
428450	6244187
428451	6244207
428452	6244213
428453	6244229
428454	6244241
428455	6244261
428456	6244289
428457	6244307
428458	6244313
428459	6244327
428460	6244349
428461	6244351
428462	6244391
428463	6244429
428464	6244439
428465	6244451
428466	6244471
428467	6244487
428468	6244489
428469	6244519
428470	6244531
428471	6244573
428472	6244577
428473	6244591
428474	6244603
428475	6244607
428476	6244621
428477	6244643
428478	6244649
428479	6244691
428480	6244699
428481	6244727
428482	6244741
428483	6244747
428484	6244757
428485	6244769
428486	6244789
428487	6244793
428488	6244811
428489	6244817
428490	6244829
428491	6244859
428492	6244867
428493	6244873
428494	6244877
428495	6244879
428496	6244951
428497	6244969
428498	6245011
428499	6245017
428500	6245023
428501	6245039
428502	6245047
428503	6245051
428504	6245087
428505	6245101
428506	6245111
428507	6245123
428508	6245153
428509	6245177
428510	6245189
428511	6245201
428512	6245203
428513	6245249
428514	6245251
428515	6245257
428516	6245293
428517	6245311
428518	6245321
428519	6245329
428520	6245333
428521	6245339
428522	6245381
428523	6245383
428524	6245387
428525	6245401
428526	6245413
428527	6245431
428528	6245453
428529	6245497
428530	6245507
428531	6245513
428532	6245521
428533	6245549
428534	6245557
428535	6245567
428536	6245587
428537	6245593
428538	6245597
428539	6245599
428540	6245609
428541	6245651
428542	6245669
428543	6245677
428544	6245683
428545	6245717
428546	6245731
428547	6245741
428548	6245761
428549	6245779
428550	6245791
428551	6245803
428552	6245821
428553	6245831
428554	6245873
428555	6245887
428556	6245909
428557	6245923
428558	6245929
428559	6245947
428560	6245951
428561	6245957
428562	6245959
428563	6245963
428564	6245969
428565	6245989
428566	6246017
428567	6246029
428568	6246043
428569	6246047
428570	6246061
428571	6246077
428572	6246091
428573	6246127
428574	6246131
428575	6246151
428576	6246161
428577	6246181
428578	6246187
428579	6246197
428580	6246199
428581	6246203
428582	6246239
428583	6246257
428584	6246277
428585	6246313
428586	6246319
428587	6246337
428588	6246341
428589	6246353
428590	6246371
428591	6246379
428592	6246403
428593	6246413
428594	6246431
428595	6246437
428596	6246439
428597	6246503
428598	6246517
428599	6246523
428600	6246533
428601	6246577
428602	6246589
428603	6246601
428604	6246619
428605	6246623
428606	6246671
428607	6246677
428608	6246689
428609	6246697
428610	6246761
428611	6246781
428612	6246787
428613	6246791
428614	6246797
428615	6246811
428616	6246833
428617	6246859
428618	6246881
428619	6246893
428620	6246907
428621	6246931
428622	6246941
428623	6246943
428624	6246967
428625	6246983
428626	6247001
428627	6247019
428628	6247061
428629	6247069
428630	6247079
428631	6247081
428632	6247103
428633	6247127
428634	6247159
428635	6247183
428636	6247201
428637	6247229
428638	6247231
428639	6247243
428640	6247247
428641	6247253
428642	6247261
428643	6247271
428644	6247273
428645	6247277
428646	6247289
428647	6247309
428648	6247321
428649	6247343
428650	6247369
428651	6247379
428652	6247387
428653	6247403
428654	6247411
428655	6247433
428656	6247453
428657	6247463
428658	6247471
428659	6247477
428660	6247519
428661	6247529
428662	6247537
428663	6247541
428664	6247543
428665	6247547
428666	6247573
428667	6247583
428668	6247601
428669	6247609
428670	6247613
428671	6247667
428672	6247691
428673	6247727
428674	6247733
428675	6247739
428676	6247777
428677	6247781
428678	6247811
428679	6247819
428680	6247831
428681	6247841
428682	6247849
428683	6247853
428684	6247859
428685	6247861
428686	6247897
428687	6247909
428688	6247919
428689	6247937
428690	6247987
428691	6247999
428692	6248023
428693	6248057
428694	6248059
428695	6248069
428696	6248089
428697	6248119
428698	6248149
428699	6248161
428700	6248167
428701	6248171
428702	6248191
428703	6248233
428704	6248239
428705	6248243
428706	6248251
428707	6248257
428708	6248261
428709	6248269
428710	6248303
428711	6248327
428712	6248377
428713	6248399
428714	6248461
428715	6248471
428716	6248483
428717	6248519
428718	6248521
428719	6248551
428720	6248563
428721	6248579
428722	6248591
428723	6248609
428724	6248611
428725	6248633
428726	6248651
428727	6248653
428728	6248677
428729	6248689
428730	6248699
428731	6248719
428732	6248729
428733	6248731
428734	6248743
428735	6248771
428736	6248773
428737	6248789
428738	6248797
428739	6248807
428740	6248813
428741	6248839
428742	6248857
428743	6248881
428744	6248899
428745	6248941
428746	6248953
428747	6248959
428748	6248969
428749	6248999
428750	6249029
428751	6249059
428752	6249101
428753	6249107
428754	6249127
428755	6249151
428756	6249161
428757	6249193
428758	6249211
428759	6249223
428760	6249227
428761	6249247
428762	6249281
428763	6249323
428764	6249359
428765	6249361
428766	6249379
428767	6249391
428768	6249403
428769	6249407
428770	6249409
428771	6249433
428772	6249443
428773	6249473
428774	6249479
428775	6249497
428776	6249517
428777	6249521
428778	6249539
428779	6249547
428780	6249553
428781	6249563
428782	6249571
428783	6249619
428784	6249647
428785	6249653
428786	6249667
428787	6249673
428788	6249679
428789	6249697
428790	6249701
428791	6249713
428792	6249743
428793	6249751
428794	6249757
428795	6249773
428796	6249791
428797	6249809
428798	6249821
428799	6249823
428800	6249833
428801	6249839
428802	6249851
428803	6249871
428804	6249883
428805	6249889
428806	6249899
428807	6249907
428808	6249913
428809	6249923
428810	6249949
428811	6249953
428812	6249959
428813	6249967
428814	6249973
428815	6249979
428816	6249989
428817	6250009
428818	6250039
428819	6250087
428820	6250091
428821	6250099
428822	6250117
428823	6250129
428824	6250147
428825	6250157
428826	6250171
428827	6250199
428828	6250207
428829	6250217
428830	6250247
428831	6250249
428832	6250253
428833	6250261
428834	6250301
428835	6250303
428836	6250331
428837	6250337
428838	6250357
428839	6250367
428840	6250393
428841	6250397
428842	6250417
428843	6250421
428844	6250423
428845	6250427
428846	6250429
428847	6250451
428848	6250459
428849	6250469
428850	6250477
428851	6250493
428852	6250507
428853	6250513
428854	6250537
428855	6250547
428856	6250553
428857	6250579
428858	6250591
428859	6250597
428860	6250633
428861	6250649
428862	6250681
428863	6250697
428864	6250703
428865	6250711
428866	6250723
428867	6250729
428868	6250759
428869	6250787
428870	6250799
428871	6250801
428872	6250807
428873	6250831
428874	6250837
428875	6250843
428876	6250861
428877	6250877
428878	6250879
428879	6250889
428880	6250903
428881	6250919
428882	6250949
428883	6250957
428884	6250961
428885	6250987
428886	6250999
428887	6251017
428888	6251023
428889	6251051
428890	6251071
428891	6251117
428892	6251123
428893	6251129
428894	6251137
428895	6251149
428896	6251159
428897	6251177
428898	6251183
428899	6251207
428900	6251233
428901	6251237
428902	6251263
428903	6251279
428904	6251339
428905	6251347
428906	6251351
428907	6251369
428908	6251387
428909	6251417
428910	6251431
428911	6251459
428912	6251467
428913	6251519
428914	6251521
428915	6251527
428916	6251533
428917	6251537
428918	6251543
428919	6251573
428920	6251579
428921	6251587
428922	6251591
428923	6251599
428924	6251629
428925	6251633
428926	6251659
428927	6251669
428928	6251671
428929	6251681
428930	6251683
428931	6251711
428932	6251717
428933	6251731
428934	6251737
428935	6251743
428936	6251759
428937	6251761
428938	6251771
428939	6251783
428940	6251789
428941	6251797
428942	6251821
428943	6251831
428944	6251851
428945	6251857
428946	6251867
428947	6251873
428948	6251881
428949	6251887
428950	6251909
428951	6251911
428952	6251953
428953	6251963
428954	6251977
428955	6251989
428956	6252011
428957	6252017
428958	6252019
428959	6252031
428960	6252079
428961	6252091
428962	6252097
428963	6252101
428964	6252109
428965	6252119
428966	6252143
428967	6252151
428968	6252163
428969	6252227
428970	6252229
428971	6252247
428972	6252341
428973	6252347
428974	6252391
428975	6252401
428976	6252419
428977	6252427
428978	6252443
428979	6252451
428980	6252461
428981	6252469
428982	6252497
428983	6252503
428984	6252509
428985	6252511
428986	6252529
428987	6252557
428988	6252559
428989	6252611
428990	6252709
428991	6252733
428992	6252751
428993	6252769
428994	6252791
428995	6252823
428996	6252847
428997	6252853
428998	6252871
428999	6252877
429000	6252901
