430001	6268303
430002	6268313
430003	6268331
430004	6268333
430005	6268369
430006	6268373
430007	6268387
430008	6268391
430009	6268403
430010	6268433
430011	6268439
430012	6268441
430013	6268459
430014	6268517
430015	6268523
430016	6268589
430017	6268601
430018	6268609
430019	6268621
430020	6268637
430021	6268643
430022	6268649
430023	6268657
430024	6268663
430025	6268687
430026	6268693
430027	6268711
430028	6268723
430029	6268747
430030	6268751
430031	6268763
430032	6268781
430033	6268807
430034	6268849
430035	6268883
430036	6268891
430037	6268897
430038	6268939
430039	6268943
430040	6268957
430041	6268963
430042	6268967
430043	6268973
430044	6268979
430045	6268981
430046	6268987
430047	6268991
430048	6269033
430049	6269047
430050	6269051
430051	6269057
430052	6269063
430053	6269083
430054	6269093
430055	6269113
430056	6269119
430057	6269147
430058	6269149
430059	6269213
430060	6269231
430061	6269233
430062	6269251
430063	6269261
430064	6269273
430065	6269279
430066	6269293
430067	6269303
430068	6269339
430069	6269381
430070	6269383
430071	6269437
430072	6269441
430073	6269477
430074	6269479
430075	6269489
430076	6269491
430077	6269503
430078	6269509
430079	6269521
430080	6269537
430081	6269551
430082	6269569
430083	6269573
430084	6269581
430085	6269611
430086	6269623
430087	6269629
430088	6269647
430089	6269663
430090	6269689
430091	6269699
430092	6269707
430093	6269717
430094	6269749
430095	6269759
430096	6269773
430097	6269801
430098	6269807
430099	6269819
430100	6269827
430101	6269831
430102	6269839
430103	6269849
430104	6269881
430105	6269891
430106	6269899
430107	6269911
430108	6269917
430109	6269947
430110	6269951
430111	6269969
430112	6269971
430113	6269987
430114	6270001
430115	6270013
430116	6270023
430117	6270037
430118	6270041
430119	6270049
430120	6270067
430121	6270073
430122	6270083
430123	6270101
430124	6270113
430125	6270137
430126	6270157
430127	6270163
430128	6270167
430129	6270169
430130	6270193
430131	6270197
430132	6270211
430133	6270221
430134	6270227
430135	6270239
430136	6270241
430137	6270269
430138	6270281
430139	6270289
430140	6270301
430141	6270347
430142	6270359
430143	6270391
430144	6270419
430145	6270457
430146	6270479
430147	6270487
430148	6270527
430149	6270529
430150	6270533
430151	6270547
430152	6270553
430153	6270601
430154	6270611
430155	6270613
430156	6270629
430157	6270631
430158	6270701
430159	6270713
430160	6270727
430161	6270749
430162	6270751
430163	6270767
430164	6270769
430165	6270793
430166	6270799
430167	6270809
430168	6270821
430169	6270829
430170	6270833
430171	6270857
430172	6270877
430173	6270883
430174	6270889
430175	6270911
430176	6270923
430177	6270947
430178	6270961
430179	6270967
430180	6271037
430181	6271039
430182	6271043
430183	6271049
430184	6271063
430185	6271081
430186	6271091
430187	6271123
430188	6271127
430189	6271129
430190	6271151
430191	6271171
430192	6271189
430193	6271193
430194	6271219
430195	6271247
430196	6271259
430197	6271271
430198	6271289
430199	6271297
430200	6271301
430201	6271303
430202	6271327
430203	6271333
430204	6271367
430205	6271373
430206	6271379
430207	6271381
430208	6271403
430209	6271417
430210	6271477
430211	6271513
430212	6271519
430213	6271561
430214	6271583
430215	6271597
430216	6271609
430217	6271621
430218	6271631
430219	6271651
430220	6271667
430221	6271673
430222	6271697
430223	6271711
430224	6271721
430225	6271739
430226	6271747
430227	6271757
430228	6271763
430229	6271777
430230	6271787
430231	6271789
430232	6271807
430233	6271817
430234	6271841
430235	6271849
430236	6271871
430237	6271873
430238	6271891
430239	6271897
430240	6271933
430241	6271943
430242	6271961
430243	6271973
430244	6271987
430245	6272017
430246	6272027
430247	6272029
430248	6272051
430249	6272107
430250	6272141
430251	6272143
430252	6272153
430253	6272171
430254	6272173
430255	6272183
430256	6272191
430257	6272209
430258	6272213
430259	6272219
430260	6272243
430261	6272257
430262	6272263
430263	6272267
430264	6272297
430265	6272333
430266	6272341
430267	6272347
430268	6272359
430269	6272369
430270	6272401
430271	6272417
430272	6272419
430273	6272429
430274	6272459
430275	6272471
430276	6272477
430277	6272501
430278	6272503
430279	6272531
430280	6272533
430281	6272543
430282	6272551
430283	6272557
430284	6272579
430285	6272611
430286	6272627
430287	6272639
430288	6272659
430289	6272663
430290	6272681
430291	6272683
430292	6272689
430293	6272723
430294	6272731
430295	6272737
430296	6272753
430297	6272759
430298	6272801
430299	6272839
430300	6272857
430301	6272863
430302	6272867
430303	6272873
430304	6272879
430305	6272887
430306	6272897
430307	6272899
430308	6272927
430309	6272933
430310	6272941
430311	6272947
430312	6272971
430313	6272977
430314	6272999
430315	6273011
430316	6273023
430317	6273031
430318	6273037
430319	6273053
430320	6273061
430321	6273073
430322	6273083
430323	6273101
430324	6273121
430325	6273139
430326	6273151
430327	6273161
430328	6273167
430329	6273199
430330	6273217
430331	6273229
430332	6273233
430333	6273247
430334	6273257
430335	6273263
430336	6273271
430337	6273299
430338	6273307
430339	6273329
430340	6273331
430341	6273353
430342	6273359
430343	6273373
430344	6273427
430345	6273433
430346	6273479
430347	6273481
430348	6273523
430349	6273539
430350	6273559
430351	6273569
430352	6273593
430353	6273611
430354	6273623
430355	6273637
430356	6273643
430357	6273649
430358	6273661
430359	6273677
430360	6273691
430361	6273703
430362	6273763
430363	6273767
430364	6273793
430365	6273797
430366	6273821
430367	6273823
430368	6273847
430369	6273881
430370	6273893
430371	6273907
430372	6273937
430373	6274027
430374	6274031
430375	6274049
430376	6274061
430377	6274091
430378	6274109
430379	6274111
430380	6274117
430381	6274133
430382	6274187
430383	6274211
430384	6274217
430385	6274223
430386	6274231
430387	6274249
430388	6274267
430389	6274283
430390	6274291
430391	6274297
430392	6274337
430393	6274361
430394	6274397
430395	6274409
430396	6274459
430397	6274481
430398	6274523
430399	6274529
430400	6274531
430401	6274549
430402	6274553
430403	6274577
430404	6274601
430405	6274633
430406	6274661
430407	6274663
430408	6274673
430409	6274687
430410	6274703
430411	6274729
430412	6274747
430413	6274753
430414	6274757
430415	6274771
430416	6274783
430417	6274787
430418	6274789
430419	6274799
430420	6274813
430421	6274823
430422	6274831
430423	6274841
430424	6274843
430425	6274847
430426	6274859
430427	6274871
430428	6274897
430429	6274901
430430	6274937
430431	6274949
430432	6274951
430433	6274969
430434	6274973
430435	6274981
430436	6274993
430437	6275053
430438	6275077
430439	6275081
430440	6275083
430441	6275099
430442	6275117
430443	6275141
430444	6275161
430445	6275167
430446	6275177
430447	6275179
430448	6275189
430449	6275209
430450	6275219
430451	6275233
430452	6275257
430453	6275267
430454	6275273
430455	6275279
430456	6275303
430457	6275309
430458	6275317
430459	6275323
430460	6275327
430461	6275341
430462	6275371
430463	6275407
430464	6275411
430465	6275441
430466	6275449
430467	6275473
430468	6275483
430469	6275509
430470	6275519
430471	6275531
430472	6275539
430473	6275543
430474	6275557
430475	6275579
430476	6275587
430477	6275597
430478	6275603
430479	6275611
430480	6275623
430481	6275627
430482	6275641
430483	6275651
430484	6275699
430485	6275701
430486	6275707
430487	6275729
430488	6275743
430489	6275749
430490	6275777
430491	6275821
430492	6275827
430493	6275887
430494	6275891
430495	6275933
430496	6275939
430497	6275953
430498	6275999
430499	6276019
430500	6276047
430501	6276059
430502	6276073
430503	6276097
430504	6276119
430505	6276131
430506	6276139
430507	6276143
430508	6276161
430509	6276163
430510	6276169
430511	6276181
430512	6276227
430513	6276233
430514	6276253
430515	6276269
430516	6276271
430517	6276293
430518	6276301
430519	6276307
430520	6276311
430521	6276317
430522	6276343
430523	6276371
430524	6276407
430525	6276433
430526	6276437
430527	6276449
430528	6276461
430529	6276463
430530	6276469
430531	6276481
430532	6276497
430533	6276509
430534	6276527
430535	6276533
430536	6276541
430537	6276563
430538	6276583
430539	6276607
430540	6276623
430541	6276637
430542	6276671
430543	6276701
430544	6276719
430545	6276733
430546	6276749
430547	6276763
430548	6276779
430549	6276793
430550	6276799
430551	6276817
430552	6276827
430553	6276841
430554	6276871
430555	6276877
430556	6276901
430557	6276931
430558	6276979
430559	6276997
430560	6277001
430561	6277009
430562	6277027
430563	6277043
430564	6277067
430565	6277093
430566	6277111
430567	6277123
430568	6277133
430569	6277151
430570	6277169
430571	6277171
430572	6277177
430573	6277189
430574	6277211
430575	6277213
430576	6277237
430577	6277241
430578	6277291
430579	6277303
430580	6277307
430581	6277319
430582	6277333
430583	6277339
430584	6277357
430585	6277361
430586	6277393
430587	6277409
430588	6277417
430589	6277421
430590	6277433
430591	6277451
430592	6277487
430593	6277499
430594	6277501
430595	6277507
430596	6277511
430597	6277553
430598	6277559
430599	6277567
430600	6277591
430601	6277603
430602	6277631
430603	6277639
430604	6277669
430605	6277703
430606	6277721
430607	6277727
430608	6277763
430609	6277769
430610	6277783
430611	6277787
430612	6277823
430613	6277829
430614	6277849
430615	6277861
430616	6277867
430617	6277889
430618	6277897
430619	6277907
430620	6277933
430621	6277939
430622	6277987
430623	6278003
430624	6278021
430625	6278023
430626	6278029
430627	6278047
430628	6278053
430629	6278087
430630	6278099
430631	6278137
430632	6278143
430633	6278147
430634	6278177
430635	6278179
430636	6278231
430637	6278243
430638	6278267
430639	6278309
430640	6278329
430641	6278339
430642	6278351
430643	6278353
430644	6278381
430645	6278407
430646	6278411
430647	6278449
430648	6278479
430649	6278497
430650	6278501
430651	6278507
430652	6278513
430653	6278521
430654	6278527
430655	6278537
430656	6278543
430657	6278557
430658	6278561
430659	6278579
430660	6278581
430661	6278621
430662	6278663
430663	6278681
430664	6278687
430665	6278707
430666	6278717
430667	6278749
430668	6278801
430669	6278807
430670	6278809
430671	6278813
430672	6278821
430673	6278827
430674	6278843
430675	6278851
430676	6278879
430677	6278897
430678	6278927
430679	6278929
430680	6278939
430681	6278941
430682	6278953
430683	6278971
430684	6279029
430685	6279041
430686	6279043
430687	6279067
430688	6279083
430689	6279089
430690	6279107
430691	6279127
430692	6279131
430693	6279151
430694	6279181
430695	6279187
430696	6279197
430697	6279227
430698	6279257
430699	6279263
430700	6279289
430701	6279319
430702	6279323
430703	6279347
430704	6279353
430705	6279359
430706	6279373
430707	6279389
430708	6279397
430709	6279421
430710	6279431
430711	6279439
430712	6279451
430713	6279461
430714	6279463
430715	6279467
430716	6279479
430717	6279503
430718	6279541
430719	6279551
430720	6279569
430721	6279617
430722	6279619
430723	6279629
430724	6279643
430725	6279649
430726	6279653
430727	6279673
430728	6279703
430729	6279731
430730	6279733
430731	6279739
430732	6279743
430733	6279773
430734	6279781
430735	6279797
430736	6279803
430737	6279809
430738	6279827
430739	6279839
430740	6279841
430741	6279853
430742	6279859
430743	6279893
430744	6279907
430745	6279941
430746	6279961
430747	6279983
430748	6279991
430749	6279997
430750	6280003
430751	6280007
430752	6280031
430753	6280033
430754	6280039
430755	6280067
430756	6280091
430757	6280139
430758	6280147
430759	6280189
430760	6280199
430761	6280207
430762	6280213
430763	6280229
430764	6280231
430765	6280237
430766	6280243
430767	6280247
430768	6280273
430769	6280283
430770	6280289
430771	6280291
430772	6280297
430773	6280303
430774	6280319
430775	6280331
430776	6280333
430777	6280367
430778	6280397
430779	6280399
430780	6280433
430781	6280441
430782	6280453
430783	6280457
430784	6280481
430785	6280487
430786	6280489
430787	6280493
430788	6280511
430789	6280517
430790	6280523
430791	6280567
430792	6280577
430793	6280591
430794	6280601
430795	6280607
430796	6280661
430797	6280663
430798	6280699
430799	6280717
430800	6280739
430801	6280741
430802	6280759
430803	6280763
430804	6280777
430805	6280789
430806	6280801
430807	6280843
430808	6280853
430809	6280867
430810	6280877
430811	6280889
430812	6280919
430813	6280927
430814	6280933
430815	6280943
430816	6280949
430817	6280957
430818	6280979
430819	6280991
430820	6281017
430821	6281021
430822	6281027
430823	6281029
430824	6281059
430825	6281063
430826	6281069
430827	6281071
430828	6281087
430829	6281101
430830	6281113
430831	6281117
430832	6281123
430833	6281129
430834	6281131
430835	6281137
430836	6281141
430837	6281161
430838	6281173
430839	6281213
430840	6281237
430841	6281239
430842	6281257
430843	6281263
430844	6281269
430845	6281273
430846	6281281
430847	6281287
430848	6281309
430849	6281321
430850	6281329
430851	6281339
430852	6281351
430853	6281377
430854	6281383
430855	6281459
430856	6281477
430857	6281479
430858	6281489
430859	6281491
430860	6281501
430861	6281519
430862	6281537
430863	6281567
430864	6281573
430865	6281579
430866	6281591
430867	6281621
430868	6281629
430869	6281633
430870	6281641
430871	6281657
430872	6281659
430873	6281663
430874	6281669
430875	6281683
430876	6281701
430877	6281707
430878	6281711
430879	6281729
430880	6281767
430881	6281791
430882	6281797
430883	6281819
430884	6281839
430885	6281909
430886	6281917
430887	6281923
430888	6281927
430889	6281929
430890	6281941
430891	6281953
430892	6281969
430893	6281981
430894	6281983
430895	6282019
430896	6282043
430897	6282071
430898	6282079
430899	6282109
430900	6282113
430901	6282131
430902	6282137
430903	6282139
430904	6282167
430905	6282173
430906	6282191
430907	6282203
430908	6282209
430909	6282229
430910	6282233
430911	6282251
430912	6282259
430913	6282271
430914	6282277
430915	6282313
430916	6282323
430917	6282337
430918	6282347
430919	6282361
430920	6282371
430921	6282377
430922	6282391
430923	6282413
430924	6282457
430925	6282481
430926	6282487
430927	6282499
430928	6282533
430929	6282547
430930	6282557
430931	6282569
430932	6282581
430933	6282607
430934	6282613
430935	6282659
430936	6282671
430937	6282701
430938	6282709
430939	6282737
430940	6282743
430941	6282761
430942	6282767
430943	6282797
430944	6282803
430945	6282811
430946	6282823
430947	6282847
430948	6282853
430949	6282889
430950	6282893
430951	6282929
430952	6282931
430953	6282943
430954	6282961
430955	6282967
430956	6282971
430957	6282989
430958	6283001
430959	6283009
430960	6283019
430961	6283021
430962	6283051
430963	6283093
430964	6283099
430965	6283141
430966	6283157
430967	6283159
430968	6283171
430969	6283177
430970	6283201
430971	6283213
430972	6283219
430973	6283223
430974	6283241
430975	6283247
430976	6283253
430977	6283259
430978	6283267
430979	6283273
430980	6283279
430981	6283307
430982	6283331
430983	6283337
430984	6283351
430985	6283363
430986	6283367
430987	6283379
430988	6283391
430989	6283397
430990	6283399
430991	6283447
430992	6283457
430993	6283463
430994	6283481
430995	6283493
430996	6283507
430997	6283561
430998	6283567
430999	6283573
431000	6283583
