432001	6298837
432002	6298841
432003	6298847
432004	6298883
432005	6298909
432006	6298913
432007	6298931
432008	6298933
432009	6298939
432010	6298949
432011	6298961
432012	6298969
432013	6298973
432014	6299053
432015	6299057
432016	6299071
432017	6299087
432018	6299093
432019	6299131
432020	6299141
432021	6299143
432022	6299147
432023	6299149
432024	6299179
432025	6299221
432026	6299239
432027	6299291
432028	6299303
432029	6299353
432030	6299357
432031	6299369
432032	6299383
432033	6299387
432034	6299413
432035	6299429
432036	6299443
432037	6299453
432038	6299459
432039	6299473
432040	6299483
432041	6299497
432042	6299519
432043	6299521
432044	6299567
432045	6299591
432046	6299599
432047	6299611
432048	6299627
432049	6299651
432050	6299663
432051	6299669
432052	6299693
432053	6299701
432054	6299719
432055	6299729
432056	6299737
432057	6299749
432058	6299767
432059	6299771
432060	6299791
432061	6299803
432062	6299819
432063	6299831
432064	6299837
432065	6299857
432066	6299899
432067	6299929
432068	6299933
432069	6299941
432070	6299957
432071	6299977
432072	6299983
432073	6299987
432074	6300011
432075	6300017
432076	6300023
432077	6300029
432078	6300061
432079	6300083
432080	6300097
432081	6300103
432082	6300109
432083	6300121
432084	6300127
432085	6300131
432086	6300143
432087	6300157
432088	6300169
432089	6300179
432090	6300181
432091	6300193
432092	6300199
432093	6300241
432094	6300277
432095	6300299
432096	6300311
432097	6300313
432098	6300331
432099	6300341
432100	6300373
432101	6300383
432102	6300431
432103	6300443
432104	6300449
432105	6300451
432106	6300467
432107	6300473
432108	6300499
432109	6300509
432110	6300529
432111	6300559
432112	6300563
432113	6300589
432114	6300599
432115	6300601
432116	6300607
432117	6300617
432118	6300631
432119	6300641
432120	6300649
432121	6300667
432122	6300677
432123	6300709
432124	6300713
432125	6300737
432126	6300739
432127	6300793
432128	6300821
432129	6300823
432130	6300857
432131	6300887
432132	6300923
432133	6300941
432134	6300947
432135	6300953
432136	6300971
432137	6300991
432138	6301007
432139	6301039
432140	6301049
432141	6301051
432142	6301069
432143	6301073
432144	6301109
432145	6301121
432146	6301129
432147	6301147
432148	6301157
432149	6301159
432150	6301187
432151	6301189
432152	6301193
432153	6301199
432154	6301201
432155	6301213
432156	6301291
432157	6301297
432158	6301303
432159	6301307
432160	6301319
432161	6301327
432162	6301357
432163	6301363
432164	6301391
432165	6301397
432166	6301423
432167	6301447
432168	6301457
432169	6301459
432170	6301469
432171	6301481
432172	6301487
432173	6301501
432174	6301511
432175	6301513
432176	6301523
432177	6301531
432178	6301549
432179	6301553
432180	6301567
432181	6301621
432182	6301637
432183	6301639
432184	6301667
432185	6301681
432186	6301697
432187	6301703
432188	6301709
432189	6301717
432190	6301721
432191	6301723
432192	6301739
432193	6301759
432194	6301777
432195	6301817
432196	6301829
432197	6301837
432198	6301847
432199	6301853
432200	6301861
432201	6301891
432202	6301907
432203	6301913
432204	6301927
432205	6301957
432206	6301963
432207	6301969
432208	6301973
432209	6302003
432210	6302011
432211	6302033
432212	6302047
432213	6302057
432214	6302059
432215	6302063
432216	6302081
432217	6302113
432218	6302117
432219	6302141
432220	6302143
432221	6302147
432222	6302159
432223	6302171
432224	6302213
432225	6302249
432226	6302293
432227	6302311
432228	6302323
432229	6302327
432230	6302339
432231	6302341
432232	6302347
432233	6302353
432234	6302369
432235	6302377
432236	6302419
432237	6302423
432238	6302431
432239	6302441
432240	6302449
432241	6302473
432242	6302477
432243	6302519
432244	6302521
432245	6302531
432246	6302533
432247	6302539
432248	6302573
432249	6302587
432250	6302603
432251	6302609
432252	6302651
432253	6302663
432254	6302671
432255	6302683
432256	6302689
432257	6302701
432258	6302711
432259	6302717
432260	6302719
432261	6302729
432262	6302731
432263	6302753
432264	6302789
432265	6302797
432266	6302833
432267	6302837
432268	6302867
432269	6302899
432270	6302917
432271	6302929
432272	6302941
432273	6302957
432274	6302969
432275	6302977
432276	6302981
432277	6302993
432278	6303001
432279	6303007
432280	6303023
432281	6303043
432282	6303071
432283	6303091
432284	6303097
432285	6303113
432286	6303119
432287	6303133
432288	6303139
432289	6303151
432290	6303163
432291	6303197
432292	6303211
432293	6303221
432294	6303229
432295	6303239
432296	6303251
432297	6303257
432298	6303281
432299	6303287
432300	6303301
432301	6303317
432302	6303337
432303	6303347
432304	6303371
432305	6303377
432306	6303389
432307	6303397
432308	6303419
432309	6303433
432310	6303461
432311	6303467
432312	6303487
432313	6303491
432314	6303503
432315	6303523
432316	6303529
432317	6303533
432318	6303551
432319	6303553
432320	6303559
432321	6303581
432322	6303599
432323	6303607
432324	6303629
432325	6303641
432326	6303667
432327	6303733
432328	6303761
432329	6303779
432330	6303799
432331	6303809
432332	6303823
432333	6303827
432334	6303833
432335	6303841
432336	6303853
432337	6303883
432338	6303887
432339	6303901
432340	6303919
432341	6303937
432342	6303967
432343	6303971
432344	6303977
432345	6303989
432346	6304003
432347	6304007
432348	6304009
432349	6304013
432350	6304043
432351	6304057
432352	6304079
432353	6304147
432354	6304159
432355	6304163
432356	6304169
432357	6304189
432358	6304211
432359	6304213
432360	6304217
432361	6304241
432362	6304247
432363	6304267
432364	6304271
432365	6304301
432366	6304307
432367	6304343
432368	6304349
432369	6304357
432370	6304379
432371	6304381
432372	6304387
432373	6304421
432374	6304427
432375	6304429
432376	6304453
432377	6304477
432378	6304483
432379	6304511
432380	6304517
432381	6304583
432382	6304589
432383	6304601
432384	6304607
432385	6304619
432386	6304631
432387	6304651
432388	6304663
432389	6304667
432390	6304673
432391	6304679
432392	6304699
432393	6304741
432394	6304769
432395	6304787
432396	6304817
432397	6304847
432398	6304853
432399	6304867
432400	6304897
432401	6304927
432402	6304951
432403	6304973
432404	6304993
432405	6304999
432406	6305009
432407	6305023
432408	6305029
432409	6305041
432410	6305063
432411	6305071
432412	6305081
432413	6305087
432414	6305107
432415	6305111
432416	6305119
432417	6305129
432418	6305141
432419	6305149
432420	6305171
432421	6305177
432422	6305203
432423	6305231
432424	6305237
432425	6305239
432426	6305263
432427	6305309
432428	6305311
432429	6305333
432430	6305339
432431	6305347
432432	6305353
432433	6305363
432434	6305393
432435	6305401
432436	6305407
432437	6305413
432438	6305417
432439	6305443
432440	6305449
432441	6305459
432442	6305461
432443	6305471
432444	6305479
432445	6305489
432446	6305491
432447	6305501
432448	6305527
432449	6305573
432450	6305599
432451	6305603
432452	6305627
432453	6305647
432454	6305659
432455	6305669
432456	6305681
432457	6305693
432458	6305707
432459	6305711
432460	6305729
432461	6305737
432462	6305791
432463	6305801
432464	6305809
432465	6305837
432466	6305843
432467	6305857
432468	6305867
432469	6305869
432470	6305903
432471	6305909
432472	6305939
432473	6305983
432474	6305987
432475	6306029
432476	6306049
432477	6306059
432478	6306061
432479	6306077
432480	6306109
432481	6306121
432482	6306151
432483	6306173
432484	6306187
432485	6306193
432486	6306197
432487	6306199
432488	6306211
432489	6306263
432490	6306277
432491	6306283
432492	6306341
432493	6306343
432494	6306353
432495	6306359
432496	6306373
432497	6306379
432498	6306383
432499	6306401
432500	6306403
432501	6306409
432502	6306457
432503	6306463
432504	6306467
432505	6306479
432506	6306481
432507	6306511
432508	6306529
432509	6306551
432510	6306557
432511	6306563
432512	6306571
432513	6306581
432514	6306593
432515	6306617
432516	6306647
432517	6306667
432518	6306673
432519	6306679
432520	6306697
432521	6306709
432522	6306721
432523	6306731
432524	6306737
432525	6306739
432526	6306787
432527	6306791
432528	6306809
432529	6306821
432530	6306827
432531	6306829
432532	6306863
432533	6306887
432534	6306893
432535	6306913
432536	6306931
432537	6306943
432538	6306953
432539	6306961
432540	6306967
432541	6306997
432542	6307009
432543	6307033
432544	6307039
432545	6307099
432546	6307121
432547	6307177
432548	6307193
432549	6307219
432550	6307237
432551	6307241
432552	6307247
432553	6307261
432554	6307303
432555	6307309
432556	6307331
432557	6307333
432558	6307351
432559	6307363
432560	6307381
432561	6307387
432562	6307397
432563	6307409
432564	6307417
432565	6307429
432566	6307453
432567	6307489
432568	6307507
432569	6307517
432570	6307531
432571	6307537
432572	6307549
432573	6307559
432574	6307571
432575	6307573
432576	6307577
432577	6307621
432578	6307633
432579	6307657
432580	6307661
432581	6307673
432582	6307687
432583	6307739
432584	6307771
432585	6307783
432586	6307793
432587	6307811
432588	6307817
432589	6307831
432590	6307841
432591	6307883
432592	6307897
432593	6307909
432594	6307921
432595	6307979
432596	6308017
432597	6308021
432598	6308023
432599	6308033
432600	6308039
432601	6308041
432602	6308047
432603	6308059
432604	6308077
432605	6308087
432606	6308089
432607	6308129
432608	6308147
432609	6308153
432610	6308189
432611	6308191
432612	6308243
432613	6308257
432614	6308273
432615	6308287
432616	6308297
432617	6308311
432618	6308317
432619	6308321
432620	6308329
432621	6308333
432622	6308347
432623	6308369
432624	6308429
432625	6308459
432626	6308461
432627	6308483
432628	6308501
432629	6308521
432630	6308527
432631	6308569
432632	6308639
432633	6308641
432634	6308651
432635	6308663
432636	6308671
432637	6308719
432638	6308723
432639	6308737
432640	6308761
432641	6308773
432642	6308801
432643	6308837
432644	6308851
432645	6308867
432646	6308881
432647	6308891
432648	6308947
432649	6308959
432650	6308971
432651	6308983
432652	6308993
432653	6308999
432654	6309013
432655	6309031
432656	6309049
432657	6309053
432658	6309073
432659	6309103
432660	6309109
432661	6309113
432662	6309133
432663	6309143
432664	6309161
432665	6309181
432666	6309187
432667	6309209
432668	6309217
432669	6309221
432670	6309223
432671	6309239
432672	6309271
432673	6309287
432674	6309313
432675	6309343
432676	6309371
432677	6309377
432678	6309389
432679	6309437
432680	6309439
432681	6309473
432682	6309481
432683	6309497
432684	6309503
432685	6309509
432686	6309517
432687	6309529
432688	6309547
432689	6309551
432690	6309593
432691	6309599
432692	6309619
432693	6309623
432694	6309629
432695	6309631
432696	6309661
432697	6309671
432698	6309679
432699	6309727
432700	6309731
432701	6309739
432702	6309757
432703	6309763
432704	6309769
432705	6309781
432706	6309817
432707	6309827
432708	6309851
432709	6309857
432710	6309871
432711	6309887
432712	6309911
432713	6309913
432714	6309917
432715	6309923
432716	6309931
432717	6309959
432718	6309973
432719	6309997
432720	6310039
432721	6310049
432722	6310061
432723	6310069
432724	6310093
432725	6310097
432726	6310099
432727	6310123
432728	6310133
432729	6310151
432730	6310153
432731	6310163
432732	6310169
432733	6310181
432734	6310201
432735	6310217
432736	6310229
432737	6310243
432738	6310273
432739	6310277
432740	6310279
432741	6310289
432742	6310319
432743	6310327
432744	6310331
432745	6310333
432746	6310363
432747	6310411
432748	6310427
432749	6310439
432750	6310457
432751	6310459
432752	6310477
432753	6310481
432754	6310483
432755	6310517
432756	6310523
432757	6310531
432758	6310543
432759	6310547
432760	6310583
432761	6310589
432762	6310607
432763	6310613
432764	6310627
432765	6310669
432766	6310673
432767	6310687
432768	6310709
432769	6310727
432770	6310741
432771	6310769
432772	6310771
432773	6310781
432774	6310789
432775	6310807
432776	6310819
432777	6310841
432778	6310847
432779	6310849
432780	6310879
432781	6310897
432782	6310919
432783	6310921
432784	6310939
432785	6310943
432786	6310963
432787	6311023
432788	6311047
432789	6311051
432790	6311057
432791	6311093
432792	6311099
432793	6311117
432794	6311147
432795	6311159
432796	6311161
432797	6311167
432798	6311189
432799	6311191
432800	6311203
432801	6311219
432802	6311251
432803	6311297
432804	6311303
432805	6311309
432806	6311311
432807	6311317
432808	6311323
432809	6311329
432810	6311351
432811	6311353
432812	6311359
432813	6311377
432814	6311381
432815	6311387
432816	6311413
432817	6311419
432818	6311429
432819	6311441
432820	6311479
432821	6311483
432822	6311509
432823	6311521
432824	6311537
432825	6311563
432826	6311567
432827	6311597
432828	6311623
432829	6311633
432830	6311639
432831	6311659
432832	6311689
432833	6311707
432834	6311713
432835	6311759
432836	6311779
432837	6311801
432838	6311807
432839	6311873
432840	6311881
432841	6311891
432842	6311923
432843	6311939
432844	6311953
432845	6311957
432846	6311983
432847	6311989
432848	6312017
432849	6312023
432850	6312029
432851	6312041
432852	6312043
432853	6312071
432854	6312133
432855	6312139
432856	6312157
432857	6312181
432858	6312191
432859	6312217
432860	6312221
432861	6312259
432862	6312269
432863	6312283
432864	6312301
432865	6312323
432866	6312329
432867	6312349
432868	6312377
432869	6312379
432870	6312409
432871	6312431
432872	6312521
432873	6312547
432874	6312571
432875	6312577
432876	6312583
432877	6312589
432878	6312599
432879	6312613
432880	6312619
432881	6312637
432882	6312641
432883	6312659
432884	6312667
432885	6312689
432886	6312703
432887	6312727
432888	6312739
432889	6312751
432890	6312773
432891	6312781
432892	6312799
432893	6312847
432894	6312851
432895	6312853
432896	6312863
432897	6312869
432898	6312913
432899	6312931
432900	6312937
432901	6312947
432902	6312949
432903	6312979
432904	6312983
432905	6312991
432906	6313007
432907	6313009
432908	6313019
432909	6313031
432910	6313033
432911	6313067
432912	6313079
432913	6313117
432914	6313121
432915	6313129
432916	6313141
432917	6313147
432918	6313183
432919	6313189
432920	6313231
432921	6313253
432922	6313267
432923	6313291
432924	6313309
432925	6313327
432926	6313337
432927	6313361
432928	6313379
432929	6313397
432930	6313399
432931	6313427
432932	6313451
432933	6313457
432934	6313459
432935	6313469
432936	6313481
432937	6313493
432938	6313499
432939	6313507
432940	6313513
432941	6313583
432942	6313589
432943	6313597
432944	6313621
432945	6313639
432946	6313669
432947	6313691
432948	6313693
432949	6313709
432950	6313711
432951	6313721
432952	6313751
432953	6313777
432954	6313781
432955	6313787
432956	6313829
432957	6313831
432958	6313861
432959	6313889
432960	6313913
432961	6313921
432962	6313949
432963	6313961
432964	6313969
432965	6313997
432966	6314039
432967	6314051
432968	6314057
432969	6314081
432970	6314093
432971	6314107
432972	6314129
432973	6314183
432974	6314197
432975	6314201
432976	6314207
432977	6314219
432978	6314221
432979	6314263
432980	6314279
432981	6314291
432982	6314299
432983	6314339
432984	6314377
432985	6314389
432986	6314393
432987	6314447
432988	6314501
432989	6314543
432990	6314563
432991	6314569
432992	6314611
432993	6314617
432994	6314641
432995	6314647
432996	6314653
432997	6314677
432998	6314681
432999	6314687
433000	6314699
