434001	6329963
434002	6329993
434003	6330017
434004	6330019
434005	6330029
434006	6330041
434007	6330043
434008	6330047
434009	6330053
434010	6330067
434011	6330109
434012	6330119
434013	6330131
434014	6330133
434015	6330139
434016	6330143
434017	6330151
434018	6330157
434019	6330187
434020	6330193
434021	6330217
434022	6330223
434023	6330229
434024	6330253
434025	6330257
434026	6330263
434027	6330283
434028	6330299
434029	6330319
434030	6330329
434031	6330343
434032	6330353
434033	6330371
434034	6330391
434035	6330407
434036	6330413
434037	6330419
434038	6330421
434039	6330449
434040	6330461
434041	6330473
434042	6330491
434043	6330509
434044	6330521
434045	6330529
434046	6330547
434047	6330551
434048	6330557
434049	6330559
434050	6330581
434051	6330617
434052	6330619
434053	6330631
434054	6330679
434055	6330683
434056	6330697
434057	6330703
434058	6330707
434059	6330719
434060	6330733
434061	6330739
434062	6330767
434063	6330799
434064	6330809
434065	6330827
434066	6330839
434067	6330859
434068	6330881
434069	6330887
434070	6330901
434071	6330917
434072	6330923
434073	6330931
434074	6330941
434075	6330967
434076	6331001
434077	6331043
434078	6331057
434079	6331067
434080	6331069
434081	6331081
434082	6331109
434083	6331133
434084	6331147
434085	6331151
434086	6331153
434087	6331183
434088	6331189
434089	6331207
434090	6331249
434091	6331253
434092	6331267
434093	6331289
434094	6331291
434095	6331301
434096	6331319
434097	6331321
434098	6331333
434099	6331337
434100	6331379
434101	6331399
434102	6331411
434103	6331439
434104	6331447
434105	6331469
434106	6331517
434107	6331519
434108	6331529
434109	6331537
434110	6331543
434111	6331547
434112	6331571
434113	6331573
434114	6331603
434115	6331607
434116	6331609
434117	6331669
434118	6331679
434119	6331691
434120	6331723
434121	6331733
434122	6331757
434123	6331763
434124	6331783
434125	6331789
434126	6331817
434127	6331823
434128	6331849
434129	6331859
434130	6331873
434131	6331903
434132	6331951
434133	6331957
434134	6331979
434135	6332009
434136	6332021
434137	6332033
434138	6332047
434139	6332059
434140	6332077
434141	6332089
434142	6332099
434143	6332101
434144	6332113
434145	6332119
434146	6332129
434147	6332159
434148	6332167
434149	6332197
434150	6332201
434151	6332213
434152	6332219
434153	6332243
434154	6332269
434155	6332297
434156	6332299
434157	6332311
434158	6332317
434159	6332341
434160	6332363
434161	6332369
434162	6332393
434163	6332399
434164	6332413
434165	6332437
434166	6332441
434167	6332477
434168	6332503
434169	6332507
434170	6332539
434171	6332549
434172	6332563
434173	6332591
434174	6332603
434175	6332611
434176	6332621
434177	6332629
434178	6332657
434179	6332663
434180	6332693
434181	6332699
434182	6332723
434183	6332741
434184	6332747
434185	6332761
434186	6332771
434187	6332803
434188	6332849
434189	6332861
434190	6332863
434191	6332867
434192	6332869
434193	6332881
434194	6332899
434195	6332923
434196	6332927
434197	6332939
434198	6332951
434199	6332971
434200	6333013
434201	6333017
434202	6333029
434203	6333043
434204	6333053
434205	6333059
434206	6333071
434207	6333077
434208	6333079
434209	6333101
434210	6333113
434211	6333121
434212	6333127
434213	6333139
434214	6333157
434215	6333181
434216	6333191
434217	6333221
434218	6333233
434219	6333277
434220	6333287
434221	6333293
434222	6333307
434223	6333317
434224	6333337
434225	6333359
434226	6333361
434227	6333389
434228	6333419
434229	6333449
434230	6333451
434231	6333461
434232	6333463
434233	6333511
434234	6333521
434235	6333529
434236	6333559
434237	6333601
434238	6333619
434239	6333643
434240	6333653
434241	6333683
434242	6333727
434243	6333731
434244	6333737
434245	6333749
434246	6333757
434247	6333787
434248	6333793
434249	6333799
434250	6333907
434251	6333923
434252	6333931
434253	6333937
434254	6333959
434255	6333961
434256	6334007
434257	6334019
434258	6334033
434259	6334037
434260	6334051
434261	6334061
434262	6334073
434263	6334121
434264	6334127
434265	6334147
434266	6334169
434267	6334187
434268	6334231
434269	6334241
434270	6334249
434271	6334259
434272	6334291
434273	6334297
434274	6334309
434275	6334327
434276	6334333
434277	6334399
434278	6334411
434279	6334439
434280	6334463
434281	6334481
434282	6334501
434283	6334513
434284	6334547
434285	6334561
434286	6334567
434287	6334577
434288	6334579
434289	6334607
434290	6334621
434291	6334639
434292	6334651
434293	6334661
434294	6334663
434295	6334697
434296	6334703
434297	6334709
434298	6334723
434299	6334747
434300	6334751
434301	6334763
434302	6334781
434303	6334813
434304	6334837
434305	6334841
434306	6334859
434307	6334871
434308	6334873
434309	6334877
434310	6334879
434311	6334891
434312	6334907
434313	6334919
434314	6334921
434315	6334927
434316	6334969
434317	6334981
434318	6334987
434319	6334997
434320	6335011
434321	6335027
434322	6335039
434323	6335041
434324	6335047
434325	6335053
434326	6335059
434327	6335071
434328	6335081
434329	6335171
434330	6335183
434331	6335201
434332	6335213
434333	6335239
434334	6335257
434335	6335261
434336	6335297
434337	6335309
434338	6335317
434339	6335359
434340	6335387
434341	6335393
434342	6335411
434343	6335423
434344	6335429
434345	6335431
434346	6335449
434347	6335467
434348	6335477
434349	6335513
434350	6335519
434351	6335533
434352	6335551
434353	6335573
434354	6335579
434355	6335591
434356	6335599
434357	6335617
434358	6335627
434359	6335669
434360	6335677
434361	6335701
434362	6335711
434363	6335729
434364	6335731
434365	6335737
434366	6335761
434367	6335767
434368	6335773
434369	6335783
434370	6335807
434371	6335837
434372	6335851
434373	6335863
434374	6335867
434375	6335869
434376	6335893
434377	6335897
434378	6335899
434379	6335909
434380	6335939
434381	6335941
434382	6335947
434383	6335977
434384	6335981
434385	6335983
434386	6336013
434387	6336041
434388	6336067
434389	6336073
434390	6336079
434391	6336091
434392	6336103
434393	6336133
434394	6336149
434395	6336163
434396	6336167
434397	6336193
434398	6336217
434399	6336221
434400	6336227
434401	6336233
434402	6336241
434403	6336259
434404	6336271
434405	6336283
434406	6336289
434407	6336301
434408	6336311
434409	6336313
434410	6336347
434411	6336349
434412	6336371
434413	6336373
434414	6336389
434415	6336403
434416	6336409
434417	6336419
434418	6336439
434419	6336467
434420	6336487
434421	6336503
434422	6336553
434423	6336559
434424	6336571
434425	6336599
434426	6336623
434427	6336641
434428	6336643
434429	6336667
434430	6336683
434431	6336697
434432	6336713
434433	6336721
434434	6336727
434435	6336739
434436	6336763
434437	6336773
434438	6336791
434439	6336797
434440	6336829
434441	6336853
434442	6336857
434443	6336893
434444	6336907
434445	6336917
434446	6336943
434447	6336949
434448	6336973
434449	6336977
434450	6337021
434451	6337031
434452	6337049
434453	6337063
434454	6337069
434455	6337099
434456	6337103
434457	6337129
434458	6337139
434459	6337169
434460	6337181
434461	6337183
434462	6337217
434463	6337223
434464	6337231
434465	6337267
434466	6337271
434467	6337273
434468	6337321
434469	6337327
434470	6337333
434471	6337343
434472	6337381
434473	6337403
434474	6337439
434475	6337451
434476	6337453
434477	6337517
434478	6337523
434479	6337537
434480	6337543
434481	6337561
434482	6337579
434483	6337589
434484	6337607
434485	6337633
434486	6337637
434487	6337663
434488	6337679
434489	6337699
434490	6337703
434491	6337729
434492	6337759
434493	6337763
434494	6337777
434495	6337783
434496	6337789
434497	6337801
434498	6337819
434499	6337823
434500	6337829
434501	6337847
434502	6337861
434503	6337871
434504	6337873
434505	6337879
434506	6337897
434507	6337901
434508	6337907
434509	6337913
434510	6337939
434511	6337943
434512	6337967
434513	6337987
434514	6337993
434515	6338009
434516	6338011
434517	6338021
434518	6338027
434519	6338029
434520	6338047
434521	6338069
434522	6338107
434523	6338113
434524	6338117
434525	6338119
434526	6338131
434527	6338141
434528	6338147
434529	6338183
434530	6338197
434531	6338203
434532	6338207
434533	6338209
434534	6338221
434535	6338239
434536	6338257
434537	6338281
434538	6338287
434539	6338309
434540	6338333
434541	6338347
434542	6338357
434543	6338377
434544	6338393
434545	6338411
434546	6338413
434547	6338417
434548	6338471
434549	6338473
434550	6338483
434551	6338513
434552	6338531
434553	6338537
434554	6338551
434555	6338597
434556	6338599
434557	6338611
434558	6338621
434559	6338653
434560	6338701
434561	6338707
434562	6338719
434563	6338741
434564	6338743
434565	6338753
434566	6338767
434567	6338771
434568	6338789
434569	6338831
434570	6338833
434571	6338851
434572	6338873
434573	6338879
434574	6338903
434575	6338947
434576	6338953
434577	6338957
434578	6338963
434579	6338971
434580	6338993
434581	6338999
434582	6339029
434583	6339037
434584	6339041
434585	6339043
434586	6339061
434587	6339077
434588	6339083
434589	6339119
434590	6339121
434591	6339149
434592	6339161
434593	6339167
434594	6339209
434595	6339227
434596	6339253
434597	6339257
434598	6339259
434599	6339269
434600	6339287
434601	6339299
434602	6339323
434603	6339349
434604	6339391
434605	6339449
434606	6339451
434607	6339493
434608	6339497
434609	6339511
434610	6339551
434611	6339577
434612	6339583
434613	6339611
434614	6339631
434615	6339637
434616	6339647
434617	6339653
434618	6339677
434619	6339679
434620	6339703
434621	6339709
434622	6339721
434623	6339757
434624	6339761
434625	6339769
434626	6339797
434627	6339811
434628	6339847
434629	6339869
434630	6339899
434631	6339911
434632	6339919
434633	6339937
434634	6339947
434635	6339989
434636	6340013
434637	6340021
434638	6340039
434639	6340043
434640	6340063
434641	6340069
434642	6340109
434643	6340127
434644	6340189
434645	6340193
434646	6340219
434647	6340237
434648	6340247
434649	6340261
434650	6340267
434651	6340273
434652	6340297
434653	6340343
434654	6340361
434655	6340379
434656	6340381
434657	6340391
434658	6340403
434659	6340409
434660	6340423
434661	6340429
434662	6340457
434663	6340463
434664	6340483
434665	6340501
434666	6340519
434667	6340567
434668	6340573
434669	6340597
434670	6340637
434671	6340657
434672	6340669
434673	6340673
434674	6340687
434675	6340721
434676	6340739
434677	6340757
434678	6340787
434679	6340811
434680	6340843
434681	6340849
434682	6340871
434683	6340877
434684	6340883
434685	6340891
434686	6340897
434687	6340903
434688	6340913
434689	6340921
434690	6340931
434691	6340933
434692	6340963
434693	6341039
434694	6341057
434695	6341059
434696	6341063
434697	6341087
434698	6341107
434699	6341131
434700	6341149
434701	6341177
434702	6341191
434703	6341197
434704	6341201
434705	6341207
434706	6341213
434707	6341219
434708	6341243
434709	6341249
434710	6341263
434711	6341273
434712	6341297
434713	6341299
434714	6341311
434715	6341341
434716	6341351
434717	6341369
434718	6341407
434719	6341411
434720	6341417
434721	6341441
434722	6341443
434723	6341473
434724	6341477
434725	6341479
434726	6341501
434727	6341509
434728	6341519
434729	6341521
434730	6341539
434731	6341549
434732	6341551
434733	6341563
434734	6341591
434735	6341603
434736	6341641
434737	6341653
434738	6341659
434739	6341669
434740	6341677
434741	6341723
434742	6341737
434743	6341759
434744	6341771
434745	6341779
434746	6341809
434747	6341827
434748	6341831
434749	6341843
434750	6341857
434751	6341861
434752	6341879
434753	6341893
434754	6341903
434755	6341939
434756	6341963
434757	6341971
434758	6342013
434759	6342023
434760	6342031
434761	6342047
434762	6342053
434763	6342079
434764	6342101
434765	6342107
434766	6342137
434767	6342157
434768	6342163
434769	6342169
434770	6342179
434771	6342191
434772	6342209
434773	6342221
434774	6342239
434775	6342251
434776	6342277
434777	6342289
434778	6342293
434779	6342307
434780	6342317
434781	6342337
434782	6342341
434783	6342361
434784	6342373
434785	6342379
434786	6342389
434787	6342419
434788	6342443
434789	6342461
434790	6342467
434791	6342473
434792	6342487
434793	6342491
434794	6342499
434795	6342517
434796	6342521
434797	6342527
434798	6342529
434799	6342533
434800	6342551
434801	6342587
434802	6342593
434803	6342647
434804	6342667
434805	6342671
434806	6342691
434807	6342731
434808	6342737
434809	6342757
434810	6342767
434811	6342769
434812	6342773
434813	6342797
434814	6342839
434815	6342857
434816	6342877
434817	6342883
434818	6342907
434819	6342911
434820	6342923
434821	6342929
434822	6342949
434823	6342971
434824	6342977
434825	6342983
434826	6342997
434827	6343019
434828	6343033
434829	6343039
434830	6343063
434831	6343097
434832	6343133
434833	6343153
434834	6343163
434835	6343177
434836	6343187
434837	6343201
434838	6343213
434839	6343217
434840	6343219
434841	6343247
434842	6343277
434843	6343279
434844	6343291
434845	6343319
434846	6343327
434847	6343339
434848	6343367
434849	6343387
434850	6343399
434851	6343409
434852	6343417
434853	6343429
434854	6343433
434855	6343439
434856	6343453
434857	6343457
434858	6343459
434859	6343483
434860	6343537
434861	6343553
434862	6343591
434863	6343609
434864	6343619
434865	6343633
434866	6343639
434867	6343651
434868	6343657
434869	6343693
434870	6343723
434871	6343741
434872	6343751
434873	6343759
434874	6343769
434875	6343789
434876	6343793
434877	6343801
434878	6343811
434879	6343819
434880	6343847
434881	6343849
434882	6343859
434883	6343861
434884	6343877
434885	6343879
434886	6343901
434887	6343903
434888	6343927
434889	6343949
434890	6343957
434891	6343979
434892	6343993
434893	6344003
434894	6344017
434895	6344027
434896	6344033
434897	6344087
434898	6344147
434899	6344161
434900	6344171
434901	6344189
434902	6344207
434903	6344209
434904	6344227
434905	6344237
434906	6344249
434907	6344257
434908	6344267
434909	6344269
434910	6344291
434911	6344311
434912	6344321
434913	6344323
434914	6344341
434915	6344363
434916	6344369
434917	6344399
434918	6344407
434919	6344413
434920	6344441
434921	6344467
434922	6344473
434923	6344509
434924	6344557
434925	6344579
434926	6344581
434927	6344599
434928	6344609
434929	6344617
434930	6344623
434931	6344641
434932	6344647
434933	6344659
434934	6344669
434935	6344687
434936	6344729
434937	6344747
434938	6344759
434939	6344761
434940	6344771
434941	6344777
434942	6344809
434943	6344813
434944	6344827
434945	6344843
434946	6344851
434947	6344857
434948	6344909
434949	6344911
434950	6344929
434951	6344957
434952	6344963
434953	6344983
434954	6345007
434955	6345011
434956	6345041
434957	6345067
434958	6345091
434959	6345127
434960	6345133
434961	6345137
434962	6345139
434963	6345149
434964	6345179
434965	6345181
434966	6345187
434967	6345197
434968	6345253
434969	6345257
434970	6345271
434971	6345293
434972	6345299
434973	6345307
434974	6345323
434975	6345337
434976	6345343
434977	6345347
434978	6345377
434979	6345407
434980	6345419
434981	6345431
434982	6345439
434983	6345457
434984	6345481
434985	6345491
434986	6345497
434987	6345533
434988	6345541
434989	6345551
434990	6345617
434991	6345629
434992	6345659
434993	6345673
434994	6345683
434995	6345701
434996	6345721
434997	6345737
434998	6345739
434999	6345749
435000	6345763
