435001	6345803
435002	6345821
435003	6345827
435004	6345839
435005	6345851
435006	6345853
435007	6345877
435008	6345883
435009	6345887
435010	6345919
435011	6345923
435012	6345949
435013	6345971
435014	6345973
435015	6346003
435016	6346009
435017	6346037
435018	6346111
435019	6346127
435020	6346141
435021	6346163
435022	6346177
435023	6346181
435024	6346187
435025	6346199
435026	6346201
435027	6346211
435028	6346213
435029	6346231
435030	6346237
435031	6346243
435032	6346297
435033	6346303
435034	6346313
435035	6346337
435036	6346339
435037	6346381
435038	6346387
435039	6346391
435040	6346397
435041	6346409
435042	6346427
435043	6346433
435044	6346463
435045	6346469
435046	6346489
435047	6346493
435048	6346519
435049	6346523
435050	6346553
435051	6346579
435052	6346583
435053	6346609
435054	6346631
435055	6346633
435056	6346651
435057	6346663
435058	6346667
435059	6346727
435060	6346733
435061	6346751
435062	6346771
435063	6346777
435064	6346783
435065	6346787
435066	6346789
435067	6346793
435068	6346801
435069	6346811
435070	6346859
435071	6346877
435072	6346883
435073	6346891
435074	6346897
435075	6346957
435076	6346973
435077	6346987
435078	6346999
435079	6347009
435080	6347023
435081	6347059
435082	6347177
435083	6347183
435084	6347189
435085	6347203
435086	6347221
435087	6347261
435088	6347269
435089	6347309
435090	6347321
435091	6347339
435092	6347371
435093	6347377
435094	6347381
435095	6347447
435096	6347483
435097	6347521
435098	6347527
435099	6347567
435100	6347611
435101	6347623
435102	6347639
435103	6347641
435104	6347657
435105	6347659
435106	6347669
435107	6347687
435108	6347689
435109	6347707
435110	6347753
435111	6347771
435112	6347791
435113	6347797
435114	6347801
435115	6347819
435116	6347827
435117	6347849
435118	6347879
435119	6347903
435120	6347909
435121	6347921
435122	6347927
435123	6347941
435124	6347947
435125	6347959
435126	6347983
435127	6348011
435128	6348019
435129	6348029
435130	6348037
435131	6348059
435132	6348061
435133	6348073
435134	6348101
435135	6348107
435136	6348113
435137	6348119
435138	6348137
435139	6348143
435140	6348151
435141	6348179
435142	6348233
435143	6348239
435144	6348241
435145	6348247
435146	6348257
435147	6348263
435148	6348271
435149	6348283
435150	6348289
435151	6348301
435152	6348311
435153	6348343
435154	6348371
435155	6348373
435156	6348383
435157	6348389
435158	6348401
435159	6348439
435160	6348449
435161	6348467
435162	6348469
435163	6348473
435164	6348479
435165	6348523
435166	6348533
435167	6348541
435168	6348569
435169	6348623
435170	6348647
435171	6348673
435172	6348689
435173	6348691
435174	6348703
435175	6348721
435176	6348739
435177	6348751
435178	6348761
435179	6348763
435180	6348773
435181	6348781
435182	6348787
435183	6348799
435184	6348827
435185	6348829
435186	6348847
435187	6348863
435188	6348877
435189	6348887
435190	6348889
435191	6348899
435192	6348913
435193	6348917
435194	6348971
435195	6348977
435196	6348997
435197	6349001
435198	6349003
435199	6349009
435200	6349037
435201	6349043
435202	6349051
435203	6349069
435204	6349073
435205	6349087
435206	6349093
435207	6349099
435208	6349129
435209	6349139
435210	6349153
435211	6349157
435212	6349169
435213	6349181
435214	6349199
435215	6349223
435216	6349253
435217	6349261
435218	6349267
435219	6349271
435220	6349283
435221	6349297
435222	6349303
435223	6349331
435224	6349333
435225	6349361
435226	6349373
435227	6349379
435228	6349391
435229	6349393
435230	6349397
435231	6349433
435232	6349481
435233	6349501
435234	6349529
435235	6349531
435236	6349537
435237	6349543
435238	6349549
435239	6349561
435240	6349589
435241	6349621
435242	6349631
435243	6349643
435244	6349649
435245	6349663
435246	6349669
435247	6349691
435248	6349697
435249	6349703
435250	6349723
435251	6349727
435252	6349741
435253	6349751
435254	6349787
435255	6349843
435256	6349859
435257	6349879
435258	6349897
435259	6349913
435260	6349919
435261	6349921
435262	6349951
435263	6349961
435264	6349969
435265	6349997
435266	6350011
435267	6350017
435268	6350021
435269	6350041
435270	6350063
435271	6350083
435272	6350107
435273	6350119
435274	6350131
435275	6350137
435276	6350143
435277	6350147
435278	6350167
435279	6350171
435280	6350191
435281	6350209
435282	6350219
435283	6350221
435284	6350233
435285	6350249
435286	6350251
435287	6350263
435288	6350269
435289	6350287
435290	6350291
435291	6350293
435292	6350297
435293	6350329
435294	6350341
435295	6350353
435296	6350411
435297	6350419
435298	6350423
435299	6350431
435300	6350441
435301	6350459
435302	6350471
435303	6350479
435304	6350483
435305	6350501
435306	6350549
435307	6350563
435308	6350621
435309	6350633
435310	6350647
435311	6350651
435312	6350653
435313	6350677
435314	6350699
435315	6350719
435316	6350759
435317	6350761
435318	6350801
435319	6350833
435320	6350837
435321	6350867
435322	6350873
435323	6350887
435324	6350891
435325	6350899
435326	6350917
435327	6350923
435328	6350933
435329	6350957
435330	6350963
435331	6350983
435332	6350987
435333	6350989
435334	6351017
435335	6351019
435336	6351031
435337	6351089
435338	6351097
435339	6351113
435340	6351127
435341	6351139
435342	6351181
435343	6351221
435344	6351223
435345	6351239
435346	6351253
435347	6351271
435348	6351277
435349	6351283
435350	6351287
435351	6351299
435352	6351313
435353	6351329
435354	6351379
435355	6351403
435356	6351431
435357	6351461
435358	6351469
435359	6351479
435360	6351481
435361	6351509
435362	6351517
435363	6351547
435364	6351563
435365	6351571
435366	6351581
435367	6351601
435368	6351607
435369	6351613
435370	6351619
435371	6351629
435372	6351649
435373	6351671
435374	6351673
435375	6351707
435376	6351743
435377	6351767
435378	6351769
435379	6351781
435380	6351809
435381	6351847
435382	6351853
435383	6351857
435384	6351859
435385	6351889
435386	6351893
435387	6351911
435388	6351913
435389	6351929
435390	6351937
435391	6351953
435392	6351959
435393	6351967
435394	6351971
435395	6351973
435396	6352001
435397	6352013
435398	6352039
435399	6352051
435400	6352079
435401	6352081
435402	6352091
435403	6352109
435404	6352121
435405	6352139
435406	6352147
435407	6352183
435408	6352201
435409	6352219
435410	6352243
435411	6352249
435412	6352259
435413	6352267
435414	6352309
435415	6352331
435416	6352343
435417	6352361
435418	6352391
435419	6352399
435420	6352429
435421	6352453
435422	6352477
435423	6352487
435424	6352547
435425	6352573
435426	6352603
435427	6352607
435428	6352609
435429	6352637
435430	6352639
435431	6352651
435432	6352657
435433	6352673
435434	6352681
435435	6352693
435436	6352729
435437	6352741
435438	6352763
435439	6352771
435440	6352813
435441	6352817
435442	6352831
435443	6352837
435444	6352877
435445	6352933
435446	6352979
435447	6352987
435448	6352993
435449	6353003
435450	6353021
435451	6353027
435452	6353029
435453	6353033
435454	6353051
435455	6353071
435456	6353093
435457	6353099
435458	6353111
435459	6353153
435460	6353161
435461	6353167
435462	6353173
435463	6353213
435464	6353219
435465	6353227
435466	6353231
435467	6353261
435468	6353279
435469	6353299
435470	6353317
435471	6353341
435472	6353351
435473	6353363
435474	6353377
435475	6353383
435476	6353387
435477	6353411
435478	6353437
435479	6353441
435480	6353449
435481	6353453
435482	6353471
435483	6353489
435484	6353491
435485	6353513
435486	6353519
435487	6353521
435488	6353527
435489	6353531
435490	6353561
435491	6353569
435492	6353573
435493	6353579
435494	6353591
435495	6353617
435496	6353629
435497	6353653
435498	6353687
435499	6353689
435500	6353707
435501	6353713
435502	6353717
435503	6353731
435504	6353741
435505	6353759
435506	6353779
435507	6353783
435508	6353827
435509	6353833
435510	6353857
435511	6353863
435512	6353873
435513	6353909
435514	6353933
435515	6353959
435516	6353989
435517	6354001
435518	6354013
435519	6354017
435520	6354043
435521	6354059
435522	6354077
435523	6354083
435524	6354091
435525	6354097
435526	6354109
435527	6354119
435528	6354133
435529	6354149
435530	6354167
435531	6354169
435532	6354181
435533	6354203
435534	6354217
435535	6354251
435536	6354263
435537	6354289
435538	6354301
435539	6354307
435540	6354317
435541	6354319
435542	6354331
435543	6354389
435544	6354391
435545	6354421
435546	6354427
435547	6354433
435548	6354437
435549	6354443
435550	6354449
435551	6354457
435552	6354461
435553	6354479
435554	6354487
435555	6354503
435556	6354527
435557	6354529
435558	6354539
435559	6354547
435560	6354559
435561	6354589
435562	6354599
435563	6354619
435564	6354641
435565	6354643
435566	6354703
435567	6354709
435568	6354727
435569	6354743
435570	6354757
435571	6354773
435572	6354793
435573	6354811
435574	6354827
435575	6354847
435576	6354853
435577	6354871
435578	6354913
435579	6354937
435580	6354947
435581	6354967
435582	6354977
435583	6354983
435584	6354989
435585	6355001
435586	6355039
435587	6355049
435588	6355073
435589	6355079
435590	6355081
435591	6355087
435592	6355103
435593	6355121
435594	6355133
435595	6355169
435596	6355171
435597	6355187
435598	6355189
435599	6355201
435600	6355213
435601	6355243
435602	6355247
435603	6355259
435604	6355301
435605	6355309
435606	6355333
435607	6355373
435608	6355381
435609	6355457
435610	6355477
435611	6355487
435612	6355493
435613	6355507
435614	6355511
435615	6355513
435616	6355523
435617	6355543
435618	6355549
435619	6355561
435620	6355577
435621	6355597
435622	6355607
435623	6355621
435624	6355631
435625	6355667
435626	6355673
435627	6355711
435628	6355733
435629	6355759
435630	6355777
435631	6355781
435632	6355793
435633	6355819
435634	6355879
435635	6355903
435636	6355913
435637	6355933
435638	6355949
435639	6355963
435640	6355997
435641	6356003
435642	6356033
435643	6356039
435644	6356041
435645	6356071
435646	6356081
435647	6356083
435648	6356087
435649	6356093
435650	6356099
435651	6356101
435652	6356123
435653	6356149
435654	6356153
435655	6356159
435656	6356171
435657	6356173
435658	6356179
435659	6356213
435660	6356219
435661	6356239
435662	6356243
435663	6356263
435664	6356297
435665	6356309
435666	6356321
435667	6356323
435668	6356347
435669	6356377
435670	6356387
435671	6356401
435672	6356407
435673	6356437
435674	6356443
435675	6356461
435676	6356479
435677	6356503
435678	6356531
435679	6356543
435680	6356551
435681	6356557
435682	6356569
435683	6356573
435684	6356587
435685	6356591
435686	6356593
435687	6356611
435688	6356617
435689	6356639
435690	6356641
435691	6356653
435692	6356699
435693	6356737
435694	6356741
435695	6356747
435696	6356783
435697	6356789
435698	6356803
435699	6356821
435700	6356869
435701	6356879
435702	6356881
435703	6356897
435704	6356921
435705	6356923
435706	6356941
435707	6356957
435708	6356969
435709	6356971
435710	6356981
435711	6356983
435712	6357011
435713	6357017
435714	6357019
435715	6357023
435716	6357047
435717	6357067
435718	6357083
435719	6357097
435720	6357101
435721	6357107
435722	6357121
435723	6357157
435724	6357179
435725	6357193
435726	6357199
435727	6357203
435728	6357217
435729	6357233
435730	6357287
435731	6357289
435732	6357301
435733	6357311
435734	6357313
435735	6357317
435736	6357331
435737	6357347
435738	6357349
435739	6357353
435740	6357397
435741	6357413
435742	6357431
435743	6357433
435744	6357479
435745	6357503
435746	6357529
435747	6357539
435748	6357557
435749	6357569
435750	6357587
435751	6357607
435752	6357623
435753	6357629
435754	6357653
435755	6357661
435756	6357667
435757	6357691
435758	6357713
435759	6357731
435760	6357751
435761	6357787
435762	6357811
435763	6357839
435764	6357853
435765	6357859
435766	6357877
435767	6357887
435768	6357889
435769	6357907
435770	6357929
435771	6357941
435772	6357943
435773	6357947
435774	6357961
435775	6357971
435776	6357977
435777	6357991
435778	6357997
435779	6358003
435780	6358013
435781	6358021
435782	6358031
435783	6358057
435784	6358061
435785	6358067
435786	6358073
435787	6358123
435788	6358127
435789	6358129
435790	6358139
435791	6358147
435792	6358151
435793	6358169
435794	6358181
435795	6358211
435796	6358223
435797	6358229
435798	6358237
435799	6358267
435800	6358271
435801	6358273
435802	6358283
435803	6358291
435804	6358333
435805	6358351
435806	6358361
435807	6358409
435808	6358411
435809	6358433
435810	6358439
435811	6358477
435812	6358481
435813	6358507
435814	6358523
435815	6358529
435816	6358537
435817	6358549
435818	6358553
435819	6358571
435820	6358577
435821	6358591
435822	6358613
435823	6358619
435824	6358621
435825	6358661
435826	6358669
435827	6358679
435828	6358721
435829	6358747
435830	6358753
435831	6358777
435832	6358829
435833	6358837
435834	6358889
435835	6358897
435836	6358909
435837	6358921
435838	6358927
435839	6358943
435840	6358981
435841	6358991
435842	6358997
435843	6359011
435844	6359039
435845	6359047
435846	6359057
435847	6359083
435848	6359107
435849	6359113
435850	6359131
435851	6359137
435852	6359159
435853	6359179
435854	6359203
435855	6359219
435856	6359231
435857	6359233
435858	6359237
435859	6359239
435860	6359251
435861	6359261
435862	6359279
435863	6359299
435864	6359303
435865	6359341
435866	6359347
435867	6359351
435868	6359359
435869	6359383
435870	6359393
435871	6359401
435872	6359407
435873	6359453
435874	6359461
435875	6359467
435876	6359473
435877	6359489
435878	6359491
435879	6359501
435880	6359531
435881	6359533
435882	6359537
435883	6359609
435884	6359621
435885	6359627
435886	6359659
435887	6359693
435888	6359723
435889	6359777
435890	6359783
435891	6359789
435892	6359803
435893	6359807
435894	6359839
435895	6359897
435896	6359909
435897	6359911
435898	6359917
435899	6359957
435900	6359963
435901	6359981
435902	6359987
435903	6360031
435904	6360083
435905	6360103
435906	6360113
435907	6360127
435908	6360131
435909	6360143
435910	6360149
435911	6360157
435912	6360161
435913	6360169
435914	6360191
435915	6360199
435916	6360209
435917	6360217
435918	6360247
435919	6360253
435920	6360281
435921	6360283
435922	6360293
435923	6360317
435924	6360323
435925	6360331
435926	6360349
435927	6360379
435928	6360391
435929	6360413
435930	6360427
435931	6360433
435932	6360437
435933	6360449
435934	6360451
435935	6360461
435936	6360469
435937	6360503
435938	6360509
435939	6360547
435940	6360551
435941	6360553
435942	6360569
435943	6360593
435944	6360619
435945	6360623
435946	6360631
435947	6360647
435948	6360659
435949	6360721
435950	6360727
435951	6360743
435952	6360787
435953	6360799
435954	6360817
435955	6360833
435956	6360841
435957	6360847
435958	6360853
435959	6360899
435960	6360923
435961	6360931
435962	6360943
435963	6360989
435964	6361013
435965	6361031
435966	6361039
435967	6361073
435968	6361079
435969	6361127
435970	6361139
435971	6361171
435972	6361189
435973	6361193
435974	6361207
435975	6361217
435976	6361241
435977	6361261
435978	6361279
435979	6361297
435980	6361301
435981	6361307
435982	6361331
435983	6361343
435984	6361351
435985	6361361
435986	6361367
435987	6361379
435988	6361423
435989	6361427
435990	6361429
435991	6361457
435992	6361477
435993	6361493
435994	6361499
435995	6361517
435996	6361573
435997	6361609
435998	6361627
435999	6361651
436000	6361657
