437001	6377779
437002	6377783
437003	6377807
437004	6377821
437005	6377827
437006	6377843
437007	6377887
437008	6377893
437009	6377951
437010	6377953
437011	6377957
437012	6377963
437013	6377981
437014	6377983
437015	6377993
437016	6378011
437017	6378037
437018	6378079
437019	6378101
437020	6378103
437021	6378109
437022	6378121
437023	6378131
437024	6378133
437025	6378137
437026	6378139
437027	6378181
437028	6378209
437029	6378217
437030	6378241
437031	6378257
437032	6378271
437033	6378277
437034	6378287
437035	6378311
437036	6378331
437037	6378341
437038	6378367
437039	6378371
437040	6378389
437041	6378397
437042	6378401
437043	6378403
437044	6378409
437045	6378487
437046	6378503
437047	6378517
437048	6378551
437049	6378557
437050	6378563
437051	6378607
437052	6378611
437053	6378629
437054	6378703
437055	6378721
437056	6378731
437057	6378733
437058	6378761
437059	6378767
437060	6378781
437061	6378787
437062	6378847
437063	6378863
437064	6378871
437065	6378877
437066	6378881
437067	6378907
437068	6378913
437069	6378919
437070	6378923
437071	6378937
437072	6378947
437073	6378973
437074	6378979
437075	6378989
437076	6379001
437077	6379049
437078	6379081
437079	6379091
437080	6379111
437081	6379123
437082	6379129
437083	6379141
437084	6379151
437085	6379181
437086	6379183
437087	6379201
437088	6379223
437089	6379237
437090	6379249
437091	6379259
437092	6379277
437093	6379283
437094	6379327
437095	6379379
437096	6379409
437097	6379411
437098	6379423
437099	6379427
437100	6379433
437101	6379453
437102	6379469
437103	6379481
437104	6379501
437105	6379517
437106	6379519
437107	6379531
437108	6379537
437109	6379547
437110	6379553
437111	6379601
437112	6379613
437113	6379619
437114	6379621
437115	6379691
437116	6379693
437117	6379699
437118	6379753
437119	6379757
437120	6379817
437121	6379819
437122	6379829
437123	6379837
437124	6379843
437125	6379853
437126	6379859
437127	6379861
437128	6379871
437129	6379883
437130	6379897
437131	6379909
437132	6379927
437133	6379931
437134	6379937
437135	6379951
437136	6379963
437137	6379999
437138	6380027
437139	6380053
437140	6380057
437141	6380063
437142	6380071
437143	6380081
437144	6380107
437145	6380111
437146	6380149
437147	6380161
437148	6380167
437149	6380183
437150	6380189
437151	6380221
437152	6380233
437153	6380237
437154	6380249
437155	6380251
437156	6380263
437157	6380267
437158	6380279
437159	6380281
437160	6380347
437161	6380351
437162	6380357
437163	6380401
437164	6380443
437165	6380449
437166	6380467
437167	6380471
437168	6380483
437169	6380497
437170	6380503
437171	6380509
437172	6380519
437173	6380527
437174	6380531
437175	6380567
437176	6380573
437177	6380581
437178	6380597
437179	6380623
437180	6380629
437181	6380639
437182	6380657
437183	6380659
437184	6380663
437185	6380669
437186	6380681
437187	6380741
437188	6380749
437189	6380819
437190	6380837
437191	6380849
437192	6380863
437193	6380873
437194	6380897
437195	6380923
437196	6380929
437197	6380939
437198	6380963
437199	6380971
437200	6380977
437201	6380989
437202	6380993
437203	6380999
437204	6381007
437205	6381031
437206	6381047
437207	6381059
437208	6381077
437209	6381101
437210	6381127
437211	6381139
437212	6381191
437213	6381209
437214	6381217
437215	6381227
437216	6381241
437217	6381251
437218	6381299
437219	6381313
437220	6381317
437221	6381337
437222	6381343
437223	6381371
437224	6381379
437225	6381407
437226	6381437
437227	6381457
437228	6381461
437229	6381467
437230	6381469
437231	6381481
437232	6381491
437233	6381497
437234	6381503
437235	6381509
437236	6381523
437237	6381547
437238	6381559
437239	6381563
437240	6381569
437241	6381577
437242	6381581
437243	6381589
437244	6381607
437245	6381611
437246	6381619
437247	6381643
437248	6381659
437249	6381667
437250	6381671
437251	6381679
437252	6381689
437253	6381703
437254	6381719
437255	6381737
437256	6381761
437257	6381799
437258	6381811
437259	6381821
437260	6381829
437261	6381847
437262	6381863
437263	6381899
437264	6381911
437265	6381913
437266	6381941
437267	6381961
437268	6381979
437269	6382007
437270	6382039
437271	6382049
437272	6382069
437273	6382073
437274	6382087
437275	6382097
437276	6382099
437277	6382111
437278	6382121
437279	6382133
437280	6382139
437281	6382141
437282	6382147
437283	6382151
437284	6382153
437285	6382193
437286	6382199
437287	6382213
437288	6382217
437289	6382253
437290	6382283
437291	6382289
437292	6382297
437293	6382303
437294	6382307
437295	6382319
437296	6382367
437297	6382379
437298	6382381
437299	6382393
437300	6382399
437301	6382421
437302	6382433
437303	6382469
437304	6382501
437305	6382513
437306	6382517
437307	6382529
437308	6382543
437309	6382547
437310	6382549
437311	6382583
437312	6382589
437313	6382637
437314	6382643
437315	6382681
437316	6382699
437317	6382711
437318	6382751
437319	6382763
437320	6382787
437321	6382793
437322	6382801
437323	6382811
437324	6382819
437325	6382823
437326	6382847
437327	6382867
437328	6382927
437329	6382933
437330	6382951
437331	6382969
437332	6383021
437333	6383051
437334	6383053
437335	6383057
437336	6383063
437337	6383071
437338	6383081
437339	6383087
437340	6383093
437341	6383119
437342	6383123
437343	6383137
437344	6383141
437345	6383171
437346	6383191
437347	6383197
437348	6383227
437349	6383233
437350	6383239
437351	6383261
437352	6383287
437353	6383317
437354	6383329
437355	6383341
437356	6383353
437357	6383359
437358	6383371
437359	6383407
437360	6383417
437361	6383431
437362	6383453
437363	6383459
437364	6383471
437365	6383521
437366	6383537
437367	6383549
437368	6383557
437369	6383593
437370	6383599
437371	6383603
437372	6383609
437373	6383617
437374	6383621
437375	6383669
437376	6383701
437377	6383731
437378	6383749
437379	6383771
437380	6383801
437381	6383807
437382	6383809
437383	6383831
437384	6383843
437385	6383851
437386	6383863
437387	6383887
437388	6383893
437389	6383899
437390	6383917
437391	6383933
437392	6383939
437393	6383953
437394	6383957
437395	6383969
437396	6383983
437397	6383989
437398	6383999
437399	6384013
437400	6384067
437401	6384071
437402	6384101
437403	6384113
437404	6384121
437405	6384127
437406	6384139
437407	6384143
437408	6384173
437409	6384181
437410	6384187
437411	6384193
437412	6384211
437413	6384269
437414	6384281
437415	6384283
437416	6384289
437417	6384319
437418	6384349
437419	6384353
437420	6384359
437421	6384439
437422	6384463
437423	6384467
437424	6384487
437425	6384491
437426	6384493
437427	6384509
437428	6384523
437429	6384529
437430	6384541
437431	6384559
437432	6384563
437433	6384569
437434	6384617
437435	6384619
437436	6384629
437437	6384647
437438	6384689
437439	6384691
437440	6384709
437441	6384737
437442	6384739
437443	6384743
437444	6384773
437445	6384793
437446	6384811
437447	6384821
437448	6384827
437449	6384841
437450	6384863
437451	6384881
437452	6384883
437453	6384907
437454	6384913
437455	6384919
437456	6384929
437457	6384943
437458	6384953
437459	6384991
437460	6385009
437461	6385021
437462	6385037
437463	6385061
437464	6385063
437465	6385087
437466	6385117
437467	6385129
437468	6385151
437469	6385177
437470	6385187
437471	6385193
437472	6385213
437473	6385231
437474	6385259
437475	6385261
437476	6385271
437477	6385277
437478	6385289
437479	6385303
437480	6385339
437481	6385343
437482	6385369
437483	6385391
437484	6385397
437485	6385399
437486	6385403
437487	6385427
437488	6385429
437489	6385447
437490	6385453
437491	6385469
437492	6385471
437493	6385487
437494	6385537
437495	6385553
437496	6385567
437497	6385583
437498	6385601
437499	6385609
437500	6385619
437501	6385733
437502	6385739
437503	6385741
437504	6385751
437505	6385781
437506	6385849
437507	6385853
437508	6385859
437509	6385871
437510	6385877
437511	6385879
437512	6385891
437513	6385901
437514	6385909
437515	6385933
437516	6385943
437517	6385987
437518	6385993
437519	6385997
437520	6386011
437521	6386021
437522	6386027
437523	6386041
437524	6386057
437525	6386063
437526	6386069
437527	6386099
437528	6386117
437529	6386143
437530	6386153
437531	6386161
437532	6386173
437533	6386197
437534	6386207
437535	6386209
437536	6386221
437537	6386227
437538	6386257
437539	6386291
437540	6386323
437541	6386327
437542	6386333
437543	6386357
437544	6386363
437545	6386371
437546	6386377
437547	6386417
437548	6386431
437549	6386453
437550	6386473
437551	6386483
437552	6386491
437553	6386519
437554	6386531
437555	6386557
437556	6386561
437557	6386579
437558	6386593
437559	6386621
437560	6386623
437561	6386669
437562	6386671
437563	6386683
437564	6386687
437565	6386711
437566	6386719
437567	6386749
437568	6386773
437569	6386777
437570	6386791
437571	6386819
437572	6386839
437573	6386923
437574	6386953
437575	6386959
437576	6386981
437577	6387001
437578	6387013
437579	6387037
437580	6387041
437581	6387061
437582	6387067
437583	6387079
437584	6387109
437585	6387131
437586	6387179
437587	6387187
437588	6387193
437589	6387217
437590	6387259
437591	6387289
437592	6387301
437593	6387313
437594	6387317
437595	6387323
437596	6387379
437597	6387383
437598	6387413
437599	6387449
437600	6387463
437601	6387487
437602	6387499
437603	6387503
437604	6387523
437605	6387527
437606	6387533
437607	6387539
437608	6387541
437609	6387559
437610	6387611
437611	6387637
437612	6387649
437613	6387653
437614	6387673
437615	6387683
437616	6387697
437617	6387707
437618	6387709
437619	6387739
437620	6387757
437621	6387761
437622	6387803
437623	6387811
437624	6387827
437625	6387853
437626	6387863
437627	6387877
437628	6387881
437629	6387883
437630	6387893
437631	6387907
437632	6387919
437633	6387949
437634	6387961
437635	6387977
437636	6388021
437637	6388027
437638	6388051
437639	6388061
437640	6388069
437641	6388121
437642	6388189
437643	6388211
437644	6388219
437645	6388253
437646	6388259
437647	6388267
437648	6388271
437649	6388289
437650	6388297
437651	6388337
437652	6388339
437653	6388373
437654	6388391
437655	6388399
437656	6388409
437657	6388429
437658	6388433
437659	6388441
437660	6388453
437661	6388463
437662	6388471
437663	6388483
437664	6388507
437665	6388523
437666	6388559
437667	6388597
437668	6388601
437669	6388607
437670	6388619
437671	6388621
437672	6388633
437673	6388637
437674	6388667
437675	6388691
437676	6388751
437677	6388771
437678	6388777
437679	6388783
437680	6388819
437681	6388829
437682	6388853
437683	6388859
437684	6388861
437685	6388867
437686	6388891
437687	6388909
437688	6388913
437689	6388927
437690	6388939
437691	6388951
437692	6388973
437693	6388979
437694	6388981
437695	6389017
437696	6389021
437697	6389041
437698	6389083
437699	6389087
437700	6389113
437701	6389137
437702	6389167
437703	6389171
437704	6389177
437705	6389189
437706	6389191
437707	6389209
437708	6389213
437709	6389237
437710	6389249
437711	6389267
437712	6389281
437713	6389303
437714	6389333
437715	6389351
437716	6389353
437717	6389363
437718	6389371
437719	6389387
437720	6389393
437721	6389401
437722	6389407
437723	6389417
437724	6389431
437725	6389443
437726	6389447
437727	6389473
437728	6389479
437729	6389489
437730	6389519
437731	6389527
437732	6389531
437733	6389623
437734	6389629
437735	6389683
437736	6389687
437737	6389701
437738	6389711
437739	6389717
437740	6389729
437741	6389731
437742	6389737
437743	6389741
437744	6389749
437745	6389767
437746	6389771
437747	6389777
437748	6389783
437749	6389797
437750	6389819
437751	6389821
437752	6389849
437753	6389861
437754	6389879
437755	6389881
437756	6389897
437757	6389899
437758	6389917
437759	6389941
437760	6389953
437761	6389959
437762	6389963
437763	6389983
437764	6389989
437765	6389993
437766	6390001
437767	6390029
437768	6390031
437769	6390047
437770	6390053
437771	6390107
437772	6390119
437773	6390127
437774	6390161
437775	6390173
437776	6390199
437777	6390211
437778	6390227
437779	6390239
437780	6390257
437781	6390281
437782	6390313
437783	6390337
437784	6390367
437785	6390379
437786	6390401
437787	6390407
437788	6390409
437789	6390413
437790	6390427
437791	6390431
437792	6390443
437793	6390463
437794	6390499
437795	6390533
437796	6390541
437797	6390551
437798	6390563
437799	6390569
437800	6390577
437801	6390583
437802	6390611
437803	6390641
437804	6390653
437805	6390679
437806	6390689
437807	6390697
437808	6390719
437809	6390721
437810	6390733
437811	6390749
437812	6390763
437813	6390799
437814	6390829
437815	6390847
437816	6390851
437817	6390871
437818	6390883
437819	6390887
437820	6390893
437821	6390907
437822	6390947
437823	6390949
437824	6390953
437825	6390971
437826	6390983
437827	6391009
437828	6391043
437829	6391061
437830	6391069
437831	6391093
437832	6391117
437833	6391123
437834	6391127
437835	6391129
437836	6391157
437837	6391181
437838	6391183
437839	6391193
437840	6391199
437841	6391241
437842	6391243
437843	6391247
437844	6391261
437845	6391267
437846	6391289
437847	6391321
437848	6391327
437849	6391373
437850	6391379
437851	6391387
437852	6391409
437853	6391421
437854	6391453
437855	6391457
437856	6391471
437857	6391499
437858	6391501
437859	6391523
437860	6391537
437861	6391547
437862	6391559
437863	6391589
437864	6391597
437865	6391601
437866	6391607
437867	6391663
437868	6391667
437869	6391669
437870	6391699
437871	6391717
437872	6391727
437873	6391729
437874	6391757
437875	6391789
437876	6391799
437877	6391817
437878	6391837
437879	6391841
437880	6391877
437881	6391897
437882	6391901
437883	6391927
437884	6391933
437885	6391939
437886	6391963
437887	6391991
437888	6392003
437889	6392011
437890	6392027
437891	6392033
437892	6392041
437893	6392053
437894	6392081
437895	6392117
437896	6392123
437897	6392131
437898	6392143
437899	6392147
437900	6392167
437901	6392173
437902	6392207
437903	6392233
437904	6392263
437905	6392299
437906	6392311
437907	6392327
437908	6392333
437909	6392339
437910	6392359
437911	6392387
437912	6392389
437913	6392401
437914	6392429
437915	6392447
437916	6392461
437917	6392497
437918	6392513
437919	6392521
437920	6392539
437921	6392543
437922	6392563
437923	6392567
437924	6392587
437925	6392623
437926	6392651
437927	6392657
437928	6392677
437929	6392699
437930	6392707
437931	6392717
437932	6392747
437933	6392777
437934	6392779
437935	6392783
437936	6392803
437937	6392809
437938	6392819
437939	6392839
437940	6392857
437941	6392863
437942	6392879
437943	6392899
437944	6392921
437945	6392951
437946	6392989
437947	6392999
437948	6393029
437949	6393047
437950	6393059
437951	6393061
437952	6393067
437953	6393077
437954	6393083
437955	6393091
437956	6393097
437957	6393109
437958	6393131
437959	6393169
437960	6393203
437961	6393209
437962	6393217
437963	6393229
437964	6393251
437965	6393259
437966	6393281
437967	6393293
437968	6393301
437969	6393319
437970	6393353
437971	6393383
437972	6393397
437973	6393403
437974	6393421
437975	6393433
437976	6393449
437977	6393461
437978	6393467
437979	6393469
437980	6393473
437981	6393503
437982	6393509
437983	6393529
437984	6393577
437985	6393587
437986	6393599
437987	6393617
437988	6393619
437989	6393623
437990	6393641
437991	6393661
437992	6393691
437993	6393731
437994	6393733
437995	6393749
437996	6393757
437997	6393767
437998	6393769
437999	6393773
438000	6393787
