438001	6393791
438002	6393797
438003	6393809
438004	6393811
438005	6393817
438006	6393841
438007	6393847
438008	6393857
438009	6393869
438010	6393911
438011	6393913
438012	6393917
438013	6393941
438014	6393943
438015	6393953
438016	6393983
438017	6394009
438018	6394043
438019	6394093
438020	6394097
438021	6394099
438022	6394103
438023	6394117
438024	6394121
438025	6394133
438026	6394147
438027	6394151
438028	6394163
438029	6394177
438030	6394183
438031	6394211
438032	6394217
438033	6394231
438034	6394247
438035	6394249
438036	6394273
438037	6394313
438038	6394321
438039	6394357
438040	6394373
438041	6394433
438042	6394439
438043	6394441
438044	6394457
438045	6394459
438046	6394477
438047	6394481
438048	6394501
438049	6394511
438050	6394513
438051	6394517
438052	6394543
438053	6394559
438054	6394571
438055	6394579
438056	6394603
438057	6394607
438058	6394627
438059	6394637
438060	6394643
438061	6394651
438062	6394657
438063	6394709
438064	6394723
438065	6394733
438066	6394741
438067	6394763
438068	6394781
438069	6394789
438070	6394799
438071	6394807
438072	6394823
438073	6394837
438074	6394847
438075	6394853
438076	6394859
438077	6394879
438078	6394909
438079	6394933
438080	6394957
438081	6394967
438082	6394981
438083	6395047
438084	6395063
438085	6395071
438086	6395087
438087	6395101
438088	6395119
438089	6395141
438090	6395171
438091	6395189
438092	6395201
438093	6395203
438094	6395209
438095	6395227
438096	6395231
438097	6395237
438098	6395239
438099	6395299
438100	6395317
438101	6395327
438102	6395359
438103	6395369
438104	6395377
438105	6395387
438106	6395407
438107	6395437
438108	6395443
438109	6395447
438110	6395471
438111	6395483
438112	6395489
438113	6395503
438114	6395509
438115	6395513
438116	6395531
438117	6395539
438118	6395567
438119	6395581
438120	6395611
438121	6395639
438122	6395651
438123	6395657
438124	6395663
438125	6395671
438126	6395677
438127	6395681
438128	6395699
438129	6395707
438130	6395729
438131	6395743
438132	6395797
438133	6395801
438134	6395803
438135	6395819
438136	6395833
438137	6395839
438138	6395861
438139	6395867
438140	6395869
438141	6395891
438142	6395903
438143	6395929
438144	6395941
438145	6395947
438146	6395953
438147	6395969
438148	6395971
438149	6395981
438150	6396053
438151	6396073
438152	6396113
438153	6396133
438154	6396151
438155	6396167
438156	6396191
438157	6396223
438158	6396239
438159	6396241
438160	6396259
438161	6396281
438162	6396307
438163	6396347
438164	6396349
438165	6396361
438166	6396373
438167	6396389
438168	6396409
438169	6396433
438170	6396463
438171	6396469
438172	6396491
438173	6396541
438174	6396547
438175	6396569
438176	6396581
438177	6396583
438178	6396589
438179	6396613
438180	6396619
438181	6396631
438182	6396659
438183	6396661
438184	6396679
438185	6396683
438186	6396701
438187	6396703
438188	6396707
438189	6396751
438190	6396773
438191	6396799
438192	6396827
438193	6396833
438194	6396847
438195	6396851
438196	6396853
438197	6396857
438198	6396869
438199	6396877
438200	6396911
438201	6396937
438202	6396953
438203	6396961
438204	6396983
438205	6396989
438206	6396997
438207	6397003
438208	6397007
438209	6397019
438210	6397031
438211	6397033
438212	6397051
438213	6397057
438214	6397073
438215	6397099
438216	6397103
438217	6397109
438218	6397121
438219	6397133
438220	6397147
438221	6397211
438222	6397213
438223	6397229
438224	6397273
438225	6397283
438226	6397291
438227	6397301
438228	6397327
438229	6397331
438230	6397343
438231	6397351
438232	6397373
438233	6397387
438234	6397397
438235	6397399
438236	6397421
438237	6397451
438238	6397453
438239	6397463
438240	6397493
438241	6397511
438242	6397529
438243	6397549
438244	6397553
438245	6397571
438246	6397579
438247	6397591
438248	6397607
438249	6397609
438250	6397631
438251	6397649
438252	6397667
438253	6397691
438254	6397693
438255	6397697
438256	6397717
438257	6397733
438258	6397751
438259	6397759
438260	6397771
438261	6397817
438262	6397823
438263	6397837
438264	6397843
438265	6397849
438266	6397871
438267	6397891
438268	6397903
438269	6397921
438270	6397949
438271	6397957
438272	6397961
438273	6397981
438274	6397991
438275	6397999
438276	6398017
438277	6398057
438278	6398081
438279	6398083
438280	6398111
438281	6398113
438282	6398129
438283	6398141
438284	6398149
438285	6398159
438286	6398167
438287	6398177
438288	6398179
438289	6398201
438290	6398207
438291	6398237
438292	6398243
438293	6398261
438294	6398267
438295	6398281
438296	6398291
438297	6398297
438298	6398303
438299	6398317
438300	6398339
438301	6398389
438302	6398417
438303	6398429
438304	6398437
438305	6398453
438306	6398461
438307	6398467
438308	6398471
438309	6398479
438310	6398519
438311	6398537
438312	6398543
438313	6398551
438314	6398563
438315	6398569
438316	6398593
438317	6398597
438318	6398599
438319	6398621
438320	6398629
438321	6398633
438322	6398671
438323	6398723
438324	6398729
438325	6398731
438326	6398737
438327	6398753
438328	6398759
438329	6398767
438330	6398789
438331	6398797
438332	6398809
438333	6398813
438334	6398857
438335	6398863
438336	6398867
438337	6398869
438338	6398881
438339	6398897
438340	6398923
438341	6398929
438342	6398933
438343	6398941
438344	6398981
438345	6398983
438346	6398999
438347	6399007
438348	6399013
438349	6399023
438350	6399031
438351	6399049
438352	6399059
438353	6399091
438354	6399109
438355	6399119
438356	6399137
438357	6399139
438358	6399161
438359	6399193
438360	6399209
438361	6399251
438362	6399269
438363	6399277
438364	6399311
438365	6399319
438366	6399331
438367	6399347
438368	6399377
438369	6399391
438370	6399397
438371	6399427
438372	6399433
438373	6399457
438374	6399467
438375	6399509
438376	6399511
438377	6399521
438378	6399527
438379	6399541
438380	6399551
438381	6399577
438382	6399581
438383	6399583
438384	6399587
438385	6399611
438386	6399629
438387	6399643
438388	6399677
438389	6399683
438390	6399689
438391	6399707
438392	6399709
438393	6399719
438394	6399737
438395	6399739
438396	6399761
438397	6399793
438398	6399797
438399	6399817
438400	6399821
438401	6399829
438402	6399847
438403	6399859
438404	6399889
438405	6399917
438406	6399929
438407	6399931
438408	6399947
438409	6399961
438410	6399971
438411	6400013
438412	6400019
438413	6400033
438414	6400091
438415	6400099
438416	6400117
438417	6400123
438418	6400139
438419	6400151
438420	6400159
438421	6400183
438422	6400189
438423	6400193
438424	6400201
438425	6400231
438426	6400241
438427	6400253
438428	6400259
438429	6400349
438430	6400357
438431	6400363
438432	6400367
438433	6400369
438434	6400391
438435	6400403
438436	6400411
438437	6400423
438438	6400451
438439	6400453
438440	6400489
438441	6400531
438442	6400543
438443	6400591
438444	6400607
438445	6400621
438446	6400627
438447	6400637
438448	6400657
438449	6400697
438450	6400717
438451	6400753
438452	6400759
438453	6400763
438454	6400799
438455	6400813
438456	6400837
438457	6400841
438458	6400843
438459	6400873
438460	6400921
438461	6400939
438462	6400951
438463	6400957
438464	6400981
438465	6400987
438466	6401011
438467	6401029
438468	6401033
438469	6401069
438470	6401093
438471	6401117
438472	6401123
438473	6401149
438474	6401179
438475	6401183
438476	6401191
438477	6401203
438478	6401249
438479	6401267
438480	6401273
438481	6401293
438482	6401303
438483	6401327
438484	6401341
438485	6401357
438486	6401363
438487	6401377
438488	6401387
438489	6401389
438490	6401399
438491	6401411
438492	6401413
438493	6401419
438494	6401459
438495	6401467
438496	6401471
438497	6401477
438498	6401497
438499	6401509
438500	6401533
438501	6401543
438502	6401557
438503	6401569
438504	6401579
438505	6401587
438506	6401609
438507	6401621
438508	6401669
438509	6401687
438510	6401713
438511	6401719
438512	6401723
438513	6401749
438514	6401761
438515	6401771
438516	6401827
438517	6401831
438518	6401849
438519	6401867
438520	6401869
438521	6401887
438522	6401891
438523	6401893
438524	6401921
438525	6401929
438526	6401933
438527	6401939
438528	6401959
438529	6401963
438530	6401971
438531	6401977
438532	6401987
438533	6402001
438534	6402007
438535	6402041
438536	6402049
438537	6402059
438538	6402061
438539	6402079
438540	6402091
438541	6402139
438542	6402157
438543	6402161
438544	6402163
438545	6402167
438546	6402169
438547	6402181
438548	6402203
438549	6402247
438550	6402269
438551	6402271
438552	6402287
438553	6402311
438554	6402323
438555	6402329
438556	6402379
438557	6402391
438558	6402401
438559	6402413
438560	6402433
438561	6402439
438562	6402457
438563	6402493
438564	6402527
438565	6402541
438566	6402547
438567	6402577
438568	6402581
438569	6402593
438570	6402619
438571	6402629
438572	6402631
438573	6402653
438574	6402661
438575	6402701
438576	6402719
438577	6402731
438578	6402733
438579	6402751
438580	6402779
438581	6402787
438582	6402817
438583	6402839
438584	6402841
438585	6402859
438586	6402883
438587	6402889
438588	6402899
438589	6402911
438590	6402923
438591	6402937
438592	6402941
438593	6402953
438594	6402967
438595	6402971
438596	6402973
438597	6403003
438598	6403021
438599	6403031
438600	6403051
438601	6403063
438602	6403127
438603	6403141
438604	6403151
438605	6403153
438606	6403157
438607	6403181
438608	6403193
438609	6403219
438610	6403273
438611	6403279
438612	6403297
438613	6403303
438614	6403321
438615	6403333
438616	6403343
438617	6403351
438618	6403363
438619	6403379
438620	6403381
438621	6403387
438622	6403393
438623	6403417
438624	6403429
438625	6403433
438626	6403451
438627	6403469
438628	6403489
438629	6403493
438630	6403511
438631	6403571
438632	6403601
438633	6403643
438634	6403651
438635	6403681
438636	6403687
438637	6403711
438638	6403723
438639	6403739
438640	6403757
438641	6403769
438642	6403811
438643	6403847
438644	6403853
438645	6403877
438646	6403889
438647	6403907
438648	6403921
438649	6403939
438650	6403967
438651	6403973
438652	6403979
438653	6403981
438654	6403993
438655	6404003
438656	6404009
438657	6404017
438658	6404023
438659	6404059
438660	6404063
438661	6404089
438662	6404117
438663	6404131
438664	6404137
438665	6404141
438666	6404161
438667	6404171
438668	6404179
438669	6404191
438670	6404227
438671	6404239
438672	6404243
438673	6404249
438674	6404261
438675	6404263
438676	6404269
438677	6404297
438678	6404303
438679	6404317
438680	6404341
438681	6404347
438682	6404353
438683	6404357
438684	6404369
438685	6404381
438686	6404401
438687	6404407
438688	6404449
438689	6404473
438690	6404477
438691	6404521
438692	6404527
438693	6404551
438694	6404581
438695	6404591
438696	6404599
438697	6404611
438698	6404623
438699	6404639
438700	6404647
438701	6404659
438702	6404669
438703	6404677
438704	6404681
438705	6404683
438706	6404689
438707	6404701
438708	6404711
438709	6404719
438710	6404743
438711	6404753
438712	6404771
438713	6404773
438714	6404777
438715	6404779
438716	6404789
438717	6404791
438718	6404809
438719	6404819
438720	6404837
438721	6404873
438722	6404917
438723	6404921
438724	6404927
438725	6404929
438726	6404987
438727	6405011
438728	6405013
438729	6405023
438730	6405029
438731	6405031
438732	6405043
438733	6405053
438734	6405059
438735	6405067
438736	6405079
438737	6405089
438738	6405101
438739	6405131
438740	6405137
438741	6405149
438742	6405163
438743	6405169
438744	6405187
438745	6405221
438746	6405263
438747	6405271
438748	6405283
438749	6405331
438750	6405353
438751	6405367
438752	6405391
438753	6405397
438754	6405457
438755	6405461
438756	6405463
438757	6405473
438758	6405493
438759	6405517
438760	6405533
438761	6405541
438762	6405547
438763	6405559
438764	6405577
438765	6405587
438766	6405593
438767	6405629
438768	6405643
438769	6405647
438770	6405649
438771	6405653
438772	6405701
438773	6405703
438774	6405727
438775	6405731
438776	6405733
438777	6405743
438778	6405761
438779	6405767
438780	6405797
438781	6405811
438782	6405827
438783	6405829
438784	6405877
438785	6405899
438786	6405901
438787	6405911
438788	6405913
438789	6405929
438790	6405941
438791	6405943
438792	6405979
438793	6405989
438794	6406051
438795	6406067
438796	6406079
438797	6406087
438798	6406109
438799	6406111
438800	6406123
438801	6406151
438802	6406177
438803	6406193
438804	6406199
438805	6406219
438806	6406247
438807	6406307
438808	6406313
438809	6406321
438810	6406343
438811	6406369
438812	6406381
438813	6406427
438814	6406447
438815	6406457
438816	6406483
438817	6406493
438818	6406507
438819	6406529
438820	6406549
438821	6406571
438822	6406573
438823	6406577
438824	6406579
438825	6406601
438826	6406639
438827	6406643
438828	6406657
438829	6406679
438830	6406681
438831	6406691
438832	6406717
438833	6406721
438834	6406727
438835	6406747
438836	6406759
438837	6406787
438838	6406789
438839	6406793
438840	6406823
438841	6406831
438842	6406847
438843	6406849
438844	6406861
438845	6406867
438846	6406877
438847	6406879
438848	6406913
438849	6406919
438850	6406931
438851	6406937
438852	6406951
438853	6406973
438854	6406997
438855	6407003
438856	6407017
438857	6407033
438858	6407039
438859	6407069
438860	6407077
438861	6407099
438862	6407119
438863	6407131
438864	6407189
438865	6407197
438866	6407201
438867	6407209
438868	6407227
438869	6407239
438870	6407251
438871	6407263
438872	6407279
438873	6407293
438874	6407299
438875	6407309
438876	6407333
438877	6407371
438878	6407393
438879	6407417
438880	6407431
438881	6407441
438882	6407449
438883	6407461
438884	6407491
438885	6407497
438886	6407507
438887	6407519
438888	6407551
438889	6407561
438890	6407563
438891	6407567
438892	6407573
438893	6407591
438894	6407671
438895	6407701
438896	6407741
438897	6407749
438898	6407773
438899	6407809
438900	6407831
438901	6407833
438902	6407851
438903	6407857
438904	6407873
438905	6407879
438906	6407881
438907	6407893
438908	6407897
438909	6407899
438910	6407923
438911	6407941
438912	6407953
438913	6407971
438914	6407981
438915	6408023
438916	6408029
438917	6408047
438918	6408091
438919	6408097
438920	6408113
438921	6408119
438922	6408131
438923	6408137
438924	6408139
438925	6408163
438926	6408169
438927	6408173
438928	6408197
438929	6408209
438930	6408211
438931	6408223
438932	6408253
438933	6408257
438934	6408277
438935	6408299
438936	6408313
438937	6408323
438938	6408331
438939	6408359
438940	6408407
438941	6408427
438942	6408443
438943	6408461
438944	6408469
438945	6408481
438946	6408487
438947	6408503
438948	6408517
438949	6408533
438950	6408553
438951	6408581
438952	6408593
438953	6408631
438954	6408637
438955	6408653
438956	6408691
438957	6408709
438958	6408713
438959	6408749
438960	6408769
438961	6408791
438962	6408793
438963	6408799
438964	6408811
438965	6408823
438966	6408839
438967	6408841
438968	6408851
438969	6408859
438970	6408869
438971	6408877
438972	6408901
438973	6408907
438974	6408917
438975	6408923
438976	6408929
438977	6408931
438978	6408953
438979	6408977
438980	6408991
438981	6409003
438982	6409009
438983	6409027
438984	6409031
438985	6409037
438986	6409043
438987	6409063
438988	6409093
438989	6409097
438990	6409127
438991	6409133
438992	6409141
438993	6409163
438994	6409189
438995	6409201
438996	6409217
438997	6409223
438998	6409253
438999	6409267
439000	6409297
