439001	6409303
439002	6409307
439003	6409321
439004	6409339
439005	6409363
439006	6409367
439007	6409369
439008	6409373
439009	6409379
439010	6409393
439011	6409397
439012	6409409
439013	6409471
439014	6409483
439015	6409511
439016	6409523
439017	6409549
439018	6409577
439019	6409589
439020	6409603
439021	6409607
439022	6409633
439023	6409643
439024	6409651
439025	6409673
439026	6409679
439027	6409681
439028	6409693
439029	6409703
439030	6409721
439031	6409747
439032	6409751
439033	6409757
439034	6409807
439035	6409849
439036	6409883
439037	6409889
439038	6409913
439039	6409933
439040	6409943
439041	6410009
439042	6410023
439043	6410029
439044	6410059
439045	6410081
439046	6410111
439047	6410113
439048	6410119
439049	6410137
439050	6410147
439051	6410161
439052	6410171
439053	6410179
439054	6410221
439055	6410231
439056	6410237
439057	6410249
439058	6410251
439059	6410267
439060	6410269
439061	6410279
439062	6410303
439063	6410317
439064	6410321
439065	6410333
439066	6410357
439067	6410401
439068	6410413
439069	6410423
439070	6410431
439071	6410441
439072	6410447
439073	6410449
439074	6410497
439075	6410507
439076	6410531
439077	6410549
439078	6410557
439079	6410561
439080	6410563
439081	6410587
439082	6410609
439083	6410623
439084	6410639
439085	6410647
439086	6410669
439087	6410681
439088	6410687
439089	6410689
439090	6410693
439091	6410699
439092	6410713
439093	6410743
439094	6410749
439095	6410777
439096	6410783
439097	6410797
439098	6410821
439099	6410843
439100	6410851
439101	6410857
439102	6410863
439103	6410869
439104	6410891
439105	6410897
439106	6410909
439107	6410939
439108	6410947
439109	6410959
439110	6410969
439111	6410977
439112	6410981
439113	6410993
439114	6411011
439115	6411019
439116	6411049
439117	6411073
439118	6411103
439119	6411121
439120	6411131
439121	6411137
439122	6411143
439123	6411149
439124	6411157
439125	6411187
439126	6411191
439127	6411221
439128	6411239
439129	6411241
439130	6411259
439131	6411263
439132	6411269
439133	6411289
439134	6411299
439135	6411331
439136	6411337
439137	6411359
439138	6411373
439139	6411421
439140	6411437
439141	6411439
439142	6411467
439143	6411469
439144	6411521
439145	6411529
439146	6411541
439147	6411557
439148	6411571
439149	6411593
439150	6411661
439151	6411673
439152	6411701
439153	6411709
439154	6411749
439155	6411751
439156	6411763
439157	6411791
439158	6411793
439159	6411799
439160	6411829
439161	6411851
439162	6411869
439163	6411883
439164	6411901
439165	6411953
439166	6411961
439167	6411971
439168	6411973
439169	6411997
439170	6412013
439171	6412019
439172	6412067
439173	6412097
439174	6412121
439175	6412127
439176	6412141
439177	6412157
439178	6412171
439179	6412181
439180	6412199
439181	6412207
439182	6412249
439183	6412261
439184	6412267
439185	6412271
439186	6412283
439187	6412313
439188	6412321
439189	6412327
439190	6412333
439191	6412339
439192	6412363
439193	6412387
439194	6412409
439195	6412421
439196	6412429
439197	6412447
439198	6412453
439199	6412457
439200	6412459
439201	6412493
439202	6412499
439203	6412531
439204	6412541
439205	6412543
439206	6412589
439207	6412603
439208	6412613
439209	6412619
439210	6412643
439211	6412657
439212	6412661
439213	6412669
439214	6412739
439215	6412759
439216	6412781
439217	6412787
439218	6412801
439219	6412807
439220	6412871
439221	6412873
439222	6412897
439223	6412919
439224	6412957
439225	6412969
439226	6412981
439227	6412993
439228	6412997
439229	6412999
439230	6413003
439231	6413023
439232	6413041
439233	6413047
439234	6413083
439235	6413101
439236	6413111
439237	6413117
439238	6413129
439239	6413153
439240	6413167
439241	6413177
439242	6413189
439243	6413191
439244	6413201
439245	6413213
439246	6413219
439247	6413243
439248	6413273
439249	6413287
439250	6413333
439251	6413339
439252	6413377
439253	6413383
439254	6413387
439255	6413401
439256	6413411
439257	6413413
439258	6413419
439259	6413467
439260	6413483
439261	6413489
439262	6413503
439263	6413509
439264	6413513
439265	6413531
439266	6413551
439267	6413569
439268	6413591
439269	6413593
439270	6413597
439271	6413609
439272	6413651
439273	6413653
439274	6413663
439275	6413677
439276	6413699
439277	6413741
439278	6413779
439279	6413783
439280	6413789
439281	6413801
439282	6413809
439283	6413821
439284	6413857
439285	6413863
439286	6413873
439287	6413899
439288	6413903
439289	6413951
439290	6413983
439291	6414013
439292	6414019
439293	6414041
439294	6414071
439295	6414073
439296	6414091
439297	6414103
439298	6414127
439299	6414131
439300	6414143
439301	6414173
439302	6414193
439303	6414269
439304	6414281
439305	6414293
439306	6414311
439307	6414313
439308	6414341
439309	6414349
439310	6414361
439311	6414377
439312	6414383
439313	6414391
439314	6414403
439315	6414407
439316	6414413
439317	6414451
439318	6414461
439319	6414467
439320	6414479
439321	6414503
439322	6414511
439323	6414547
439324	6414557
439325	6414581
439326	6414587
439327	6414589
439328	6414601
439329	6414619
439330	6414623
439331	6414641
439332	6414659
439333	6414673
439334	6414689
439335	6414703
439336	6414719
439337	6414731
439338	6414739
439339	6414767
439340	6414773
439341	6414787
439342	6414803
439343	6414809
439344	6414827
439345	6414839
439346	6414847
439347	6414857
439348	6414883
439349	6414917
439350	6414929
439351	6414937
439352	6414959
439353	6414973
439354	6415007
439355	6415009
439356	6415051
439357	6415081
439358	6415093
439359	6415099
439360	6415121
439361	6415133
439362	6415139
439363	6415159
439364	6415169
439365	6415193
439366	6415219
439367	6415237
439368	6415243
439369	6415249
439370	6415271
439371	6415291
439372	6415301
439373	6415303
439374	6415337
439375	6415361
439376	6415363
439377	6415373
439378	6415391
439379	6415411
439380	6415417
439381	6415427
439382	6415429
439383	6415433
439384	6415439
439385	6415441
439386	6415447
439387	6415457
439388	6415501
439389	6415529
439390	6415567
439391	6415571
439392	6415589
439393	6415603
439394	6415649
439395	6415657
439396	6415679
439397	6415687
439398	6415691
439399	6415693
439400	6415697
439401	6415727
439402	6415733
439403	6415753
439404	6415771
439405	6415789
439406	6415807
439407	6415813
439408	6415819
439409	6415831
439410	6415841
439411	6415859
439412	6415861
439413	6415883
439414	6415891
439415	6415943
439416	6415951
439417	6415957
439418	6415961
439419	6415979
439420	6415999
439421	6416071
439422	6416087
439423	6416117
439424	6416153
439425	6416161
439426	6416177
439427	6416197
439428	6416203
439429	6416209
439430	6416219
439431	6416237
439432	6416239
439433	6416251
439434	6416257
439435	6416273
439436	6416303
439437	6416317
439438	6416321
439439	6416329
439440	6416363
439441	6416369
439442	6416381
439443	6416383
439444	6416413
439445	6416419
439446	6416437
439447	6416447
439448	6416477
439449	6416489
439450	6416491
439451	6416507
439452	6416513
439453	6416521
439454	6416533
439455	6416537
439456	6416539
439457	6416567
439458	6416573
439459	6416593
439460	6416611
439461	6416629
439462	6416653
439463	6416677
439464	6416689
439465	6416723
439466	6416741
439467	6416749
439468	6416759
439469	6416777
439470	6416779
439471	6416789
439472	6416807
439473	6416819
439474	6416827
439475	6416831
439476	6416843
439477	6416867
439478	6416887
439479	6416903
439480	6416923
439481	6416953
439482	6416959
439483	6416981
439484	6416987
439485	6416999
439486	6417001
439487	6417011
439488	6417013
439489	6417029
439490	6417043
439491	6417049
439492	6417067
439493	6417077
439494	6417083
439495	6417113
439496	6417121
439497	6417127
439498	6417133
439499	6417137
439500	6417179
439501	6417227
439502	6417233
439503	6417247
439504	6417251
439505	6417263
439506	6417287
439507	6417319
439508	6417343
439509	6417353
439510	6417373
439511	6417379
439512	6417401
439513	6417413
439514	6417431
439515	6417451
439516	6417457
439517	6417479
439518	6417487
439519	6417553
439520	6417563
439521	6417569
439522	6417571
439523	6417577
439524	6417583
439525	6417599
439526	6417623
439527	6417629
439528	6417659
439529	6417661
439530	6417673
439531	6417679
439532	6417683
439533	6417703
439534	6417731
439535	6417737
439536	6417739
439537	6417743
439538	6417767
439539	6417779
439540	6417841
439541	6417847
439542	6417869
439543	6417889
439544	6417911
439545	6417919
439546	6417923
439547	6417937
439548	6417947
439549	6418031
439550	6418037
439551	6418043
439552	6418091
439553	6418103
439554	6418117
439555	6418123
439556	6418133
439557	6418171
439558	6418177
439559	6418189
439560	6418201
439561	6418207
439562	6418213
439563	6418229
439564	6418253
439565	6418259
439566	6418261
439567	6418267
439568	6418277
439569	6418283
439570	6418289
439571	6418303
439572	6418319
439573	6418327
439574	6418331
439575	6418339
439576	6418351
439577	6418361
439578	6418369
439579	6418381
439580	6418387
439581	6418397
439582	6418417
439583	6418429
439584	6418439
439585	6418487
439586	6418493
439587	6418499
439588	6418507
439589	6418543
439590	6418579
439591	6418583
439592	6418663
439593	6418693
439594	6418703
439595	6418717
439596	6418721
439597	6418733
439598	6418747
439599	6418757
439600	6418759
439601	6418799
439602	6418813
439603	6418873
439604	6418913
439605	6418927
439606	6418939
439607	6418943
439608	6418949
439609	6418967
439610	6418981
439611	6418991
439612	6419003
439613	6419009
439614	6419011
439615	6419029
439616	6419033
439617	6419051
439618	6419053
439619	6419059
439620	6419071
439621	6419087
439622	6419107
439623	6419111
439624	6419113
439625	6419117
439626	6419129
439627	6419173
439628	6419209
439629	6419221
439630	6419227
439631	6419233
439632	6419239
439633	6419249
439634	6419261
439635	6419267
439636	6419291
439637	6419293
439638	6419297
439639	6419299
439640	6419311
439641	6419327
439642	6419339
439643	6419407
439644	6419419
439645	6419423
439646	6419431
439647	6419443
439648	6419447
439649	6419467
439650	6419503
439651	6419521
439652	6419531
439653	6419561
439654	6419563
439655	6419593
439656	6419597
439657	6419627
439658	6419629
439659	6419653
439660	6419669
439661	6419671
439662	6419687
439663	6419689
439664	6419711
439665	6419717
439666	6419729
439667	6419741
439668	6419767
439669	6419797
439670	6419807
439671	6419813
439672	6419843
439673	6419851
439674	6419879
439675	6419899
439676	6419909
439677	6419911
439678	6419927
439679	6419953
439680	6419969
439681	6419971
439682	6419983
439683	6419989
439684	6420023
439685	6420031
439686	6420041
439687	6420053
439688	6420061
439689	6420077
439690	6420079
439691	6420103
439692	6420109
439693	6420173
439694	6420199
439695	6420221
439696	6420259
439697	6420307
439698	6420343
439699	6420353
439700	6420377
439701	6420383
439702	6420389
439703	6420391
439704	6420413
439705	6420431
439706	6420437
439707	6420451
439708	6420457
439709	6420467
439710	6420487
439711	6420511
439712	6420523
439713	6420587
439714	6420599
439715	6420683
439716	6420697
439717	6420707
439718	6420709
439719	6420731
439720	6420737
439721	6420763
439722	6420767
439723	6420769
439724	6420787
439725	6420809
439726	6420823
439727	6420833
439728	6420851
439729	6420853
439730	6420877
439731	6420881
439732	6420893
439733	6420899
439734	6420901
439735	6420907
439736	6420913
439737	6420959
439738	6420961
439739	6420971
439740	6420989
439741	6420991
439742	6421001
439743	6421013
439744	6421021
439745	6421039
439746	6421049
439747	6421067
439748	6421073
439749	6421099
439750	6421111
439751	6421127
439752	6421139
439753	6421141
439754	6421157
439755	6421159
439756	6421201
439757	6421211
439758	6421231
439759	6421237
439760	6421243
439761	6421249
439762	6421271
439763	6421279
439764	6421339
439765	6421343
439766	6421351
439767	6421361
439768	6421367
439769	6421369
439770	6421403
439771	6421417
439772	6421421
439773	6421477
439774	6421507
439775	6421511
439776	6421523
439777	6421559
439778	6421561
439779	6421567
439780	6421573
439781	6421579
439782	6421589
439783	6421637
439784	6421643
439785	6421697
439786	6421703
439787	6421721
439788	6421729
439789	6421739
439790	6421759
439791	6421763
439792	6421777
439793	6421781
439794	6421783
439795	6421787
439796	6421799
439797	6421817
439798	6421841
439799	6421843
439800	6421873
439801	6421901
439802	6421907
439803	6421913
439804	6421931
439805	6421967
439806	6421997
439807	6422011
439808	6422023
439809	6422027
439810	6422041
439811	6422051
439812	6422071
439813	6422077
439814	6422081
439815	6422089
439816	6422111
439817	6422113
439818	6422167
439819	6422183
439820	6422189
439821	6422203
439822	6422261
439823	6422293
439824	6422333
439825	6422357
439826	6422371
439827	6422387
439828	6422407
439829	6422417
439830	6422431
439831	6422441
439832	6422443
439833	6422453
439834	6422459
439835	6422473
439836	6422477
439837	6422501
439838	6422509
439839	6422519
439840	6422531
439841	6422539
439842	6422557
439843	6422561
439844	6422567
439845	6422569
439846	6422579
439847	6422599
439848	6422639
439849	6422641
439850	6422657
439851	6422677
439852	6422701
439853	6422711
439854	6422729
439855	6422761
439856	6422777
439857	6422803
439858	6422813
439859	6422837
439860	6422849
439861	6422903
439862	6422909
439863	6422929
439864	6422939
439865	6422947
439866	6422959
439867	6422981
439868	6422989
439869	6422993
439870	6423013
439871	6423029
439872	6423047
439873	6423091
439874	6423119
439875	6423149
439876	6423167
439877	6423173
439878	6423191
439879	6423203
439880	6423217
439881	6423227
439882	6423247
439883	6423257
439884	6423269
439885	6423281
439886	6423283
439887	6423289
439888	6423301
439889	6423337
439890	6423367
439891	6423377
439892	6423401
439893	6423407
439894	6423427
439895	6423449
439896	6423481
439897	6423493
439898	6423497
439899	6423503
439900	6423517
439901	6423523
439902	6423551
439903	6423553
439904	6423559
439905	6423581
439906	6423589
439907	6423611
439908	6423623
439909	6423629
439910	6423643
439911	6423649
439912	6423661
439913	6423673
439914	6423707
439915	6423721
439916	6423733
439917	6423737
439918	6423749
439919	6423751
439920	6423763
439921	6423779
439922	6423797
439923	6423799
439924	6423803
439925	6423811
439926	6423821
439927	6423827
439928	6423853
439929	6423863
439930	6423883
439931	6423889
439932	6423917
439933	6423929
439934	6423947
439935	6423953
439936	6423997
439937	6424001
439938	6424013
439939	6424031
439940	6424057
439941	6424069
439942	6424087
439943	6424091
439944	6424111
439945	6424123
439946	6424129
439947	6424141
439948	6424177
439949	6424193
439950	6424217
439951	6424237
439952	6424241
439953	6424277
439954	6424279
439955	6424309
439956	6424343
439957	6424357
439958	6424361
439959	6424373
439960	6424381
439961	6424423
439962	6424427
439963	6424447
439964	6424463
439965	6424469
439966	6424507
439967	6424513
439968	6424529
439969	6424531
439970	6424547
439971	6424553
439972	6424609
439973	6424619
439974	6424637
439975	6424661
439976	6424669
439977	6424681
439978	6424699
439979	6424723
439980	6424727
439981	6424753
439982	6424757
439983	6424771
439984	6424783
439985	6424799
439986	6424801
439987	6424807
439988	6424811
439989	6424837
439990	6424871
439991	6424877
439992	6424879
439993	6424883
439994	6424897
439995	6424903
439996	6424909
439997	6424919
439998	6424927
439999	6424933
440000	6424937
