444001	6488263
444002	6488267
444003	6488281
444004	6488297
444005	6488309
444006	6488311
444007	6488327
444008	6488333
444009	6488353
444010	6488371
444011	6488389
444012	6488401
444013	6488411
444014	6488413
444015	6488423
444016	6488429
444017	6488453
444018	6488501
444019	6488527
444020	6488533
444021	6488539
444022	6488551
444023	6488563
444024	6488567
444025	6488591
444026	6488609
444027	6488617
444028	6488623
444029	6488627
444030	6488639
444031	6488681
444032	6488683
444033	6488687
444034	6488693
444035	6488719
444036	6488767
444037	6488777
444038	6488791
444039	6488809
444040	6488819
444041	6488831
444042	6488851
444043	6488869
444044	6488887
444045	6488893
444046	6488939
444047	6488941
444048	6488959
444049	6488969
444050	6488971
444051	6488987
444052	6489083
444053	6489101
444054	6489107
444055	6489113
444056	6489143
444057	6489163
444058	6489179
444059	6489209
444060	6489211
444061	6489221
444062	6489227
444063	6489253
444064	6489271
444065	6489277
444066	6489293
444067	6489299
444068	6489311
444069	6489313
444070	6489331
444071	6489341
444072	6489349
444073	6489361
444074	6489367
444075	6489389
444076	6489401
444077	6489409
444078	6489421
444079	6489433
444080	6489449
444081	6489451
444082	6489463
444083	6489487
444084	6489491
444085	6489499
444086	6489551
444087	6489557
444088	6489559
444089	6489569
444090	6489577
444091	6489599
444092	6489601
444093	6489629
444094	6489641
444095	6489647
444096	6489653
444097	6489667
444098	6489671
444099	6489677
444100	6489683
444101	6489709
444102	6489719
444103	6489779
444104	6489781
444105	6489793
444106	6489803
444107	6489809
444108	6489839
444109	6489859
444110	6489863
444111	6489877
444112	6489883
444113	6489893
444114	6489913
444115	6489949
444116	6489953
444117	6489983
444118	6489991
444119	6490007
444120	6490027
444121	6490031
444122	6490037
444123	6490063
444124	6490079
444125	6490093
444126	6490109
444127	6490111
444128	6490123
444129	6490139
444130	6490151
444131	6490189
444132	6490193
444133	6490201
444134	6490213
444135	6490219
444136	6490247
444137	6490271
444138	6490273
444139	6490307
444140	6490313
444141	6490321
444142	6490331
444143	6490333
444144	6490369
444145	6490373
444146	6490391
444147	6490409
444148	6490411
444149	6490417
444150	6490427
444151	6490483
444152	6490487
444153	6490507
444154	6490511
444155	6490543
444156	6490567
444157	6490591
444158	6490597
444159	6490613
444160	6490643
444161	6490661
444162	6490663
444163	6490667
444164	6490691
444165	6490699
444166	6490709
444167	6490711
444168	6490717
444169	6490733
444170	6490739
444171	6490769
444172	6490777
444173	6490793
444174	6490801
444175	6490817
444176	6490831
444177	6490871
444178	6490879
444179	6490903
444180	6490907
444181	6490909
444182	6490921
444183	6490927
444184	6490931
444185	6490937
444186	6490943
444187	6490961
444188	6490969
444189	6490973
444190	6490999
444191	6491011
444192	6491039
444193	6491047
444194	6491081
444195	6491101
444196	6491117
444197	6491119
444198	6491131
444199	6491137
444200	6491153
444201	6491159
444202	6491167
444203	6491189
444204	6491207
444205	6491213
444206	6491227
444207	6491231
444208	6491257
444209	6491299
444210	6491333
444211	6491377
444212	6491411
444213	6491413
444214	6491417
444215	6491449
444216	6491461
444217	6491477
444218	6491533
444219	6491549
444220	6491557
444221	6491561
444222	6491623
444223	6491627
444224	6491651
444225	6491657
444226	6491659
444227	6491663
444228	6491669
444229	6491677
444230	6491689
444231	6491701
444232	6491707
444233	6491729
444234	6491731
444235	6491747
444236	6491759
444237	6491783
444238	6491813
444239	6491833
444240	6491857
444241	6491861
444242	6491867
444243	6491873
444244	6491893
444245	6491897
444246	6491923
444247	6491929
444248	6491951
444249	6491971
444250	6491993
444251	6492007
444252	6492029
444253	6492043
444254	6492061
444255	6492067
444256	6492071
444257	6492103
444258	6492121
444259	6492133
444260	6492137
444261	6492139
444262	6492163
444263	6492173
444264	6492191
444265	6492203
444266	6492253
444267	6492257
444268	6492271
444269	6492287
444270	6492323
444271	6492329
444272	6492331
444273	6492337
444274	6492373
444275	6492383
444276	6492389
444277	6492397
444278	6492403
444279	6492407
444280	6492443
444281	6492449
444282	6492467
444283	6492503
444284	6492511
444285	6492523
444286	6492557
444287	6492569
444288	6492571
444289	6492581
444290	6492593
444291	6492611
444292	6492631
444293	6492643
444294	6492677
444295	6492679
444296	6492683
444297	6492709
444298	6492727
444299	6492749
444300	6492751
444301	6492763
444302	6492809
444303	6492821
444304	6492833
444305	6492847
444306	6492887
444307	6492911
444308	6492953
444309	6492961
444310	6492991
444311	6493001
444312	6493027
444313	6493033
444314	6493063
444315	6493073
444316	6493087
444317	6493139
444318	6493141
444319	6493147
444320	6493169
444321	6493177
444322	6493183
444323	6493217
444324	6493219
444325	6493237
444326	6493259
444327	6493261
444328	6493273
444329	6493283
444330	6493297
444331	6493309
444332	6493321
444333	6493343
444334	6493349
444335	6493367
444336	6493373
444337	6493381
444338	6493397
444339	6493433
444340	6493441
444341	6493451
444342	6493469
444343	6493493
444344	6493517
444345	6493523
444346	6493547
444347	6493549
444348	6493561
444349	6493603
444350	6493607
444351	6493631
444352	6493667
444353	6493673
444354	6493679
444355	6493681
444356	6493699
444357	6493741
444358	6493769
444359	6493793
444360	6493819
444361	6493829
444362	6493831
444363	6493853
444364	6493909
444365	6493913
444366	6493919
444367	6493933
444368	6493957
444369	6493969
444370	6494021
444371	6494039
444372	6494041
444373	6494069
444374	6494101
444375	6494167
444376	6494171
444377	6494177
444378	6494179
444379	6494183
444380	6494197
444381	6494209
444382	6494237
444383	6494239
444384	6494251
444385	6494261
444386	6494263
444387	6494273
444388	6494281
444389	6494287
444390	6494297
444391	6494311
444392	6494317
444393	6494321
444394	6494339
444395	6494363
444396	6494387
444397	6494393
444398	6494417
444399	6494443
444400	6494473
444401	6494489
444402	6494491
444403	6494503
444404	6494513
444405	6494539
444406	6494549
444407	6494611
444408	6494623
444409	6494627
444410	6494633
444411	6494641
444412	6494651
444413	6494659
444414	6494689
444415	6494693
444416	6494707
444417	6494711
444418	6494729
444419	6494743
444420	6494749
444421	6494771
444422	6494773
444423	6494777
444424	6494783
444425	6494821
444426	6494837
444427	6494857
444428	6494861
444429	6494863
444430	6494881
444431	6494909
444432	6494911
444433	6494921
444434	6494951
444435	6494959
444436	6494981
444437	6494987
444438	6494989
444439	6495011
444440	6495031
444441	6495067
444442	6495079
444443	6495103
444444	6495109
444445	6495121
444446	6495157
444447	6495163
444448	6495197
444449	6495211
444450	6495227
444451	6495263
444452	6495319
444453	6495323
444454	6495367
444455	6495371
444456	6495383
444457	6495389
444458	6495409
444459	6495421
444460	6495431
444461	6495443
444462	6495457
444463	6495481
444464	6495491
444465	6495509
444466	6495527
444467	6495529
444468	6495539
444469	6495563
444470	6495569
444471	6495571
444472	6495607
444473	6495641
444474	6495653
444475	6495659
444476	6495661
444477	6495667
444478	6495677
444479	6495679
444480	6495721
444481	6495737
444482	6495761
444483	6495773
444484	6495779
444485	6495791
444486	6495793
444487	6495803
444488	6495809
444489	6495847
444490	6495871
444491	6495889
444492	6495919
444493	6495941
444494	6495943
444495	6495947
444496	6495949
444497	6495991
444498	6495997
444499	6496001
444500	6496027
444501	6496037
444502	6496067
444503	6496079
444504	6496109
444505	6496117
444506	6496121
444507	6496123
444508	6496151
444509	6496153
444510	6496169
444511	6496181
444512	6496211
444513	6496223
444514	6496247
444515	6496277
444516	6496279
444517	6496283
444518	6496289
444519	6496307
444520	6496333
444521	6496337
444522	6496339
444523	6496351
444524	6496361
444525	6496379
444526	6496417
444527	6496433
444528	6496459
444529	6496471
444530	6496487
444531	6496517
444532	6496531
444533	6496543
444534	6496547
444535	6496559
444536	6496583
444537	6496591
444538	6496597
444539	6496621
444540	6496627
444541	6496631
444542	6496643
444543	6496661
444544	6496663
444545	6496717
444546	6496729
444547	6496747
444548	6496759
444549	6496799
444550	6496807
444551	6496811
444552	6496837
444553	6496843
444554	6496849
444555	6496859
444556	6496871
444557	6496883
444558	6496891
444559	6496909
444560	6496937
444561	6496943
444562	6496979
444563	6496981
444564	6497003
444565	6497033
444566	6497053
444567	6497059
444568	6497083
444569	6497087
444570	6497123
444571	6497129
444572	6497143
444573	6497159
444574	6497167
444575	6497173
444576	6497177
444577	6497203
444578	6497209
444579	6497243
444580	6497261
444581	6497263
444582	6497269
444583	6497291
444584	6497299
444585	6497303
444586	6497317
444587	6497329
444588	6497347
444589	6497369
444590	6497377
444591	6497389
444592	6497399
444593	6497441
444594	6497453
444595	6497461
444596	6497471
444597	6497483
444598	6497497
444599	6497509
444600	6497539
444601	6497581
444602	6497591
444603	6497683
444604	6497713
444605	6497717
444606	6497737
444607	6497761
444608	6497779
444609	6497807
444610	6497809
444611	6497819
444612	6497831
444613	6497837
444614	6497851
444615	6497857
444616	6497863
444617	6497873
444618	6497899
444619	6497917
444620	6497921
444621	6497923
444622	6497929
444623	6497957
444624	6497969
444625	6497989
444626	6498007
444627	6498013
444628	6498017
444629	6498043
444630	6498067
444631	6498071
444632	6498077
444633	6498091
444634	6498101
444635	6498103
444636	6498109
444637	6498113
444638	6498161
444639	6498169
444640	6498181
444641	6498197
444642	6498211
444643	6498221
444644	6498223
444645	6498227
444646	6498229
444647	6498281
444648	6498287
444649	6498299
444650	6498307
444651	6498311
444652	6498341
444653	6498343
444654	6498353
444655	6498379
444656	6498419
444657	6498473
444658	6498487
444659	6498491
444660	6498497
444661	6498509
444662	6498511
444663	6498521
444664	6498553
444665	6498563
444666	6498571
444667	6498577
444668	6498629
444669	6498659
444670	6498671
444671	6498683
444672	6498707
444673	6498721
444674	6498727
444675	6498731
444676	6498733
444677	6498761
444678	6498763
444679	6498769
444680	6498773
444681	6498797
444682	6498803
444683	6498823
444684	6498827
444685	6498829
444686	6498839
444687	6498847
444688	6498853
444689	6498901
444690	6498917
444691	6498923
444692	6498937
444693	6498941
444694	6498959
444695	6498979
444696	6499037
444697	6499039
444698	6499061
444699	6499079
444700	6499081
444701	6499111
444702	6499147
444703	6499169
444704	6499177
444705	6499183
444706	6499187
444707	6499189
444708	6499193
444709	6499211
444710	6499217
444711	6499247
444712	6499289
444713	6499307
444714	6499331
444715	6499333
444716	6499351
444717	6499357
444718	6499369
444719	6499373
444720	6499379
444721	6499391
444722	6499397
444723	6499399
444724	6499439
444725	6499453
444726	6499459
444727	6499483
444728	6499513
444729	6499517
444730	6499523
444731	6499541
444732	6499543
444733	6499573
444734	6499601
444735	6499631
444736	6499637
444737	6499651
444738	6499663
444739	6499667
444740	6499673
444741	6499681
444742	6499699
444743	6499709
444744	6499721
444745	6499723
444746	6499747
444747	6499793
444748	6499841
444749	6499859
444750	6499861
444751	6499879
444752	6499897
444753	6499903
444754	6499939
444755	6499943
444756	6499949
444757	6499991
444758	6500003
444759	6500023
444760	6500029
444761	6500059
444762	6500063
444763	6500077
444764	6500093
444765	6500101
444766	6500113
444767	6500149
444768	6500159
444769	6500161
444770	6500167
444771	6500177
444772	6500183
444773	6500203
444774	6500209
444775	6500231
444776	6500233
444777	6500243
444778	6500251
444779	6500257
444780	6500279
444781	6500281
444782	6500287
444783	6500309
444784	6500317
444785	6500323
444786	6500327
444787	6500339
444788	6500369
444789	6500371
444790	6500387
444791	6500401
444792	6500441
444793	6500447
444794	6500449
444795	6500453
444796	6500491
444797	6500497
444798	6500519
444799	6500531
444800	6500537
444801	6500539
444802	6500563
444803	6500569
444804	6500573
444805	6500581
444806	6500597
444807	6500621
444808	6500633
444809	6500677
444810	6500687
444811	6500693
444812	6500729
444813	6500737
444814	6500759
444815	6500761
444816	6500771
444817	6500779
444818	6500801
444819	6500807
444820	6500839
444821	6500849
444822	6500861
444823	6500873
444824	6500887
444825	6500903
444826	6500939
444827	6500941
444828	6500951
444829	6500969
444830	6500971
444831	6500981
444832	6501007
444833	6501029
444834	6501031
444835	6501049
444836	6501073
444837	6501091
444838	6501109
444839	6501113
444840	6501149
444841	6501179
444842	6501217
444843	6501221
444844	6501239
444845	6501241
444846	6501251
444847	6501263
444848	6501277
444849	6501281
444850	6501283
444851	6501301
444852	6501311
444853	6501337
444854	6501343
444855	6501349
444856	6501367
444857	6501379
444858	6501389
444859	6501403
444860	6501409
444861	6501419
444862	6501421
444863	6501431
444864	6501487
444865	6501491
444866	6501533
444867	6501569
444868	6501587
444869	6501589
444870	6501601
444871	6501611
444872	6501631
444873	6501637
444874	6501647
444875	6501689
444876	6501697
444877	6501707
444878	6501721
444879	6501727
444880	6501731
444881	6501749
444882	6501757
444883	6501773
444884	6501791
444885	6501793
444886	6501797
444887	6501799
444888	6501809
444889	6501823
444890	6501827
444891	6501863
444892	6501889
444893	6501947
444894	6501983
444895	6501991
444896	6502039
444897	6502049
444898	6502079
444899	6502099
444900	6502117
444901	6502127
444902	6502129
444903	6502141
444904	6502147
444905	6502151
444906	6502163
444907	6502187
444908	6502193
444909	6502207
444910	6502229
444911	6502241
444912	6502247
444913	6502259
444914	6502267
444915	6502271
444916	6502277
444917	6502289
444918	6502291
444919	6502297
444920	6502337
444921	6502339
444922	6502367
444923	6502373
444924	6502423
444925	6502439
444926	6502453
444927	6502471
444928	6502487
444929	6502501
444930	6502519
444931	6502543
444932	6502547
444933	6502553
444934	6502571
444935	6502577
444936	6502603
444937	6502609
444938	6502627
444939	6502631
444940	6502633
444941	6502637
444942	6502649
444943	6502663
444944	6502667
444945	6502669
444946	6502673
444947	6502679
444948	6502681
444949	6502697
444950	6502703
444951	6502733
444952	6502739
444953	6502753
444954	6502759
444955	6502799
444956	6502817
444957	6502829
444958	6502849
444959	6502877
444960	6502879
444961	6502889
444962	6502919
444963	6502927
444964	6502939
444965	6502943
444966	6502949
444967	6502973
444968	6502987
444969	6502999
444970	6503011
444971	6503033
444972	6503041
444973	6503069
444974	6503093
444975	6503099
444976	6503113
444977	6503137
444978	6503143
444979	6503173
444980	6503179
444981	6503209
444982	6503239
444983	6503269
444984	6503281
444985	6503303
444986	6503309
444987	6503311
444988	6503347
444989	6503369
444990	6503381
444991	6503389
444992	6503407
444993	6503417
444994	6503423
444995	6503443
444996	6503447
444997	6503473
444998	6503477
444999	6503501
445000	6503507
