447001	6535163
447002	6535187
447003	6535189
447004	6535201
447005	6535213
447006	6535219
447007	6535223
447008	6535229
447009	6535241
447010	6535279
447011	6535301
447012	6535343
447013	6535349
447014	6535369
447015	6535387
447016	6535391
447017	6535457
447018	6535493
447019	6535511
447020	6535517
447021	6535541
447022	6535549
447023	6535553
447024	6535561
447025	6535577
447026	6535603
447027	6535619
447028	6535631
447029	6535651
447030	6535663
447031	6535673
447032	6535681
447033	6535691
447034	6535693
447035	6535709
447036	6535741
447037	6535747
447038	6535751
447039	6535787
447040	6535799
447041	6535819
447042	6535831
447043	6535847
447044	6535853
447045	6535861
447046	6535873
447047	6535891
447048	6535897
447049	6535901
447050	6535927
447051	6535987
447052	6535993
447053	6535999
447054	6536003
447055	6536029
447056	6536039
447057	6536059
447058	6536063
447059	6536077
447060	6536081
447061	6536083
447062	6536111
447063	6536141
447064	6536191
447065	6536203
447066	6536219
447067	6536227
447068	6536239
447069	6536251
447070	6536267
447071	6536269
447072	6536293
447073	6536297
447074	6536311
447075	6536317
447076	6536329
447077	6536359
447078	6536363
447079	6536371
447080	6536377
447081	6536389
447082	6536423
447083	6536441
447084	6536461
447085	6536477
447086	6536479
447087	6536489
447088	6536503
447089	6536527
447090	6536557
447091	6536561
447092	6536573
447093	6536581
447094	6536591
447095	6536597
447096	6536603
447097	6536609
447098	6536611
447099	6536617
447100	6536633
447101	6536659
447102	6536693
447103	6536707
447104	6536723
447105	6536729
447106	6536743
447107	6536759
447108	6536767
447109	6536771
447110	6536773
447111	6536797
447112	6536801
447113	6536813
447114	6536837
447115	6536843
447116	6536851
447117	6536863
447118	6536869
447119	6536879
447120	6536897
447121	6536911
447122	6536921
447123	6536947
447124	6537019
447125	6537029
447126	6537053
447127	6537059
447128	6537067
447129	6537079
447130	6537109
447131	6537131
447132	6537137
447133	6537143
447134	6537169
447135	6537173
447136	6537191
447137	6537199
447138	6537203
447139	6537211
447140	6537217
447141	6537227
447142	6537239
447143	6537283
447144	6537287
447145	6537301
447146	6537319
447147	6537331
447148	6537337
447149	6537341
447150	6537347
447151	6537353
447152	6537361
447153	6537397
447154	6537403
447155	6537407
447156	6537437
447157	6537439
447158	6537457
447159	6537511
447160	6537521
447161	6537523
447162	6537541
447163	6537547
447164	6537563
447165	6537569
447166	6537599
447167	6537611
447168	6537649
447169	6537667
447170	6537679
447171	6537697
447172	6537701
447173	6537733
447174	6537757
447175	6537781
447176	6537787
447177	6537799
447178	6537821
447179	6537859
447180	6537899
447181	6537907
447182	6537941
447183	6537943
447184	6537959
447185	6537977
447186	6537989
447187	6537991
447188	6538001
447189	6538009
447190	6538019
447191	6538043
447192	6538057
447193	6538069
447194	6538073
447195	6538111
447196	6538127
447197	6538139
447198	6538151
447199	6538157
447200	6538171
447201	6538201
447202	6538211
447203	6538219
447204	6538267
447205	6538289
447206	6538297
447207	6538309
447208	6538313
447209	6538331
447210	6538351
447211	6538373
447212	6538403
447213	6538409
447214	6538423
447215	6538429
447216	6538447
447217	6538453
447218	6538457
447219	6538459
447220	6538487
447221	6538507
447222	6538517
447223	6538531
447224	6538549
447225	6538559
447226	6538561
447227	6538573
447228	6538577
447229	6538607
447230	6538621
447231	6538669
447232	6538681
447233	6538703
447234	6538711
447235	6538723
447236	6538747
447237	6538757
447238	6538771
447239	6538783
447240	6538789
447241	6538813
447242	6538817
447243	6538837
447244	6538843
447245	6538853
447246	6538859
447247	6538879
447248	6538927
447249	6538937
447250	6538963
447251	6538979
447252	6538991
447253	6538997
447254	6539003
447255	6539023
447256	6539041
447257	6539051
447258	6539077
447259	6539081
447260	6539083
447261	6539111
447262	6539119
447263	6539129
447264	6539149
447265	6539167
447266	6539177
447267	6539191
447268	6539201
447269	6539209
447270	6539243
447271	6539263
447272	6539293
447273	6539317
447274	6539327
447275	6539347
447276	6539353
447277	6539359
447278	6539369
447279	6539371
447280	6539387
447281	6539437
447282	6539443
447283	6539473
447284	6539497
447285	6539513
447286	6539531
447287	6539537
447288	6539539
447289	6539551
447290	6539557
447291	6539579
447292	6539581
447293	6539593
447294	6539647
447295	6539671
447296	6539681
447297	6539707
447298	6539717
447299	6539719
447300	6539777
447301	6539801
447302	6539807
447303	6539831
447304	6539833
447305	6539839
447306	6539867
447307	6539873
447308	6539893
447309	6539927
447310	6539957
447311	6539959
447312	6539963
447313	6539983
447314	6539989
447315	6540007
447316	6540013
447317	6540029
447318	6540067
447319	6540103
447320	6540133
447321	6540139
447322	6540169
447323	6540181
447324	6540187
447325	6540217
447326	6540239
447327	6540241
447328	6540251
447329	6540269
447330	6540277
447331	6540293
447332	6540299
447333	6540301
447334	6540311
447335	6540323
447336	6540329
447337	6540337
447338	6540383
447339	6540407
447340	6540409
447341	6540421
447342	6540431
447343	6540433
447344	6540451
447345	6540467
447346	6540493
447347	6540511
447348	6540539
447349	6540557
447350	6540587
447351	6540593
447352	6540619
447353	6540623
447354	6540637
447355	6540643
447356	6540673
447357	6540679
447358	6540691
447359	6540719
447360	6540739
447361	6540827
447362	6540829
447363	6540841
447364	6540857
447365	6540871
447366	6540893
447367	6540899
447368	6540913
447369	6540949
447370	6540953
447371	6540967
447372	6540977
447373	6540983
447374	6541021
447375	6541033
447376	6541049
447377	6541057
447378	6541061
447379	6541069
447380	6541079
447381	6541081
447382	6541097
447383	6541103
447384	6541109
447385	6541123
447386	6541151
447387	6541163
447388	6541189
447389	6541229
447390	6541247
447391	6541253
447392	6541261
447393	6541291
447394	6541309
447395	6541321
447396	6541333
447397	6541343
447398	6541351
447399	6541363
447400	6541373
447401	6541393
447402	6541429
447403	6541433
447404	6541439
447405	6541441
447406	6541477
447407	6541487
447408	6541511
447409	6541517
447410	6541519
447411	6541523
447412	6541541
447413	6541571
447414	6541597
447415	6541609
447416	6541621
447417	6541663
447418	6541687
447419	6541693
447420	6541699
447421	6541723
447422	6541739
447423	6541741
447424	6541751
447425	6541763
447426	6541771
447427	6541807
447428	6541819
447429	6541831
447430	6541841
447431	6541877
447432	6541879
447433	6541901
447434	6541903
447435	6541921
447436	6541937
447437	6541939
447438	6541973
447439	6541981
447440	6541993
447441	6541999
447442	6542021
447443	6542077
447444	6542089
447445	6542101
447446	6542113
447447	6542117
447448	6542119
447449	6542131
447450	6542141
447451	6542171
447452	6542201
447453	6542219
447454	6542243
447455	6542257
447456	6542279
447457	6542287
447458	6542293
447459	6542299
447460	6542339
447461	6542351
447462	6542357
447463	6542369
447464	6542381
447465	6542387
447466	6542401
447467	6542413
447468	6542423
447469	6542443
447470	6542453
447471	6542461
447472	6542489
447473	6542491
447474	6542513
447475	6542527
447476	6542531
447477	6542537
447478	6542551
447479	6542561
447480	6542609
447481	6542611
447482	6542621
447483	6542633
447484	6542647
447485	6542681
447486	6542689
447487	6542693
447488	6542699
447489	6542713
447490	6542717
447491	6542737
447492	6542743
447493	6542749
447494	6542779
447495	6542791
447496	6542801
447497	6542803
447498	6542827
447499	6542843
447500	6542857
447501	6542867
447502	6542927
447503	6542929
447504	6542933
447505	6542959
447506	6542989
447507	6542993
447508	6543001
447509	6543007
447510	6543029
447511	6543059
447512	6543073
447513	6543101
447514	6543127
447515	6543169
447516	6543179
447517	6543193
447518	6543203
447519	6543223
447520	6543233
447521	6543259
447522	6543269
447523	6543301
447524	6543307
447525	6543323
447526	6543337
447527	6543343
447528	6543347
447529	6543359
447530	6543367
447531	6543373
447532	6543377
447533	6543389
447534	6543403
447535	6543443
447536	6543451
447537	6543457
447538	6543461
447539	6543479
447540	6543497
447541	6543499
447542	6543503
447543	6543517
447544	6543533
447545	6543541
447546	6543577
447547	6543583
447548	6543587
447549	6543599
447550	6543613
447551	6543617
447552	6543629
447553	6543643
447554	6543659
447555	6543671
447556	6543679
447557	6543683
447558	6543701
447559	6543731
447560	6543737
447561	6543739
447562	6543767
447563	6543769
447564	6543773
447565	6543781
447566	6543787
447567	6543833
447568	6543853
447569	6543871
447570	6543877
447571	6543893
447572	6543907
447573	6543947
447574	6543973
447575	6543989
447576	6544003
447577	6544009
447578	6544039
447579	6544049
447580	6544063
447581	6544117
447582	6544157
447583	6544163
447584	6544171
447585	6544177
447586	6544207
447587	6544217
447588	6544243
447589	6544261
447590	6544277
447591	6544309
447592	6544313
447593	6544333
447594	6544357
447595	6544393
447596	6544399
447597	6544403
447598	6544411
447599	6544423
447600	6544427
447601	6544429
447602	6544451
447603	6544453
447604	6544481
447605	6544487
447606	6544547
447607	6544579
447608	6544589
447609	6544619
447610	6544631
447611	6544639
447612	6544649
447613	6544651
447614	6544663
447615	6544667
447616	6544739
447617	6544753
447618	6544757
447619	6544787
447620	6544801
447621	6544831
447622	6544841
447623	6544843
447624	6544849
447625	6544861
447626	6544883
447627	6544907
447628	6544919
447629	6544927
447630	6544943
447631	6545003
447632	6545027
447633	6545053
447634	6545059
447635	6545081
447636	6545089
447637	6545111
447638	6545167
447639	6545171
447640	6545191
447641	6545197
447642	6545219
447643	6545243
447644	6545249
447645	6545257
447646	6545261
447647	6545293
447648	6545303
447649	6545321
447650	6545347
447651	6545351
447652	6545353
447653	6545377
447654	6545381
447655	6545423
447656	6545437
447657	6545467
447658	6545471
447659	6545477
447660	6545489
447661	6545509
447662	6545531
447663	6545537
447664	6545543
447665	6545563
447666	6545569
447667	6545573
447668	6545579
447669	6545587
447670	6545599
447671	6545603
447672	6545621
447673	6545641
447674	6545653
447675	6545687
447676	6545689
447677	6545701
447678	6545711
447679	6545713
447680	6545717
447681	6545729
447682	6545741
447683	6545771
447684	6545789
447685	6545809
447686	6545813
447687	6545821
447688	6545827
447689	6545839
447690	6545857
447691	6545863
447692	6545879
447693	6545881
447694	6545887
447695	6545893
447696	6545897
447697	6545923
447698	6545941
447699	6545947
447700	6545953
447701	6545963
447702	6545989
447703	6545993
447704	6546041
447705	6546049
447706	6546061
447707	6546079
447708	6546097
447709	6546107
447710	6546119
447711	6546131
447712	6546149
447713	6546167
447714	6546181
447715	6546223
447716	6546229
447717	6546251
447718	6546259
447719	6546263
447720	6546269
447721	6546289
447722	6546307
447723	6546311
447724	6546313
447725	6546349
447726	6546359
447727	6546361
447728	6546389
447729	6546403
447730	6546409
447731	6546437
447732	6546443
447733	6546451
447734	6546461
447735	6546473
447736	6546509
447737	6546539
447738	6546541
447739	6546557
447740	6546571
447741	6546587
447742	6546599
447743	6546607
447744	6546643
447745	6546647
447746	6546667
447747	6546671
447748	6546689
447749	6546733
447750	6546767
447751	6546769
447752	6546803
447753	6546823
447754	6546829
447755	6546847
447756	6546851
447757	6546857
447758	6546889
447759	6546893
447760	6546923
447761	6546937
447762	6546941
447763	6546961
447764	6546979
447765	6546997
447766	6547007
447767	6547027
447768	6547031
447769	6547033
447770	6547049
447771	6547081
447772	6547087
447773	6547103
447774	6547109
447775	6547117
447776	6547129
447777	6547141
447778	6547181
447779	6547183
447780	6547199
447781	6547207
447782	6547213
447783	6547217
447784	6547253
447785	6547271
447786	6547279
447787	6547291
447788	6547319
447789	6547327
447790	6547337
447791	6547349
447792	6547351
447793	6547369
447794	6547391
447795	6547399
447796	6547423
447797	6547427
447798	6547447
447799	6547459
447800	6547469
447801	6547477
447802	6547493
447803	6547517
447804	6547529
447805	6547553
447806	6547561
447807	6547579
447808	6547613
447809	6547627
447810	6547637
447811	6547661
447812	6547687
447813	6547693
447814	6547733
447815	6547747
447816	6547753
447817	6547759
447818	6547769
447819	6547781
447820	6547811
447821	6547817
447822	6547829
447823	6547831
447824	6547841
447825	6547859
447826	6547861
447827	6547867
447828	6547897
447829	6547909
447830	6547943
447831	6547967
447832	6547973
447833	6547979
447834	6548023
447835	6548029
447836	6548033
447837	6548051
447838	6548057
447839	6548071
447840	6548093
447841	6548107
447842	6548131
447843	6548147
447844	6548153
447845	6548177
447846	6548207
447847	6548239
447848	6548251
447849	6548263
447850	6548291
447851	6548299
447852	6548303
447853	6548323
447854	6548327
447855	6548329
447856	6548359
447857	6548413
447858	6548441
447859	6548447
447860	6548453
447861	6548459
447862	6548489
447863	6548497
447864	6548539
447865	6548573
447866	6548579
447867	6548603
447868	6548609
447869	6548623
447870	6548639
447871	6548653
447872	6548669
447873	6548681
447874	6548687
447875	6548701
447876	6548743
447877	6548753
447878	6548779
447879	6548797
447880	6548803
447881	6548819
447882	6548833
447883	6548837
447884	6548849
447885	6548873
447886	6548879
447887	6548881
447888	6548897
447889	6548909
447890	6548911
447891	6548929
447892	6548947
447893	6548953
447894	6548957
447895	6548981
447896	6548989
447897	6548999
447898	6549017
447899	6549019
447900	6549031
447901	6549061
447902	6549071
447903	6549077
447904	6549079
447905	6549119
447906	6549133
447907	6549139
447908	6549161
447909	6549173
447910	6549187
447911	6549197
447912	6549223
447913	6549241
447914	6549247
447915	6549251
447916	6549269
447917	6549271
447918	6549311
447919	6549313
447920	6549353
447921	6549383
447922	6549391
447923	6549467
447924	6549479
447925	6549493
447926	6549511
447927	6549523
447928	6549551
447929	6549583
447930	6549589
447931	6549601
447932	6549611
447933	6549617
447934	6549619
447935	6549671
447936	6549677
447937	6549689
447938	6549707
447939	6549721
447940	6549727
447941	6549761
447942	6549769
447943	6549787
447944	6549797
447945	6549817
447946	6549839
447947	6549857
447948	6549859
447949	6549877
447950	6549901
447951	6549923
447952	6549931
447953	6549937
447954	6549973
447955	6549979
447956	6550001
447957	6550007
447958	6550013
447959	6550031
447960	6550043
447961	6550057
447962	6550067
447963	6550081
447964	6550091
447965	6550099
447966	6550109
447967	6550123
447968	6550129
447969	6550157
447970	6550163
447971	6550169
447972	6550177
447973	6550183
447974	6550199
447975	6550211
447976	6550213
447977	6550223
447978	6550261
447979	6550267
447980	6550289
447981	6550303
447982	6550337
447983	6550361
447984	6550367
447985	6550403
447986	6550409
447987	6550417
447988	6550471
447989	6550499
447990	6550501
447991	6550513
447992	6550519
447993	6550547
447994	6550553
447995	6550631
447996	6550639
447997	6550651
447998	6550669
447999	6550679
448000	6550741
