448001	6550757
448002	6550771
448003	6550783
448004	6550793
448005	6550799
448006	6550811
448007	6550823
448008	6550847
448009	6550879
448010	6550891
448011	6550913
448012	6550919
448013	6550927
448014	6550963
448015	6550981
448016	6551011
448017	6551047
448018	6551057
448019	6551063
448020	6551081
448021	6551087
448022	6551117
448023	6551141
448024	6551161
448025	6551173
448026	6551177
448027	6551191
448028	6551213
448029	6551231
448030	6551249
448031	6551291
448032	6551299
448033	6551353
448034	6551387
448035	6551393
448036	6551407
448037	6551411
448038	6551417
448039	6551423
448040	6551429
448041	6551497
448042	6551533
448043	6551563
448044	6551569
448045	6551581
448046	6551591
448047	6551603
448048	6551639
448049	6551653
448050	6551689
448051	6551693
448052	6551719
448053	6551731
448054	6551737
448055	6551747
448056	6551791
448057	6551801
448058	6551821
448059	6551833
448060	6551843
448061	6551861
448062	6551879
448063	6551887
448064	6551899
448065	6551917
448066	6551921
448067	6551947
448068	6551957
448069	6551959
448070	6551983
448071	6551989
448072	6552001
448073	6552011
448074	6552047
448075	6552053
448076	6552061
448077	6552083
448078	6552097
448079	6552101
448080	6552113
448081	6552121
448082	6552149
448083	6552151
448084	6552163
448085	6552167
448086	6552179
448087	6552187
448088	6552197
448089	6552199
448090	6552209
448091	6552229
448092	6552233
448093	6552239
448094	6552277
448095	6552307
448096	6552313
448097	6552323
448098	6552331
448099	6552341
448100	6552349
448101	6552353
448102	6552373
448103	6552379
448104	6552391
448105	6552419
448106	6552421
448107	6552431
448108	6552433
448109	6552449
448110	6552457
448111	6552467
448112	6552479
448113	6552503
448114	6552527
448115	6552529
448116	6552541
448117	6552547
448118	6552593
448119	6552619
448120	6552629
448121	6552647
448122	6552671
448123	6552673
448124	6552691
448125	6552697
448126	6552719
448127	6552731
448128	6552773
448129	6552781
448130	6552797
448131	6552817
448132	6552829
448133	6552841
448134	6552851
448135	6552859
448136	6552863
448137	6552883
448138	6552901
448139	6552919
448140	6552937
448141	6552961
448142	6552979
448143	6553003
448144	6553009
448145	6553021
448146	6553037
448147	6553039
448148	6553049
448149	6553061
448150	6553111
448151	6553117
448152	6553123
448153	6553139
448154	6553147
448155	6553187
448156	6553213
448157	6553219
448158	6553231
448159	6553241
448160	6553273
448161	6553277
448162	6553297
448163	6553303
448164	6553319
448165	6553331
448166	6553343
448167	6553357
448168	6553361
448169	6553363
448170	6553373
448171	6553387
448172	6553441
448173	6553447
448174	6553451
448175	6553453
448176	6553487
448177	6553489
448178	6553511
448179	6553541
448180	6553567
448181	6553571
448182	6553577
448183	6553621
448184	6553663
448185	6553733
448186	6553769
448187	6553777
448188	6553793
448189	6553801
448190	6553817
448191	6553889
448192	6553903
448193	6553909
448194	6553933
448195	6553949
448196	6553951
448197	6553957
448198	6553961
448199	6553969
448200	6553979
448201	6554021
448202	6554059
448203	6554083
448204	6554101
448205	6554123
448206	6554147
448207	6554153
448208	6554173
448209	6554201
448210	6554213
448211	6554239
448212	6554243
448213	6554269
448214	6554281
448215	6554309
448216	6554329
448217	6554341
448218	6554357
448219	6554371
448220	6554381
448221	6554399
448222	6554413
448223	6554419
448224	6554437
448225	6554441
448226	6554453
448227	6554459
448228	6554461
448229	6554489
448230	6554501
448231	6554519
448232	6554521
448233	6554531
448234	6554539
448235	6554557
448236	6554567
448237	6554579
448238	6554599
448239	6554617
448240	6554621
448241	6554623
448242	6554627
448243	6554641
448244	6554657
448245	6554663
448246	6554683
448247	6554687
448248	6554689
448249	6554699
448250	6554731
448251	6554767
448252	6554771
448253	6554773
448254	6554777
448255	6554789
448256	6554813
448257	6554827
448258	6554831
448259	6554833
448260	6554837
448261	6554869
448262	6554879
448263	6554897
448264	6554909
448265	6554921
448266	6554941
448267	6554971
448268	6554983
448269	6555007
448270	6555011
448271	6555041
448272	6555067
448273	6555083
448274	6555089
448275	6555097
448276	6555103
448277	6555119
448278	6555139
448279	6555169
448280	6555173
448281	6555223
448282	6555233
448283	6555239
448284	6555271
448285	6555281
448286	6555301
448287	6555317
448288	6555337
448289	6555343
448290	6555349
448291	6555377
448292	6555383
448293	6555389
448294	6555397
448295	6555403
448296	6555407
448297	6555413
448298	6555427
448299	6555433
448300	6555443
448301	6555457
448302	6555463
448303	6555491
448304	6555503
448305	6555541
448306	6555547
448307	6555581
448308	6555611
448309	6555649
448310	6555671
448311	6555677
448312	6555683
448313	6555691
448314	6555707
448315	6555709
448316	6555719
448317	6555733
448318	6555751
448319	6555767
448320	6555781
448321	6555797
448322	6555803
448323	6555821
448324	6555833
448325	6555839
448326	6555907
448327	6555917
448328	6555929
448329	6555959
448330	6555961
448331	6555971
448332	6556003
448333	6556013
448334	6556019
448335	6556027
448336	6556031
448337	6556037
448338	6556049
448339	6556061
448340	6556063
448341	6556079
448342	6556111
448343	6556201
448344	6556223
448345	6556243
448346	6556267
448347	6556301
448348	6556331
448349	6556367
448350	6556369
448351	6556393
448352	6556397
448353	6556399
448354	6556421
448355	6556439
448356	6556483
448357	6556489
448358	6556507
448359	6556513
448360	6556519
448361	6556559
448362	6556567
448363	6556601
448364	6556603
448365	6556607
448366	6556609
448367	6556621
448368	6556631
448369	6556643
448370	6556651
448371	6556657
448372	6556673
448373	6556699
448374	6556709
448375	6556723
448376	6556727
448377	6556741
448378	6556757
448379	6556777
448380	6556783
448381	6556799
448382	6556831
448383	6556861
448384	6556937
448385	6556961
448386	6556969
448387	6556973
448388	6556993
448389	6556999
448390	6557003
448391	6557041
448392	6557059
448393	6557077
448394	6557081
448395	6557099
448396	6557101
448397	6557123
448398	6557153
448399	6557167
448400	6557179
448401	6557183
448402	6557191
448403	6557203
448404	6557207
448405	6557233
448406	6557279
448407	6557293
448408	6557303
448409	6557333
448410	6557339
448411	6557351
448412	6557363
448413	6557381
448414	6557401
448415	6557407
448416	6557423
448417	6557429
448418	6557459
448419	6557471
448420	6557479
448421	6557513
448422	6557519
448423	6557521
448424	6557533
448425	6557557
448426	6557569
448427	6557623
448428	6557651
448429	6557657
448430	6557659
448431	6557671
448432	6557687
448433	6557689
448434	6557693
448435	6557723
448436	6557731
448437	6557753
448438	6557777
448439	6557797
448440	6557807
448441	6557813
448442	6557819
448443	6557839
448444	6557861
448445	6557867
448446	6557939
448447	6557963
448448	6557977
448449	6557981
448450	6558007
448451	6558011
448452	6558017
448453	6558029
448454	6558037
448455	6558067
448456	6558077
448457	6558119
448458	6558121
448459	6558127
448460	6558133
448461	6558163
448462	6558169
448463	6558179
448464	6558187
448465	6558193
448466	6558217
448467	6558229
448468	6558241
448469	6558269
448470	6558271
448471	6558283
448472	6558301
448473	6558313
448474	6558323
448475	6558337
448476	6558353
448477	6558359
448478	6558371
448479	6558373
448480	6558389
448481	6558449
448482	6558457
448483	6558467
448484	6558469
448485	6558479
448486	6558491
448487	6558493
448488	6558511
448489	6558523
448490	6558547
448491	6558581
448492	6558589
448493	6558593
448494	6558599
448495	6558619
448496	6558623
448497	6558641
448498	6558649
448499	6558683
448500	6558689
448501	6558707
448502	6558733
448503	6558737
448504	6558751
448505	6558791
448506	6558793
448507	6558809
448508	6558823
448509	6558829
448510	6558847
448511	6558883
448512	6558899
448513	6558911
448514	6558913
448515	6558917
448516	6558931
448517	6558941
448518	6558961
448519	6558973
448520	6558983
448521	6558997
448522	6559001
448523	6559019
448524	6559037
448525	6559067
448526	6559079
448527	6559081
448528	6559109
448529	6559141
448530	6559151
448531	6559153
448532	6559159
448533	6559171
448534	6559181
448535	6559187
448536	6559219
448537	6559253
448538	6559261
448539	6559277
448540	6559279
448541	6559337
448542	6559339
448543	6559363
448544	6559369
448545	6559373
448546	6559379
448547	6559381
448548	6559409
448549	6559447
448550	6559451
448551	6559457
448552	6559489
448553	6559493
448554	6559519
448555	6559523
448556	6559529
448557	6559547
448558	6559583
448559	6559613
448560	6559627
448561	6559633
448562	6559639
448563	6559643
448564	6559661
448565	6559667
448566	6559673
448567	6559687
448568	6559691
448569	6559699
448570	6559703
448571	6559717
448572	6559727
448573	6559733
448574	6559741
448575	6559747
448576	6559759
448577	6559781
448578	6559783
448579	6559793
448580	6559801
448581	6559823
448582	6559831
448583	6559843
448584	6559859
448585	6559867
448586	6559871
448587	6559873
448588	6559897
448589	6559901
448590	6559907
448591	6559939
448592	6559957
448593	6559961
448594	6559963
448595	6559981
448596	6560017
448597	6560027
448598	6560039
448599	6560053
448600	6560069
448601	6560093
448602	6560117
448603	6560131
448604	6560143
448605	6560159
448606	6560161
448607	6560227
448608	6560231
448609	6560243
448610	6560299
448611	6560303
448612	6560327
448613	6560341
448614	6560347
448615	6560357
448616	6560371
448617	6560413
448618	6560417
448619	6560429
448620	6560431
448621	6560447
448622	6560459
448623	6560461
448624	6560479
448625	6560503
448626	6560509
448627	6560513
448628	6560531
448629	6560537
448630	6560551
448631	6560579
448632	6560597
448633	6560599
448634	6560627
448635	6560633
448636	6560647
448637	6560651
448638	6560663
448639	6560669
448640	6560677
448641	6560689
448642	6560717
448643	6560731
448644	6560737
448645	6560753
448646	6560767
448647	6560783
448648	6560797
448649	6560821
448650	6560843
448651	6560849
448652	6560857
448653	6560867
448654	6560881
448655	6560891
448656	6560921
448657	6560927
448658	6560941
448659	6560959
448660	6560971
448661	6560987
448662	6560993
448663	6560999
448664	6561001
448665	6561007
448666	6561011
448667	6561013
448668	6561017
448669	6561019
448670	6561073
448671	6561089
448672	6561091
448673	6561097
448674	6561103
448675	6561127
448676	6561143
448677	6561151
448678	6561161
448679	6561193
448680	6561197
448681	6561199
448682	6561209
448683	6561223
448684	6561259
448685	6561277
448686	6561281
448687	6561283
448688	6561287
448689	6561293
448690	6561307
448691	6561311
448692	6561319
448693	6561383
448694	6561427
448695	6561437
448696	6561461
448697	6561481
448698	6561493
448699	6561497
448700	6561521
448701	6561539
448702	6561547
448703	6561551
448704	6561557
448705	6561589
448706	6561613
448707	6561619
448708	6561629
448709	6561637
448710	6561649
448711	6561673
448712	6561679
448713	6561683
448714	6561697
448715	6561719
448716	6561721
448717	6561761
448718	6561767
448719	6561781
448720	6561787
448721	6561791
448722	6561809
448723	6561827
448724	6561833
448725	6561857
448726	6561871
448727	6561883
448728	6561887
448729	6561911
448730	6561937
448731	6561941
448732	6561943
448733	6561991
448734	6562001
448735	6562021
448736	6562037
448737	6562057
448738	6562069
448739	6562079
448740	6562097
448741	6562121
448742	6562123
448743	6562133
448744	6562139
448745	6562141
448746	6562169
448747	6562177
448748	6562211
448749	6562243
448750	6562261
448751	6562271
448752	6562279
448753	6562307
448754	6562331
448755	6562333
448756	6562351
448757	6562363
448758	6562373
448759	6562397
448760	6562399
448761	6562463
448762	6562477
448763	6562489
448764	6562519
448765	6562541
448766	6562547
448767	6562553
448768	6562559
448769	6562571
448770	6562573
448771	6562597
448772	6562603
448773	6562637
448774	6562643
448775	6562651
448776	6562679
448777	6562681
448778	6562687
448779	6562691
448780	6562723
448781	6562741
448782	6562753
448783	6562763
448784	6562769
448785	6562783
448786	6562813
448787	6562823
448788	6562849
448789	6562859
448790	6562861
448791	6562909
448792	6562921
448793	6562931
448794	6562943
448795	6562973
448796	6562987
448797	6562991
448798	6563017
448799	6563021
448800	6563087
448801	6563093
448802	6563107
448803	6563129
448804	6563147
448805	6563159
448806	6563177
448807	6563191
448808	6563203
448809	6563209
448810	6563261
448811	6563269
448812	6563287
448813	6563327
448814	6563371
448815	6563383
448816	6563407
448817	6563419
448818	6563437
448819	6563443
448820	6563461
448821	6563507
448822	6563509
448823	6563519
448824	6563527
448825	6563549
448826	6563551
448827	6563561
448828	6563587
448829	6563591
448830	6563611
448831	6563621
448832	6563629
448833	6563633
448834	6563639
448835	6563659
448836	6563663
448837	6563677
448838	6563693
448839	6563729
448840	6563743
448841	6563771
448842	6563779
448843	6563801
448844	6563803
448845	6563833
448846	6563857
448847	6563863
448848	6563867
448849	6563929
448850	6563933
448851	6563939
448852	6563957
448853	6563981
448854	6563983
448855	6564001
448856	6564007
448857	6564011
448858	6564043
448859	6564053
448860	6564071
448861	6564073
448862	6564113
448863	6564127
448864	6564137
448865	6564143
448866	6564167
448867	6564169
448868	6564197
448869	6564203
448870	6564211
448871	6564241
448872	6564247
448873	6564287
448874	6564289
448875	6564301
448876	6564317
448877	6564319
448878	6564323
448879	6564359
448880	6564401
448881	6564409
448882	6564419
448883	6564449
448884	6564457
448885	6564461
448886	6564511
448887	6564521
448888	6564539
448889	6564563
448890	6564583
448891	6564587
448892	6564611
448893	6564647
448894	6564661
448895	6564667
448896	6564673
448897	6564707
448898	6564749
448899	6564763
448900	6564769
448901	6564773
448902	6564781
448903	6564793
448904	6564809
448905	6564827
448906	6564847
448907	6564917
448908	6564919
448909	6564967
448910	6564973
448911	6564977
448912	6564983
448913	6564997
448914	6565019
448915	6565037
448916	6565063
448917	6565093
448918	6565099
448919	6565123
448920	6565133
448921	6565159
448922	6565171
448923	6565193
448924	6565231
448925	6565249
448926	6565259
448927	6565277
448928	6565291
448929	6565309
448930	6565313
448931	6565319
448932	6565331
448933	6565333
448934	6565367
448935	6565379
448936	6565381
448937	6565399
448938	6565409
448939	6565411
448940	6565421
448941	6565439
448942	6565463
448943	6565487
448944	6565499
448945	6565501
448946	6565543
448947	6565561
448948	6565567
448949	6565609
448950	6565633
448951	6565661
448952	6565681
448953	6565709
448954	6565711
448955	6565717
448956	6565721
448957	6565729
448958	6565739
448959	6565747
448960	6565753
448961	6565777
448962	6565807
448963	6565829
448964	6565847
448965	6565873
448966	6565877
448967	6565901
448968	6565903
448969	6565907
448970	6565913
448971	6565921
448972	6565957
448973	6565967
448974	6565973
448975	6565981
448976	6565987
448977	6565991
448978	6566003
448979	6566033
448980	6566069
448981	6566071
448982	6566081
448983	6566083
448984	6566089
448985	6566171
448986	6566177
448987	6566179
448988	6566227
448989	6566237
448990	6566249
448991	6566251
448992	6566291
448993	6566297
448994	6566299
448995	6566303
448996	6566309
448997	6566311
448998	6566333
448999	6566359
449000	6566363
