451001	6597589
451002	6597593
451003	6597601
451004	6597629
451005	6597641
451006	6597673
451007	6597677
451008	6597707
451009	6597739
451010	6597779
451011	6597781
451012	6597827
451013	6597847
451014	6597859
451015	6597889
451016	6597893
451017	6597931
451018	6597949
451019	6597953
451020	6597967
451021	6597971
451022	6597973
451023	6597977
451024	6598013
451025	6598019
451026	6598021
451027	6598063
451028	6598069
451029	6598087
451030	6598103
451031	6598117
451032	6598127
451033	6598139
451034	6598153
451035	6598157
451036	6598169
451037	6598199
451038	6598201
451039	6598211
451040	6598219
451041	6598223
451042	6598237
451043	6598271
451044	6598279
451045	6598289
451046	6598303
451047	6598313
451048	6598343
451049	6598349
451050	6598357
451051	6598387
451052	6598411
451053	6598421
451054	6598429
451055	6598433
451056	6598439
451057	6598481
451058	6598507
451059	6598511
451060	6598517
451061	6598523
451062	6598541
451063	6598547
451064	6598561
451065	6598589
451066	6598597
451067	6598621
451068	6598639
451069	6598649
451070	6598661
451071	6598667
451072	6598673
451073	6598679
451074	6598721
451075	6598733
451076	6598741
451077	6598759
451078	6598777
451079	6598799
451080	6598807
451081	6598817
451082	6598819
451083	6598829
451084	6598841
451085	6598843
451086	6598849
451087	6598853
451088	6598903
451089	6598927
451090	6598931
451091	6598951
451092	6598961
451093	6598967
451094	6598993
451095	6598997
451096	6599003
451097	6599051
451098	6599053
451099	6599059
451100	6599071
451101	6599113
451102	6599119
451103	6599123
451104	6599141
451105	6599161
451106	6599191
451107	6599207
451108	6599221
451109	6599227
451110	6599231
451111	6599267
451112	6599287
451113	6599293
451114	6599297
451115	6599309
451116	6599323
451117	6599347
451118	6599363
451119	6599389
451120	6599393
451121	6599399
451122	6599429
451123	6599449
451124	6599477
451125	6599491
451126	6599513
451127	6599533
451128	6599557
451129	6599561
451130	6599569
451131	6599573
451132	6599591
451133	6599603
451134	6599609
451135	6599611
451136	6599627
451137	6599639
451138	6599687
451139	6599699
451140	6599713
451141	6599717
451142	6599743
451143	6599753
451144	6599759
451145	6599779
451146	6599797
451147	6599819
451148	6599833
451149	6599839
451150	6599861
451151	6599891
451152	6599899
451153	6599921
451154	6599951
451155	6599953
451156	6599959
451157	6599963
451158	6599981
451159	6599987
451160	6600001
451161	6600031
451162	6600043
451163	6600053
451164	6600067
451165	6600071
451166	6600101
451167	6600107
451168	6600109
451169	6600119
451170	6600133
451171	6600157
451172	6600161
451173	6600169
451174	6600211
451175	6600227
451176	6600229
451177	6600247
451178	6600259
451179	6600263
451180	6600281
451181	6600299
451182	6600323
451183	6600331
451184	6600367
451185	6600421
451186	6600431
451187	6600439
451188	6600449
451189	6600491
451190	6600493
451191	6600497
451192	6600499
451193	6600533
451194	6600557
451195	6600589
451196	6600593
451197	6600611
451198	6600617
451199	6600623
451200	6600667
451201	6600677
451202	6600679
451203	6600691
451204	6600707
451205	6600721
451206	6600731
451207	6600757
451208	6600761
451209	6600787
451210	6600791
451211	6600823
451212	6600829
451213	6600899
451214	6600901
451215	6600917
451216	6600943
451217	6600949
451218	6600953
451219	6600989
451220	6601013
451221	6601019
451222	6601031
451223	6601033
451224	6601039
451225	6601061
451226	6601081
451227	6601093
451228	6601129
451229	6601157
451230	6601159
451231	6601163
451232	6601169
451233	6601201
451234	6601211
451235	6601213
451236	6601223
451237	6601247
451238	6601261
451239	6601277
451240	6601279
451241	6601307
451242	6601313
451243	6601339
451244	6601349
451245	6601363
451246	6601381
451247	6601393
451248	6601411
451249	6601433
451250	6601447
451251	6601459
451252	6601501
451253	6601513
451254	6601519
451255	6601523
451256	6601549
451257	6601561
451258	6601601
451259	6601631
451260	6601633
451261	6601643
451262	6601649
451263	6601691
451264	6601703
451265	6601717
451266	6601739
451267	6601757
451268	6601769
451269	6601781
451270	6601783
451271	6601787
451272	6601789
451273	6601807
451274	6601811
451275	6601813
451276	6601817
451277	6601843
451278	6601849
451279	6601883
451280	6601891
451281	6601909
451282	6601921
451283	6601927
451284	6601961
451285	6601993
451286	6601997
451287	6601999
451288	6602003
451289	6602023
451290	6602027
451291	6602059
451292	6602087
451293	6602093
451294	6602119
451295	6602129
451296	6602147
451297	6602149
451298	6602161
451299	6602201
451300	6602203
451301	6602207
451302	6602209
451303	6602237
451304	6602257
451305	6602261
451306	6602303
451307	6602327
451308	6602347
451309	6602363
451310	6602371
451311	6602377
451312	6602383
451313	6602389
451314	6602399
451315	6602413
451316	6602417
451317	6602423
451318	6602429
451319	6602437
451320	6602447
451321	6602461
451322	6602467
451323	6602501
451324	6602509
451325	6602549
451326	6602551
451327	6602573
451328	6602591
451329	6602593
451330	6602627
451331	6602653
451332	6602663
451333	6602669
451334	6602683
451335	6602689
451336	6602707
451337	6602711
451338	6602737
451339	6602753
451340	6602767
451341	6602789
451342	6602797
451343	6602819
451344	6602831
451345	6602833
451346	6602839
451347	6602879
451348	6602957
451349	6602963
451350	6602993
451351	6603007
451352	6603011
451353	6603017
451354	6603029
451355	6603043
451356	6603049
451357	6603053
451358	6603059
451359	6603083
451360	6603137
451361	6603151
451362	6603161
451363	6603167
451364	6603169
451365	6603211
451366	6603229
451367	6603283
451368	6603299
451369	6603307
451370	6603313
451371	6603343
451372	6603349
451373	6603371
451374	6603383
451375	6603391
451376	6603407
451377	6603413
451378	6603437
451379	6603439
451380	6603449
451381	6603451
451382	6603479
451383	6603491
451384	6603511
451385	6603517
451386	6603523
451387	6603529
451388	6603557
451389	6603581
451390	6603593
451391	6603617
451392	6603629
451393	6603647
451394	6603671
451395	6603703
451396	6603731
451397	6603733
451398	6603743
451399	6603749
451400	6603761
451401	6603763
451402	6603787
451403	6603791
451404	6603827
451405	6603869
451406	6603893
451407	6603907
451408	6603913
451409	6603917
451410	6603937
451411	6603943
451412	6603953
451413	6603979
451414	6603991
451415	6603997
451416	6604009
451417	6604021
451418	6604027
451419	6604033
451420	6604049
451421	6604057
451422	6604063
451423	6604097
451424	6604099
451425	6604133
451426	6604181
451427	6604183
451428	6604187
451429	6604217
451430	6604231
451431	6604249
451432	6604291
451433	6604303
451434	6604309
451435	6604319
451436	6604331
451437	6604357
451438	6604369
451439	6604379
451440	6604387
451441	6604397
451442	6604399
451443	6604421
451444	6604469
451445	6604471
451446	6604561
451447	6604573
451448	6604579
451449	6604583
451450	6604603
451451	6604607
451452	6604639
451453	6604651
451454	6604667
451455	6604673
451456	6604681
451457	6604691
451458	6604699
451459	6604709
451460	6604727
451461	6604733
451462	6604751
451463	6604753
451464	6604771
451465	6604783
451466	6604811
451467	6604817
451468	6604847
451469	6604859
451470	6604861
451471	6604867
451472	6604877
451473	6604883
451474	6604901
451475	6604903
451476	6604943
451477	6604973
451478	6604987
451479	6605023
451480	6605029
451481	6605033
451482	6605041
451483	6605089
451484	6605107
451485	6605119
451486	6605149
451487	6605153
451488	6605167
451489	6605171
451490	6605191
451491	6605219
451492	6605237
451493	6605257
451494	6605267
451495	6605281
451496	6605297
451497	6605303
451498	6605309
451499	6605311
451500	6605321
451501	6605327
451502	6605341
451503	6605363
451504	6605371
451505	6605377
451506	6605381
451507	6605399
451508	6605411
451509	6605429
451510	6605437
451511	6605441
451512	6605471
451513	6605477
451514	6605479
451515	6605513
451516	6605519
451517	6605527
451518	6605561
451519	6605563
451520	6605579
451521	6605587
451522	6605593
451523	6605653
451524	6605657
451525	6605663
451526	6605693
451527	6605701
451528	6605717
451529	6605737
451530	6605747
451531	6605791
451532	6605801
451533	6605813
451534	6605827
451535	6605831
451536	6605849
451537	6605857
451538	6605891
451539	6605903
451540	6605909
451541	6605917
451542	6605933
451543	6605941
451544	6605947
451545	6605953
451546	6605969
451547	6605971
451548	6605983
451549	6605987
451550	6606011
451551	6606023
451552	6606031
451553	6606077
451554	6606097
451555	6606101
451556	6606109
451557	6606121
451558	6606139
451559	6606143
451560	6606157
451561	6606161
451562	6606169
451563	6606181
451564	6606191
451565	6606209
451566	6606233
451567	6606247
451568	6606263
451569	6606269
451570	6606283
451571	6606293
451572	6606307
451573	6606323
451574	6606329
451575	6606331
451576	6606343
451577	6606389
451578	6606409
451579	6606419
451580	6606437
451581	6606443
451582	6606463
451583	6606469
451584	6606473
451585	6606487
451586	6606493
451587	6606521
451588	6606527
451589	6606541
451590	6606581
451591	6606629
451592	6606631
451593	6606637
451594	6606641
451595	6606647
451596	6606653
451597	6606673
451598	6606679
451599	6606731
451600	6606739
451601	6606749
451602	6606779
451603	6606811
451604	6606827
451605	6606833
451606	6606839
451607	6606877
451608	6606893
451609	6606913
451610	6606917
451611	6606923
451612	6606953
451613	6606959
451614	6606967
451615	6606973
451616	6606991
451617	6607009
451618	6607019
451619	6607037
451620	6607039
451621	6607063
451622	6607121
451623	6607151
451624	6607163
451625	6607177
451626	6607199
451627	6607207
451628	6607229
451629	6607241
451630	6607243
451631	6607261
451632	6607283
451633	6607291
451634	6607297
451635	6607301
451636	6607343
451637	6607361
451638	6607369
451639	6607379
451640	6607409
451641	6607439
451642	6607487
451643	6607493
451644	6607501
451645	6607529
451646	6607537
451647	6607567
451648	6607591
451649	6607597
451650	6607613
451651	6607631
451652	6607663
451653	6607673
451654	6607697
451655	6607709
451656	6607717
451657	6607721
451658	6607729
451659	6607751
451660	6607813
451661	6607819
451662	6607829
451663	6607837
451664	6607841
451665	6607889
451666	6607903
451667	6607919
451668	6607949
451669	6607957
451670	6607961
451671	6607963
451672	6607967
451673	6607981
451674	6608003
451675	6608047
451676	6608051
451677	6608071
451678	6608083
451679	6608099
451680	6608117
451681	6608123
451682	6608131
451683	6608137
451684	6608141
451685	6608149
451686	6608167
451687	6608207
451688	6608209
451689	6608221
451690	6608227
451691	6608243
451692	6608263
451693	6608269
451694	6608279
451695	6608281
451696	6608293
451697	6608321
451698	6608323
451699	6608351
451700	6608387
451701	6608417
451702	6608419
451703	6608423
451704	6608431
451705	6608473
451706	6608479
451707	6608489
451708	6608507
451709	6608519
451710	6608527
451711	6608573
451712	6608603
451713	6608621
451714	6608633
451715	6608639
451716	6608647
451717	6608653
451718	6608683
451719	6608689
451720	6608737
451721	6608741
451722	6608747
451723	6608761
451724	6608783
451725	6608807
451726	6608809
451727	6608821
451728	6608837
451729	6608851
451730	6608857
451731	6608863
451732	6608867
451733	6608891
451734	6608911
451735	6608929
451736	6608939
451737	6608951
451738	6608957
451739	6608993
451740	6609007
451741	6609011
451742	6609019
451743	6609023
451744	6609049
451745	6609089
451746	6609101
451747	6609139
451748	6609149
451749	6609179
451750	6609181
451751	6609191
451752	6609221
451753	6609223
451754	6609227
451755	6609233
451756	6609247
451757	6609263
451758	6609271
451759	6609287
451760	6609299
451761	6609301
451762	6609307
451763	6609313
451764	6609331
451765	6609341
451766	6609353
451767	6609409
451768	6609437
451769	6609439
451770	6609443
451771	6609457
451772	6609467
451773	6609503
451774	6609517
451775	6609523
451776	6609553
451777	6609571
451778	6609601
451779	6609607
451780	6609649
451781	6609661
451782	6609667
451783	6609679
451784	6609689
451785	6609737
451786	6609761
451787	6609769
451788	6609781
451789	6609793
451790	6609797
451791	6609803
451792	6609833
451793	6609847
451794	6609859
451795	6609877
451796	6609881
451797	6609893
451798	6609971
451799	6609973
451800	6609989
451801	6610049
451802	6610063
451803	6610067
451804	6610069
451805	6610091
451806	6610103
451807	6610111
451808	6610117
451809	6610133
451810	6610141
451811	6610151
451812	6610159
451813	6610169
451814	6610181
451815	6610187
451816	6610189
451817	6610199
451818	6610217
451819	6610237
451820	6610249
451821	6610273
451822	6610283
451823	6610321
451824	6610337
451825	6610343
451826	6610379
451827	6610393
451828	6610397
451829	6610411
451830	6610427
451831	6610441
451832	6610451
451833	6610459
451834	6610469
451835	6610489
451836	6610493
451837	6610507
451838	6610511
451839	6610517
451840	6610547
451841	6610559
451842	6610561
451843	6610573
451844	6610589
451845	6610601
451846	6610607
451847	6610609
451848	6610619
451849	6610621
451850	6610673
451851	6610687
451852	6610699
451853	6610711
451854	6610733
451855	6610759
451856	6610763
451857	6610783
451858	6610787
451859	6610789
451860	6610801
451861	6610817
451862	6610819
451863	6610853
451864	6610859
451865	6610861
451866	6610883
451867	6610907
451868	6610937
451869	6610939
451870	6610951
451871	6610991
451872	6610999
451873	6611027
451874	6611039
451875	6611041
451876	6611057
451877	6611071
451878	6611081
451879	6611141
451880	6611149
451881	6611179
451882	6611191
451883	6611219
451884	6611237
451885	6611303
451886	6611321
451887	6611323
451888	6611329
451889	6611347
451890	6611369
451891	6611383
451892	6611389
451893	6611393
451894	6611399
451895	6611413
451896	6611417
451897	6611441
451898	6611447
451899	6611461
451900	6611489
451901	6611491
451902	6611497
451903	6611503
451904	6611509
451905	6611519
451906	6611533
451907	6611573
451908	6611593
451909	6611597
451910	6611611
451911	6611621
451912	6611629
451913	6611651
451914	6611653
451915	6611659
451916	6611663
451917	6611699
451918	6611707
451919	6611777
451920	6611807
451921	6611821
451922	6611849
451923	6611873
451924	6611881
451925	6611893
451926	6611921
451927	6611923
451928	6611933
451929	6611951
451930	6611989
451931	6611993
451932	6612013
451933	6612041
451934	6612061
451935	6612079
451936	6612097
451937	6612119
451938	6612127
451939	6612143
451940	6612149
451941	6612161
451942	6612169
451943	6612181
451944	6612187
451945	6612197
451946	6612223
451947	6612241
451948	6612257
451949	6612271
451950	6612299
451951	6612311
451952	6612313
451953	6612341
451954	6612391
451955	6612401
451956	6612427
451957	6612449
451958	6612451
451959	6612457
451960	6612467
451961	6612469
451962	6612479
451963	6612481
451964	6612491
451965	6612499
451966	6612539
451967	6612547
451968	6612563
451969	6612577
451970	6612581
451971	6612601
451972	6612607
451973	6612623
451974	6612629
451975	6612653
451976	6612659
451977	6612673
451978	6612679
451979	6612691
451980	6612701
451981	6612721
451982	6612731
451983	6612733
451984	6612791
451985	6612811
451986	6612857
451987	6612871
451988	6612877
451989	6612883
451990	6612887
451991	6612911
451992	6612913
451993	6612919
451994	6612929
451995	6612953
451996	6612959
451997	6612961
451998	6612971
451999	6612979
452000	6613001
