452001	6613003
452002	6613021
452003	6613027
452004	6613031
452005	6613037
452006	6613039
452007	6613043
452008	6613069
452009	6613081
452010	6613091
452011	6613109
452012	6613111
452013	6613129
452014	6613141
452015	6613151
452016	6613157
452017	6613163
452018	6613183
452019	6613207
452020	6613219
452021	6613223
452022	6613231
452023	6613237
452024	6613253
452025	6613267
452026	6613283
452027	6613297
452028	6613301
452029	6613307
452030	6613319
452031	6613331
452032	6613333
452033	6613337
452034	6613339
452035	6613361
452036	6613429
452037	6613433
452038	6613471
452039	6613483
452040	6613507
452041	6613517
452042	6613543
452043	6613567
452044	6613573
452045	6613589
452046	6613591
452047	6613597
452048	6613601
452049	6613603
452050	6613619
452051	6613631
452052	6613753
452053	6613781
452054	6613807
452055	6613823
452056	6613829
452057	6613853
452058	6613879
452059	6613883
452060	6613891
452061	6613913
452062	6613927
452063	6613931
452064	6613973
452065	6613979
452066	6613987
452067	6614017
452068	6614053
452069	6614063
452070	6614089
452071	6614093
452072	6614119
452073	6614123
452074	6614137
452075	6614141
452076	6614143
452077	6614149
452078	6614159
452079	6614177
452080	6614183
452081	6614189
452082	6614197
452083	6614203
452084	6614221
452085	6614249
452086	6614269
452087	6614273
452088	6614323
452089	6614327
452090	6614339
452091	6614341
452092	6614371
452093	6614393
452094	6614401
452095	6614423
452096	6614429
452097	6614437
452098	6614449
452099	6614467
452100	6614471
452101	6614473
452102	6614477
452103	6614507
452104	6614533
452105	6614537
452106	6614539
452107	6614579
452108	6614609
452109	6614611
452110	6614617
452111	6614623
452112	6614651
452113	6614677
452114	6614693
452115	6614701
452116	6614711
452117	6614719
452118	6614737
452119	6614759
452120	6614791
452121	6614801
452122	6614833
452123	6614863
452124	6614879
452125	6614891
452126	6614893
452127	6614911
452128	6614939
452129	6614947
452130	6614957
452131	6614963
452132	6615013
452133	6615019
452134	6615031
452135	6615043
452136	6615047
452137	6615067
452138	6615071
452139	6615079
452140	6615113
452141	6615127
452142	6615131
452143	6615143
452144	6615157
452145	6615179
452146	6615181
452147	6615199
452148	6615221
452149	6615229
452150	6615233
452151	6615241
452152	6615251
452153	6615263
452154	6615269
452155	6615289
452156	6615299
452157	6615311
452158	6615317
452159	6615353
452160	6615361
452161	6615377
452162	6615443
452163	6615449
452164	6615463
452165	6615487
452166	6615491
452167	6615503
452168	6615523
452169	6615529
452170	6615541
452171	6615547
452172	6615551
452173	6615571
452174	6615577
452175	6615589
452176	6615613
452177	6615641
452178	6615643
452179	6615649
452180	6615659
452181	6615671
452182	6615677
452183	6615727
452184	6615733
452185	6615751
452186	6615757
452187	6615769
452188	6615773
452189	6615787
452190	6615809
452191	6615853
452192	6615887
452193	6615899
452194	6615911
452195	6615913
452196	6615919
452197	6615943
452198	6615967
452199	6615977
452200	6615979
452201	6616003
452202	6616021
452203	6616033
452204	6616069
452205	6616073
452206	6616087
452207	6616117
452208	6616139
452209	6616151
452210	6616163
452211	6616189
452212	6616217
452213	6616219
452214	6616223
452215	6616231
452216	6616271
452217	6616283
452218	6616289
452219	6616297
452220	6616301
452221	6616339
452222	6616343
452223	6616381
452224	6616391
452225	6616397
452226	6616399
452227	6616403
452228	6616447
452229	6616469
452230	6616471
452231	6616481
452232	6616483
452233	6616499
452234	6616513
452235	6616517
452236	6616523
452237	6616529
452238	6616531
452239	6616537
452240	6616543
452241	6616549
452242	6616567
452243	6616583
452244	6616591
452245	6616601
452246	6616607
452247	6616637
452248	6616651
452249	6616657
452250	6616667
452251	6616681
452252	6616697
452253	6616717
452254	6616751
452255	6616759
452256	6616763
452257	6616777
452258	6616781
452259	6616783
452260	6616787
452261	6616789
452262	6616837
452263	6616861
452264	6616871
452265	6616873
452266	6616879
452267	6616931
452268	6616991
452269	6616993
452270	6617003
452271	6617011
452272	6617053
452273	6617057
452274	6617071
452275	6617087
452276	6617159
452277	6617161
452278	6617173
452279	6617183
452280	6617189
452281	6617197
452282	6617257
452283	6617293
452284	6617323
452285	6617327
452286	6617329
452287	6617357
452288	6617363
452289	6617371
452290	6617383
452291	6617407
452292	6617411
452293	6617431
452294	6617449
452295	6617467
452296	6617473
452297	6617483
452298	6617489
452299	6617497
452300	6617503
452301	6617521
452302	6617531
452303	6617543
452304	6617557
452305	6617563
452306	6617579
452307	6617581
452308	6617599
452309	6617603
452310	6617627
452311	6617693
452312	6617701
452313	6617711
452314	6617747
452315	6617753
452316	6617761
452317	6617789
452318	6617797
452319	6617803
452320	6617827
452321	6617837
452322	6617861
452323	6617867
452324	6617873
452325	6617893
452326	6617917
452327	6617921
452328	6617939
452329	6617953
452330	6617957
452331	6617969
452332	6617983
452333	6617987
452334	6617993
452335	6618013
452336	6618037
452337	6618041
452338	6618047
452339	6618077
452340	6618103
452341	6618109
452342	6618113
452343	6618127
452344	6618169
452345	6618191
452346	6618197
452347	6618203
452348	6618217
452349	6618223
452350	6618229
452351	6618233
452352	6618239
452353	6618247
452354	6618277
452355	6618281
452356	6618299
452357	6618323
452358	6618349
452359	6618401
452360	6618413
452361	6618419
452362	6618421
452363	6618433
452364	6618463
452365	6618487
452366	6618497
452367	6618499
452368	6618509
452369	6618511
452370	6618529
452371	6618533
452372	6618551
452373	6618553
452374	6618569
452375	6618581
452376	6618617
452377	6618653
452378	6618659
452379	6618701
452380	6618713
452381	6618727
452382	6618737
452383	6618739
452384	6618751
452385	6618761
452386	6618769
452387	6618809
452388	6618811
452389	6618823
452390	6618827
452391	6618839
452392	6618851
452393	6618853
452394	6618901
452395	6618907
452396	6618919
452397	6618923
452398	6618929
452399	6618949
452400	6618959
452401	6618971
452402	6618979
452403	6618991
452404	6619021
452405	6619031
452406	6619043
452407	6619051
452408	6619073
452409	6619079
452410	6619091
452411	6619099
452412	6619111
452413	6619139
452414	6619141
452415	6619157
452416	6619159
452417	6619169
452418	6619211
452419	6619219
452420	6619229
452421	6619231
452422	6619253
452423	6619289
452424	6619303
452425	6619343
452426	6619357
452427	6619363
452428	6619369
452429	6619381
452430	6619441
452431	6619451
452432	6619471
452433	6619493
452434	6619507
452435	6619513
452436	6619519
452437	6619589
452438	6619609
452439	6619643
452440	6619649
452441	6619651
452442	6619673
452443	6619687
452444	6619693
452445	6619747
452446	6619751
452447	6619757
452448	6619759
452449	6619777
452450	6619799
452451	6619813
452452	6619829
452453	6619849
452454	6619861
452455	6619867
452456	6619871
452457	6619889
452458	6619927
452459	6619931
452460	6619937
452461	6619967
452462	6619981
452463	6620011
452464	6620017
452465	6620027
452466	6620039
452467	6620057
452468	6620059
452469	6620083
452470	6620101
452471	6620171
452472	6620183
452473	6620209
452474	6620231
452475	6620261
452476	6620281
452477	6620287
452478	6620291
452479	6620309
452480	6620351
452481	6620353
452482	6620357
452483	6620363
452484	6620371
452485	6620387
452486	6620399
452487	6620401
452488	6620407
452489	6620423
452490	6620441
452491	6620461
452492	6620489
452493	6620501
452494	6620503
452495	6620507
452496	6620519
452497	6620587
452498	6620597
452499	6620611
452500	6620617
452501	6620629
452502	6620681
452503	6620689
452504	6620693
452505	6620699
452506	6620717
452507	6620741
452508	6620771
452509	6620777
452510	6620791
452511	6620807
452512	6620819
452513	6620833
452514	6620851
452515	6620857
452516	6620863
452517	6620869
452518	6620899
452519	6620927
452520	6620947
452521	6620951
452522	6620953
452523	6620981
452524	6621029
452525	6621061
452526	6621071
452527	6621103
452528	6621119
452529	6621127
452530	6621137
452531	6621151
452532	6621163
452533	6621191
452534	6621233
452535	6621239
452536	6621281
452537	6621283
452538	6621287
452539	6621289
452540	6621311
452541	6621331
452542	6621337
452543	6621341
452544	6621353
452545	6621359
452546	6621361
452547	6621371
452548	6621379
452549	6621413
452550	6621421
452551	6621451
452552	6621463
452553	6621487
452554	6621497
452555	6621499
452556	6621529
452557	6621533
452558	6621553
452559	6621607
452560	6621649
452561	6621691
452562	6621707
452563	6621731
452564	6621749
452565	6621751
452566	6621809
452567	6621827
452568	6621829
452569	6621833
452570	6621841
452571	6621847
452572	6621851
452573	6621883
452574	6621911
452575	6621929
452576	6621931
452577	6621943
452578	6621949
452579	6621961
452580	6621991
452581	6621997
452582	6622009
452583	6622019
452584	6622037
452585	6622069
452586	6622081
452587	6622097
452588	6622111
452589	6622151
452590	6622153
452591	6622157
452592	6622177
452593	6622193
452594	6622199
452595	6622211
452596	6622283
452597	6622303
452598	6622307
452599	6622309
452600	6622339
452601	6622349
452602	6622373
452603	6622379
452604	6622391
452605	6622423
452606	6622457
452607	6622489
452608	6622493
452609	6622501
452610	6622523
452611	6622531
452612	6622541
452613	6622547
452614	6622601
452615	6622619
452616	6622631
452617	6622661
452618	6622663
452619	6622703
452620	6622711
452621	6622729
452622	6622753
452623	6622783
452624	6622787
452625	6622789
452626	6622799
452627	6622801
452628	6622813
452629	6622823
452630	6622829
452631	6622859
452632	6622867
452633	6622897
452634	6622907
452635	6622939
452636	6622961
452637	6622981
452638	6622997
452639	6622999
452640	6623009
452641	6623021
452642	6623027
452643	6623033
452644	6623041
452645	6623059
452646	6623087
452647	6623101
452648	6623117
452649	6623131
452650	6623159
452651	6623171
452652	6623173
452653	6623203
452654	6623213
452655	6623231
452656	6623237
452657	6623261
452658	6623273
452659	6623297
452660	6623303
452661	6623311
452662	6623321
452663	6623327
452664	6623341
452665	6623369
452666	6623371
452667	6623389
452668	6623401
452669	6623411
452670	6623413
452671	6623417
452672	6623423
452673	6623459
452674	6623467
452675	6623521
452676	6623531
452677	6623549
452678	6623581
452679	6623611
452680	6623707
452681	6623711
452682	6623719
452683	6623737
452684	6623741
452685	6623759
452686	6623789
452687	6623791
452688	6623797
452689	6623809
452690	6623819
452691	6623833
452692	6623857
452693	6623873
452694	6623879
452695	6623891
452696	6623893
452697	6623899
452698	6623927
452699	6623959
452700	6623963
452701	6624017
452702	6624031
452703	6624041
452704	6624043
452705	6624047
452706	6624061
452707	6624077
452708	6624127
452709	6624143
452710	6624197
452711	6624199
452712	6624259
452713	6624269
452714	6624307
452715	6624337
452716	6624353
452717	6624377
452718	6624379
452719	6624413
452720	6624427
452721	6624433
452722	6624439
452723	6624463
452724	6624469
452725	6624473
452726	6624481
452727	6624487
452728	6624503
452729	6624533
452730	6624547
452731	6624551
452732	6624581
452733	6624589
452734	6624599
452735	6624613
452736	6624619
452737	6624641
452738	6624659
452739	6624671
452740	6624721
452741	6624727
452742	6624733
452743	6624743
452744	6624757
452745	6624763
452746	6624769
452747	6624773
452748	6624799
452749	6624803
452750	6624817
452751	6624833
452752	6624859
452753	6624899
452754	6624923
452755	6624931
452756	6624941
452757	6624953
452758	6624971
452759	6624973
452760	6625001
452761	6625007
452762	6625033
452763	6625039
452764	6625043
452765	6625061
452766	6625093
452767	6625117
452768	6625123
452769	6625141
452770	6625147
452771	6625153
452772	6625163
452773	6625181
452774	6625193
452775	6625207
452776	6625237
452777	6625247
452778	6625273
452779	6625301
452780	6625321
452781	6625343
452782	6625349
452783	6625361
452784	6625363
452785	6625373
452786	6625379
452787	6625387
452788	6625417
452789	6625447
452790	6625453
452791	6625459
452792	6625481
452793	6625501
452794	6625511
452795	6625513
452796	6625519
452797	6625571
452798	6625573
452799	6625579
452800	6625603
452801	6625607
452802	6625613
452803	6625621
452804	6625639
452805	6625667
452806	6625669
452807	6625673
452808	6625687
452809	6625693
452810	6625709
452811	6625747
452812	6625769
452813	6625777
452814	6625781
452815	6625789
452816	6625819
452817	6625823
452818	6625841
452819	6625859
452820	6625873
452821	6625907
452822	6625921
452823	6625939
452824	6625943
452825	6625979
452826	6625987
452827	6626029
452828	6626069
452829	6626077
452830	6626083
452831	6626089
452832	6626129
452833	6626143
452834	6626161
452835	6626173
452836	6626177
452837	6626183
452838	6626227
452839	6626267
452840	6626303
452841	6626309
452842	6626329
452843	6626341
452844	6626351
452845	6626377
452846	6626381
452847	6626407
452848	6626423
452849	6626443
452850	6626453
452851	6626513
452852	6626531
452853	6626551
452854	6626561
452855	6626563
452856	6626569
452857	6626579
452858	6626593
452859	6626597
452860	6626603
452861	6626621
452862	6626623
452863	6626639
452864	6626647
452865	6626657
452866	6626677
452867	6626693
452868	6626699
452869	6626701
452870	6626713
452871	6626723
452872	6626729
452873	6626743
452874	6626747
452875	6626779
452876	6626797
452877	6626833
452878	6626849
452879	6626861
452880	6626863
452881	6626881
452882	6626887
452883	6626941
452884	6626947
452885	6626981
452886	6626989
452887	6626999
452888	6627001
452889	6627017
452890	6627043
452891	6627077
452892	6627083
452893	6627097
452894	6627113
452895	6627119
452896	6627139
452897	6627157
452898	6627163
452899	6627169
452900	6627191
452901	6627193
452902	6627217
452903	6627251
452904	6627253
452905	6627287
452906	6627319
452907	6627343
452908	6627347
452909	6627349
452910	6627359
452911	6627373
452912	6627377
452913	6627391
452914	6627407
452915	6627431
452916	6627443
452917	6627479
452918	6627493
452919	6627497
452920	6627503
452921	6627553
452922	6627557
452923	6627581
452924	6627587
452925	6627601
452926	6627617
452927	6627623
452928	6627629
452929	6627661
452930	6627667
452931	6627679
452932	6627697
452933	6627701
452934	6627727
452935	6627737
452936	6627757
452937	6627767
452938	6627793
452939	6627811
452940	6627821
452941	6627851
452942	6627853
452943	6627857
452944	6627869
452945	6627877
452946	6627899
452947	6627911
452948	6627917
452949	6627949
452950	6627989
452951	6627991
452952	6628007
452953	6628033
452954	6628051
452955	6628057
452956	6628073
452957	6628087
452958	6628099
452959	6628103
452960	6628123
452961	6628133
452962	6628159
452963	6628177
452964	6628189
452965	6628201
452966	6628247
452967	6628253
452968	6628261
452969	6628267
452970	6628277
452971	6628289
452972	6628309
452973	6628313
452974	6628357
452975	6628367
452976	6628373
452977	6628379
452978	6628403
452979	6628409
452980	6628411
452981	6628417
452982	6628421
452983	6628423
452984	6628477
452985	6628483
452986	6628499
452987	6628537
452988	6628541
452989	6628553
452990	6628561
452991	6628571
452992	6628607
452993	6628613
452994	6628621
452995	6628639
452996	6628651
452997	6628667
452998	6628673
452999	6628679
453000	6628711
