453001	6628717
453002	6628723
453003	6628729
453004	6628753
453005	6628781
453006	6628813
453007	6628819
453008	6628847
453009	6628859
453010	6628877
453011	6628879
453012	6628943
453013	6628981
453014	6629033
453015	6629039
453016	6629041
453017	6629059
453018	6629101
453019	6629107
453020	6629111
453021	6629113
453022	6629141
453023	6629149
453024	6629173
453025	6629177
453026	6629191
453027	6629213
453028	6629219
453029	6629237
453030	6629239
453031	6629251
453032	6629279
453033	6629281
453034	6629291
453035	6629317
453036	6629323
453037	6629333
453038	6629351
453039	6629369
453040	6629377
453041	6629383
453042	6629387
453043	6629393
453044	6629407
453045	6629411
453046	6629437
453047	6629471
453048	6629477
453049	6629479
453050	6629509
453051	6629551
453052	6629561
453053	6629563
453054	6629573
453055	6629591
453056	6629593
453057	6629617
453058	6629627
453059	6629647
453060	6629683
453061	6629687
453062	6629713
453063	6629729
453064	6629731
453065	6629737
453066	6629747
453067	6629761
453068	6629807
453069	6629873
453070	6629891
453071	6629897
453072	6629921
453073	6629923
453074	6629927
453075	6629941
453076	6629963
453077	6629969
453078	6630011
453079	6630023
453080	6630037
453081	6630061
453082	6630089
453083	6630097
453084	6630101
453085	6630103
453086	6630121
453087	6630131
453088	6630137
453089	6630157
453090	6630163
453091	6630167
453092	6630191
453093	6630203
453094	6630223
453095	6630227
453096	6630229
453097	6630257
453098	6630269
453099	6630277
453100	6630287
453101	6630293
453102	6630313
453103	6630319
453104	6630359
453105	6630367
453106	6630409
453107	6630433
453108	6630457
453109	6630461
453110	6630467
453111	6630499
453112	6630523
453113	6630539
453114	6630541
453115	6630551
453116	6630553
453117	6630583
453118	6630587
453119	6630599
453120	6630607
453121	6630641
453122	6630653
453123	6630661
453124	6630691
453125	6630703
453126	6630709
453127	6630737
453128	6630749
453129	6630769
453130	6630773
453131	6630779
453132	6630803
453133	6630817
453134	6630839
453135	6630847
453136	6630851
453137	6630853
453138	6630859
453139	6630887
453140	6630907
453141	6630913
453142	6630919
453143	6630961
453144	6630979
453145	6630983
453146	6631021
453147	6631033
453148	6631039
453149	6631063
453150	6631067
453151	6631081
453152	6631109
453153	6631129
453154	6631147
453155	6631151
453156	6631189
453157	6631193
453158	6631213
453159	6631223
453160	6631237
453161	6631271
453162	6631279
453163	6631321
453164	6631327
453165	6631333
453166	6631367
453167	6631369
453168	6631379
453169	6631409
453170	6631421
453171	6631447
453172	6631477
453173	6631483
453174	6631501
453175	6631553
453176	6631571
453177	6631579
453178	6631591
453179	6631607
453180	6631619
453181	6631637
453182	6631643
453183	6631661
453184	6631663
453185	6631679
453186	6631693
453187	6631697
453188	6631699
453189	6631721
453190	6631733
453191	6631739
453192	6631763
453193	6631789
453194	6631871
453195	6631883
453196	6631901
453197	6631903
453198	6631907
453199	6631909
453200	6631913
453201	6631939
453202	6631951
453203	6631979
453204	6631993
453205	6631997
453206	6632009
453207	6632051
453208	6632063
453209	6632113
453210	6632117
453211	6632141
453212	6632149
453213	6632167
453214	6632177
453215	6632203
453216	6632207
453217	6632221
453218	6632231
453219	6632237
453220	6632239
453221	6632251
453222	6632267
453223	6632291
453224	6632299
453225	6632317
453226	6632333
453227	6632359
453228	6632377
453229	6632389
453230	6632393
453231	6632401
453232	6632413
453233	6632429
453234	6632459
453235	6632467
453236	6632477
453237	6632491
453238	6632519
453239	6632537
453240	6632573
453241	6632599
453242	6632617
453243	6632623
453244	6632627
453245	6632651
453246	6632683
453247	6632699
453248	6632701
453249	6632711
453250	6632723
453251	6632777
453252	6632789
453253	6632797
453254	6632803
453255	6632807
453256	6632819
453257	6632837
453258	6632849
453259	6632887
453260	6632911
453261	6632921
453262	6632981
453263	6633001
453264	6633007
453265	6633013
453266	6633017
453267	6633019
453268	6633031
453269	6633047
453270	6633089
453271	6633091
453272	6633119
453273	6633139
453274	6633149
453275	6633161
453276	6633173
453277	6633181
453278	6633191
453279	6633197
453280	6633229
453281	6633241
453282	6633283
453283	6633293
453284	6633301
453285	6633343
453286	6633353
453287	6633371
453288	6633391
453289	6633421
453290	6633433
453291	6633449
453292	6633457
453293	6633461
453294	6633463
453295	6633467
453296	6633479
453297	6633491
453298	6633493
453299	6633503
453300	6633511
453301	6633569
453302	6633577
453303	6633589
453304	6633593
453305	6633607
453306	6633643
453307	6633647
453308	6633661
453309	6633667
453310	6633701
453311	6633719
453312	6633727
453313	6633749
453314	6633773
453315	6633787
453316	6633839
453317	6633853
453318	6633857
453319	6633877
453320	6633889
453321	6633899
453322	6633917
453323	6633931
453324	6633947
453325	6633967
453326	6634009
453327	6634013
453328	6634039
453329	6634049
453330	6634079
453331	6634081
453332	6634091
453333	6634109
453334	6634151
453335	6634171
453336	6634219
453337	6634223
453338	6634231
453339	6634237
453340	6634241
453341	6634297
453342	6634307
453343	6634319
453344	6634337
453345	6634339
453346	6634357
453347	6634361
453348	6634391
453349	6634423
453350	6634429
453351	6634447
453352	6634451
453353	6634469
453354	6634517
453355	6634531
453356	6634547
453357	6634549
453358	6634559
453359	6634561
453360	6634571
453361	6634583
453362	6634597
453363	6634613
453364	6634619
453365	6634627
453366	6634631
453367	6634633
453368	6634637
453369	6634643
453370	6634673
453371	6634711
453372	6634717
453373	6634739
453374	6634759
453375	6634769
453376	6634783
453377	6634799
453378	6634829
453379	6634841
453380	6634853
453381	6634871
453382	6634889
453383	6634891
453384	6634921
453385	6634931
453386	6634949
453387	6634967
453388	6635003
453389	6635011
453390	6635033
453391	6635051
453392	6635053
453393	6635087
453394	6635089
453395	6635093
453396	6635129
453397	6635137
453398	6635143
453399	6635179
453400	6635221
453401	6635231
453402	6635243
453403	6635249
453404	6635261
453405	6635263
453406	6635267
453407	6635309
453408	6635311
453409	6635323
453410	6635327
453411	6635353
453412	6635359
453413	6635407
453414	6635467
453415	6635513
453416	6635521
453417	6635527
453418	6635539
453419	6635549
453420	6635561
453421	6635597
453422	6635609
453423	6635611
453424	6635621
453425	6635633
453426	6635659
453427	6635663
453428	6635669
453429	6635677
453430	6635683
453431	6635689
453432	6635719
453433	6635723
453434	6635737
453435	6635749
453436	6635777
453437	6635791
453438	6635813
453439	6635821
453440	6635843
453441	6635857
453442	6635861
453443	6635879
453444	6635887
453445	6635897
453446	6635903
453447	6635917
453448	6635927
453449	6635947
453450	6635957
453451	6635963
453452	6636011
453453	6636017
453454	6636023
453455	6636037
453456	6636059
453457	6636083
453458	6636101
453459	6636109
453460	6636127
453461	6636169
453462	6636173
453463	6636181
453464	6636199
453465	6636221
453466	6636229
453467	6636269
453468	6636293
453469	6636317
453470	6636337
453471	6636359
453472	6636433
453473	6636457
453474	6636467
453475	6636479
453476	6636493
453477	6636523
453478	6636527
453479	6636557
453480	6636559
453481	6636571
453482	6636589
453483	6636593
453484	6636611
453485	6636661
453486	6636667
453487	6636689
453488	6636701
453489	6636709
453490	6636767
453491	6636769
453492	6636779
453493	6636781
453494	6636797
453495	6636803
453496	6636809
453497	6636827
453498	6636863
453499	6636887
453500	6636913
453501	6636923
453502	6636937
453503	6636943
453504	6636961
453505	6636979
453506	6636989
453507	6637003
453508	6637049
453509	6637063
453510	6637067
453511	6637073
453512	6637091
453513	6637109
453514	6637117
453515	6637129
453516	6637139
453517	6637153
453518	6637159
453519	6637177
453520	6637181
453521	6637187
453522	6637223
453523	6637229
453524	6637237
453525	6637249
453526	6637273
453527	6637277
453528	6637283
453529	6637291
453530	6637297
453531	6637303
453532	6637307
453533	6637313
453534	6637321
453535	6637339
453536	6637357
453537	6637369
453538	6637373
453539	6637399
453540	6637439
453541	6637447
453542	6637453
453543	6637487
453544	6637571
453545	6637583
453546	6637591
453547	6637601
453548	6637621
453549	6637637
453550	6637643
453551	6637649
453552	6637651
453553	6637679
453554	6637681
453555	6637691
453556	6637693
453557	6637703
453558	6637711
453559	6637717
453560	6637721
453561	6637727
453562	6637739
453563	6637811
453564	6637819
453565	6637843
453566	6637847
453567	6637853
453568	6637877
453569	6637903
453570	6637919
453571	6637921
453572	6637931
453573	6637933
453574	6637949
453575	6637957
453576	6637979
453577	6637987
453578	6637997
453579	6638017
453580	6638029
453581	6638057
453582	6638069
453583	6638101
453584	6638131
453585	6638141
453586	6638147
453587	6638153
453588	6638167
453589	6638179
453590	6638221
453591	6638227
453592	6638231
453593	6638249
453594	6638251
453595	6638263
453596	6638273
453597	6638299
453598	6638321
453599	6638339
453600	6638341
453601	6638363
453602	6638369
453603	6638377
453604	6638393
453605	6638407
453606	6638459
453607	6638473
453608	6638491
453609	6638497
453610	6638509
453611	6638519
453612	6638531
453613	6638549
453614	6638579
453615	6638591
453616	6638603
453617	6638617
453618	6638627
453619	6638633
453620	6638647
453621	6638669
453622	6638689
453623	6638701
453624	6638741
453625	6638773
453626	6638791
453627	6638803
453628	6638851
453629	6638893
453630	6638903
453631	6638911
453632	6638953
453633	6638977
453634	6639001
453635	6639011
453636	6639013
453637	6639041
453638	6639047
453639	6639049
453640	6639067
453641	6639077
453642	6639107
453643	6639109
453644	6639119
453645	6639209
453646	6639223
453647	6639233
453648	6639251
453649	6639263
453650	6639287
453651	6639293
453652	6639307
453653	6639313
453654	6639331
453655	6639337
453656	6639349
453657	6639377
453658	6639383
453659	6639389
453660	6639407
453661	6639439
453662	6639449
453663	6639467
453664	6639481
453665	6639497
453666	6639509
453667	6639511
453668	6639527
453669	6639533
453670	6639547
453671	6639593
453672	6639601
453673	6639629
453674	6639631
453675	6639641
453676	6639653
453677	6639679
453678	6639697
453679	6639719
453680	6639739
453681	6639757
453682	6639769
453683	6639799
453684	6639803
453685	6639817
453686	6639823
453687	6639833
453688	6639839
453689	6639851
453690	6639863
453691	6639881
453692	6639889
453693	6639907
453694	6639929
453695	6639937
453696	6639943
453697	6639989
453698	6640003
453699	6640009
453700	6640021
453701	6640027
453702	6640061
453703	6640069
453704	6640079
453705	6640091
453706	6640093
453707	6640111
453708	6640121
453709	6640129
453710	6640157
453711	6640163
453712	6640181
453713	6640213
453714	6640223
453715	6640241
453716	6640289
453717	6640297
453718	6640321
453719	6640327
453720	6640331
453721	6640339
453722	6640349
453723	6640369
453724	6640373
453725	6640393
453726	6640397
453727	6640409
453728	6640411
453729	6640429
453730	6640441
453731	6640451
453732	6640453
453733	6640463
453734	6640477
453735	6640493
453736	6640499
453737	6640511
453738	6640547
453739	6640549
453740	6640553
453741	6640567
453742	6640577
453743	6640589
453744	6640597
453745	6640631
453746	6640639
453747	6640651
453748	6640657
453749	6640663
453750	6640679
453751	6640687
453752	6640757
453753	6640759
453754	6640769
453755	6640793
453756	6640807
453757	6640817
453758	6640831
453759	6640841
453760	6640849
453761	6640889
453762	6640891
453763	6640901
453764	6640903
453765	6640927
453766	6640939
453767	6640967
453768	6640979
453769	6640987
453770	6640993
453771	6641021
453772	6641027
453773	6641039
453774	6641077
453775	6641083
453776	6641143
453777	6641149
453778	6641153
453779	6641177
453780	6641179
453781	6641183
453782	6641197
453783	6641231
453784	6641249
453785	6641263
453786	6641267
453787	6641287
453788	6641291
453789	6641329
453790	6641333
453791	6641351
453792	6641353
453793	6641357
453794	6641359
453795	6641381
453796	6641387
453797	6641399
453798	6641419
453799	6641449
453800	6641473
453801	6641477
453802	6641489
453803	6641491
453804	6641501
453805	6641513
453806	6641519
453807	6641527
453808	6641561
453809	6641563
453810	6641567
453811	6641573
453812	6641587
453813	6641633
453814	6641669
453815	6641671
453816	6641681
453817	6641683
453818	6641693
453819	6641699
453820	6641707
453821	6641717
453822	6641729
453823	6641753
453824	6641771
453825	6641797
453826	6641809
453827	6641813
453828	6641821
453829	6641827
453830	6641839
453831	6641851
453832	6641867
453833	6641891
453834	6641903
453835	6641953
453836	6641969
453837	6641977
453838	6641983
453839	6642007
453840	6642059
453841	6642067
453842	6642071
453843	6642079
453844	6642089
453845	6642109
453846	6642127
453847	6642137
453848	6642143
453849	6642149
453850	6642151
453851	6642169
453852	6642187
453853	6642211
453854	6642281
453855	6642283
453856	6642289
453857	6642299
453858	6642301
453859	6642319
453860	6642329
453861	6642341
453862	6642347
453863	6642353
453864	6642371
453865	6642373
453866	6642379
453867	6642403
453868	6642409
453869	6642431
453870	6642439
453871	6642487
453872	6642497
453873	6642521
453874	6642523
453875	6642539
453876	6642551
453877	6642553
453878	6642593
453879	6642613
453880	6642619
453881	6642637
453882	6642659
453883	6642707
453884	6642709
453885	6642763
453886	6642793
453887	6642803
453888	6642817
453889	6642829
453890	6642847
453891	6642863
453892	6642877
453893	6642887
453894	6642893
453895	6642907
453896	6642917
453897	6642919
453898	6642991
453899	6642997
453900	6643019
453901	6643033
453902	6643051
453903	6643057
453904	6643069
453905	6643097
453906	6643111
453907	6643123
453908	6643127
453909	6643129
453910	6643139
453911	6643151
453912	6643181
453913	6643201
453914	6643211
453915	6643213
453916	6643229
453917	6643249
453918	6643261
453919	6643283
453920	6643289
453921	6643303
453922	6643319
453923	6643321
453924	6643333
453925	6643337
453926	6643361
453927	6643381
453928	6643411
453929	6643423
453930	6643453
453931	6643487
453932	6643489
453933	6643499
453934	6643513
453935	6643537
453936	6643589
453937	6643607
453938	6643633
453939	6643649
453940	6643667
453941	6643687
453942	6643691
453943	6643699
453944	6643723
453945	6643729
453946	6643733
453947	6643739
453948	6643781
453949	6643789
453950	6643807
453951	6643811
453952	6643823
453953	6643829
453954	6643837
453955	6643843
453956	6643859
453957	6643883
453958	6643891
453959	6643907
453960	6643909
453961	6643919
453962	6643969
453963	6643981
453964	6643993
453965	6643999
453966	6644023
453967	6644047
453968	6644069
453969	6644081
453970	6644087
453971	6644101
453972	6644111
453973	6644123
453974	6644147
453975	6644149
453976	6644153
453977	6644159
453978	6644177
453979	6644191
453980	6644227
453981	6644269
453982	6644273
453983	6644293
453984	6644299
453985	6644311
453986	6644327
453987	6644359
453988	6644371
453989	6644377
453990	6644381
453991	6644389
453992	6644413
453993	6644431
453994	6644441
453995	6644459
453996	6644483
453997	6644503
453998	6644527
453999	6644537
454000	6644543
