454001	6644549
454002	6644551
454003	6644579
454004	6644581
454005	6644587
454006	6644621
454007	6644647
454008	6644681
454009	6644717
454010	6644753
454011	6644761
454012	6644783
454013	6644801
454014	6644837
454015	6644843
454016	6644863
454017	6644873
454018	6644879
454019	6644887
454020	6644903
454021	6644933
454022	6644959
454023	6644969
454024	6644983
454025	6645013
454026	6645019
454027	6645047
454028	6645049
454029	6645059
454030	6645071
454031	6645073
454032	6645077
454033	6645083
454034	6645131
454035	6645139
454036	6645151
454037	6645161
454038	6645169
454039	6645187
454040	6645209
454041	6645211
454042	6645217
454043	6645227
454044	6645259
454045	6645293
454046	6645313
454047	6645319
454048	6645329
454049	6645341
454050	6645389
454051	6645391
454052	6645461
454053	6645467
454054	6645469
454055	6645479
454056	6645491
454057	6645493
454058	6645517
454059	6645547
454060	6645557
454061	6645571
454062	6645577
454063	6645593
454064	6645601
454065	6645619
454066	6645637
454067	6645641
454068	6645677
454069	6645679
454070	6645697
454071	6645713
454072	6645721
454073	6645739
454074	6645757
454075	6645787
454076	6645799
454077	6645803
454078	6645817
454079	6645823
454080	6645833
454081	6645851
454082	6645857
454083	6645871
454084	6645883
454085	6645887
454086	6645907
454087	6645911
454088	6645917
454089	6645923
454090	6645943
454091	6645949
454092	6645971
454093	6645979
454094	6645983
454095	6646001
454096	6646019
454097	6646039
454098	6646049
454099	6646153
454100	6646163
454101	6646193
454102	6646207
454103	6646217
454104	6646231
454105	6646247
454106	6646259
454107	6646271
454108	6646309
454109	6646313
454110	6646319
454111	6646331
454112	6646357
454113	6646361
454114	6646363
454115	6646373
454116	6646399
454117	6646403
454118	6646417
454119	6646427
454120	6646429
454121	6646477
454122	6646511
454123	6646513
454124	6646543
454125	6646559
454126	6646573
454127	6646579
454128	6646613
454129	6646657
454130	6646663
454131	6646669
454132	6646687
454133	6646697
454134	6646699
454135	6646769
454136	6646777
454137	6646781
454138	6646819
454139	6646831
454140	6646837
454141	6646859
454142	6646867
454143	6646873
454144	6646877
454145	6646883
454146	6646891
454147	6646907
454148	6646919
454149	6646921
454150	6646933
454151	6646951
454152	6646957
454153	6646967
454154	6646973
454155	6647009
454156	6647029
454157	6647033
454158	6647041
454159	6647059
454160	6647077
454161	6647089
454162	6647099
454163	6647107
454164	6647111
454165	6647129
454166	6647141
454167	6647167
454168	6647189
454169	6647191
454170	6647209
454171	6647213
454172	6647219
454173	6647227
454174	6647239
454175	6647243
454176	6647269
454177	6647273
454178	6647279
454179	6647287
454180	6647317
454181	6647339
454182	6647363
454183	6647369
454184	6647393
454185	6647401
454186	6647411
454187	6647447
454188	6647489
454189	6647497
454190	6647519
454191	6647521
454192	6647551
454193	6647569
454194	6647573
454195	6647579
454196	6647581
454197	6647593
454198	6647623
454199	6647647
454200	6647653
454201	6647657
454202	6647681
454203	6647717
454204	6647741
454205	6647743
454206	6647747
454207	6647761
454208	6647779
454209	6647783
454210	6647791
454211	6647813
454212	6647831
454213	6647869
454214	6647887
454215	6647899
454216	6647909
454217	6647911
454218	6647917
454219	6647923
454220	6647939
454221	6647947
454222	6647951
454223	6647959
454224	6647983
454225	6647987
454226	6648001
454227	6648007
454228	6648023
454229	6648053
454230	6648067
454231	6648073
454232	6648079
454233	6648091
454234	6648097
454235	6648113
454236	6648121
454237	6648133
454238	6648143
454239	6648203
454240	6648251
454241	6648259
454242	6648269
454243	6648287
454244	6648307
454245	6648331
454246	6648371
454247	6648401
454248	6648407
454249	6648409
454250	6648413
454251	6648431
454252	6648457
454253	6648487
454254	6648491
454255	6648503
454256	6648517
454257	6648571
454258	6648583
454259	6648599
454260	6648623
454261	6648637
454262	6648647
454263	6648661
454264	6648701
454265	6648713
454266	6648721
454267	6648737
454268	6648749
454269	6648757
454270	6648773
454271	6648791
454272	6648809
454273	6648823
454274	6648833
454275	6648839
454276	6648883
454277	6648977
454278	6648979
454279	6648991
454280	6648997
454281	6649007
454282	6649063
454283	6649073
454284	6649099
454285	6649103
454286	6649117
454287	6649127
454288	6649141
454289	6649151
454290	6649163
454291	6649189
454292	6649199
454293	6649229
454294	6649249
454295	6649267
454296	6649271
454297	6649273
454298	6649289
454299	6649319
454300	6649333
454301	6649337
454302	6649367
454303	6649387
454304	6649393
454305	6649399
454306	6649403
454307	6649417
454308	6649441
454309	6649453
454310	6649481
454311	6649483
454312	6649547
454313	6649571
454314	6649579
454315	6649583
454316	6649589
454317	6649609
454318	6649627
454319	6649631
454320	6649633
454321	6649661
454322	6649681
454323	6649693
454324	6649723
454325	6649733
454326	6649801
454327	6649823
454328	6649837
454329	6649849
454330	6649859
454331	6649861
454332	6649871
454333	6649883
454334	6649891
454335	6649901
454336	6649919
454337	6649999
454338	6650003
454339	6650011
454340	6650041
454341	6650051
454342	6650071
454343	6650093
454344	6650099
454345	6650131
454346	6650153
454347	6650207
454348	6650233
454349	6650239
454350	6650257
454351	6650263
454352	6650279
454353	6650297
454354	6650327
454355	6650333
454356	6650339
454357	6650351
454358	6650393
454359	6650431
454360	6650443
454361	6650459
454362	6650467
454363	6650503
454364	6650507
454365	6650521
454366	6650531
454367	6650533
454368	6650557
454369	6650561
454370	6650591
454371	6650597
454372	6650603
454373	6650629
454374	6650659
454375	6650671
454376	6650687
454377	6650701
454378	6650717
454379	6650729
454380	6650731
454381	6650737
454382	6650797
454383	6650801
454384	6650821
454385	6650827
454386	6650837
454387	6650843
454388	6650849
454389	6650867
454390	6650869
454391	6650909
454392	6650911
454393	6650929
454394	6650971
454395	6650993
454396	6651049
454397	6651053
454398	6651077
454399	6651091
454400	6651101
454401	6651107
454402	6651119
454403	6651133
454404	6651149
454405	6651167
454406	6651173
454407	6651181
454408	6651187
454409	6651217
454410	6651221
454411	6651223
454412	6651251
454413	6651277
454414	6651317
454415	6651319
454416	6651343
454417	6651361
454418	6651367
454419	6651377
454420	6651397
454421	6651401
454422	6651413
454423	6651427
454424	6651433
454425	6651457
454426	6651467
454427	6651473
454428	6651479
454429	6651497
454430	6651503
454431	6651517
454432	6651521
454433	6651523
454434	6651571
454435	6651583
454436	6651587
454437	6651647
454438	6651649
454439	6651661
454440	6651679
454441	6651683
454442	6651707
454443	6651727
454444	6651773
454445	6651791
454446	6651793
454447	6651809
454448	6651839
454449	6651847
454450	6651851
454451	6651857
454452	6651907
454453	6651923
454454	6651941
454455	6651959
454456	6652001
454457	6652021
454458	6652027
454459	6652031
454460	6652039
454461	6652081
454462	6652091
454463	6652097
454464	6652103
454465	6652141
454466	6652153
454467	6652157
454468	6652159
454469	6652171
454470	6652181
454471	6652183
454472	6652187
454473	6652199
454474	6652207
454475	6652211
454476	6652213
454477	6652231
454478	6652241
454479	6652249
454480	6652273
454481	6652279
454482	6652301
454483	6652307
454484	6652319
454485	6652343
454486	6652351
454487	6652381
454488	6652391
454489	6652409
454490	6652411
454491	6652421
454492	6652433
454493	6652439
454494	6652441
454495	6652447
454496	6652453
454497	6652501
454498	6652553
454499	6652579
454500	6652621
454501	6652643
454502	6652651
454503	6652673
454504	6652697
454505	6652703
454506	6652733
454507	6652739
454508	6652741
454509	6652747
454510	6652753
454511	6652757
454512	6652787
454513	6652799
454514	6652801
454515	6652813
454516	6652823
454517	6652829
454518	6652837
454519	6652853
454520	6652871
454521	6652901
454522	6652927
454523	6652937
454524	6652949
454525	6652951
454526	6652963
454527	6652969
454528	6652973
454529	6652979
454530	6652993
454531	6653011
454532	6653027
454533	6653039
454534	6653057
454535	6653077
454536	6653099
454537	6653107
454538	6653117
454539	6653123
454540	6653159
454541	6653183
454542	6653219
454543	6653221
454544	6653243
454545	6653299
454546	6653329
454547	6653351
454548	6653389
454549	6653399
454550	6653411
454551	6653429
454552	6653467
454553	6653483
454554	6653501
454555	6653533
454556	6653573
454557	6653587
454558	6653593
454559	6653627
454560	6653641
454561	6653653
454562	6653659
454563	6653683
454564	6653701
454565	6653707
454566	6653711
454567	6653723
454568	6653761
454569	6653771
454570	6653797
454571	6653813
454572	6653827
454573	6653833
454574	6653839
454575	6653869
454576	6653873
454577	6653879
454578	6653887
454579	6653891
454580	6653897
454581	6653917
454582	6653921
454583	6653939
454584	6653957
454585	6653989
454586	6653993
454587	6654007
454588	6654017
454589	6654019
454590	6654029
454591	6654031
454592	6654041
454593	6654059
454594	6654071
454595	6654073
454596	6654113
454597	6654127
454598	6654143
454599	6654173
454600	6654211
454601	6654217
454602	6654229
454603	6654257
454604	6654269
454605	6654281
454606	6654289
454607	6654299
454608	6654317
454609	6654331
454610	6654353
454611	6654391
454612	6654443
454613	6654451
454614	6654481
454615	6654493
454616	6654509
454617	6654517
454618	6654533
454619	6654539
454620	6654547
454621	6654563
454622	6654577
454623	6654581
454624	6654643
454625	6654647
454626	6654649
454627	6654653
454628	6654679
454629	6654737
454630	6654743
454631	6654749
454632	6654761
454633	6654773
454634	6654779
454635	6654821
454636	6654829
454637	6654847
454638	6654859
454639	6654877
454640	6654887
454641	6654913
454642	6654919
454643	6654937
454644	6654941
454645	6654943
454646	6654953
454647	6654961
454648	6654971
454649	6654979
454650	6655001
454651	6655003
454652	6655009
454653	6655037
454654	6655057
454655	6655063
454656	6655069
454657	6655087
454658	6655091
454659	6655093
454660	6655097
454661	6655133
454662	6655169
454663	6655199
454664	6655237
454665	6655249
454666	6655261
454667	6655273
454668	6655289
454669	6655307
454670	6655309
454671	6655321
454672	6655333
454673	6655343
454674	6655351
454675	6655367
454676	6655373
454677	6655379
454678	6655393
454679	6655403
454680	6655409
454681	6655423
454682	6655531
454683	6655541
454684	6655543
454685	6655547
454686	6655549
454687	6655577
454688	6655591
454689	6655603
454690	6655631
454691	6655633
454692	6655637
454693	6655639
454694	6655651
454695	6655661
454696	6655667
454697	6655673
454698	6655723
454699	6655729
454700	6655739
454701	6655751
454702	6655769
454703	6655801
454704	6655837
454705	6655879
454706	6655889
454707	6655897
454708	6655903
454709	6655907
454710	6655919
454711	6655931
454712	6655937
454713	6655951
454714	6655997
454715	6656003
454716	6656009
454717	6656011
454718	6656059
454719	6656071
454720	6656077
454721	6656101
454722	6656123
454723	6656171
454724	6656183
454725	6656201
454726	6656239
454727	6656257
454728	6656261
454729	6656291
454730	6656311
454731	6656339
454732	6656347
454733	6656371
454734	6656387
454735	6656393
454736	6656437
454737	6656449
454738	6656459
454739	6656471
454740	6656483
454741	6656497
454742	6656527
454743	6656539
454744	6656543
454745	6656549
454746	6656561
454747	6656569
454748	6656597
454749	6656603
454750	6656621
454751	6656623
454752	6656627
454753	6656647
454754	6656659
454755	6656711
454756	6656737
454757	6656743
454758	6656753
454759	6656759
454760	6656779
454761	6656807
454762	6656833
454763	6656857
454764	6656861
454765	6656879
454766	6656887
454767	6656891
454768	6656893
454769	6656899
454770	6656917
454771	6656927
454772	6656953
454773	6656963
454774	6656977
454775	6656981
454776	6656987
454777	6657017
454778	6657019
454779	6657023
454780	6657041
454781	6657061
454782	6657067
454783	6657073
454784	6657103
454785	6657107
454786	6657109
454787	6657179
454788	6657191
454789	6657193
454790	6657223
454791	6657257
454792	6657263
454793	6657283
454794	6657311
454795	6657349
454796	6657359
454797	6657367
454798	6657377
454799	6657379
454800	6657407
454801	6657437
454802	6657449
454803	6657451
454804	6657461
454805	6657473
454806	6657517
454807	6657533
454808	6657571
454809	6657583
454810	6657587
454811	6657593
454812	6657613
454813	6657631
454814	6657661
454815	6657667
454816	6657671
454817	6657697
454818	6657709
454819	6657731
454820	6657751
454821	6657757
454822	6657769
454823	6657773
454824	6657779
454825	6657797
454826	6657799
454827	6657811
454828	6657851
454829	6657853
454830	6657881
454831	6657887
454832	6657919
454833	6657929
454834	6657947
454835	6657953
454836	6657979
454837	6657997
454838	6658007
454839	6658013
454840	6658027
454841	6658049
454842	6658051
454843	6658079
454844	6658097
454845	6658103
454846	6658121
454847	6658129
454848	6658153
454849	6658159
454850	6658181
454851	6658193
454852	6658243
454853	6658279
454854	6658283
454855	6658291
454856	6658321
454857	6658331
454858	6658361
454859	6658367
454860	6658369
454861	6658411
454862	6658427
454863	6658453
454864	6658469
454865	6658471
454866	6658501
454867	6658511
454868	6658541
454869	6658573
454870	6658609
454871	6658637
454872	6658649
454873	6658667
454874	6658697
454875	6658711
454876	6658723
454877	6658787
454878	6658789
454879	6658793
454880	6658823
454881	6658837
454882	6658843
454883	6658859
454884	6658871
454885	6658903
454886	6658909
454887	6658921
454888	6658961
454889	6658969
454890	6658997
454891	6658999
454892	6659021
454893	6659027
454894	6659033
454895	6659041
454896	6659057
454897	6659077
454898	6659089
454899	6659111
454900	6659113
454901	6659201
454902	6659207
454903	6659209
454904	6659227
454905	6659231
454906	6659239
454907	6659243
454908	6659249
454909	6659267
454910	6659287
454911	6659293
454912	6659321
454913	6659333
454914	6659353
454915	6659363
454916	6659369
454917	6659377
454918	6659399
454919	6659413
454920	6659417
454921	6659437
454922	6659441
454923	6659447
454924	6659491
454925	6659501
454926	6659561
454927	6659567
454928	6659579
454929	6659591
454930	6659623
454931	6659663
454932	6659677
454933	6659683
454934	6659687
454935	6659689
454936	6659693
454937	6659713
454938	6659749
454939	6659773
454940	6659777
454941	6659803
454942	6659813
454943	6659833
454944	6659843
454945	6659893
454946	6659921
454947	6659929
454948	6659941
454949	6659957
454950	6659977
454951	6660011
454952	6660023
454953	6660029
454954	6660061
454955	6660091
454956	6660103
454957	6660109
454958	6660113
454959	6660119
454960	6660161
454961	6660191
454962	6660193
454963	6660197
454964	6660211
454965	6660217
454966	6660221
454967	6660233
454968	6660239
454969	6660287
454970	6660293
454971	6660299
454972	6660307
454973	6660337
454974	6660347
454975	6660349
454976	6660359
454977	6660371
454978	6660377
454979	6660389
454980	6660391
454981	6660397
454982	6660419
454983	6660421
454984	6660427
454985	6660473
454986	6660499
454987	6660503
454988	6660509
454989	6660523
454990	6660551
454991	6660553
454992	6660557
454993	6660587
454994	6660601
454995	6660613
454996	6660649
454997	6660677
454998	6660679
454999	6660707
455000	6660721
