456001	6676333
456002	6676339
456003	6676387
456004	6676433
456005	6676441
456006	6676447
456007	6676451
456008	6676457
456009	6676471
456010	6676519
456011	6676559
456012	6676573
456013	6676609
456014	6676651
456015	6676661
456016	6676667
456017	6676669
456018	6676697
456019	6676711
456020	6676717
456021	6676721
456022	6676729
456023	6676741
456024	6676753
456025	6676763
456026	6676777
456027	6676793
456028	6676823
456029	6676829
456030	6676837
456031	6676861
456032	6676871
456033	6676883
456034	6676889
456035	6676913
456036	6676927
456037	6676949
456038	6676979
456039	6676991
456040	6677017
456041	6677029
456042	6677071
456043	6677087
456044	6677123
456045	6677129
456046	6677147
456047	6677171
456048	6677173
456049	6677179
456050	6677191
456051	6677213
456052	6677233
456053	6677239
456054	6677261
456055	6677269
456056	6677273
456057	6677299
456058	6677309
456059	6677327
456060	6677329
456061	6677347
456062	6677351
456063	6677357
456064	6677389
456065	6677393
456066	6677399
456067	6677401
456068	6677423
456069	6677459
456070	6677467
456071	6677471
456072	6677477
456073	6677491
456074	6677527
456075	6677537
456076	6677543
456077	6677579
456078	6677597
456079	6677611
456080	6677623
456081	6677641
456082	6677663
456083	6677677
456084	6677707
456085	6677729
456086	6677747
456087	6677761
456088	6677767
456089	6677777
456090	6677789
456091	6677809
456092	6677813
456093	6677831
456094	6677837
456095	6677851
456096	6677861
456097	6677887
456098	6677893
456099	6677897
456100	6677903
456101	6677921
456102	6677941
456103	6677959
456104	6677969
456105	6677971
456106	6678017
456107	6678037
456108	6678079
456109	6678109
456110	6678131
456111	6678143
456112	6678157
456113	6678173
456114	6678197
456115	6678209
456116	6678227
456117	6678233
456118	6678247
456119	6678271
456120	6678281
456121	6678289
456122	6678313
456123	6678317
456124	6678383
456125	6678401
456126	6678421
456127	6678431
456128	6678437
456129	6678457
456130	6678461
456131	6678491
456132	6678499
456133	6678509
456134	6678521
456135	6678523
456136	6678577
456137	6678593
456138	6678629
456139	6678641
456140	6678647
456141	6678667
456142	6678691
456143	6678701
456144	6678703
456145	6678713
456146	6678743
456147	6678751
456148	6678767
456149	6678779
456150	6678797
456151	6678799
456152	6678817
456153	6678839
456154	6678851
456155	6678853
456156	6678871
456157	6678877
456158	6678883
456159	6678911
456160	6678929
456161	6678967
456162	6678979
456163	6679009
456164	6679031
456165	6679063
456166	6679067
456167	6679087
456168	6679097
456169	6679103
456170	6679121
456171	6679133
456172	6679139
456173	6679157
456174	6679159
456175	6679171
456176	6679199
456177	6679237
456178	6679247
456179	6679271
456180	6679273
456181	6679289
456182	6679303
456183	6679307
456184	6679313
456185	6679327
456186	6679339
456187	6679349
456188	6679363
456189	6679369
456190	6679373
456191	6679381
456192	6679391
456193	6679397
456194	6679423
456195	6679451
456196	6679459
456197	6679471
456198	6679481
456199	6679513
456200	6679523
456201	6679531
456202	6679553
456203	6679571
456204	6679579
456205	6679613
456206	6679619
456207	6679639
456208	6679661
456209	6679667
456210	6679681
456211	6679693
456212	6679723
456213	6679747
456214	6679763
456215	6679789
456216	6679801
456217	6679807
456218	6679823
456219	6679853
456220	6679901
456221	6679919
456222	6679931
456223	6679949
456224	6679951
456225	6679957
456226	6679979
456227	6679993
456228	6679999
456229	6680021
456230	6680027
456231	6680029
456232	6680033
456233	6680041
456234	6680053
456235	6680059
456236	6680081
456237	6680087
456238	6680111
456239	6680119
456240	6680123
456241	6680137
456242	6680147
456243	6680183
456244	6680203
456245	6680227
456246	6680249
456247	6680273
456248	6680287
456249	6680321
456250	6680329
456251	6680339
456252	6680341
456253	6680357
456254	6680389
456255	6680413
456256	6680431
456257	6680441
456258	6680489
456259	6680497
456260	6680519
456261	6680521
456262	6680539
456263	6680543
456264	6680549
456265	6680551
456266	6680561
456267	6680563
456268	6680567
456269	6680579
456270	6680621
456271	6680651
456272	6680657
456273	6680689
456274	6680699
456275	6680731
456276	6680743
456277	6680789
456278	6680797
456279	6680851
456280	6680873
456281	6680923
456282	6680939
456283	6680941
456284	6680959
456285	6680969
456286	6680977
456287	6680981
456288	6680987
456289	6681001
456290	6681013
456291	6681019
456292	6681023
456293	6681041
456294	6681067
456295	6681071
456296	6681133
456297	6681137
456298	6681139
456299	6681161
456300	6681167
456301	6681193
456302	6681197
456303	6681203
456304	6681209
456305	6681239
456306	6681287
456307	6681329
456308	6681359
456309	6681361
456310	6681377
456311	6681403
456312	6681419
456313	6681421
456314	6681427
456315	6681439
456316	6681443
456317	6681481
456318	6681487
456319	6681491
456320	6681511
456321	6681529
456322	6681539
456323	6681541
456324	6681547
456325	6681557
456326	6681581
456327	6681589
456328	6681637
456329	6681671
456330	6681677
456331	6681679
456332	6681683
456333	6681721
456334	6681733
456335	6681751
456336	6681761
456337	6681781
456338	6681791
456339	6681817
456340	6681839
456341	6681847
456342	6681877
456343	6681887
456344	6681889
456345	6681923
456346	6681929
456347	6681931
456348	6681947
456349	6681949
456350	6681953
456351	6681959
456352	6681967
456353	6681971
456354	6681979
456355	6681989
456356	6682007
456357	6682009
456358	6682021
456359	6682051
456360	6682063
456361	6682069
456362	6682087
456363	6682097
456364	6682099
456365	6682103
456366	6682133
456367	6682141
456368	6682153
456369	6682183
456370	6682211
456371	6682219
456372	6682223
456373	6682231
456374	6682253
456375	6682279
456376	6682283
456377	6682289
456378	6682301
456379	6682327
456380	6682337
456381	6682349
456382	6682363
456383	6682369
456384	6682393
456385	6682409
456386	6682421
456387	6682439
456388	6682447
456389	6682483
456390	6682561
456391	6682573
456392	6682583
456393	6682597
456394	6682603
456395	6682609
456396	6682693
456397	6682721
456398	6682729
456399	6682747
456400	6682769
456401	6682783
456402	6682787
456403	6682801
456404	6682843
456405	6682849
456406	6682859
456407	6682861
456408	6682901
456409	6682909
456410	6682913
456411	6682943
456412	6682957
456413	6682961
456414	6682969
456415	6682999
456416	6683029
456417	6683059
456418	6683111
456419	6683119
456420	6683129
456421	6683143
456422	6683161
456423	6683167
456424	6683177
456425	6683207
456426	6683213
456427	6683233
456428	6683249
456429	6683251
456430	6683267
456431	6683291
456432	6683293
456433	6683351
456434	6683357
456435	6683359
456436	6683381
456437	6683387
456438	6683401
456439	6683407
456440	6683423
456441	6683429
456442	6683449
456443	6683471
456444	6683477
456445	6683483
456446	6683491
456447	6683519
456448	6683527
456449	6683531
456450	6683549
456451	6683557
456452	6683581
456453	6683609
456454	6683627
456455	6683641
456456	6683689
456457	6683711
456458	6683723
456459	6683749
456460	6683759
456461	6683767
456462	6683797
456463	6683821
456464	6683827
456465	6683851
456466	6683867
456467	6683903
456468	6683921
456469	6683927
456470	6683947
456471	6683951
456472	6683977
456473	6683981
456474	6683993
456475	6684001
456476	6684019
456477	6684023
456478	6684037
456479	6684047
456480	6684059
456481	6684061
456482	6684089
456483	6684091
456484	6684101
456485	6684103
456486	6684109
456487	6684133
456488	6684151
456489	6684163
456490	6684193
456491	6684203
456492	6684229
456493	6684233
456494	6684253
456495	6684259
456496	6684277
456497	6684299
456498	6684341
456499	6684343
456500	6684361
456501	6684373
456502	6684443
456503	6684449
456504	6684473
456505	6684493
456506	6684497
456507	6684527
456508	6684541
456509	6684551
456510	6684569
456511	6684577
456512	6684583
456513	6684593
456514	6684607
456515	6684631
456516	6684647
456517	6684659
456518	6684673
456519	6684677
456520	6684707
456521	6684719
456522	6684749
456523	6684773
456524	6684779
456525	6684781
456526	6684817
456527	6684833
456528	6684869
456529	6684907
456530	6684911
456531	6684913
456532	6684959
456533	6684971
456534	6684983
456535	6684991
456536	6685001
456537	6685013
456538	6685027
456539	6685031
456540	6685033
456541	6685037
456542	6685043
456543	6685117
456544	6685127
456545	6685141
456546	6685163
456547	6685201
456548	6685247
456549	6685303
456550	6685307
456551	6685331
456552	6685351
456553	6685363
456554	6685379
456555	6685391
456556	6685409
456557	6685447
456558	6685477
456559	6685487
456560	6685489
456561	6685499
456562	6685507
456563	6685517
456564	6685519
456565	6685529
456566	6685541
456567	6685543
456568	6685577
456569	6685603
456570	6685619
456571	6685621
456572	6685633
456573	6685643
456574	6685667
456575	6685669
456576	6685673
456577	6685687
456578	6685697
456579	6685711
456580	6685717
456581	6685741
456582	6685751
456583	6685753
456584	6685759
456585	6685781
456586	6685787
456587	6685799
456588	6685807
456589	6685813
456590	6685823
456591	6685837
456592	6685843
456593	6685859
456594	6685867
456595	6685907
456596	6685927
456597	6685933
456598	6685961
456599	6685963
456600	6685969
456601	6686041
456602	6686047
456603	6686051
456604	6686093
456605	6686107
456606	6686167
456607	6686177
456608	6686191
456609	6686203
456610	6686213
456611	6686221
456612	6686227
456613	6686237
456614	6686243
456615	6686263
456616	6686279
456617	6686299
456618	6686311
456619	6686333
456620	6686341
456621	6686357
456622	6686363
456623	6686413
456624	6686419
456625	6686437
456626	6686447
456627	6686453
456628	6686467
456629	6686479
456630	6686489
456631	6686507
456632	6686509
456633	6686527
456634	6686539
456635	6686569
456636	6686591
456637	6686611
456638	6686653
456639	6686663
456640	6686681
456641	6686699
456642	6686711
456643	6686717
456644	6686723
456645	6686747
456646	6686761
456647	6686773
456648	6686777
456649	6686783
456650	6686789
456651	6686843
456652	6686857
456653	6686861
456654	6686893
456655	6686909
456656	6686921
456657	6686941
456658	6686947
456659	6686983
456660	6686987
456661	6687011
456662	6687013
456663	6687017
456664	6687049
456665	6687077
456666	6687097
456667	6687127
456668	6687133
456669	6687143
456670	6687167
456671	6687173
456672	6687199
456673	6687209
456674	6687229
456675	6687251
456676	6687283
456677	6687293
456678	6687323
456679	6687353
456680	6687367
456681	6687379
456682	6687383
456683	6687389
456684	6687391
456685	6687427
456686	6687437
456687	6687451
456688	6687463
456689	6687497
456690	6687521
456691	6687523
456692	6687529
456693	6687533
456694	6687539
456695	6687557
456696	6687589
456697	6687617
456698	6687623
456699	6687631
456700	6687689
456701	6687701
456702	6687757
456703	6687761
456704	6687763
456705	6687767
456706	6687773
456707	6687781
456708	6687803
456709	6687809
456710	6687823
456711	6687853
456712	6687869
456713	6687881
456714	6687931
456715	6687973
456716	6687983
456717	6688001
456718	6688013
456719	6688027
456720	6688049
456721	6688051
456722	6688069
456723	6688079
456724	6688093
456725	6688103
456726	6688109
456727	6688111
456728	6688117
456729	6688127
456730	6688151
456731	6688153
456732	6688211
456733	6688217
456734	6688267
456735	6688273
456736	6688301
456737	6688307
456738	6688309
456739	6688313
456740	6688337
456741	6688351
456742	6688387
456743	6688393
456744	6688411
456745	6688421
456746	6688433
456747	6688457
456748	6688471
456749	6688481
456750	6688499
456751	6688501
456752	6688519
456753	6688537
456754	6688559
456755	6688573
456756	6688579
456757	6688603
456758	6688631
456759	6688639
456760	6688651
456761	6688657
456762	6688663
456763	6688673
456764	6688691
456765	6688723
456766	6688727
456767	6688757
456768	6688783
456769	6688789
456770	6688793
456771	6688807
456772	6688813
456773	6688831
456774	6688849
456775	6688853
456776	6688859
456777	6688907
456778	6688909
456779	6688919
456780	6688933
456781	6688943
456782	6688967
456783	6688999
456784	6689029
456785	6689047
456786	6689069
456787	6689099
456788	6689101
456789	6689117
456790	6689131
456791	6689141
456792	6689147
456793	6689153
456794	6689171
456795	6689203
456796	6689233
456797	6689237
456798	6689239
456799	6689257
456800	6689281
456801	6689303
456802	6689317
456803	6689323
456804	6689327
456805	6689339
456806	6689351
456807	6689359
456808	6689363
456809	6689377
456810	6689383
456811	6689399
456812	6689413
456813	6689429
456814	6689491
456815	6689497
456816	6689503
456817	6689537
456818	6689561
456819	6689567
456820	6689581
456821	6689587
456822	6689591
456823	6689593
456824	6689611
456825	6689623
456826	6689629
456827	6689659
456828	6689681
456829	6689689
456830	6689699
456831	6689701
456832	6689719
456833	6689723
456834	6689741
456835	6689773
456836	6689779
456837	6689791
456838	6689797
456839	6689801
456840	6689821
456841	6689869
456842	6689873
456843	6689909
456844	6689971
456845	6689989
456846	6689999
456847	6690001
456848	6690029
456849	6690059
456850	6690067
456851	6690107
456852	6690119
456853	6690143
456854	6690149
456855	6690169
456856	6690179
456857	6690191
456858	6690199
456859	6690221
456860	6690227
456861	6690239
456862	6690247
456863	6690251
456864	6690269
456865	6690289
456866	6690319
456867	6690323
456868	6690331
456869	6690347
456870	6690353
456871	6690361
456872	6690373
456873	6690379
456874	6690427
456875	6690433
456876	6690473
456877	6690479
456878	6690517
456879	6690557
456880	6690559
456881	6690569
456882	6690577
456883	6690583
456884	6690587
456885	6690601
456886	6690611
456887	6690623
456888	6690643
456889	6690647
456890	6690689
456891	6690701
456892	6690703
456893	6690721
456894	6690737
456895	6690743
456896	6690767
456897	6690787
456898	6690797
456899	6690829
456900	6690847
456901	6690863
456902	6690881
456903	6690899
456904	6690923
456905	6690941
456906	6690949
456907	6690973
456908	6690989
456909	6690991
456910	6690997
456911	6691007
456912	6691019
456913	6691037
456914	6691039
456915	6691049
456916	6691051
456917	6691057
456918	6691073
456919	6691079
456920	6691093
456921	6691099
456922	6691129
456923	6691147
456924	6691163
456925	6691169
456926	6691171
456927	6691177
456928	6691193
456929	6691207
456930	6691219
456931	6691231
456932	6691259
456933	6691277
456934	6691301
456935	6691309
456936	6691331
456937	6691337
456938	6691361
456939	6691369
456940	6691397
456941	6691403
456942	6691411
456943	6691423
456944	6691427
456945	6691457
456946	6691463
456947	6691471
456948	6691481
456949	6691483
456950	6691493
456951	6691501
456952	6691507
456953	6691513
456954	6691519
456955	6691541
456956	6691577
456957	6691613
456958	6691631
456959	6691637
456960	6691661
456961	6691687
456962	6691697
456963	6691723
456964	6691771
456965	6691777
456966	6691793
456967	6691799
456968	6691801
456969	6691843
456970	6691859
456971	6691891
456972	6691903
456973	6691943
456974	6691969
456975	6691981
456976	6691987
456977	6692017
456978	6692029
456979	6692051
456980	6692053
456981	6692071
456982	6692083
456983	6692087
456984	6692093
456985	6692099
456986	6692107
456987	6692111
456988	6692117
456989	6692131
456990	6692141
456991	6692167
456992	6692173
456993	6692183
456994	6692197
456995	6692209
456996	6692261
456997	6692263
456998	6692267
456999	6692269
457000	6692281
