457001	6692297
457002	6692299
457003	6692303
457004	6692317
457005	6692341
457006	6692347
457007	6692353
457008	6692383
457009	6692393
457010	6692419
457011	6692423
457012	6692431
457013	6692437
457014	6692443
457015	6692461
457016	6692473
457017	6692479
457018	6692501
457019	6692507
457020	6692513
457021	6692549
457022	6692551
457023	6692557
457024	6692573
457025	6692593
457026	6692603
457027	6692629
457028	6692663
457029	6692669
457030	6692677
457031	6692689
457032	6692723
457033	6692729
457034	6692759
457035	6692767
457036	6692771
457037	6692809
457038	6692813
457039	6692827
457040	6692843
457041	6692863
457042	6692867
457043	6692897
457044	6692909
457045	6692923
457046	6692929
457047	6692953
457048	6693013
457049	6693059
457050	6693061
457051	6693083
457052	6693101
457053	6693107
457054	6693133
457055	6693143
457056	6693163
457057	6693217
457058	6693227
457059	6693277
457060	6693289
457061	6693307
457062	6693311
457063	6693319
457064	6693331
457065	6693341
457066	6693343
457067	6693353
457068	6693361
457069	6693397
457070	6693413
457071	6693419
457072	6693431
457073	6693439
457074	6693451
457075	6693457
457076	6693473
457077	6693481
457078	6693487
457079	6693497
457080	6693503
457081	6693517
457082	6693539
457083	6693541
457084	6693569
457085	6693571
457086	6693593
457087	6693607
457088	6693611
457089	6693623
457090	6693629
457091	6693637
457092	6693641
457093	6693647
457094	6693649
457095	6693689
457096	6693697
457097	6693703
457098	6693721
457099	6693761
457100	6693773
457101	6693821
457102	6693829
457103	6693839
457104	6693887
457105	6693901
457106	6693913
457107	6693917
457108	6693931
457109	6693941
457110	6693949
457111	6693961
457112	6693991
457113	6693997
457114	6694001
457115	6694013
457116	6694019
457117	6694021
457118	6694087
457119	6694091
457120	6694097
457121	6694117
457122	6694133
457123	6694147
457124	6694183
457125	6694211
457126	6694217
457127	6694229
457128	6694249
457129	6694253
457130	6694267
457131	6694307
457132	6694309
457133	6694333
457134	6694339
457135	6694349
457136	6694361
457137	6694367
457138	6694393
457139	6694399
457140	6694409
457141	6694417
457142	6694433
457143	6694463
457144	6694469
457145	6694477
457146	6694511
457147	6694537
457148	6694561
457149	6694643
457150	6694663
457151	6694673
457152	6694687
457153	6694693
457154	6694703
457155	6694711
457156	6694747
457157	6694763
457158	6694769
457159	6694823
457160	6694829
457161	6694837
457162	6694861
457163	6694871
457164	6694879
457165	6694901
457166	6694913
457167	6694937
457168	6694949
457169	6694979
457170	6694981
457171	6694993
457172	6694997
457173	6694999
457174	6695021
457175	6695041
457176	6695069
457177	6695071
457178	6695081
457179	6695111
457180	6695131
457181	6695149
457182	6695153
457183	6695159
457184	6695167
457185	6695207
457186	6695219
457187	6695233
457188	6695237
457189	6695257
457190	6695281
457191	6695321
457192	6695333
457193	6695389
457194	6695393
457195	6695407
457196	6695413
457197	6695417
457198	6695419
457199	6695431
457200	6695441
457201	6695453
457202	6695459
457203	6695489
457204	6695503
457205	6695509
457206	6695537
457207	6695539
457208	6695561
457209	6695617
457210	6695627
457211	6695629
457212	6695639
457213	6695641
457214	6695651
457215	6695653
457216	6695681
457217	6695687
457218	6695699
457219	6695701
457220	6695707
457221	6695713
457222	6695729
457223	6695743
457224	6695747
457225	6695863
457226	6695869
457227	6695873
457228	6695891
457229	6695903
457230	6695933
457231	6695947
457232	6695951
457233	6695959
457234	6695981
457235	6695987
457236	6695993
457237	6696023
457238	6696049
457239	6696061
457240	6696077
457241	6696083
457242	6696091
457243	6696101
457244	6696103
457245	6696127
457246	6696143
457247	6696163
457248	6696169
457249	6696229
457250	6696233
457251	6696241
457252	6696253
457253	6696257
457254	6696259
457255	6696281
457256	6696293
457257	6696307
457258	6696331
457259	6696337
457260	6696343
457261	6696353
457262	6696359
457263	6696373
457264	6696377
457265	6696383
457266	6696451
457267	6696463
457268	6696479
457269	6696491
457270	6696517
457271	6696553
457272	6696577
457273	6696581
457274	6696587
457275	6696601
457276	6696617
457277	6696619
457278	6696637
457279	6696643
457280	6696661
457281	6696671
457282	6696673
457283	6696707
457284	6696743
457285	6696757
457286	6696773
457287	6696779
457288	6696787
457289	6696799
457290	6696829
457291	6696839
457292	6696853
457293	6696857
457294	6696869
457295	6696871
457296	6696917
457297	6696919
457298	6696923
457299	6696953
457300	6696959
457301	6697043
457302	6697049
457303	6697051
457304	6697081
457305	6697087
457306	6697109
457307	6697127
457308	6697153
457309	6697157
457310	6697169
457311	6697189
457312	6697193
457313	6697199
457314	6697213
457315	6697219
457316	6697241
457317	6697277
457318	6697279
457319	6697283
457320	6697297
457321	6697307
457322	6697319
457323	6697321
457324	6697331
457325	6697343
457326	6697357
457327	6697363
457328	6697381
457329	6697399
457330	6697403
457331	6697423
457332	6697429
457333	6697441
457334	6697459
457335	6697477
457336	6697487
457337	6697489
457338	6697499
457339	6697511
457340	6697529
457341	6697549
457342	6697553
457343	6697567
457344	6697573
457345	6697589
457346	6697591
457347	6697597
457348	6697619
457349	6697651
457350	6697657
457351	6697661
457352	6697667
457353	6697681
457354	6697693
457355	6697721
457356	6697727
457357	6697741
457358	6697751
457359	6697759
457360	6697763
457361	6697771
457362	6697799
457363	6697837
457364	6697841
457365	6697843
457366	6697877
457367	6697897
457368	6697921
457369	6697939
457370	6697967
457371	6697973
457372	6697979
457373	6698009
457374	6698033
457375	6698039
457376	6698053
457377	6698063
457378	6698071
457379	6698099
457380	6698143
457381	6698149
457382	6698189
457383	6698207
457384	6698231
457385	6698233
457386	6698281
457387	6698291
457388	6698303
457389	6698309
457390	6698311
457391	6698339
457392	6698381
457393	6698383
457394	6698389
457395	6698413
457396	6698429
457397	6698441
457398	6698467
457399	6698477
457400	6698491
457401	6698501
457402	6698509
457403	6698533
457404	6698551
457405	6698557
457406	6698567
457407	6698569
457408	6698579
457409	6698597
457410	6698599
457411	6698611
457412	6698633
457413	6698651
457414	6698677
457415	6698687
457416	6698689
457417	6698729
457418	6698737
457419	6698743
457420	6698749
457421	6698761
457422	6698767
457423	6698771
457424	6698777
457425	6698803
457426	6698807
457427	6698831
457428	6698897
457429	6698899
457430	6698903
457431	6698953
457432	6698977
457433	6698981
457434	6698987
457435	6699059
457436	6699061
457437	6699067
457438	6699073
457439	6699089
457440	6699097
457441	6699101
457442	6699103
457443	6699151
457444	6699167
457445	6699197
457446	6699211
457447	6699221
457448	6699227
457449	6699247
457450	6699269
457451	6699281
457452	6699293
457453	6699307
457454	6699311
457455	6699337
457456	6699349
457457	6699361
457458	6699367
457459	6699389
457460	6699401
457461	6699421
457462	6699439
457463	6699481
457464	6699491
457465	6699541
457466	6699577
457467	6699599
457468	6699607
457469	6699611
457470	6699613
457471	6699617
457472	6699619
457473	6699643
457474	6699703
457475	6699727
457476	6699743
457477	6699757
457478	6699767
457479	6699779
457480	6699793
457481	6699817
457482	6699821
457483	6699827
457484	6699839
457485	6699857
457486	6699859
457487	6699871
457488	6699881
457489	6699893
457490	6699907
457491	6699919
457492	6699929
457493	6699941
457494	6699947
457495	6699949
457496	6699961
457497	6699977
457498	6700007
457499	6700033
457500	6700039
457501	6700063
457502	6700079
457503	6700087
457504	6700093
457505	6700129
457506	6700147
457507	6700157
457508	6700163
457509	6700171
457510	6700231
457511	6700237
457512	6700249
457513	6700271
457514	6700277
457515	6700279
457516	6700321
457517	6700327
457518	6700387
457519	6700399
457520	6700403
457521	6700409
457522	6700411
457523	6700417
457524	6700489
457525	6700493
457526	6700501
457527	6700517
457528	6700553
457529	6700579
457530	6700583
457531	6700607
457532	6700609
457533	6700621
457534	6700637
457535	6700651
457536	6700657
457537	6700691
457538	6700693
457539	6700697
457540	6700699
457541	6700709
457542	6700717
457543	6700723
457544	6700739
457545	6700741
457546	6700777
457547	6700783
457548	6700831
457549	6700849
457550	6700879
457551	6700891
457552	6700919
457553	6700921
457554	6700933
457555	6700937
457556	6700957
457557	6700961
457558	6700973
457559	6700987
457560	6700997
457561	6701003
457562	6701021
457563	6701029
457564	6701039
457565	6701069
457566	6701083
457567	6701131
457568	6701141
457569	6701143
457570	6701147
457571	6701159
457572	6701197
457573	6701207
457574	6701221
457575	6701251
457576	6701263
457577	6701269
457578	6701287
457579	6701309
457580	6701311
457581	6701323
457582	6701339
457583	6701341
457584	6701347
457585	6701353
457586	6701369
457587	6701377
457588	6701381
457589	6701393
457590	6701411
457591	6701413
457592	6701437
457593	6701447
457594	6701459
457595	6701467
457596	6701483
457597	6701537
457598	6701603
457599	6701609
457600	6701627
457601	6701641
457602	6701693
457603	6701701
457604	6701707
457605	6701713
457606	6701729
457607	6701741
457608	6701749
457609	6701753
457610	6701759
457611	6701771
457612	6701801
457613	6701803
457614	6701831
457615	6701837
457616	6701843
457617	6701861
457618	6701867
457619	6701873
457620	6701881
457621	6701923
457622	6701941
457623	6701953
457624	6701957
457625	6701971
457626	6701977
457627	6702011
457628	6702037
457629	6702043
457630	6702049
457631	6702053
457632	6702067
457633	6702089
457634	6702119
457635	6702139
457636	6702149
457637	6702181
457638	6702191
457639	6702197
457640	6702209
457641	6702239
457642	6702257
457643	6702263
457644	6702271
457645	6702287
457646	6702299
457647	6702317
457648	6702343
457649	6702347
457650	6702359
457651	6702379
457652	6702413
457653	6702427
457654	6702431
457655	6702457
457656	6702463
457657	6702469
457658	6702473
457659	6702503
457660	6702517
457661	6702533
457662	6702547
457663	6702559
457664	6702571
457665	6702583
457666	6702599
457667	6702617
457668	6702653
457669	6702667
457670	6702671
457671	6702691
457672	6702713
457673	6702733
457674	6702749
457675	6702757
457676	6702769
457677	6702779
457678	6702791
457679	6702823
457680	6702827
457681	6702833
457682	6702841
457683	6702847
457684	6702869
457685	6702887
457686	6702893
457687	6702907
457688	6702919
457689	6702923
457690	6702929
457691	6702979
457692	6703001
457693	6703003
457694	6703019
457695	6703043
457696	6703057
457697	6703061
457698	6703087
457699	6703111
457700	6703127
457701	6703129
457702	6703133
457703	6703153
457704	6703159
457705	6703199
457706	6703217
457707	6703241
457708	6703247
457709	6703261
457710	6703271
457711	6703297
457712	6703309
457713	6703337
457714	6703349
457715	6703357
457716	6703363
457717	6703381
457718	6703393
457719	6703397
457720	6703427
457721	6703451
457722	6703453
457723	6703483
457724	6703507
457725	6703513
457726	6703579
457727	6703589
457728	6703591
457729	6703597
457730	6703621
457731	6703633
457732	6703651
457733	6703679
457734	6703687
457735	6703691
457736	6703709
457737	6703721
457738	6703759
457739	6703783
457740	6703799
457741	6703841
457742	6703847
457743	6703849
457744	6703867
457745	6703877
457746	6703883
457747	6703889
457748	6703913
457749	6703927
457750	6703937
457751	6703943
457752	6703973
457753	6703981
457754	6703997
457755	6703999
457756	6704003
457757	6704011
457758	6704021
457759	6704051
457760	6704081
457761	6704099
457762	6704119
457763	6704143
457764	6704149
457765	6704161
457766	6704179
457767	6704209
457768	6704213
457769	6704237
457770	6704261
457771	6704267
457772	6704297
457773	6704309
457774	6704333
457775	6704377
457776	6704413
457777	6704417
457778	6704429
457779	6704471
457780	6704479
457781	6704483
457782	6704497
457783	6704507
457784	6704519
457785	6704521
457786	6704531
457787	6704557
457788	6704567
457789	6704611
457790	6704617
457791	6704641
457792	6704653
457793	6704669
457794	6704671
457795	6704717
457796	6704729
457797	6704741
457798	6704759
457799	6704779
457800	6704791
457801	6704801
457802	6704813
457803	6704821
457804	6704837
457805	6704839
457806	6704843
457807	6704857
457808	6704869
457809	6704903
457810	6704909
457811	6704921
457812	6704923
457813	6704927
457814	6704969
457815	6705001
457816	6705019
457817	6705031
457818	6705037
457819	6705053
457820	6705073
457821	6705077
457822	6705079
457823	6705091
457824	6705109
457825	6705113
457826	6705133
457827	6705143
457828	6705163
457829	6705211
457830	6705227
457831	6705229
457832	6705247
457833	6705277
457834	6705287
457835	6705299
457836	6705323
457837	6705329
457838	6705341
457839	6705359
457840	6705367
457841	6705371
457842	6705373
457843	6705389
457844	6705449
457845	6705469
457846	6705481
457847	6705511
457848	6705539
457849	6705541
457850	6705553
457851	6705557
457852	6705563
457853	6705593
457854	6705617
457855	6705619
457856	6705649
457857	6705659
457858	6705661
457859	6705697
457860	6705731
457861	6705733
457862	6705749
457863	6705767
457864	6705773
457865	6705779
457866	6705793
457867	6705799
457868	6705817
457869	6705821
457870	6705823
457871	6705851
457872	6705859
457873	6705887
457874	6705899
457875	6705911
457876	6705977
457877	6705997
457878	6706003
457879	6706009
457880	6706019
457881	6706033
457882	6706057
457883	6706067
457884	6706079
457885	6706081
457886	6706099
457887	6706103
457888	6706111
457889	6706121
457890	6706129
457891	6706153
457892	6706169
457893	6706181
457894	6706187
457895	6706207
457896	6706223
457897	6706229
457898	6706243
457899	6706253
457900	6706267
457901	6706277
457902	6706303
457903	6706319
457904	6706321
457905	6706327
457906	6706331
457907	6706339
457908	6706351
457909	6706367
457910	6706369
457911	6706379
457912	6706387
457913	6706393
457914	6706397
457915	6706421
457916	6706423
457917	6706459
457918	6706463
457919	6706481
457920	6706519
457921	6706529
457922	6706537
457923	6706543
457924	6706549
457925	6706573
457926	6706591
457927	6706597
457928	6706613
457929	6706621
457930	6706631
457931	6706669
457932	6706681
457933	6706699
457934	6706709
457935	6706727
457936	6706741
457937	6706747
457938	6706751
457939	6706771
457940	6706781
457941	6706793
457942	6706811
457943	6706841
457944	6706849
457945	6706907
457946	6706927
457947	6706939
457948	6706957
457949	6706969
457950	6707017
457951	6707047
457952	6707083
457953	6707087
457954	6707111
457955	6707117
457956	6707119
457957	6707123
457958	6707131
457959	6707137
457960	6707143
457961	6707153
457962	6707159
457963	6707161
457964	6707177
457965	6707201
457966	6707219
457967	6707243
457968	6707263
457969	6707273
457970	6707279
457971	6707291
457972	6707293
457973	6707339
457974	6707357
457975	6707359
457976	6707369
457977	6707387
457978	6707411
457979	6707413
457980	6707429
457981	6707447
457982	6707461
457983	6707483
457984	6707489
457985	6707507
457986	6707531
457987	6707539
457988	6707543
457989	6707549
457990	6707557
457991	6707573
457992	6707581
457993	6707587
457994	6707599
457995	6707629
457996	6707633
457997	6707677
457998	6707681
457999	6707689
458000	6707717
