458001	6707731
458002	6707747
458003	6707783
458004	6707801
458005	6707803
458006	6707807
458007	6707819
458008	6707821
458009	6707851
458010	6707863
458011	6707879
458012	6707891
458013	6707917
458014	6707929
458015	6707933
458016	6707947
458017	6707963
458018	6707971
458019	6707993
458020	6707999
458021	6708017
458022	6708061
458023	6708067
458024	6708071
458025	6708089
458026	6708113
458027	6708179
458028	6708181
458029	6708199
458030	6708209
458031	6708227
458032	6708253
458033	6708259
458034	6708271
458035	6708277
458036	6708281
458037	6708283
458038	6708337
458039	6708343
458040	6708347
458041	6708371
458042	6708397
458043	6708409
458044	6708413
458045	6708437
458046	6708439
458047	6708497
458048	6708503
458049	6708517
458050	6708563
458051	6708587
458052	6708589
458053	6708607
458054	6708613
458055	6708619
458056	6708631
458057	6708649
458058	6708661
458059	6708673
458060	6708677
458061	6708701
458062	6708721
458063	6708739
458064	6708749
458065	6708781
458066	6708787
458067	6708791
458068	6708797
458069	6708799
458070	6708809
458071	6708839
458072	6708851
458073	6708853
458074	6708857
458075	6708859
458076	6708869
458077	6708883
458078	6708901
458079	6708907
458080	6708913
458081	6708929
458082	6708937
458083	6708943
458084	6708959
458085	6708967
458086	6708971
458087	6708983
458088	6709009
458089	6709019
458090	6709049
458091	6709057
458092	6709069
458093	6709091
458094	6709093
458095	6709133
458096	6709159
458097	6709163
458098	6709177
458099	6709181
458100	6709187
458101	6709189
458102	6709201
458103	6709253
458104	6709273
458105	6709289
458106	6709309
458107	6709331
458108	6709349
458109	6709369
458110	6709379
458111	6709387
458112	6709397
458113	6709463
458114	6709487
458115	6709501
458116	6709511
458117	6709513
458118	6709519
458119	6709529
458120	6709541
458121	6709553
458122	6709561
458123	6709597
458124	6709607
458125	6709613
458126	6709627
458127	6709631
458128	6709663
458129	6709687
458130	6709693
458131	6709699
458132	6709711
458133	6709723
458134	6709727
458135	6709751
458136	6709757
458137	6709783
458138	6709789
458139	6709823
458140	6709837
458141	6709841
458142	6709867
458143	6709873
458144	6709877
458145	6709889
458146	6709891
458147	6709921
458148	6709949
458149	6709957
458150	6709961
458151	6709973
458152	6709979
458153	6710009
458154	6710027
458155	6710029
458156	6710047
458157	6710071
458158	6710083
458159	6710153
458160	6710159
458161	6710161
458162	6710191
458163	6710203
458164	6710219
458165	6710243
458166	6710261
458167	6710267
458168	6710269
458169	6710303
458170	6710317
458171	6710321
458172	6710329
458173	6710369
458174	6710371
458175	6710377
458176	6710381
458177	6710399
458178	6710419
458179	6710437
458180	6710441
458181	6710443
458182	6710449
458183	6710471
458184	6710521
458185	6710533
458186	6710567
458187	6710569
458188	6710609
458189	6710617
458190	6710621
458191	6710647
458192	6710657
458193	6710659
458194	6710677
458195	6710723
458196	6710729
458197	6710747
458198	6710761
458199	6710771
458200	6710783
458201	6710791
458202	6710797
458203	6710827
458204	6710833
458205	6710863
458206	6710887
458207	6710897
458208	6710909
458209	6710927
458210	6710929
458211	6710947
458212	6710969
458213	6710983
458214	6711011
458215	6711017
458216	6711031
458217	6711043
458218	6711071
458219	6711077
458220	6711079
458221	6711113
458222	6711119
458223	6711121
458224	6711137
458225	6711149
458226	6711157
458227	6711163
458228	6711169
458229	6711179
458230	6711197
458231	6711217
458232	6711227
458233	6711233
458234	6711241
458235	6711251
458236	6711253
458237	6711301
458238	6711307
458239	6711317
458240	6711343
458241	6711371
458242	6711391
458243	6711421
458244	6711431
458245	6711437
458246	6711449
458247	6711451
458248	6711473
458249	6711491
458250	6711511
458251	6711521
458252	6711533
458253	6711539
458254	6711571
458255	6711581
458256	6711587
458257	6711637
458258	6711641
458259	6711643
458260	6711667
458261	6711671
458262	6711697
458263	6711703
458264	6711707
458265	6711713
458266	6711739
458267	6711743
458268	6711773
458269	6711797
458270	6711811
458271	6711833
458272	6711853
458273	6711863
458274	6711869
458275	6711877
458276	6711937
458277	6711949
458278	6711953
458279	6711967
458280	6711977
458281	6711983
458282	6711989
458283	6712007
458284	6712019
458285	6712033
458286	6712037
458287	6712051
458288	6712061
458289	6712129
458290	6712141
458291	6712193
458292	6712243
458293	6712249
458294	6712259
458295	6712267
458296	6712271
458297	6712283
458298	6712289
458299	6712333
458300	6712351
458301	6712361
458302	6712367
458303	6712373
458304	6712417
458305	6712421
458306	6712441
458307	6712451
458308	6712457
458309	6712463
458310	6712471
458311	6712483
458312	6712487
458313	6712499
458314	6712513
458315	6712579
458316	6712591
458317	6712631
458318	6712639
458319	6712661
458320	6712669
458321	6712697
458322	6712721
458323	6712723
458324	6712729
458325	6712751
458326	6712753
458327	6712787
458328	6712789
458329	6712817
458330	6712831
458331	6712847
458332	6712879
458333	6712903
458334	6712913
458335	6712921
458336	6712933
458337	6712939
458338	6712997
458339	6713017
458340	6713027
458341	6713029
458342	6713039
458343	6713051
458344	6713059
458345	6713087
458346	6713089
458347	6713101
458348	6713107
458349	6713129
458350	6713149
458351	6713173
458352	6713177
458353	6713191
458354	6713219
458355	6713221
458356	6713257
458357	6713261
458358	6713279
458359	6713321
458360	6713323
458361	6713363
458362	6713383
458363	6713389
458364	6713393
458365	6713407
458366	6713417
458367	6713431
458368	6713489
458369	6713491
458370	6713507
458371	6713513
458372	6713533
458373	6713549
458374	6713569
458375	6713573
458376	6713579
458377	6713617
458378	6713647
458379	6713653
458380	6713671
458381	6713683
458382	6713699
458383	6713711
458384	6713717
458385	6713731
458386	6713741
458387	6713747
458388	6713767
458389	6713779
458390	6713789
458391	6713797
458392	6713803
458393	6713851
458394	6713857
458395	6713867
458396	6713899
458397	6713911
458398	6713921
458399	6713923
458400	6713947
458401	6713951
458402	6713969
458403	6713981
458404	6713989
458405	6714007
458406	6714013
458407	6714017
458408	6714041
458409	6714047
458410	6714053
458411	6714067
458412	6714077
458413	6714079
458414	6714107
458415	6714151
458416	6714157
458417	6714161
458418	6714173
458419	6714181
458420	6714187
458421	6714193
458422	6714217
458423	6714221
458424	6714241
458425	6714251
458426	6714263
458427	6714311
458428	6714317
458429	6714319
458430	6714329
458431	6714343
458432	6714349
458433	6714403
458434	6714431
458435	6714443
458436	6714479
458437	6714481
458438	6714497
458439	6714503
458440	6714511
458441	6714523
458442	6714527
458443	6714559
458444	6714563
458445	6714577
458446	6714583
458447	6714599
458448	6714601
458449	6714607
458450	6714637
458451	6714647
458452	6714671
458453	6714679
458454	6714703
458455	6714707
458456	6714709
458457	6714713
458458	6714739
458459	6714787
458460	6714793
458461	6714821
458462	6714823
458463	6714833
458464	6714853
458465	6714893
458466	6714899
458467	6714913
458468	6714931
458469	6714943
458470	6714947
458471	6714977
458472	6714989
458473	6714991
458474	6715001
458475	6715039
458476	6715061
458477	6715067
458478	6715073
458479	6715081
458480	6715087
458481	6715097
458482	6715123
458483	6715129
458484	6715141
458485	6715157
458486	6715171
458487	6715193
458488	6715201
458489	6715217
458490	6715223
458491	6715231
458492	6715249
458493	6715253
458494	6715271
458495	6715273
458496	6715277
458497	6715279
458498	6715297
458499	6715301
458500	6715309
458501	6715337
458502	6715339
458503	6715351
458504	6715367
458505	6715403
458506	6715409
458507	6715421
458508	6715441
458509	6715469
458510	6715481
458511	6715483
458512	6715523
458513	6715567
458514	6715573
458515	6715589
458516	6715627
458517	6715637
458518	6715649
458519	6715679
458520	6715691
458521	6715699
458522	6715717
458523	6715727
458524	6715739
458525	6715769
458526	6715771
458527	6715801
458528	6715811
458529	6715823
458530	6715831
458531	6715837
458532	6715847
458533	6715859
458534	6715861
458535	6715889
458536	6715897
458537	6715903
458538	6715913
458539	6715921
458540	6715937
458541	6715957
458542	6715963
458543	6715967
458544	6715979
458545	6715991
458546	6715993
458547	6715997
458548	6715999
458549	6716009
458550	6716011
458551	6716053
458552	6716077
458553	6716093
458554	6716113
458555	6716117
458556	6716137
458557	6716153
458558	6716191
458559	6716201
458560	6716209
458561	6716221
458562	6716257
458563	6716267
458564	6716287
458565	6716293
458566	6716327
458567	6716363
458568	6716393
458569	6716401
458570	6716417
458571	6716431
458572	6716447
458573	6716453
458574	6716459
458575	6716461
458576	6716477
458577	6716533
458578	6716539
458579	6716551
458580	6716569
458581	6716627
458582	6716639
458583	6716651
458584	6716653
458585	6716681
458586	6716687
458587	6716693
458588	6716701
458589	6716761
458590	6716767
458591	6716791
458592	6716797
458593	6716821
458594	6716837
458595	6716867
458596	6716873
458597	6716891
458598	6716909
458599	6716917
458600	6716923
458601	6716929
458602	6716953
458603	6716977
458604	6716993
458605	6717001
458606	6717031
458607	6717037
458608	6717047
458609	6717077
458610	6717079
458611	6717083
458612	6717101
458613	6717103
458614	6717119
458615	6717131
458616	6717143
458617	6717149
458618	6717169
458619	6717181
458620	6717197
458621	6717223
458622	6717229
458623	6717281
458624	6717301
458625	6717307
458626	6717323
458627	6717341
458628	6717349
458629	6717383
458630	6717391
458631	6717401
458632	6717407
458633	6717413
458634	6717419
458635	6717427
458636	6717433
458637	6717457
458638	6717479
458639	6717493
458640	6717497
458641	6717509
458642	6717517
458643	6717551
458644	6717553
458645	6717577
458646	6717593
458647	6717619
458648	6717629
458649	6717649
458650	6717653
458651	6717671
458652	6717673
458653	6717701
458654	6717709
458655	6717713
458656	6717769
458657	6717787
458658	6717791
458659	6717797
458660	6717829
458661	6717833
458662	6717853
458663	6717859
458664	6717877
458665	6717881
458666	6717899
458667	6717947
458668	6717959
458669	6717961
458670	6718003
458671	6718021
458672	6718031
458673	6718067
458674	6718087
458675	6718099
458676	6718163
458677	6718171
458678	6718193
458679	6718199
458680	6718211
458681	6718223
458682	6718241
458683	6718253
458684	6718259
458685	6718273
458686	6718303
458687	6718319
458688	6718331
458689	6718337
458690	6718339
458691	6718367
458692	6718379
458693	6718391
458694	6718399
458695	6718441
458696	6718447
458697	6718469
458698	6718471
458699	6718477
458700	6718483
458701	6718487
458702	6718489
458703	6718493
458704	6718499
458705	6718541
458706	6718561
458707	6718567
458708	6718573
458709	6718583
458710	6718589
458711	6718667
458712	6718687
458713	6718721
458714	6718727
458715	6718741
458716	6718759
458717	6718763
458718	6718771
458719	6718781
458720	6718787
458721	6718819
458722	6718853
458723	6718889
458724	6718897
458725	6718919
458726	6718937
458727	6718939
458728	6718963
458729	6718997
458730	6719003
458731	6719017
458732	6719077
458733	6719101
458734	6719107
458735	6719113
458736	6719117
458737	6719143
458738	6719149
458739	6719159
458740	6719161
458741	6719177
458742	6719183
458743	6719221
458744	6719231
458745	6719299
458746	6719303
458747	6719327
458748	6719341
458749	6719347
458750	6719353
458751	6719357
458752	6719359
458753	6719371
458754	6719413
458755	6719423
458756	6719441
458757	6719477
458758	6719491
458759	6719501
458760	6719509
458761	6719527
458762	6719563
458763	6719593
458764	6719621
458765	6719623
458766	6719627
458767	6719639
458768	6719693
458769	6719701
458770	6719719
458771	6719729
458772	6719759
458773	6719789
458774	6719809
458775	6719813
458776	6719827
458777	6719837
458778	6719849
458779	6719861
458780	6719873
458781	6719893
458782	6719897
458783	6719917
458784	6719969
458785	6719983
458786	6719989
458787	6720011
458788	6720047
458789	6720059
458790	6720089
458791	6720143
458792	6720157
458793	6720173
458794	6720179
458795	6720191
458796	6720227
458797	6720229
458798	6720239
458799	6720251
458800	6720271
458801	6720283
458802	6720289
458803	6720299
458804	6720323
458805	6720331
458806	6720353
458807	6720361
458808	6720367
458809	6720377
458810	6720383
458811	6720403
458812	6720407
458813	6720409
458814	6720437
458815	6720443
458816	6720473
458817	6720481
458818	6720499
458819	6720503
458820	6720517
458821	6720523
458822	6720533
458823	6720589
458824	6720601
458825	6720607
458826	6720617
458827	6720619
458828	6720629
458829	6720667
458830	6720673
458831	6720683
458832	6720691
458833	6720697
458834	6720719
458835	6720731
458836	6720739
458837	6720743
458838	6720751
458839	6720773
458840	6720811
458841	6720817
458842	6720821
458843	6720823
458844	6720841
458845	6720887
458846	6720911
458847	6720929
458848	6720941
458849	6720947
458850	6721009
458851	6721019
458852	6721051
458853	6721061
458854	6721093
458855	6721109
458856	6721123
458857	6721133
458858	6721147
458859	6721153
458860	6721157
458861	6721159
458862	6721177
458863	6721181
458864	6721189
458865	6721199
458866	6721207
458867	6721213
458868	6721219
458869	6721237
458870	6721259
458871	6721277
458872	6721283
458873	6721289
458874	6721303
458875	6721331
458876	6721333
458877	6721343
458878	6721361
458879	6721367
458880	6721381
458881	6721387
458882	6721411
458883	6721427
458884	6721433
458885	6721439
458886	6721447
458887	6721469
458888	6721483
458889	6721487
458890	6721489
458891	6721501
458892	6721523
458893	6721541
458894	6721549
458895	6721553
458896	6721567
458897	6721571
458898	6721577
458899	6721609
458900	6721661
458901	6721667
458902	6721669
458903	6721691
458904	6721711
458905	6721723
458906	6721733
458907	6721739
458908	6721747
458909	6721751
458910	6721769
458911	6721787
458912	6721789
458913	6721843
458914	6721849
458915	6721859
458916	6721861
458917	6721867
458918	6721879
458919	6721927
458920	6721943
458921	6721951
458922	6721961
458923	6721969
458924	6721973
458925	6721993
458926	6721999
458927	6722039
458928	6722057
458929	6722063
458930	6722069
458931	6722117
458932	6722129
458933	6722137
458934	6722153
458935	6722161
458936	6722173
458937	6722207
458938	6722239
458939	6722263
458940	6722273
458941	6722291
458942	6722321
458943	6722329
458944	6722341
458945	6722377
458946	6722393
458947	6722399
458948	6722411
458949	6722413
458950	6722423
458951	6722473
458952	6722477
458953	6722479
458954	6722537
458955	6722539
458956	6722549
458957	6722557
458958	6722563
458959	6722581
458960	6722587
458961	6722593
458962	6722603
458963	6722623
458964	6722657
458965	6722659
458966	6722669
458967	6722687
458968	6722689
458969	6722717
458970	6722719
458971	6722741
458972	6722743
458973	6722747
458974	6722759
458975	6722761
458976	6722767
458977	6722791
458978	6722797
458979	6722801
458980	6722819
458981	6722839
458982	6722843
458983	6722857
458984	6722861
458985	6722869
458986	6722879
458987	6722899
458988	6722909
458989	6722929
458990	6722957
458991	6722987
458992	6723023
458993	6723037
458994	6723049
458995	6723053
458996	6723071
458997	6723077
458998	6723089
458999	6723091
459000	6723113
