459001	6723121
459002	6723127
459003	6723163
459004	6723181
459005	6723193
459006	6723217
459007	6723251
459008	6723257
459009	6723259
459010	6723271
459011	6723289
459012	6723293
459013	6723323
459014	6723329
459015	6723349
459016	6723371
459017	6723403
459018	6723427
459019	6723439
459020	6723443
459021	6723461
459022	6723499
459023	6723503
459024	6723533
459025	6723539
459026	6723571
459027	6723583
459028	6723589
459029	6723593
459030	6723617
459031	6723623
459032	6723637
459033	6723641
459034	6723643
459035	6723667
459036	6723697
459037	6723709
459038	6723719
459039	6723727
459040	6723733
459041	6723757
459042	6723763
459043	6723767
459044	6723779
459045	6723799
459046	6723803
459047	6723863
459048	6723881
459049	6723901
459050	6723907
459051	6723917
459052	6723949
459053	6723971
459054	6723979
459055	6724007
459056	6724013
459057	6724021
459058	6724033
459059	6724037
459060	6724051
459061	6724063
459062	6724093
459063	6724111
459064	6724139
459065	6724169
459066	6724177
459067	6724189
459068	6724219
459069	6724229
459070	6724247
459071	6724253
459072	6724261
459073	6724283
459074	6724301
459075	6724307
459076	6724351
459077	6724357
459078	6724373
459079	6724379
459080	6724387
459081	6724439
459082	6724453
459083	6724463
459084	6724477
459085	6724507
459086	6724511
459087	6724583
459088	6724591
459089	6724603
459090	6724609
459091	6724621
459092	6724631
459093	6724637
459094	6724649
459095	6724709
459096	6724721
459097	6724747
459098	6724759
459099	6724769
459100	6724771
459101	6724789
459102	6724793
459103	6724801
459104	6724829
459105	6724831
459106	6724847
459107	6724853
459108	6724859
459109	6724871
459110	6724873
459111	6724889
459112	6724903
459113	6724931
459114	6724933
459115	6724937
459116	6724951
459117	6724981
459118	6724987
459119	6724999
459120	6725021
459121	6725027
459122	6725051
459123	6725063
459124	6725077
459125	6725093
459126	6725099
459127	6725101
459128	6725113
459129	6725119
459130	6725123
459131	6725141
459132	6725143
459133	6725153
459134	6725161
459135	6725167
459136	6725197
459137	6725219
459138	6725239
459139	6725249
459140	6725261
459141	6725273
459142	6725281
459143	6725309
459144	6725317
459145	6725339
459146	6725347
459147	6725363
459148	6725377
459149	6725399
459150	6725401
459151	6725423
459152	6725429
459153	6725437
459154	6725441
459155	6725443
459156	6725473
459157	6725479
459158	6725491
459159	6725497
459160	6725513
459161	6725519
459162	6725531
459163	6725533
459164	6725549
459165	6725597
459166	6725611
459167	6725633
459168	6725657
459169	6725687
459170	6725717
459171	6725731
459172	6725737
459173	6725743
459174	6725827
459175	6725833
459176	6725839
459177	6725843
459178	6725861
459179	6725879
459180	6725881
459181	6725891
459182	6725899
459183	6725909
459184	6725911
459185	6725923
459186	6725951
459187	6725963
459188	6725969
459189	6725987
459190	6726023
459191	6726053
459192	6726073
459193	6726079
459194	6726107
459195	6726131
459196	6726151
459197	6726157
459198	6726179
459199	6726191
459200	6726221
459201	6726227
459202	6726229
459203	6726233
459204	6726241
459205	6726257
459206	6726299
459207	6726329
459208	6726367
459209	6726383
459210	6726397
459211	6726427
459212	6726431
459213	6726481
459214	6726487
459215	6726493
459216	6726497
459217	6726523
459218	6726529
459219	6726539
459220	6726547
459221	6726571
459222	6726581
459223	6726607
459224	6726623
459225	6726647
459226	6726667
459227	6726689
459228	6726697
459229	6726737
459230	6726739
459231	6726749
459232	6726761
459233	6726763
459234	6726773
459235	6726793
459236	6726799
459237	6726821
459238	6726947
459239	6726949
459240	6726953
459241	6726961
459242	6726989
459243	6726991
459244	6727009
459245	6727013
459246	6727027
459247	6727069
459248	6727073
459249	6727079
459250	6727099
459251	6727139
459252	6727163
459253	6727177
459254	6727181
459255	6727187
459256	6727199
459257	6727207
459258	6727213
459259	6727249
459260	6727267
459261	6727271
459262	6727283
459263	6727297
459264	6727319
459265	6727337
459266	6727351
459267	6727361
459268	6727363
459269	6727379
459270	6727397
459271	6727417
459272	6727429
459273	6727433
459274	6727447
459275	6727481
459276	6727493
459277	6727517
459278	6727519
459279	6727541
459280	6727543
459281	6727547
459282	6727549
459283	6727559
459284	6727579
459285	6727583
459286	6727601
459287	6727603
459288	6727619
459289	6727621
459290	6727657
459291	6727663
459292	6727667
459293	6727703
459294	6727717
459295	6727741
459296	6727769
459297	6727771
459298	6727781
459299	6727783
459300	6727789
459301	6727793
459302	6727811
459303	6727817
459304	6727849
459305	6727867
459306	6727871
459307	6727879
459308	6727927
459309	6727943
459310	6727949
459311	6727967
459312	6727993
459313	6728009
459314	6728011
459315	6728027
459316	6728041
459317	6728047
459318	6728083
459319	6728101
459320	6728123
459321	6728129
459322	6728131
459323	6728149
459324	6728171
459325	6728177
459326	6728179
459327	6728201
459328	6728221
459329	6728231
459330	6728251
459331	6728257
459332	6728273
459333	6728279
459334	6728321
459335	6728327
459336	6728347
459337	6728369
459338	6728383
459339	6728399
459340	6728401
459341	6728437
459342	6728441
459343	6728467
459344	6728503
459345	6728521
459346	6728531
459347	6728539
459348	6728543
459349	6728563
459350	6728569
459351	6728591
459352	6728639
459353	6728653
459354	6728663
459355	6728713
459356	6728723
459357	6728731
459358	6728749
459359	6728759
459360	6728801
459361	6728809
459362	6728833
459363	6728837
459364	6728861
459365	6728873
459366	6728881
459367	6728947
459368	6728963
459369	6728977
459370	6729007
459371	6729017
459372	6729053
459373	6729061
459374	6729083
459375	6729089
459376	6729109
459377	6729137
459378	6729157
459379	6729169
459380	6729193
459381	6729197
459382	6729209
459383	6729223
459384	6729241
459385	6729257
459386	6729259
459387	6729269
459388	6729313
459389	6729329
459390	6729341
459391	6729347
459392	6729361
459393	6729377
459394	6729383
459395	6729389
459396	6729419
459397	6729427
459398	6729461
459399	6729469
459400	6729473
459401	6729487
459402	6729493
459403	6729497
459404	6729509
459405	6729517
459406	6729521
459407	6729533
459408	6729571
459409	6729587
459410	6729589
459411	6729607
459412	6729631
459413	6729643
459414	6729647
459415	6729659
459416	6729661
459417	6729677
459418	6729683
459419	6729691
459420	6729719
459421	6729721
459422	6729727
459423	6729787
459424	6729791
459425	6729799
459426	6729817
459427	6729829
459428	6729847
459429	6729871
459430	6729901
459431	6729911
459432	6729991
459433	6730033
459434	6730037
459435	6730043
459436	6730049
459437	6730051
459438	6730067
459439	6730093
459440	6730121
459441	6730153
459442	6730159
459443	6730177
459444	6730187
459445	6730201
459446	6730211
459447	6730253
459448	6730261
459449	6730271
459450	6730277
459451	6730279
459452	6730289
459453	6730319
459454	6730327
459455	6730331
459456	6730333
459457	6730343
459458	6730357
459459	6730369
459460	6730391
459461	6730463
459462	6730469
459463	6730481
459464	6730483
459465	6730501
459466	6730531
459467	6730547
459468	6730561
459469	6730571
459470	6730583
459471	6730597
459472	6730609
459473	6730613
459474	6730637
459475	6730663
459476	6730667
459477	6730681
459478	6730687
459479	6730699
459480	6730709
459481	6730727
459482	6730771
459483	6730783
459484	6730811
459485	6730849
459486	6730903
459487	6730907
459488	6730909
459489	6730939
459490	6730949
459491	6730951
459492	6730961
459493	6730967
459494	6730979
459495	6730991
459496	6730993
459497	6731009
459498	6731017
459499	6731027
459500	6731029
459501	6731033
459502	6731041
459503	6731047
459504	6731059
459505	6731063
459506	6731069
459507	6731083
459508	6731107
459509	6731113
459510	6731117
459511	6731171
459512	6731183
459513	6731239
459514	6731267
459515	6731273
459516	6731279
459517	6731281
459518	6731311
459519	6731323
459520	6731327
459521	6731363
459522	6731401
459523	6731407
459524	6731437
459525	6731449
459526	6731467
459527	6731471
459528	6731489
459529	6731497
459530	6731537
459531	6731539
459532	6731561
459533	6731563
459534	6731579
459535	6731591
459536	6731597
459537	6731611
459538	6731623
459539	6731633
459540	6731639
459541	6731651
459542	6731657
459543	6731707
459544	6731713
459545	6731717
459546	6731729
459547	6731759
459548	6731773
459549	6731783
459550	6731797
459551	6731821
459552	6731843
459553	6731849
459554	6731869
459555	6731903
459556	6731927
459557	6731941
459558	6731957
459559	6731981
459560	6731993
459561	6732029
459562	6732041
459563	6732059
459564	6732097
459565	6732107
459566	6732127
459567	6732151
459568	6732157
459569	6732163
459570	6732179
459571	6732181
459572	6732191
459573	6732197
459574	6732247
459575	6732269
459576	6732281
459577	6732283
459578	6732293
459579	6732311
459580	6732337
459581	6732343
459582	6732347
459583	6732359
459584	6732373
459585	6732449
459586	6732461
459587	6732469
459588	6732497
459589	6732503
459590	6732511
459591	6732521
459592	6732529
459593	6732541
459594	6732563
459595	6732577
459596	6732589
459597	6732599
459598	6732613
459599	6732619
459600	6732623
459601	6732647
459602	6732659
459603	6732679
459604	6732683
459605	6732689
459606	6732701
459607	6732709
459608	6732751
459609	6732773
459610	6732787
459611	6732793
459612	6732809
459613	6732823
459614	6732827
459615	6732851
459616	6732857
459617	6732889
459618	6732893
459619	6732899
459620	6732907
459621	6732919
459622	6732931
459623	6732937
459624	6732949
459625	6732953
459626	6732967
459627	6732989
459628	6733033
459629	6733073
459630	6733093
459631	6733099
459632	6733109
459633	6733121
459634	6733123
459635	6733127
459636	6733141
459637	6733147
459638	6733151
459639	6733171
459640	6733187
459641	6733193
459642	6733211
459643	6733219
459644	6733229
459645	6733247
459646	6733253
459647	6733261
459648	6733271
459649	6733283
459650	6733289
459651	6733291
459652	6733313
459653	6733351
459654	6733357
459655	6733369
459656	6733379
459657	6733393
459658	6733439
459659	6733453
459660	6733469
459661	6733511
459662	6733579
459663	6733609
459664	6733613
459665	6733627
459666	6733633
459667	6733637
459668	6733663
459669	6733669
459670	6733681
459671	6733709
459672	6733721
459673	6733747
459674	6733777
459675	6733787
459676	6733807
459677	6733813
459678	6733817
459679	6733823
459680	6733841
459681	6733861
459682	6733879
459683	6733891
459684	6733897
459685	6733901
459686	6733907
459687	6733919
459688	6733927
459689	6733957
459690	6733997
459691	6734011
459692	6734017
459693	6734029
459694	6734033
459695	6734047
459696	6734053
459697	6734059
459698	6734069
459699	6734081
459700	6734093
459701	6734141
459702	6734149
459703	6734173
459704	6734179
459705	6734183
459706	6734191
459707	6734213
459708	6734249
459709	6734257
459710	6734267
459711	6734281
459712	6734297
459713	6734309
459714	6734327
459715	6734369
459716	6734381
459717	6734383
459718	6734401
459719	6734443
459720	6734447
459721	6734459
459722	6734477
459723	6734479
459724	6734491
459725	6734503
459726	6734521
459727	6734543
459728	6734573
459729	6734593
459730	6734597
459731	6734599
459732	6734603
459733	6734627
459734	6734633
459735	6734647
459736	6734681
459737	6734713
459738	6734729
459739	6734731
459740	6734753
459741	6734779
459742	6734803
459743	6734813
459744	6734831
459745	6734867
459746	6734879
459747	6734881
459748	6734891
459749	6734921
459750	6734927
459751	6734939
459752	6734951
459753	6734969
459754	6734977
459755	6734993
459756	6735011
459757	6735013
459758	6735017
459759	6735019
459760	6735037
459761	6735049
459762	6735089
459763	6735097
459764	6735107
459765	6735151
459766	6735161
459767	6735173
459768	6735181
459769	6735217
459770	6735229
459771	6735271
459772	6735283
459773	6735301
459774	6735307
459775	6735319
459776	6735341
459777	6735347
459778	6735359
459779	6735373
459780	6735397
459781	6735403
459782	6735413
459783	6735427
459784	6735433
459785	6735467
459786	6735493
459787	6735497
459788	6735503
459789	6735529
459790	6735539
459791	6735571
459792	6735581
459793	6735601
459794	6735613
459795	6735623
459796	6735643
459797	6735647
459798	6735653
459799	6735661
459800	6735667
459801	6735679
459802	6735727
459803	6735731
459804	6735733
459805	6735749
459806	6735761
459807	6735763
459808	6735811
459809	6735829
459810	6735847
459811	6735863
459812	6735871
459813	6735877
459814	6735901
459815	6735913
459816	6735919
459817	6735923
459818	6735943
459819	6735947
459820	6735973
459821	6735977
459822	6736003
459823	6736019
459824	6736027
459825	6736039
459826	6736061
459827	6736069
459828	6736111
459829	6736117
459830	6736123
459831	6736129
459832	6736157
459833	6736189
459834	6736211
459835	6736243
459836	6736253
459837	6736271
459838	6736273
459839	6736283
459840	6736297
459841	6736319
459842	6736333
459843	6736339
459844	6736343
459845	6736351
459846	6736361
459847	6736417
459848	6736441
459849	6736451
459850	6736453
459851	6736481
459852	6736487
459853	6736489
459854	6736511
459855	6736519
459856	6736523
459857	6736531
459858	6736537
459859	6736547
459860	6736549
459861	6736603
459862	6736633
459863	6736643
459864	6736663
459865	6736687
459866	6736727
459867	6736733
459868	6736739
459869	6736759
459870	6736771
459871	6736799
459872	6736817
459873	6736819
459874	6736823
459875	6736831
459876	6736837
459877	6736841
459878	6736859
459879	6736897
459880	6736927
459881	6736931
459882	6736943
459883	6736973
459884	6736987
459885	6736991
459886	6737009
459887	6737021
459888	6737057
459889	6737063
459890	6737099
459891	6737123
459892	6737131
459893	6737141
459894	6737147
459895	6737149
459896	6737177
459897	6737207
459898	6737231
459899	6737233
459900	6737239
459901	6737257
459902	6737273
459903	6737299
459904	6737303
459905	6737317
459906	6737327
459907	6737347
459908	6737351
459909	6737371
459910	6737383
459911	6737411
459912	6737417
459913	6737429
459914	6737443
459915	6737449
459916	6737473
459917	6737503
459918	6737513
459919	6737527
459920	6737531
459921	6737557
459922	6737581
459923	6737611
459924	6737639
459925	6737651
459926	6737659
459927	6737669
459928	6737671
459929	6737677
459930	6737701
459931	6737707
459932	6737719
459933	6737767
459934	6737777
459935	6737789
459936	6737791
459937	6737803
459938	6737807
459939	6737821
459940	6737833
459941	6737839
459942	6737849
459943	6737891
459944	6737893
459945	6737903
459946	6737921
459947	6737953
459948	6737963
459949	6737987
459950	6738007
459951	6738031
459952	6738047
459953	6738059
459954	6738079
459955	6738089
459956	6738091
459957	6738131
459958	6738133
459959	6738139
459960	6738163
459961	6738169
459962	6738187
459963	6738197
459964	6738203
459965	6738223
459966	6738233
459967	6738269
459968	6738301
459969	6738317
459970	6738337
459971	6738349
459972	6738359
459973	6738373
459974	6738383
459975	6738419
459976	6738427
459977	6738451
459978	6738461
459979	6738481
459980	6738491
459981	6738499
459982	6738503
459983	6738533
459984	6738541
459985	6738553
459986	6738623
459987	6738631
459988	6738649
459989	6738689
459990	6738727
459991	6738751
459992	6738757
459993	6738761
459994	6738763
459995	6738799
459996	6738827
459997	6738857
459998	6738877
459999	6738887
460000	6738889
