93001	1200959
93002	1200989
93003	1201001
93004	1201003
93005	1201019
93006	1201021
93007	1201027
93008	1201043
93009	1201049
93010	1201061
93011	1201073
93012	1201087
93013	1201097
93014	1201103
93015	1201111
93016	1201117
93017	1201141
93018	1201153
93019	1201163
93020	1201171
93021	1201183
93022	1201201
93023	1201217
93024	1201229
93025	1201241
93026	1201247
93027	1201261
93028	1201283
93029	1201307
93030	1201309
93031	1201327
93032	1201337
93033	1201381
93034	1201439
93035	1201469
93036	1201481
93037	1201483
93038	1201489
93039	1201493
93040	1201513
93041	1201523
93042	1201531
93043	1201553
93044	1201559
93045	1201567
93046	1201583
93047	1201601
93048	1201633
93049	1201637
93050	1201643
93051	1201687
93052	1201691
93053	1201699
93054	1201703
93055	1201709
93056	1201729
93057	1201787
93058	1201793
93059	1201813
93060	1201829
93061	1201841
93062	1201843
93063	1201853
93064	1201873
93065	1201909
93066	1201919
93067	1201939
93068	1201961
93069	1201969
93070	1201999
93071	1202009
93072	1202017
93073	1202023
93074	1202027
93075	1202029
93076	1202041
93077	1202057
93078	1202063
93079	1202077
93080	1202081
93081	1202099
93082	1202107
93083	1202129
93084	1202147
93085	1202153
93086	1202183
93087	1202191
93088	1202219
93089	1202221
93090	1202231
93091	1202239
93092	1202251
93093	1202261
93094	1202269
93095	1202293
93096	1202303
93097	1202317
93098	1202321
93099	1202329
93100	1202347
93101	1202363
93102	1202387
93103	1202423
93104	1202429
93105	1202437
93106	1202447
93107	1202471
93108	1202473
93109	1202477
93110	1202483
93111	1202497
93112	1202501
93113	1202507
93114	1202549
93115	1202561
93116	1202569
93117	1202603
93118	1202609
93119	1202627
93120	1202629
93121	1202633
93122	1202689
93123	1202741
93124	1202743
93125	1202771
93126	1202779
93127	1202783
93128	1202791
93129	1202807
93130	1202813
93131	1202819
93132	1202827
93133	1202837
93134	1202843
93135	1202849
93136	1202857
93137	1202863
93138	1202867
93139	1202881
93140	1202939
93141	1202959
93142	1202963
93143	1202977
93144	1202987
93145	1203019
93146	1203067
93147	1203077
93148	1203101
93149	1203121
93150	1203127
93151	1203149
93152	1203151
93153	1203161
93154	1203179
93155	1203193
93156	1203211
93157	1203217
93158	1203221
93159	1203229
93160	1203233
93161	1203263
93162	1203283
93163	1203287
93164	1203329
93165	1203331
93166	1203343
93167	1203359
93168	1203361
93169	1203421
93170	1203437
93171	1203443
93172	1203457
93173	1203463
93174	1203467
93175	1203487
93176	1203493
93177	1203509
93178	1203533
93179	1203557
93180	1203571
93181	1203581
93182	1203607
93183	1203611
93184	1203619
93185	1203641
93186	1203661
93187	1203667
93188	1203689
93189	1203691
93190	1203731
93191	1203733
93192	1203739
93193	1203757
93194	1203773
93195	1203779
93196	1203791
93197	1203793
93198	1203799
93199	1203809
93200	1203817
93201	1203827
93202	1203841
93203	1203863
93204	1203887
93205	1203893
93206	1203899
93207	1203901
93208	1203913
93209	1203919
93210	1203929
93211	1203931
93212	1203941
93213	1203949
93214	1203953
93215	1203959
93216	1203971
93217	1204003
93218	1204019
93219	1204037
93220	1204097
93221	1204103
93222	1204117
93223	1204139
93224	1204141
93225	1204153
93226	1204169
93227	1204171
93228	1204183
93229	1204207
93230	1204219
93231	1204243
93232	1204271
93233	1204279
93234	1204289
93235	1204309
93236	1204337
93237	1204363
93238	1204369
93239	1204397
93240	1204409
93241	1204421
93242	1204447
93243	1204451
93244	1204453
93245	1204471
93246	1204477
93247	1204493
93248	1204507
93249	1204519
93250	1204529
93251	1204561
93252	1204583
93253	1204597
93254	1204607
93255	1204613
93256	1204633
93257	1204649
93258	1204669
93259	1204681
93260	1204699
93261	1204711
93262	1204729
93263	1204741
93264	1204781
93265	1204783
93266	1204787
93267	1204813
93268	1204823
93269	1204859
93270	1204871
93271	1204873
93272	1204883
93273	1204891
93274	1204937
93275	1204967
93276	1204969
93277	1204981
93278	1205027
93279	1205047
93280	1205081
93281	1205089
93282	1205093
93283	1205101
93284	1205117
93285	1205119
93286	1205123
93287	1205159
93288	1205173
93289	1205179
93290	1205219
93291	1205231
93292	1205251
93293	1205257
93294	1205287
93295	1205293
93296	1205339
93297	1205377
93298	1205387
93299	1205411
93300	1205437
93301	1205447
93302	1205459
93303	1205467
93304	1205471
93305	1205473
93306	1205489
93307	1205513
93308	1205527
93309	1205537
93310	1205539
93311	1205549
93312	1205557
93313	1205563
93314	1205609
93315	1205627
93316	1205629
93317	1205639
93318	1205647
93319	1205653
93320	1205663
93321	1205669
93322	1205681
93323	1205693
93324	1205707
93325	1205713
93326	1205717
93327	1205731
93328	1205749
93329	1205753
93330	1205767
93331	1205773
93332	1205779
93333	1205819
93334	1205843
93335	1205891
93336	1205899
93337	1205903
93338	1205921
93339	1205947
93340	1205951
93341	1205969
93342	1205977
93343	1205999
93344	1206013
93345	1206017
93346	1206043
93347	1206053
93348	1206059
93349	1206061
93350	1206071
93351	1206113
93352	1206131
93353	1206151
93354	1206157
93355	1206169
93356	1206173
93357	1206181
93358	1206187
93359	1206199
93360	1206209
93361	1206223
93362	1206229
93363	1206259
93364	1206263
93365	1206277
93366	1206307
93367	1206319
93368	1206323
93369	1206341
93370	1206347
93371	1206353
93372	1206377
93373	1206383
93374	1206391
93375	1206407
93376	1206433
93377	1206449
93378	1206461
93379	1206467
93380	1206479
93381	1206497
93382	1206529
93383	1206539
93384	1206553
93385	1206563
93386	1206577
93387	1206581
93388	1206587
93389	1206619
93390	1206637
93391	1206679
93392	1206683
93393	1206691
93394	1206701
93395	1206703
93396	1206713
93397	1206721
93398	1206731
93399	1206743
93400	1206749
93401	1206761
93402	1206767
93403	1206769
93404	1206773
93405	1206781
93406	1206791
93407	1206809
93408	1206827
93409	1206841
93410	1206869
93411	1206941
93412	1206973
93413	1206979
93414	1207001
93415	1207027
93416	1207033
93417	1207039
93418	1207043
93419	1207079
93420	1207093
93421	1207097
93422	1207111
93423	1207117
93424	1207121
93425	1207123
93426	1207133
93427	1207147
93428	1207159
93429	1207211
93430	1207223
93431	1207237
93432	1207249
93433	1207259
93434	1207267
93435	1207291
93436	1207307
93437	1207309
93438	1207313
93439	1207319
93440	1207331
93441	1207343
93442	1207351
93443	1207363
93444	1207379
93445	1207387
93446	1207403
93447	1207417
93448	1207429
93449	1207439
93450	1207441
93451	1207447
93452	1207489
93453	1207501
93454	1207511
93455	1207519
93456	1207529
93457	1207537
93458	1207597
93459	1207603
93460	1207627
93461	1207649
93462	1207681
93463	1207699
93464	1207721
93465	1207727
93466	1207751
93467	1207757
93468	1207769
93469	1207841
93470	1207883
93471	1207903
93472	1207909
93473	1207919
93474	1207933
93475	1207957
93476	1207961
93477	1207979
93478	1207981
93479	1208017
93480	1208021
93481	1208023
93482	1208027
93483	1208033
93484	1208057
93485	1208069
93486	1208089
93487	1208113
93488	1208117
93489	1208131
93490	1208149
93491	1208159
93492	1208177
93493	1208189
93494	1208209
93495	1208219
93496	1208237
93497	1208239
93498	1208243
93499	1208269
93500	1208279
93501	1208297
93502	1208299
93503	1208303
93504	1208341
93505	1208371
93506	1208387
93507	1208399
93508	1208407
93509	1208413
93510	1208423
93511	1208447
93512	1208461
93513	1208507
93514	1208521
93515	1208561
93516	1208569
93517	1208573
93518	1208591
93519	1208651
93520	1208657
93521	1208663
93522	1208677
93523	1208681
93524	1208689
93525	1208707
93526	1208731
93527	1208741
93528	1208777
93529	1208789
93530	1208791
93531	1208797
93532	1208813
93533	1208821
93534	1208833
93535	1208843
93536	1208849
93537	1208863
93538	1208873
93539	1208927
93540	1208939
93541	1208941
93542	1208957
93543	1209007
93544	1209017
93545	1209029
93546	1209053
93547	1209073
93548	1209079
93549	1209083
93550	1209107
93551	1209113
93552	1209121
93553	1209139
93554	1209151
93555	1209163
93556	1209181
93557	1209191
93558	1209199
93559	1209209
93560	1209223
93561	1209233
93562	1209239
93563	1209251
93564	1209269
93565	1209277
93566	1209281
93567	1209287
93568	1209311
93569	1209337
93570	1209347
93571	1209353
93572	1209367
93573	1209379
93574	1209427
93575	1209437
93576	1209457
93577	1209463
93578	1209469
93579	1209487
93580	1209491
93581	1209517
93582	1209539
93583	1209557
93584	1209563
93585	1209577
93586	1209583
93587	1209587
93588	1209617
93589	1209629
93590	1209631
93591	1209647
93592	1209671
93593	1209697
93594	1209707
93595	1209709
93596	1209739
93597	1209757
93598	1209763
93599	1209773
93600	1209779
93601	1209781
93602	1209809
93603	1209811
93604	1209821
93605	1209841
93606	1209853
93607	1209877
93608	1209883
93609	1209889
93610	1209931
93611	1209947
93612	1209959
93613	1209973
93614	1209979
93615	1210003
93616	1210019
93617	1210021
93618	1210037
93619	1210039
93620	1210049
93621	1210051
93622	1210067
93623	1210093
93624	1210103
93625	1210123
93626	1210127
93627	1210151
93628	1210163
93629	1210169
93630	1210177
93631	1210193
93632	1210207
93633	1210211
93634	1210229
93635	1210241
93636	1210259
93637	1210289
93638	1210351
93639	1210369
93640	1210379
93641	1210387
93642	1210393
93643	1210397
93644	1210399
93645	1210403
93646	1210409
93647	1210411
93648	1210427
93649	1210439
93650	1210441
93651	1210459
93652	1210477
93653	1210483
93654	1210499
93655	1210523
93656	1210541
93657	1210549
93658	1210597
93659	1210609
93660	1210613
93661	1210631
93662	1210637
93663	1210639
93664	1210711
93665	1210717
93666	1210747
93667	1210753
93668	1210777
93669	1210787
93670	1210793
93671	1210799
93672	1210801
93673	1210817
93674	1210819
93675	1210831
93676	1210843
93677	1210871
93678	1210873
93679	1210877
93680	1210879
93681	1210883
93682	1210897
93683	1210903
93684	1210921
93685	1210933
93686	1210939
93687	1210949
93688	1210967
93689	1210987
93690	1210999
93691	1211027
93692	1211039
93693	1211051
93694	1211057
93695	1211059
93696	1211081
93697	1211083
93698	1211087
93699	1211141
93700	1211167
93701	1211179
93702	1211183
93703	1211191
93704	1211207
93705	1211227
93706	1211261
93707	1211279
93708	1211281
93709	1211303
93710	1211311
93711	1211333
93712	1211339
93713	1211381
93714	1211389
93715	1211393
93716	1211407
93717	1211411
93718	1211423
93719	1211443
93720	1211477
93721	1211489
93722	1211501
93723	1211503
93724	1211531
93725	1211537
93726	1211543
93727	1211549
93728	1211563
93729	1211593
93730	1211597
93731	1211599
93732	1211603
93733	1211621
93734	1211629
93735	1211647
93736	1211653
93737	1211657
93738	1211659
93739	1211669
93740	1211677
93741	1211689
93742	1211701
93743	1211719
93744	1211723
93745	1211731
93746	1211737
93747	1211741
93748	1211761
93749	1211767
93750	1211779
93751	1211789
93752	1211797
93753	1211807
93754	1211813
93755	1211827
93756	1211843
93757	1211857
93758	1211863
93759	1211897
93760	1211911
93761	1211921
93762	1211923
93763	1211933
93764	1211983
93765	1211999
93766	1212011
93767	1212017
93768	1212023
93769	1212047
93770	1212053
93771	1212061
93772	1212103
93773	1212119
93774	1212121
93775	1212149
93776	1212173
93777	1212187
93778	1212191
93779	1212199
93780	1212221
93781	1212227
93782	1212241
93783	1212251
93784	1212259
93785	1212283
93786	1212293
93787	1212301
93788	1212319
93789	1212331
93790	1212347
93791	1212361
93792	1212373
93793	1212397
93794	1212401
93795	1212427
93796	1212433
93797	1212437
93798	1212439
93799	1212443
93800	1212473
93801	1212479
93802	1212487
93803	1212517
93804	1212521
93805	1212551
93806	1212569
93807	1212611
93808	1212613
93809	1212641
93810	1212649
93811	1212671
93812	1212677
93813	1212683
93814	1212697
93815	1212703
93816	1212709
93817	1212719
93818	1212737
93819	1212769
93820	1212773
93821	1212781
93822	1212787
93823	1212793
93824	1212811
93825	1212817
93826	1212839
93827	1212847
93828	1212851
93829	1212853
93830	1212857
93831	1212877
93832	1212889
93833	1212907
93834	1212917
93835	1212919
93836	1212923
93837	1212931
93838	1212943
93839	1212973
93840	1212989
93841	1213007
93842	1213019
93843	1213021
93844	1213027
93845	1213033
93846	1213049
93847	1213057
93848	1213063
93849	1213081
93850	1213087
93851	1213097
93852	1213109
93853	1213129
93854	1213133
93855	1213141
93856	1213151
93857	1213153
93858	1213183
93859	1213189
93860	1213213
93861	1213241
93862	1213253
93863	1213259
93864	1213271
93865	1213301
93866	1213327
93867	1213339
93868	1213357
93869	1213367
93870	1213379
93871	1213427
93872	1213439
93873	1213451
93874	1213469
93875	1213481
93876	1213483
93877	1213517
93878	1213529
93879	1213547
93880	1213561
93881	1213573
93882	1213577
93883	1213591
93884	1213601
93885	1213607
93886	1213627
93887	1213631
93888	1213633
93889	1213643
93890	1213651
93891	1213657
93892	1213661
93893	1213673
93894	1213721
93895	1213741
93896	1213747
93897	1213757
93898	1213759
93899	1213763
93900	1213781
93901	1213801
93902	1213829
93903	1213837
93904	1213841
93905	1213873
93906	1213879
93907	1213897
93908	1213907
93909	1213909
93910	1213913
93911	1213921
93912	1213931
93913	1213939
93914	1213943
93915	1213951
93916	1213981
93917	1214011
93918	1214023
93919	1214039
93920	1214047
93921	1214077
93922	1214093
93923	1214113
93924	1214117
93925	1214131
93926	1214137
93927	1214141
93928	1214159
93929	1214167
93930	1214183
93931	1214189
93932	1214197
93933	1214219
93934	1214221
93935	1214237
93936	1214261
93937	1214273
93938	1214281
93939	1214299
93940	1214333
93941	1214357
93942	1214371
93943	1214393
93944	1214401
93945	1214407
93946	1214413
93947	1214417
93948	1214431
93949	1214441
93950	1214453
93951	1214459
93952	1214471
93953	1214483
93954	1214489
93955	1214519
93956	1214533
93957	1214567
93958	1214573
93959	1214579
93960	1214593
93961	1214617
93962	1214623
93963	1214639
93964	1214641
93965	1214657
93966	1214659
93967	1214663
93968	1214669
93969	1214671
93970	1214683
93971	1214687
93972	1214711
93973	1214729
93974	1214737
93975	1214743
93976	1214749
93977	1214767
93978	1214819
93979	1214827
93980	1214849
93981	1214867
93982	1214891
93983	1214909
93984	1214923
93985	1214933
93986	1214947
93987	1214957
93988	1214959
93989	1214963
93990	1214971
93991	1214977
93992	1214981
93993	1215017
93994	1215029
93995	1215047
93996	1215079
93997	1215083
93998	1215103
93999	1215121
94000	1215133
