91001	1173343
91002	1173349
91003	1173373
91004	1173397
91005	1173401
91006	1173407
91007	1173433
91008	1173439
91009	1173463
91010	1173481
91011	1173511
91012	1173521
91013	1173539
91014	1173541
91015	1173551
91016	1173553
91017	1173581
91018	1173583
91019	1173587
91020	1173589
91021	1173593
91022	1173617
91023	1173631
91024	1173709
91025	1173743
91026	1173749
91027	1173779
91028	1173787
91029	1173803
91030	1173811
91031	1173827
91032	1173829
91033	1173841
91034	1173853
91035	1173881
91036	1173883
91037	1173917
91038	1173937
91039	1173941
91040	1173947
91041	1173959
91042	1173961
91043	1173979
91044	1173983
91045	1174021
91046	1174027
91047	1174031
91048	1174049
91049	1174073
91050	1174079
91051	1174091
91052	1174093
91053	1174099
91054	1174141
91055	1174163
91056	1174171
91057	1174193
91058	1174211
91059	1174213
91060	1174231
91061	1174237
91062	1174247
91063	1174259
91064	1174267
91065	1174273
91066	1174301
91067	1174307
91068	1174319
91069	1174331
91070	1174337
91071	1174339
91072	1174361
91073	1174387
91074	1174399
91075	1174423
91076	1174441
91077	1174451
91078	1174463
91079	1174469
91080	1174477
91081	1174487
91082	1174489
91083	1174499
91084	1174507
91085	1174519
91086	1174531
91087	1174549
91088	1174571
91089	1174583
91090	1174601
91091	1174603
91092	1174619
91093	1174627
91094	1174669
91095	1174673
91096	1174681
91097	1174687
91098	1174709
91099	1174721
91100	1174727
91101	1174739
91102	1174759
91103	1174763
91104	1174769
91105	1174781
91106	1174783
91107	1174793
91108	1174801
91109	1174829
91110	1174847
91111	1174879
91112	1174883
91113	1174891
91114	1174897
91115	1174913
91116	1174919
91117	1174949
91118	1174951
91119	1174969
91120	1174973
91121	1175003
91122	1175021
91123	1175029
91124	1175039
91125	1175071
91126	1175077
91127	1175099
91128	1175107
91129	1175123
91130	1175143
91131	1175149
91132	1175173
91133	1175191
91134	1175219
91135	1175243
91136	1175249
91137	1175257
91138	1175267
91139	1175297
91140	1175351
91141	1175353
91142	1175371
91143	1175387
91144	1175389
91145	1175407
91146	1175411
91147	1175413
91148	1175417
91149	1175437
91150	1175467
91151	1175479
91152	1175483
91153	1175497
91154	1175509
91155	1175521
91156	1175561
91157	1175569
91158	1175579
91159	1175591
91160	1175617
91161	1175623
91162	1175627
91163	1175651
91164	1175659
91165	1175677
91166	1175683
91167	1175687
91168	1175711
91169	1175717
91170	1175723
91171	1175729
91172	1175743
91173	1175767
91174	1175789
91175	1175791
91176	1175803
91177	1175807
91178	1175813
91179	1175819
91180	1175821
91181	1175833
91182	1175849
91183	1175857
91184	1175887
91185	1175899
91186	1175927
91187	1175939
91188	1175953
91189	1175959
91190	1175963
91191	1175969
91192	1175981
91193	1175989
91194	1176023
91195	1176029
91196	1176031
91197	1176041
91198	1176061
91199	1176083
91200	1176089
91201	1176113
91202	1176121
91203	1176127
91204	1176137
91205	1176163
91206	1176173
91207	1176187
91208	1176191
91209	1176221
91210	1176223
91211	1176239
91212	1176277
91213	1176293
91214	1176323
91215	1176353
91216	1176361
91217	1176367
91218	1176377
91219	1176391
91220	1176397
91221	1176403
91222	1176407
91223	1176421
91224	1176433
91225	1176449
91226	1176463
91227	1176509
91228	1176521
91229	1176529
91230	1176533
91231	1176557
91232	1176583
91233	1176589
91234	1176599
91235	1176601
91236	1176607
91237	1176631
91238	1176641
91239	1176647
91240	1176671
91241	1176673
91242	1176701
91243	1176709
91244	1176713
91245	1176737
91246	1176767
91247	1176779
91248	1176787
91249	1176793
91250	1176797
91251	1176811
91252	1176827
91253	1176869
91254	1176871
91255	1176881
91256	1176899
91257	1176911
91258	1176937
91259	1176943
91260	1176947
91261	1176949
91262	1176983
91263	1177009
91264	1177019
91265	1177027
91266	1177037
91267	1177067
91268	1177073
91269	1177087
91270	1177093
91271	1177103
91272	1177129
91273	1177147
91274	1177153
91275	1177157
91276	1177159
91277	1177171
91278	1177181
91279	1177201
91280	1177207
91281	1177219
91282	1177223
91283	1177237
91284	1177243
91285	1177247
91286	1177277
91287	1177291
91288	1177331
91289	1177387
91290	1177399
91291	1177427
91292	1177433
91293	1177447
91294	1177453
91295	1177459
91296	1177481
91297	1177489
91298	1177499
91299	1177507
91300	1177513
91301	1177529
91302	1177541
91303	1177543
91304	1177549
91305	1177571
91306	1177609
91307	1177613
91308	1177619
91309	1177621
91310	1177637
91311	1177651
91312	1177667
91313	1177681
91314	1177697
91315	1177711
91316	1177717
91317	1177723
91318	1177733
91319	1177739
91320	1177741
91321	1177751
91322	1177763
91323	1177769
91324	1177801
91325	1177843
91326	1177859
91327	1177873
91328	1177877
91329	1177901
91330	1177919
91331	1177921
91332	1177933
91333	1177949
91334	1177987
91335	1177997
91336	1178003
91337	1178017
91338	1178033
91339	1178039
91340	1178041
91341	1178059
91342	1178069
91343	1178087
91344	1178101
91345	1178113
91346	1178123
91347	1178131
91348	1178141
91349	1178159
91350	1178161
91351	1178167
91352	1178173
91353	1178189
91354	1178197
91355	1178201
91356	1178207
91357	1178213
91358	1178227
91359	1178231
91360	1178237
91361	1178239
91362	1178263
91363	1178269
91364	1178273
91365	1178297
91366	1178347
91367	1178363
91368	1178369
91369	1178371
91370	1178377
91371	1178393
91372	1178417
91373	1178447
91374	1178461
91375	1178479
91376	1178483
91377	1178521
91378	1178533
91379	1178537
91380	1178549
91381	1178557
91382	1178591
91383	1178609
91384	1178621
91385	1178623
91386	1178633
91387	1178641
91388	1178659
91389	1178669
91390	1178689
91391	1178699
91392	1178701
91393	1178707
91394	1178711
91395	1178717
91396	1178719
91397	1178743
91398	1178753
91399	1178767
91400	1178803
91401	1178809
91402	1178833
91403	1178843
91404	1178851
91405	1178887
91406	1178897
91407	1178909
91408	1178921
91409	1178927
91410	1178939
91411	1178953
91412	1178959
91413	1178963
91414	1178971
91415	1178977
91416	1178981
91417	1178993
91418	1179011
91419	1179019
91420	1179047
91421	1179109
91422	1179127
91423	1179149
91424	1179151
91425	1179173
91426	1179179
91427	1179193
91428	1179203
91429	1179223
91430	1179251
91431	1179253
91432	1179259
91433	1179263
91434	1179281
91435	1179287
91436	1179289
91437	1179293
91438	1179317
91439	1179319
91440	1179323
91441	1179329
91442	1179331
91443	1179337
91444	1179379
91445	1179383
91446	1179389
91447	1179403
91448	1179413
91449	1179419
91450	1179421
91451	1179427
91452	1179467
91453	1179491
91454	1179499
91455	1179527
91456	1179547
91457	1179551
91458	1179553
91459	1179569
91460	1179571
91461	1179583
91462	1179589
91463	1179599
91464	1179637
91465	1179641
91466	1179649
91467	1179677
91468	1179733
91469	1179751
91470	1179757
91471	1179779
91472	1179793
91473	1179797
91474	1179839
91475	1179847
91476	1179853
91477	1179859
91478	1179863
91479	1179869
91480	1179883
91481	1179901
91482	1179907
91483	1179929
91484	1179947
91485	1179961
91486	1179973
91487	1179977
91488	1179979
91489	1179989
91490	1179991
91491	1180009
91492	1180013
91493	1180019
91494	1180027
91495	1180031
91496	1180043
91497	1180057
91498	1180073
91499	1180087
91500	1180093
91501	1180099
91502	1180111
91503	1180117
91504	1180121
91505	1180133
91506	1180141
91507	1180159
91508	1180171
91509	1180219
91510	1180237
91511	1180241
91512	1180243
91513	1180247
91514	1180253
91515	1180279
91516	1180303
91517	1180313
91518	1180351
91519	1180369
91520	1180373
91521	1180381
91522	1180391
91523	1180397
91524	1180409
91525	1180423
91526	1180427
91527	1180447
91528	1180477
91529	1180493
91530	1180507
91531	1180519
91532	1180537
91533	1180547
91534	1180549
91535	1180577
91536	1180591
91537	1180631
91538	1180637
91539	1180643
91540	1180657
91541	1180661
91542	1180691
91543	1180693
91544	1180709
91545	1180721
91546	1180723
91547	1180727
91548	1180733
91549	1180757
91550	1180771
91551	1180799
91552	1180807
91553	1180811
91554	1180819
91555	1180847
91556	1180849
91557	1180853
91558	1180859
91559	1180873
91560	1180877
91561	1180891
91562	1180897
91563	1180901
91564	1180903
91565	1180913
91566	1180931
91567	1180937
91568	1180951
91569	1180957
91570	1180961
91571	1180979
91572	1180987
91573	1180997
91574	1181017
91575	1181023
91576	1181039
91577	1181051
91578	1181053
91579	1181057
91580	1181093
91581	1181099
91582	1181137
91583	1181149
91584	1181153
91585	1181171
91586	1181183
91587	1181197
91588	1181203
91589	1181209
91590	1181237
91591	1181263
91592	1181267
91593	1181269
91594	1181281
91595	1181293
91596	1181309
91597	1181311
91598	1181321
91599	1181329
91600	1181407
91601	1181413
91602	1181437
91603	1181443
91604	1181461
91605	1181471
91606	1181473
91607	1181501
91608	1181507
91609	1181519
91610	1181527
91611	1181549
91612	1181561
91613	1181563
91614	1181573
91615	1181581
91616	1181611
91617	1181617
91618	1181633
91619	1181647
91620	1181681
91621	1181699
91622	1181701
91623	1181723
91624	1181729
91625	1181731
91626	1181759
91627	1181767
91628	1181771
91629	1181773
91630	1181777
91631	1181839
91632	1181879
91633	1181881
91634	1181893
91635	1181897
91636	1181911
91637	1181923
91638	1181927
91639	1181963
91640	1181969
91641	1181981
91642	1181987
91643	1182007
91644	1182019
91645	1182023
91646	1182031
91647	1182043
91648	1182073
91649	1182121
91650	1182133
91651	1182143
91652	1182157
91653	1182211
91654	1182253
91655	1182277
91656	1182281
91657	1182283
91658	1182287
91659	1182289
91660	1182331
91661	1182341
91662	1182343
91663	1182347
91664	1182353
91665	1182383
91666	1182397
91667	1182403
91668	1182413
91669	1182421
91670	1182431
91671	1182437
91672	1182439
91673	1182449
91674	1182451
91675	1182463
91676	1182479
91677	1182487
91678	1182491
91679	1182509
91680	1182521
91681	1182539
91682	1182547
91683	1182581
91684	1182593
91685	1182611
91686	1182659
91687	1182677
91688	1182679
91689	1182689
91690	1182691
91691	1182697
91692	1182703
91693	1182737
91694	1182739
91695	1182757
91696	1182763
91697	1182767
91698	1182781
91699	1182787
91700	1182791
91701	1182817
91702	1182847
91703	1182869
91704	1182889
91705	1182893
91706	1182901
91707	1182917
91708	1182919
91709	1182947
91710	1182953
91711	1182967
91712	1182989
91713	1183003
91714	1183027
91715	1183031
91716	1183033
91717	1183057
91718	1183079
91719	1183093
91720	1183103
91721	1183121
91722	1183123
91723	1183141
91724	1183151
91725	1183157
91726	1183159
91727	1183163
91728	1183181
91729	1183199
91730	1183201
91731	1183211
91732	1183213
91733	1183241
91734	1183261
91735	1183267
91736	1183271
91737	1183277
91738	1183279
91739	1183333
91740	1183337
91741	1183349
91742	1183381
91743	1183393
91744	1183397
91745	1183409
91746	1183411
91747	1183423
91748	1183447
91749	1183451
91750	1183471
91751	1183477
91752	1183531
91753	1183537
91754	1183541
91755	1183561
91756	1183571
91757	1183579
91758	1183597
91759	1183607
91760	1183613
91761	1183687
91762	1183697
91763	1183709
91764	1183723
91765	1183729
91766	1183733
91767	1183739
91768	1183753
91769	1183759
91770	1183769
91771	1183771
91772	1183781
91773	1183799
91774	1183811
91775	1183813
91776	1183837
91777	1183843
91778	1183877
91779	1183913
91780	1183933
91781	1183939
91782	1183943
91783	1183951
91784	1183961
91785	1183969
91786	1183981
91787	1183993
91788	1183997
91789	1184003
91790	1184011
91791	1184047
91792	1184059
91793	1184069
91794	1184077
91795	1184081
91796	1184083
91797	1184093
91798	1184119
91799	1184123
91800	1184129
91801	1184143
91802	1184149
91803	1184171
91804	1184173
91805	1184207
91806	1184219
91807	1184243
91808	1184269
91809	1184291
91810	1184299
91811	1184303
91812	1184317
91813	1184329
91814	1184347
91815	1184357
91816	1184363
91817	1184369
91818	1184377
91819	1184399
91820	1184411
91821	1184413
91822	1184423
91823	1184429
91824	1184453
91825	1184459
91826	1184461
91827	1184471
91828	1184473
91829	1184483
91830	1184489
91831	1184507
91832	1184527
91833	1184537
91834	1184539
91835	1184549
91836	1184551
91837	1184587
91838	1184609
91839	1184653
91840	1184663
91841	1184671
91842	1184683
91843	1184731
91844	1184741
91845	1184749
91846	1184759
91847	1184767
91848	1184791
91849	1184797
91850	1184837
91851	1184839
91852	1184867
91853	1184881
91854	1184893
91855	1184903
91856	1184923
91857	1184927
91858	1184933
91859	1184947
91860	1184957
91861	1184959
91862	1184987
91863	1184993
91864	1185013
91865	1185017
91866	1185071
91867	1185077
91868	1185089
91869	1185103
91870	1185109
91871	1185113
91872	1185127
91873	1185131
91874	1185179
91875	1185181
91876	1185241
91877	1185281
91878	1185287
91879	1185299
91880	1185307
91881	1185313
91882	1185319
91883	1185329
91884	1185337
91885	1185343
91886	1185361
91887	1185367
91888	1185377
91889	1185383
91890	1185389
91891	1185403
91892	1185439
91893	1185463
91894	1185469
91895	1185493
91896	1185497
91897	1185511
91898	1185523
91899	1185551
91900	1185559
91901	1185577
91902	1185589
91903	1185601
91904	1185617
91905	1185623
91906	1185637
91907	1185643
91908	1185647
91909	1185659
91910	1185661
91911	1185671
91912	1185677
91913	1185683
91914	1185689
91915	1185697
91916	1185703
91917	1185707
91918	1185721
91919	1185749
91920	1185787
91921	1185791
91922	1185797
91923	1185817
91924	1185823
91925	1185827
91926	1185851
91927	1185859
91928	1185871
91929	1185883
91930	1185889
91931	1185893
91932	1185907
91933	1185929
91934	1185931
91935	1185953
91936	1185979
91937	1185997
91938	1186001
91939	1186033
91940	1186049
91941	1186051
91942	1186057
91943	1186063
91944	1186067
91945	1186079
91946	1186099
91947	1186111
91948	1186117
91949	1186121
91950	1186127
91951	1186147
91952	1186169
91953	1186181
91954	1186217
91955	1186231
91956	1186249
91957	1186259
91958	1186291
91959	1186321
91960	1186337
91961	1186349
91962	1186351
91963	1186373
91964	1186397
91965	1186403
91966	1186411
91967	1186439
91968	1186441
91969	1186489
91970	1186517
91971	1186519
91972	1186541
91973	1186573
91974	1186589
91975	1186597
91976	1186621
91977	1186631
91978	1186657
91979	1186673
91980	1186693
91981	1186697
91982	1186699
91983	1186739
91984	1186741
91985	1186751
91986	1186769
91987	1186789
91988	1186807
91989	1186811
91990	1186813
91991	1186837
91992	1186841
91993	1186847
91994	1186879
91995	1186931
91996	1186937
91997	1186963
91998	1186973
91999	1186981
92000	1187003
