10001	104743
10002	104759
10003	104761
10004	104773
10005	104779
10006	104789
10007	104801
10008	104803
10009	104827
10010	104831
10011	104849
10012	104851
10013	104869
10014	104879
10015	104891
10016	104911
10017	104917
10018	104933
10019	104947
10020	104953
10021	104959
10022	104971
10023	104987
10024	104999
10025	105019
10026	105023
10027	105031
10028	105037
10029	105071
10030	105097
10031	105107
10032	105137
10033	105143
10034	105167
10035	105173
10036	105199
10037	105211
10038	105227
10039	105229
10040	105239
10041	105251
10042	105253
10043	105263
10044	105269
10045	105277
10046	105319
10047	105323
10048	105331
10049	105337
10050	105341
10051	105359
10052	105361
10053	105367
10054	105373
10055	105379
10056	105389
10057	105397
10058	105401
10059	105407
10060	105437
10061	105449
10062	105467
10063	105491
10064	105499
10065	105503
10066	105509
10067	105517
10068	105527
10069	105529
10070	105533
10071	105541
10072	105557
10073	105563
10074	105601
10075	105607
10076	105613
10077	105619
10078	105649
10079	105653
10080	105667
10081	105673
10082	105683
10083	105691
10084	105701
10085	105727
10086	105733
10087	105751
10088	105761
10089	105767
10090	105769
10091	105817
10092	105829
10093	105863
10094	105871
10095	105883
10096	105899
10097	105907
10098	105913
10099	105929
10100	105943
10101	105953
10102	105967
10103	105971
10104	105977
10105	105983
10106	105997
10107	106013
10108	106019
10109	106031
10110	106033
10111	106087
10112	106103
10113	106109
10114	106121
10115	106123
10116	106129
10117	106163
10118	106181
10119	106187
10120	106189
10121	106207
10122	106213
10123	106217
10124	106219
10125	106243
10126	106261
10127	106273
10128	106277
10129	106279
10130	106291
10131	106297
10132	106303
10133	106307
10134	106319
10135	106321
10136	106331
10137	106349
10138	106357
10139	106363
10140	106367
10141	106373
10142	106391
10143	106397
10144	106411
10145	106417
10146	106427
10147	106433
10148	106441
10149	106451
10150	106453
10151	106487
10152	106501
10153	106531
10154	106537
10155	106541
10156	106543
10157	106591
10158	106619
10159	106621
10160	106627
10161	106637
10162	106649
10163	106657
10164	106661
10165	106663
10166	106669
10167	106681
10168	106693
10169	106699
10170	106703
10171	106721
10172	106727
10173	106739
10174	106747
10175	106751
10176	106753
10177	106759
10178	106781
10179	106783
10180	106787
10181	106801
10182	106823
10183	106853
10184	106859
10185	106861
10186	106867
10187	106871
10188	106877
10189	106903
10190	106907
10191	106921
10192	106937
10193	106949
10194	106957
10195	106961
10196	106963
10197	106979
10198	106993
10199	107021
10200	107033
10201	107053
10202	107057
10203	107069
10204	107071
10205	107077
10206	107089
10207	107099
10208	107101
10209	107119
10210	107123
10211	107137
10212	107171
10213	107183
10214	107197
10215	107201
10216	107209
10217	107227
10218	107243
10219	107251
10220	107269
10221	107273
10222	107279
10223	107309
10224	107323
10225	107339
10226	107347
10227	107351
10228	107357
10229	107377
10230	107441
10231	107449
10232	107453
10233	107467
10234	107473
10235	107507
10236	107509
10237	107563
10238	107581
10239	107599
10240	107603
10241	107609
10242	107621
10243	107641
10244	107647
10245	107671
10246	107687
10247	107693
10248	107699
10249	107713
10250	107717
10251	107719
10252	107741
10253	107747
10254	107761
10255	107773
10256	107777
10257	107791
10258	107827
10259	107837
10260	107839
10261	107843
10262	107857
10263	107867
10264	107873
10265	107881
10266	107897
10267	107903
10268	107923
10269	107927
10270	107941
10271	107951
10272	107971
10273	107981
10274	107999
10275	108007
10276	108011
10277	108013
10278	108023
10279	108037
10280	108041
10281	108061
10282	108079
10283	108089
10284	108107
10285	108109
10286	108127
10287	108131
10288	108139
10289	108161
10290	108179
10291	108187
10292	108191
10293	108193
10294	108203
10295	108211
10296	108217
10297	108223
10298	108233
10299	108247
10300	108263
10301	108271
10302	108287
10303	108289
10304	108293
10305	108301
10306	108343
10307	108347
10308	108359
10309	108377
10310	108379
10311	108401
10312	108413
10313	108421
10314	108439
10315	108457
10316	108461
10317	108463
10318	108497
10319	108499
10320	108503
10321	108517
10322	108529
10323	108533
10324	108541
10325	108553
10326	108557
10327	108571
10328	108587
10329	108631
10330	108637
10331	108643
10332	108649
10333	108677
10334	108707
10335	108709
10336	108727
10337	108739
10338	108751
10339	108761
10340	108769
10341	108791
10342	108793
10343	108799
10344	108803
10345	108821
10346	108827
10347	108863
10348	108869
10349	108877
10350	108881
10351	108883
10352	108887
10353	108893
10354	108907
10355	108917
10356	108923
10357	108929
10358	108943
10359	108947
10360	108949
10361	108959
10362	108961
10363	108967
10364	108971
10365	108991
10366	109001
10367	109013
10368	109037
10369	109049
10370	109063
10371	109073
10372	109097
10373	109103
10374	109111
10375	109121
10376	109133
10377	109139
10378	109141
10379	109147
10380	109159
10381	109169
10382	109171
10383	109199
10384	109201
10385	109211
10386	109229
10387	109253
10388	109267
10389	109279
10390	109297
10391	109303
10392	109313
10393	109321
10394	109331
10395	109357
10396	109363
10397	109367
10398	109379
10399	109387
10400	109391
10401	109397
10402	109423
10403	109433
10404	109441
10405	109451
10406	109453
10407	109469
10408	109471
10409	109481
10410	109507
10411	109517
10412	109519
10413	109537
10414	109541
10415	109547
10416	109567
10417	109579
10418	109583
10419	109589
10420	109597
10421	109609
10422	109619
10423	109621
10424	109639
10425	109661
10426	109663
10427	109673
10428	109717
10429	109721
10430	109741
10431	109751
10432	109789
10433	109793
10434	109807
10435	109819
10436	109829
10437	109831
10438	109841
10439	109843
10440	109847
10441	109849
10442	109859
10443	109873
10444	109883
10445	109891
10446	109897
10447	109903
10448	109913
10449	109919
10450	109937
10451	109943
10452	109961
10453	109987
10454	110017
10455	110023
10456	110039
10457	110051
10458	110059
10459	110063
10460	110069
10461	110083
10462	110119
10463	110129
10464	110161
10465	110183
10466	110221
10467	110233
10468	110237
10469	110251
10470	110261
10471	110269
10472	110273
10473	110281
10474	110291
10475	110311
10476	110321
10477	110323
10478	110339
10479	110359
10480	110419
10481	110431
10482	110437
10483	110441
10484	110459
10485	110477
10486	110479
10487	110491
10488	110501
10489	110503
10490	110527
10491	110533
10492	110543
10493	110557
10494	110563
10495	110567
10496	110569
10497	110573
10498	110581
10499	110587
10500	110597
10501	110603
10502	110609
10503	110623
10504	110629
10505	110641
10506	110647
10507	110651
10508	110681
10509	110711
10510	110729
10511	110731
10512	110749
10513	110753
10514	110771
10515	110777
10516	110807
10517	110813
10518	110819
10519	110821
10520	110849
10521	110863
10522	110879
10523	110881
10524	110899
10525	110909
10526	110917
10527	110921
10528	110923
10529	110927
10530	110933
10531	110939
10532	110947
10533	110951
10534	110969
10535	110977
10536	110989
10537	111029
10538	111031
10539	111043
10540	111049
10541	111053
10542	111091
10543	111103
10544	111109
10545	111119
10546	111121
10547	111127
10548	111143
10549	111149
10550	111187
10551	111191
10552	111211
10553	111217
10554	111227
10555	111229
10556	111253
10557	111263
10558	111269
10559	111271
10560	111301
10561	111317
10562	111323
10563	111337
10564	111341
10565	111347
10566	111373
10567	111409
10568	111427
10569	111431
10570	111439
10571	111443
10572	111467
10573	111487
10574	111491
10575	111493
10576	111497
10577	111509
10578	111521
10579	111533
10580	111539
10581	111577
10582	111581
10583	111593
10584	111599
10585	111611
10586	111623
10587	111637
10588	111641
10589	111653
10590	111659
10591	111667
10592	111697
10593	111721
10594	111731
10595	111733
10596	111751
10597	111767
10598	111773
10599	111779
10600	111781
10601	111791
10602	111799
10603	111821
10604	111827
10605	111829
10606	111833
10607	111847
10608	111857
10609	111863
10610	111869
10611	111871
10612	111893
10613	111913
10614	111919
10615	111949
10616	111953
10617	111959
10618	111973
10619	111977
10620	111997
10621	112019
10622	112031
10623	112061
10624	112067
10625	112069
10626	112087
10627	112097
10628	112103
10629	112111
10630	112121
10631	112129
10632	112139
10633	112153
10634	112163
10635	112181
10636	112199
10637	112207
10638	112213
10639	112223
10640	112237
10641	112241
10642	112247
10643	112249
10644	112253
10645	112261
10646	112279
10647	112289
10648	112291
10649	112297
10650	112303
10651	112327
10652	112331
10653	112337
10654	112339
10655	112349
10656	112361
10657	112363
10658	112397
10659	112403
10660	112429
10661	112459
10662	112481
10663	112501
10664	112507
10665	112543
10666	112559
10667	112571
10668	112573
10669	112577
10670	112583
10671	112589
10672	112601
10673	112603
10674	112621
10675	112643
10676	112657
10677	112663
10678	112687
10679	112691
10680	112741
10681	112757
10682	112759
10683	112771
10684	112787
10685	112799
10686	112807
10687	112831
10688	112843
10689	112859
10690	112877
10691	112901
10692	112909
10693	112913
10694	112919
10695	112921
10696	112927
10697	112939
10698	112951
10699	112967
10700	112979
10701	112997
10702	113011
10703	113017
10704	113021
10705	113023
10706	113027
10707	113039
10708	113041
10709	113051
10710	113063
10711	113081
10712	113083
10713	113089
10714	113093
10715	113111
10716	113117
10717	113123
10718	113131
10719	113143
10720	113147
10721	113149
10722	113153
10723	113159
10724	113161
10725	113167
10726	113171
10727	113173
10728	113177
10729	113189
10730	113209
10731	113213
10732	113227
10733	113233
10734	113279
10735	113287
10736	113327
10737	113329
10738	113341
10739	113357
10740	113359
10741	113363
10742	113371
10743	113381
10744	113383
10745	113417
10746	113437
10747	113453
10748	113467
10749	113489
10750	113497
10751	113501
10752	113513
10753	113537
10754	113539
10755	113557
10756	113567
10757	113591
10758	113621
10759	113623
10760	113647
10761	113657
10762	113683
10763	113717
10764	113719
10765	113723
10766	113731
10767	113749
10768	113759
10769	113761
10770	113777
10771	113779
10772	113783
10773	113797
10774	113809
10775	113819
10776	113837
10777	113843
10778	113891
10779	113899
10780	113903
10781	113909
10782	113921
10783	113933
10784	113947
10785	113957
10786	113963
10787	113969
10788	113983
10789	113989
10790	114001
10791	114013
10792	114031
10793	114041
10794	114043
10795	114067
10796	114073
10797	114077
10798	114083
10799	114089
10800	114113
10801	114143
10802	114157
10803	114161
10804	114167
10805	114193
10806	114197
10807	114199
10808	114203
10809	114217
10810	114221
10811	114229
10812	114259
10813	114269
10814	114277
10815	114281
10816	114299
10817	114311
10818	114319
10819	114329
10820	114343
10821	114371
10822	114377
10823	114407
10824	114419
10825	114451
10826	114467
10827	114473
10828	114479
10829	114487
10830	114493
10831	114547
10832	114553
10833	114571
10834	114577
10835	114593
10836	114599
10837	114601
10838	114613
10839	114617
10840	114641
10841	114643
10842	114649
10843	114659
10844	114661
10845	114671
10846	114679
10847	114689
10848	114691
10849	114713
10850	114743
10851	114749
10852	114757
10853	114761
10854	114769
10855	114773
10856	114781
10857	114797
10858	114799
10859	114809
10860	114827
10861	114833
10862	114847
10863	114859
10864	114883
10865	114889
10866	114901
10867	114913
10868	114941
10869	114967
10870	114973
10871	114997
10872	115001
10873	115013
10874	115019
10875	115021
10876	115057
10877	115061
10878	115067
10879	115079
10880	115099
10881	115117
10882	115123
10883	115127
10884	115133
10885	115151
10886	115153
10887	115163
10888	115183
10889	115201
10890	115211
10891	115223
10892	115237
10893	115249
10894	115259
10895	115279
10896	115301
10897	115303
10898	115309
10899	115319
10900	115321
10901	115327
10902	115331
10903	115337
10904	115343
10905	115361
10906	115363
10907	115399
10908	115421
10909	115429
10910	115459
10911	115469
10912	115471
10913	115499
10914	115513
10915	115523
10916	115547
10917	115553
10918	115561
10919	115571
10920	115589
10921	115597
10922	115601
10923	115603
10924	115613
10925	115631
10926	115637
10927	115657
10928	115663
10929	115679
10930	115693
10931	115727
10932	115733
10933	115741
10934	115751
10935	115757
10936	115763
10937	115769
10938	115771
10939	115777
10940	115781
10941	115783
10942	115793
10943	115807
10944	115811
10945	115823
10946	115831
10947	115837
10948	115849
10949	115853
10950	115859
10951	115861
10952	115873
10953	115877
10954	115879
10955	115883
10956	115891
10957	115901
10958	115903
10959	115931
10960	115933
10961	115963
10962	115979
10963	115981
10964	115987
10965	116009
10966	116027
10967	116041
10968	116047
10969	116089
10970	116099
10971	116101
10972	116107
10973	116113
10974	116131
10975	116141
10976	116159
10977	116167
10978	116177
10979	116189
10980	116191
10981	116201
10982	116239
10983	116243
10984	116257
10985	116269
10986	116273
10987	116279
10988	116293
10989	116329
10990	116341
10991	116351
10992	116359
10993	116371
10994	116381
10995	116387
10996	116411
10997	116423
10998	116437
10999	116443
11000	116447
