20001	224743
20002	224759
20003	224771
20004	224797
20005	224813
20006	224831
20007	224863
20008	224869
20009	224881
20010	224891
20011	224897
20012	224909
20013	224911
20014	224921
20015	224929
20016	224947
20017	224951
20018	224969
20019	224977
20020	224993
20021	225023
20022	225037
20023	225061
20024	225067
20025	225077
20026	225079
20027	225089
20028	225109
20029	225119
20030	225133
20031	225143
20032	225149
20033	225157
20034	225161
20035	225163
20036	225167
20037	225217
20038	225221
20039	225223
20040	225227
20041	225241
20042	225257
20043	225263
20044	225287
20045	225289
20046	225299
20047	225307
20048	225341
20049	225343
20050	225347
20051	225349
20052	225353
20053	225371
20054	225373
20055	225383
20056	225427
20057	225431
20058	225457
20059	225461
20060	225479
20061	225493
20062	225499
20063	225503
20064	225509
20065	225523
20066	225527
20067	225529
20068	225569
20069	225581
20070	225583
20071	225601
20072	225611
20073	225613
20074	225619
20075	225629
20076	225637
20077	225671
20078	225683
20079	225689
20080	225697
20081	225721
20082	225733
20083	225749
20084	225751
20085	225767
20086	225769
20087	225779
20088	225781
20089	225809
20090	225821
20091	225829
20092	225839
20093	225859
20094	225871
20095	225889
20096	225919
20097	225931
20098	225941
20099	225943
20100	225949
20101	225961
20102	225977
20103	225983
20104	225989
20105	226001
20106	226007
20107	226013
20108	226027
20109	226063
20110	226087
20111	226099
20112	226103
20113	226123
20114	226129
20115	226133
20116	226141
20117	226169
20118	226183
20119	226189
20120	226199
20121	226201
20122	226217
20123	226231
20124	226241
20125	226267
20126	226283
20127	226307
20128	226313
20129	226337
20130	226357
20131	226367
20132	226379
20133	226381
20134	226397
20135	226409
20136	226427
20137	226433
20138	226451
20139	226453
20140	226463
20141	226483
20142	226487
20143	226511
20144	226531
20145	226547
20146	226549
20147	226553
20148	226571
20149	226601
20150	226609
20151	226621
20152	226631
20153	226637
20154	226643
20155	226649
20156	226657
20157	226663
20158	226669
20159	226691
20160	226697
20161	226741
20162	226753
20163	226769
20164	226777
20165	226783
20166	226789
20167	226799
20168	226813
20169	226817
20170	226819
20171	226823
20172	226843
20173	226871
20174	226901
20175	226903
20176	226907
20177	226913
20178	226937
20179	226943
20180	226991
20181	227011
20182	227027
20183	227053
20184	227081
20185	227089
20186	227093
20187	227111
20188	227113
20189	227131
20190	227147
20191	227153
20192	227159
20193	227167
20194	227177
20195	227189
20196	227191
20197	227207
20198	227219
20199	227231
20200	227233
20201	227251
20202	227257
20203	227267
20204	227281
20205	227299
20206	227303
20207	227363
20208	227371
20209	227377
20210	227387
20211	227393
20212	227399
20213	227407
20214	227419
20215	227431
20216	227453
20217	227459
20218	227467
20219	227471
20220	227473
20221	227489
20222	227497
20223	227501
20224	227519
20225	227531
20226	227533
20227	227537
20228	227561
20229	227567
20230	227569
20231	227581
20232	227593
20233	227597
20234	227603
20235	227609
20236	227611
20237	227627
20238	227629
20239	227651
20240	227653
20241	227663
20242	227671
20243	227693
20244	227699
20245	227707
20246	227719
20247	227729
20248	227743
20249	227789
20250	227797
20251	227827
20252	227849
20253	227869
20254	227873
20255	227893
20256	227947
20257	227951
20258	227977
20259	227989
20260	227993
20261	228013
20262	228023
20263	228049
20264	228061
20265	228077
20266	228097
20267	228103
20268	228113
20269	228127
20270	228131
20271	228139
20272	228181
20273	228197
20274	228199
20275	228203
20276	228211
20277	228223
20278	228233
20279	228251
20280	228257
20281	228281
20282	228299
20283	228301
20284	228307
20285	228311
20286	228331
20287	228337
20288	228341
20289	228353
20290	228359
20291	228383
20292	228409
20293	228419
20294	228421
20295	228427
20296	228443
20297	228451
20298	228457
20299	228461
20300	228469
20301	228479
20302	228509
20303	228511
20304	228517
20305	228521
20306	228523
20307	228539
20308	228559
20309	228577
20310	228581
20311	228587
20312	228593
20313	228601
20314	228611
20315	228617
20316	228619
20317	228637
20318	228647
20319	228677
20320	228707
20321	228713
20322	228731
20323	228733
20324	228737
20325	228751
20326	228757
20327	228773
20328	228793
20329	228797
20330	228799
20331	228829
20332	228841
20333	228847
20334	228853
20335	228859
20336	228869
20337	228881
20338	228883
20339	228887
20340	228901
20341	228911
20342	228913
20343	228923
20344	228929
20345	228953
20346	228959
20347	228961
20348	228983
20349	228989
20350	229003
20351	229027
20352	229037
20353	229081
20354	229093
20355	229123
20356	229127
20357	229133
20358	229139
20359	229153
20360	229157
20361	229171
20362	229181
20363	229189
20364	229199
20365	229213
20366	229217
20367	229223
20368	229237
20369	229247
20370	229249
20371	229253
20372	229261
20373	229267
20374	229283
20375	229309
20376	229321
20377	229343
20378	229351
20379	229373
20380	229393
20381	229399
20382	229403
20383	229409
20384	229423
20385	229433
20386	229459
20387	229469
20388	229487
20389	229499
20390	229507
20391	229519
20392	229529
20393	229547
20394	229549
20395	229553
20396	229561
20397	229583
20398	229589
20399	229591
20400	229601
20401	229613
20402	229627
20403	229631
20404	229637
20405	229639
20406	229681
20407	229693
20408	229699
20409	229703
20410	229711
20411	229717
20412	229727
20413	229739
20414	229751
20415	229753
20416	229759
20417	229763
20418	229769
20419	229771
20420	229777
20421	229781
20422	229799
20423	229813
20424	229819
20425	229837
20426	229841
20427	229847
20428	229849
20429	229897
20430	229903
20431	229937
20432	229939
20433	229949
20434	229961
20435	229963
20436	229979
20437	229981
20438	230003
20439	230017
20440	230047
20441	230059
20442	230063
20443	230077
20444	230081
20445	230089
20446	230101
20447	230107
20448	230117
20449	230123
20450	230137
20451	230143
20452	230149
20453	230189
20454	230203
20455	230213
20456	230221
20457	230227
20458	230233
20459	230239
20460	230257
20461	230273
20462	230281
20463	230291
20464	230303
20465	230309
20466	230311
20467	230327
20468	230339
20469	230341
20470	230353
20471	230357
20472	230369
20473	230383
20474	230387
20475	230389
20476	230393
20477	230431
20478	230449
20479	230453
20480	230467
20481	230471
20482	230479
20483	230501
20484	230507
20485	230539
20486	230551
20487	230561
20488	230563
20489	230567
20490	230597
20491	230611
20492	230647
20493	230653
20494	230663
20495	230683
20496	230693
20497	230719
20498	230729
20499	230743
20500	230761
20501	230767
20502	230771
20503	230773
20504	230779
20505	230807
20506	230819
20507	230827
20508	230833
20509	230849
20510	230861
20511	230863
20512	230873
20513	230891
20514	230929
20515	230933
20516	230939
20517	230941
20518	230959
20519	230969
20520	230977
20521	230999
20522	231001
20523	231017
20524	231019
20525	231031
20526	231041
20527	231053
20528	231067
20529	231079
20530	231107
20531	231109
20532	231131
20533	231169
20534	231197
20535	231223
20536	231241
20537	231269
20538	231271
20539	231277
20540	231289
20541	231293
20542	231299
20543	231317
20544	231323
20545	231331
20546	231347
20547	231349
20548	231359
20549	231367
20550	231379
20551	231409
20552	231419
20553	231431
20554	231433
20555	231443
20556	231461
20557	231463
20558	231479
20559	231481
20560	231493
20561	231503
20562	231529
20563	231533
20564	231547
20565	231551
20566	231559
20567	231563
20568	231571
20569	231589
20570	231599
20571	231607
20572	231611
20573	231613
20574	231631
20575	231643
20576	231661
20577	231677
20578	231701
20579	231709
20580	231719
20581	231779
20582	231799
20583	231809
20584	231821
20585	231823
20586	231827
20587	231839
20588	231841
20589	231859
20590	231871
20591	231877
20592	231893
20593	231901
20594	231919
20595	231923
20596	231943
20597	231947
20598	231961
20599	231967
20600	232003
20601	232007
20602	232013
20603	232049
20604	232051
20605	232073
20606	232079
20607	232081
20608	232091
20609	232103
20610	232109
20611	232117
20612	232129
20613	232153
20614	232171
20615	232187
20616	232189
20617	232207
20618	232217
20619	232259
20620	232303
20621	232307
20622	232333
20623	232357
20624	232363
20625	232367
20626	232381
20627	232391
20628	232409
20629	232411
20630	232417
20631	232433
20632	232439
20633	232451
20634	232457
20635	232459
20636	232487
20637	232499
20638	232513
20639	232523
20640	232549
20641	232567
20642	232571
20643	232591
20644	232597
20645	232607
20646	232621
20647	232633
20648	232643
20649	232663
20650	232669
20651	232681
20652	232699
20653	232709
20654	232711
20655	232741
20656	232751
20657	232753
20658	232777
20659	232801
20660	232811
20661	232819
20662	232823
20663	232847
20664	232853
20665	232861
20666	232871
20667	232877
20668	232891
20669	232901
20670	232907
20671	232919
20672	232937
20673	232961
20674	232963
20675	232987
20676	233021
20677	233069
20678	233071
20679	233083
20680	233113
20681	233117
20682	233141
20683	233143
20684	233159
20685	233161
20686	233173
20687	233183
20688	233201
20689	233221
20690	233231
20691	233239
20692	233251
20693	233267
20694	233279
20695	233293
20696	233297
20697	233323
20698	233327
20699	233329
20700	233341
20701	233347
20702	233353
20703	233357
20704	233371
20705	233407
20706	233417
20707	233419
20708	233423
20709	233437
20710	233477
20711	233489
20712	233509
20713	233549
20714	233551
20715	233557
20716	233591
20717	233599
20718	233609
20719	233617
20720	233621
20721	233641
20722	233663
20723	233669
20724	233683
20725	233687
20726	233689
20727	233693
20728	233713
20729	233743
20730	233747
20731	233759
20732	233777
20733	233837
20734	233851
20735	233861
20736	233879
20737	233881
20738	233911
20739	233917
20740	233921
20741	233923
20742	233939
20743	233941
20744	233969
20745	233983
20746	233993
20747	234007
20748	234029
20749	234043
20750	234067
20751	234083
20752	234089
20753	234103
20754	234121
20755	234131
20756	234139
20757	234149
20758	234161
20759	234167
20760	234181
20761	234187
20762	234191
20763	234193
20764	234197
20765	234203
20766	234211
20767	234217
20768	234239
20769	234259
20770	234271
20771	234281
20772	234287
20773	234293
20774	234317
20775	234319
20776	234323
20777	234331
20778	234341
20779	234343
20780	234361
20781	234383
20782	234431
20783	234457
20784	234461
20785	234463
20786	234467
20787	234473
20788	234499
20789	234511
20790	234527
20791	234529
20792	234539
20793	234541
20794	234547
20795	234571
20796	234587
20797	234589
20798	234599
20799	234613
20800	234629
20801	234653
20802	234659
20803	234673
20804	234683
20805	234713
20806	234721
20807	234727
20808	234733
20809	234743
20810	234749
20811	234769
20812	234781
20813	234791
20814	234799
20815	234803
20816	234809
20817	234811
20818	234833
20819	234847
20820	234851
20821	234863
20822	234869
20823	234893
20824	234907
20825	234917
20826	234931
20827	234947
20828	234959
20829	234961
20830	234967
20831	234977
20832	234979
20833	234989
20834	235003
20835	235007
20836	235009
20837	235013
20838	235043
20839	235051
20840	235057
20841	235069
20842	235091
20843	235099
20844	235111
20845	235117
20846	235159
20847	235171
20848	235177
20849	235181
20850	235199
20851	235211
20852	235231
20853	235241
20854	235243
20855	235273
20856	235289
20857	235307
20858	235309
20859	235337
20860	235349
20861	235369
20862	235397
20863	235439
20864	235441
20865	235447
20866	235483
20867	235489
20868	235493
20869	235513
20870	235519
20871	235523
20872	235537
20873	235541
20874	235553
20875	235559
20876	235577
20877	235591
20878	235601
20879	235607
20880	235621
20881	235661
20882	235663
20883	235673
20884	235679
20885	235699
20886	235723
20887	235747
20888	235751
20889	235783
20890	235787
20891	235789
20892	235793
20893	235811
20894	235813
20895	235849
20896	235871
20897	235877
20898	235889
20899	235891
20900	235901
20901	235919
20902	235927
20903	235951
20904	235967
20905	235979
20906	235997
20907	236017
20908	236021
20909	236053
20910	236063
20911	236069
20912	236077
20913	236087
20914	236107
20915	236111
20916	236129
20917	236143
20918	236153
20919	236167
20920	236207
20921	236209
20922	236219
20923	236231
20924	236261
20925	236287
20926	236293
20927	236297
20928	236323
20929	236329
20930	236333
20931	236339
20932	236377
20933	236381
20934	236387
20935	236399
20936	236407
20937	236429
20938	236449
20939	236461
20940	236471
20941	236477
20942	236479
20943	236503
20944	236507
20945	236519
20946	236527
20947	236549
20948	236563
20949	236573
20950	236609
20951	236627
20952	236641
20953	236653
20954	236659
20955	236681
20956	236699
20957	236701
20958	236707
20959	236713
20960	236723
20961	236729
20962	236737
20963	236749
20964	236771
20965	236773
20966	236779
20967	236783
20968	236807
20969	236813
20970	236867
20971	236869
20972	236879
20973	236881
20974	236891
20975	236893
20976	236897
20977	236909
20978	236917
20979	236947
20980	236981
20981	236983
20982	236993
20983	237011
20984	237019
20985	237043
20986	237053
20987	237067
20988	237071
20989	237073
20990	237089
20991	237091
20992	237137
20993	237143
20994	237151
20995	237157
20996	237161
20997	237163
20998	237173
20999	237179
21000	237203
