58001	719659
58002	719671
58003	719681
58004	719683
58005	719689
58006	719699
58007	719713
58008	719717
58009	719723
58010	719731
58011	719749
58012	719753
58013	719773
58014	719779
58015	719791
58016	719801
58017	719813
58018	719821
58019	719833
58020	719839
58021	719893
58022	719903
58023	719911
58024	719941
58025	719947
58026	719951
58027	719959
58028	719981
58029	719989
58030	720007
58031	720019
58032	720023
58033	720053
58034	720059
58035	720089
58036	720091
58037	720101
58038	720127
58039	720133
58040	720151
58041	720173
58042	720179
58043	720193
58044	720197
58045	720211
58046	720221
58047	720229
58048	720241
58049	720253
58050	720257
58051	720281
58052	720283
58053	720289
58054	720299
58055	720301
58056	720311
58057	720319
58058	720359
58059	720361
58060	720367
58061	720373
58062	720397
58063	720403
58064	720407
58065	720413
58066	720439
58067	720481
58068	720491
58069	720497
58070	720527
58071	720547
58072	720569
58073	720571
58074	720607
58075	720611
58076	720617
58077	720619
58078	720653
58079	720661
58080	720677
58081	720683
58082	720697
58083	720703
58084	720743
58085	720763
58086	720767
58087	720773
58088	720779
58089	720791
58090	720793
58091	720829
58092	720847
58093	720857
58094	720869
58095	720877
58096	720887
58097	720899
58098	720901
58099	720913
58100	720931
58101	720943
58102	720947
58103	720961
58104	720971
58105	720983
58106	720991
58107	720997
58108	721003
58109	721013
58110	721037
58111	721043
58112	721051
58113	721057
58114	721079
58115	721087
58116	721109
58117	721111
58118	721117
58119	721129
58120	721139
58121	721141
58122	721159
58123	721163
58124	721169
58125	721177
58126	721181
58127	721199
58128	721207
58129	721213
58130	721219
58131	721223
58132	721229
58133	721243
58134	721261
58135	721267
58136	721283
58137	721291
58138	721307
58139	721319
58140	721321
58141	721333
58142	721337
58143	721351
58144	721363
58145	721379
58146	721381
58147	721387
58148	721397
58149	721439
58150	721451
58151	721481
58152	721499
58153	721529
58154	721547
58155	721561
58156	721571
58157	721577
58158	721597
58159	721613
58160	721619
58161	721621
58162	721631
58163	721661
58164	721663
58165	721687
58166	721697
58167	721703
58168	721709
58169	721733
58170	721739
58171	721783
58172	721793
58173	721843
58174	721849
58175	721859
58176	721883
58177	721891
58178	721909
58179	721921
58180	721951
58181	721961
58182	721979
58183	721991
58184	721997
58185	722011
58186	722023
58187	722027
58188	722047
58189	722063
58190	722069
58191	722077
58192	722093
58193	722119
58194	722123
58195	722147
58196	722149
58197	722153
58198	722159
58199	722167
58200	722173
58201	722213
58202	722237
58203	722243
58204	722257
58205	722273
58206	722287
58207	722291
58208	722299
58209	722311
58210	722317
58211	722321
58212	722333
58213	722341
58214	722353
58215	722363
58216	722369
58217	722377
58218	722389
58219	722411
58220	722417
58221	722431
58222	722459
58223	722467
58224	722479
58225	722489
58226	722509
58227	722521
58228	722537
58229	722539
58230	722563
58231	722581
58232	722599
58233	722611
58234	722633
58235	722639
58236	722663
58237	722669
58238	722713
58239	722723
58240	722737
58241	722749
58242	722783
58243	722791
58244	722797
58245	722807
58246	722819
58247	722833
58248	722849
58249	722881
58250	722899
58251	722903
58252	722921
58253	722933
58254	722963
58255	722971
58256	722977
58257	722983
58258	723029
58259	723031
58260	723043
58261	723049
58262	723053
58263	723067
58264	723071
58265	723089
58266	723101
58267	723103
58268	723109
58269	723113
58270	723119
58271	723127
58272	723133
58273	723157
58274	723161
58275	723167
58276	723169
58277	723181
58278	723193
58279	723209
58280	723221
58281	723227
58282	723257
58283	723259
58284	723263
58285	723269
58286	723271
58287	723287
58288	723293
58289	723319
58290	723337
58291	723353
58292	723361
58293	723379
58294	723391
58295	723407
58296	723409
58297	723413
58298	723421
58299	723439
58300	723451
58301	723467
58302	723473
58303	723479
58304	723491
58305	723493
58306	723529
58307	723551
58308	723553
58309	723559
58310	723563
58311	723587
58312	723589
58313	723601
58314	723607
58315	723617
58316	723623
58317	723661
58318	723721
58319	723727
58320	723739
58321	723761
58322	723791
58323	723797
58324	723799
58325	723803
58326	723823
58327	723829
58328	723839
58329	723851
58330	723857
58331	723859
58332	723893
58333	723901
58334	723907
58335	723913
58336	723917
58337	723923
58338	723949
58339	723959
58340	723967
58341	723973
58342	723977
58343	723997
58344	724001
58345	724007
58346	724021
58347	724079
58348	724093
58349	724099
58350	724111
58351	724117
58352	724121
58353	724123
58354	724153
58355	724187
58356	724211
58357	724219
58358	724259
58359	724267
58360	724277
58361	724291
58362	724303
58363	724309
58364	724313
58365	724331
58366	724393
58367	724403
58368	724433
58369	724441
58370	724447
58371	724453
58372	724459
58373	724469
58374	724481
58375	724487
58376	724499
58377	724513
58378	724517
58379	724519
58380	724531
58381	724547
58382	724553
58383	724567
58384	724573
58385	724583
58386	724597
58387	724601
58388	724609
58389	724621
58390	724627
58391	724631
58392	724639
58393	724643
58394	724651
58395	724721
58396	724723
58397	724729
58398	724733
58399	724747
58400	724751
58401	724769
58402	724777
58403	724781
58404	724783
58405	724807
58406	724813
58407	724837
58408	724847
58409	724853
58410	724879
58411	724901
58412	724903
58413	724939
58414	724949
58415	724961
58416	724967
58417	724991
58418	724993
58419	725009
58420	725041
58421	725057
58422	725071
58423	725077
58424	725099
58425	725111
58426	725113
58427	725119
58428	725147
58429	725149
58430	725159
58431	725161
58432	725189
58433	725201
58434	725209
58435	725273
58436	725293
58437	725303
58438	725317
58439	725321
58440	725323
58441	725327
58442	725341
58443	725357
58444	725359
58445	725371
58446	725381
58447	725393
58448	725399
58449	725423
58450	725437
58451	725447
58452	725449
58453	725479
58454	725507
58455	725519
58456	725531
58457	725537
58458	725579
58459	725587
58460	725597
58461	725603
58462	725639
58463	725653
58464	725663
58465	725671
58466	725687
58467	725723
58468	725731
58469	725737
58470	725749
58471	725789
58472	725801
58473	725807
58474	725827
58475	725861
58476	725863
58477	725867
58478	725891
58479	725897
58480	725909
58481	725929
58482	725939
58483	725953
58484	725981
58485	725983
58486	725993
58487	725999
58488	726007
58489	726013
58490	726023
58491	726043
58492	726071
58493	726091
58494	726097
58495	726101
58496	726107
58497	726109
58498	726137
58499	726139
58500	726149
58501	726157
58502	726163
58503	726169
58504	726181
58505	726191
58506	726221
58507	726287
58508	726289
58509	726301
58510	726307
58511	726331
58512	726337
58513	726367
58514	726371
58515	726377
58516	726379
58517	726391
58518	726413
58519	726419
58520	726431
58521	726457
58522	726463
58523	726469
58524	726487
58525	726497
58526	726521
58527	726527
58528	726533
58529	726559
58530	726589
58531	726599
58532	726601
58533	726611
58534	726619
58535	726623
58536	726629
58537	726641
58538	726647
58539	726659
58540	726679
58541	726689
58542	726697
58543	726701
58544	726707
58545	726751
58546	726779
58547	726787
58548	726797
58549	726809
58550	726811
58551	726839
58552	726841
58553	726853
58554	726893
58555	726899
58556	726911
58557	726917
58558	726923
58559	726941
58560	726953
58561	726983
58562	726989
58563	726991
58564	727003
58565	727009
58566	727019
58567	727021
58568	727049
58569	727061
58570	727063
58571	727079
58572	727121
58573	727123
58574	727157
58575	727159
58576	727169
58577	727183
58578	727189
58579	727201
58580	727211
58581	727241
58582	727247
58583	727249
58584	727261
58585	727267
58586	727271
58587	727273
58588	727289
58589	727297
58590	727313
58591	727327
58592	727343
58593	727351
58594	727369
58595	727399
58596	727409
58597	727427
58598	727451
58599	727459
58600	727471
58601	727483
58602	727487
58603	727499
58604	727501
58605	727541
58606	727561
58607	727577
58608	727589
58609	727613
58610	727621
58611	727633
58612	727667
58613	727673
58614	727691
58615	727703
58616	727711
58617	727717
58618	727729
58619	727733
58620	727747
58621	727759
58622	727763
58623	727777
58624	727781
58625	727799
58626	727807
58627	727817
58628	727823
58629	727843
58630	727847
58631	727877
58632	727879
58633	727891
58634	727933
58635	727939
58636	727949
58637	727981
58638	727997
58639	728003
58640	728017
58641	728027
58642	728047
58643	728069
58644	728087
58645	728113
58646	728129
58647	728131
58648	728173
58649	728191
58650	728207
58651	728209
58652	728261
58653	728267
58654	728269
58655	728281
58656	728293
58657	728303
58658	728317
58659	728333
58660	728369
58661	728381
58662	728383
58663	728417
58664	728423
58665	728437
58666	728471
58667	728477
58668	728489
58669	728521
58670	728527
58671	728537
58672	728551
58673	728557
58674	728561
58675	728573
58676	728579
58677	728627
58678	728639
58679	728647
58680	728659
58681	728681
58682	728687
58683	728699
58684	728701
58685	728713
58686	728723
58687	728729
58688	728731
58689	728743
58690	728747
58691	728771
58692	728809
58693	728813
58694	728831
58695	728837
58696	728839
58697	728843
58698	728851
58699	728867
58700	728869
58701	728873
58702	728881
58703	728891
58704	728899
58705	728911
58706	728921
58707	728927
58708	728929
58709	728941
58710	728947
58711	728953
58712	728969
58713	728971
58714	728993
58715	729019
58716	729023
58717	729037
58718	729041
58719	729059
58720	729073
58721	729139
58722	729143
58723	729173
58724	729187
58725	729191
58726	729199
58727	729203
58728	729217
58729	729257
58730	729269
58731	729271
58732	729293
58733	729301
58734	729329
58735	729331
58736	729359
58737	729367
58738	729371
58739	729373
58740	729389
58741	729403
58742	729413
58743	729451
58744	729457
58745	729473
58746	729493
58747	729497
58748	729503
58749	729511
58750	729527
58751	729551
58752	729557
58753	729559
58754	729569
58755	729571
58756	729577
58757	729587
58758	729601
58759	729607
58760	729613
58761	729637
58762	729643
58763	729649
58764	729661
58765	729671
58766	729679
58767	729689
58768	729713
58769	729719
58770	729737
58771	729749
58772	729761
58773	729779
58774	729787
58775	729791
58776	729821
58777	729851
58778	729871
58779	729877
58780	729907
58781	729913
58782	729919
58783	729931
58784	729941
58785	729943
58786	729947
58787	729977
58788	729979
58789	729991
58790	730003
58791	730021
58792	730033
58793	730049
58794	730069
58795	730091
58796	730111
58797	730139
58798	730157
58799	730187
58800	730199
58801	730217
58802	730237
58803	730253
58804	730277
58805	730283
58806	730297
58807	730321
58808	730339
58809	730363
58810	730397
58811	730399
58812	730421
58813	730447
58814	730451
58815	730459
58816	730469
58817	730487
58818	730537
58819	730553
58820	730559
58821	730567
58822	730571
58823	730573
58824	730589
58825	730591
58826	730603
58827	730619
58828	730633
58829	730637
58830	730663
58831	730669
58832	730679
58833	730727
58834	730747
58835	730753
58836	730757
58837	730777
58838	730781
58839	730783
58840	730789
58841	730799
58842	730811
58843	730819
58844	730823
58845	730837
58846	730843
58847	730853
58848	730867
58849	730879
58850	730889
58851	730901
58852	730909
58853	730913
58854	730943
58855	730969
58856	730973
58857	730993
58858	730999
58859	731033
58860	731041
58861	731047
58862	731053
58863	731057
58864	731113
58865	731117
58866	731141
58867	731173
58868	731183
58869	731189
58870	731191
58871	731201
58872	731209
58873	731219
58874	731233
58875	731243
58876	731249
58877	731251
58878	731257
58879	731261
58880	731267
58881	731287
58882	731299
58883	731327
58884	731333
58885	731359
58886	731363
58887	731369
58888	731389
58889	731413
58890	731447
58891	731483
58892	731501
58893	731503
58894	731509
58895	731531
58896	731539
58897	731567
58898	731587
58899	731593
58900	731597
58901	731603
58902	731611
58903	731623
58904	731639
58905	731651
58906	731681
58907	731683
58908	731711
58909	731713
58910	731719
58911	731729
58912	731737
58913	731741
58914	731761
58915	731767
58916	731779
58917	731803
58918	731807
58919	731821
58920	731827
58921	731831
58922	731839
58923	731851
58924	731869
58925	731881
58926	731893
58927	731909
58928	731911
58929	731921
58930	731923
58931	731933
58932	731957
58933	731981
58934	731999
58935	732023
58936	732029
58937	732041
58938	732073
58939	732077
58940	732079
58941	732097
58942	732101
58943	732133
58944	732157
58945	732169
58946	732181
58947	732187
58948	732191
58949	732197
58950	732209
58951	732211
58952	732217
58953	732229
58954	732233
58955	732239
58956	732257
58957	732271
58958	732283
58959	732287
58960	732293
58961	732299
58962	732311
58963	732323
58964	732331
58965	732373
58966	732439
58967	732449
58968	732461
58969	732467
58970	732491
58971	732493
58972	732497
58973	732509
58974	732521
58975	732533
58976	732541
58977	732601
58978	732617
58979	732631
58980	732653
58981	732673
58982	732689
58983	732703
58984	732709
58985	732713
58986	732731
58987	732749
58988	732761
58989	732769
58990	732799
58991	732817
58992	732827
58993	732829
58994	732833
58995	732841
58996	732863
58997	732877
58998	732889
58999	732911
59000	732923
