9001	93187
9002	93199
9003	93229
9004	93239
9005	93241
9006	93251
9007	93253
9008	93257
9009	93263
9010	93281
9011	93283
9012	93287
9013	93307
9014	93319
9015	93323
9016	93329
9017	93337
9018	93371
9019	93377
9020	93383
9021	93407
9022	93419
9023	93427
9024	93463
9025	93479
9026	93481
9027	93487
9028	93491
9029	93493
9030	93497
9031	93503
9032	93523
9033	93529
9034	93553
9035	93557
9036	93559
9037	93563
9038	93581
9039	93601
9040	93607
9041	93629
9042	93637
9043	93683
9044	93701
9045	93703
9046	93719
9047	93739
9048	93761
9049	93763
9050	93787
9051	93809
9052	93811
9053	93827
9054	93851
9055	93871
9056	93887
9057	93889
9058	93893
9059	93901
9060	93911
9061	93913
9062	93923
9063	93937
9064	93941
9065	93949
9066	93967
9067	93971
9068	93979
9069	93983
9070	93997
9071	94007
9072	94009
9073	94033
9074	94049
9075	94057
9076	94063
9077	94079
9078	94099
9079	94109
9080	94111
9081	94117
9082	94121
9083	94151
9084	94153
9085	94169
9086	94201
9087	94207
9088	94219
9089	94229
9090	94253
9091	94261
9092	94273
9093	94291
9094	94307
9095	94309
9096	94321
9097	94327
9098	94331
9099	94343
9100	94349
9101	94351
9102	94379
9103	94397
9104	94399
9105	94421
9106	94427
9107	94433
9108	94439
9109	94441
9110	94447
9111	94463
9112	94477
9113	94483
9114	94513
9115	94529
9116	94531
9117	94541
9118	94543
9119	94547
9120	94559
9121	94561
9122	94573
9123	94583
9124	94597
9125	94603
9126	94613
9127	94621
9128	94649
9129	94651
9130	94687
9131	94693
9132	94709
9133	94723
9134	94727
9135	94747
9136	94771
9137	94777
9138	94781
9139	94789
9140	94793
9141	94811
9142	94819
9143	94823
9144	94837
9145	94841
9146	94847
9147	94849
9148	94873
9149	94889
9150	94903
9151	94907
9152	94933
9153	94949
9154	94951
9155	94961
9156	94993
9157	94999
9158	95003
9159	95009
9160	95021
9161	95027
9162	95063
9163	95071
9164	95083
9165	95087
9166	95089
9167	95093
9168	95101
9169	95107
9170	95111
9171	95131
9172	95143
9173	95153
9174	95177
9175	95189
9176	95191
9177	95203
9178	95213
9179	95219
9180	95231
9181	95233
9182	95239
9183	95257
9184	95261
9185	95267
9186	95273
9187	95279
9188	95287
9189	95311
9190	95317
9191	95327
9192	95339
9193	95369
9194	95383
9195	95393
9196	95401
9197	95413
9198	95419
9199	95429
9200	95441
9201	95443
9202	95461
9203	95467
9204	95471
9205	95479
9206	95483
9207	95507
9208	95527
9209	95531
9210	95539
9211	95549
9212	95561
9213	95569
9214	95581
9215	95597
9216	95603
9217	95617
9218	95621
9219	95629
9220	95633
9221	95651
9222	95701
9223	95707
9224	95713
9225	95717
9226	95723
9227	95731
9228	95737
9229	95747
9230	95773
9231	95783
9232	95789
9233	95791
9234	95801
9235	95803
9236	95813
9237	95819
9238	95857
9239	95869
9240	95873
9241	95881
9242	95891
9243	95911
9244	95917
9245	95923
9246	95929
9247	95947
9248	95957
9249	95959
9250	95971
9251	95987
9252	95989
9253	96001
9254	96013
9255	96017
9256	96043
9257	96053
9258	96059
9259	96079
9260	96097
9261	96137
9262	96149
9263	96157
9264	96167
9265	96179
9266	96181
9267	96199
9268	96211
9269	96221
9270	96223
9271	96233
9272	96259
9273	96263
9274	96269
9275	96281
9276	96289
9277	96293
9278	96323
9279	96329
9280	96331
9281	96337
9282	96353
9283	96377
9284	96401
9285	96419
9286	96431
9287	96443
9288	96451
9289	96457
9290	96461
9291	96469
9292	96479
9293	96487
9294	96493
9295	96497
9296	96517
9297	96527
9298	96553
9299	96557
9300	96581
9301	96587
9302	96589
9303	96601
9304	96643
9305	96661
9306	96667
9307	96671
9308	96697
9309	96703
9310	96731
9311	96737
9312	96739
9313	96749
9314	96757
9315	96763
9316	96769
9317	96779
9318	96787
9319	96797
9320	96799
9321	96821
9322	96823
9323	96827
9324	96847
9325	96851
9326	96857
9327	96893
9328	96907
9329	96911
9330	96931
9331	96953
9332	96959
9333	96973
9334	96979
9335	96989
9336	96997
9337	97001
9338	97003
9339	97007
9340	97021
9341	97039
9342	97073
9343	97081
9344	97103
9345	97117
9346	97127
9347	97151
9348	97157
9349	97159
9350	97169
9351	97171
9352	97177
9353	97187
9354	97213
9355	97231
9356	97241
9357	97259
9358	97283
9359	97301
9360	97303
9361	97327
9362	97367
9363	97369
9364	97373
9365	97379
9366	97381
9367	97387
9368	97397
9369	97423
9370	97429
9371	97441
9372	97453
9373	97459
9374	97463
9375	97499
9376	97501
9377	97511
9378	97523
9379	97547
9380	97549
9381	97553
9382	97561
9383	97571
9384	97577
9385	97579
9386	97583
9387	97607
9388	97609
9389	97613
9390	97649
9391	97651
9392	97673
9393	97687
9394	97711
9395	97729
9396	97771
9397	97777
9398	97787
9399	97789
9400	97813
9401	97829
9402	97841
9403	97843
9404	97847
9405	97849
9406	97859
9407	97861
9408	97871
9409	97879
9410	97883
9411	97919
9412	97927
9413	97931
9414	97943
9415	97961
9416	97967
9417	97973
9418	97987
9419	98009
9420	98011
9421	98017
9422	98041
9423	98047
9424	98057
9425	98081
9426	98101
9427	98123
9428	98129
9429	98143
9430	98179
9431	98207
9432	98213
9433	98221
9434	98227
9435	98251
9436	98257
9437	98269
9438	98297
9439	98299
9440	98317
9441	98321
9442	98323
9443	98327
9444	98347
9445	98369
9446	98377
9447	98387
9448	98389
9449	98407
9450	98411
9451	98419
9452	98429
9453	98443
9454	98453
9455	98459
9456	98467
9457	98473
9458	98479
9459	98491
9460	98507
9461	98519
9462	98533
9463	98543
9464	98561
9465	98563
9466	98573
9467	98597
9468	98621
9469	98627
9470	98639
9471	98641
9472	98663
9473	98669
9474	98689
9475	98711
9476	98713
9477	98717
9478	98729
9479	98731
9480	98737
9481	98773
9482	98779
9483	98801
9484	98807
9485	98809
9486	98837
9487	98849
9488	98867
9489	98869
9490	98873
9491	98887
9492	98893
9493	98897
9494	98899
9495	98909
9496	98911
9497	98927
9498	98929
9499	98939
9500	98947
9501	98953
9502	98963
9503	98981
9504	98993
9505	98999
9506	99013
9507	99017
9508	99023
9509	99041
9510	99053
9511	99079
9512	99083
9513	99089
9514	99103
9515	99109
9516	99119
9517	99131
9518	99133
9519	99137
9520	99139
9521	99149
9522	99173
9523	99181
9524	99191
9525	99223
9526	99233
9527	99241
9528	99251
9529	99257
9530	99259
9531	99277
9532	99289
9533	99317
9534	99347
9535	99349
9536	99367
9537	99371
9538	99377
9539	99391
9540	99397
9541	99401
9542	99409
9543	99431
9544	99439
9545	99469
9546	99487
9547	99497
9548	99523
9549	99527
9550	99529
9551	99551
9552	99559
9553	99563
9554	99571
9555	99577
9556	99581
9557	99607
9558	99611
9559	99623
9560	99643
9561	99661
9562	99667
9563	99679
9564	99689
9565	99707
9566	99709
9567	99713
9568	99719
9569	99721
9570	99733
9571	99761
9572	99767
9573	99787
9574	99793
9575	99809
9576	99817
9577	99823
9578	99829
9579	99833
9580	99839
9581	99859
9582	99871
9583	99877
9584	99881
9585	99901
9586	99907
9587	99923
9588	99929
9589	99961
9590	99971
9591	99989
9592	99991
9593	100003
9594	100019
9595	100043
9596	100049
9597	100057
9598	100069
9599	100103
9600	100109
9601	100129
9602	100151
9603	100153
9604	100169
9605	100183
9606	100189
9607	100193
9608	100207
9609	100213
9610	100237
9611	100267
9612	100271
9613	100279
9614	100291
9615	100297
9616	100313
9617	100333
9618	100343
9619	100357
9620	100361
9621	100363
9622	100379
9623	100391
9624	100393
9625	100403
9626	100411
9627	100417
9628	100447
9629	100459
9630	100469
9631	100483
9632	100493
9633	100501
9634	100511
9635	100517
9636	100519
9637	100523
9638	100537
9639	100547
9640	100549
9641	100559
9642	100591
9643	100609
9644	100613
9645	100621
9646	100649
9647	100669
9648	100673
9649	100693
9650	100699
9651	100703
9652	100733
9653	100741
9654	100747
9655	100769
9656	100787
9657	100799
9658	100801
9659	100811
9660	100823
9661	100829
9662	100847
9663	100853
9664	100907
9665	100913
9666	100927
9667	100931
9668	100937
9669	100943
9670	100957
9671	100981
9672	100987
9673	100999
9674	101009
9675	101021
9676	101027
9677	101051
9678	101063
9679	101081
9680	101089
9681	101107
9682	101111
9683	101113
9684	101117
9685	101119
9686	101141
9687	101149
9688	101159
9689	101161
9690	101173
9691	101183
9692	101197
9693	101203
9694	101207
9695	101209
9696	101221
9697	101267
9698	101273
9699	101279
9700	101281
9701	101287
9702	101293
9703	101323
9704	101333
9705	101341
9706	101347
9707	101359
9708	101363
9709	101377
9710	101383
9711	101399
9712	101411
9713	101419
9714	101429
9715	101449
9716	101467
9717	101477
9718	101483
9719	101489
9720	101501
9721	101503
9722	101513
9723	101527
9724	101531
9725	101533
9726	101537
9727	101561
9728	101573
9729	101581
9730	101599
9731	101603
9732	101611
9733	101627
9734	101641
9735	101653
9736	101663
9737	101681
9738	101693
9739	101701
9740	101719
9741	101723
9742	101737
9743	101741
9744	101747
9745	101749
9746	101771
9747	101789
9748	101797
9749	101807
9750	101833
9751	101837
9752	101839
9753	101863
9754	101869
9755	101873
9756	101879
9757	101891
9758	101917
9759	101921
9760	101929
9761	101939
9762	101957
9763	101963
9764	101977
9765	101987
9766	101999
9767	102001
9768	102013
9769	102019
9770	102023
9771	102031
9772	102043
9773	102059
9774	102061
9775	102071
9776	102077
9777	102079
9778	102101
9779	102103
9780	102107
9781	102121
9782	102139
9783	102149
9784	102161
9785	102181
9786	102191
9787	102197
9788	102199
9789	102203
9790	102217
9791	102229
9792	102233
9793	102241
9794	102251
9795	102253
9796	102259
9797	102293
9798	102299
9799	102301
9800	102317
9801	102329
9802	102337
9803	102359
9804	102367
9805	102397
9806	102407
9807	102409
9808	102433
9809	102437
9810	102451
9811	102461
9812	102481
9813	102497
9814	102499
9815	102503
9816	102523
9817	102533
9818	102539
9819	102547
9820	102551
9821	102559
9822	102563
9823	102587
9824	102593
9825	102607
9826	102611
9827	102643
9828	102647
9829	102653
9830	102667
9831	102673
9832	102677
9833	102679
9834	102701
9835	102761
9836	102763
9837	102769
9838	102793
9839	102797
9840	102811
9841	102829
9842	102841
9843	102859
9844	102871
9845	102877
9846	102881
9847	102911
9848	102913
9849	102929
9850	102931
9851	102953
9852	102967
9853	102983
9854	103001
9855	103007
9856	103043
9857	103049
9858	103067
9859	103069
9860	103079
9861	103087
9862	103091
9863	103093
9864	103099
9865	103123
9866	103141
9867	103171
9868	103177
9869	103183
9870	103217
9871	103231
9872	103237
9873	103289
9874	103291
9875	103307
9876	103319
9877	103333
9878	103349
9879	103357
9880	103387
9881	103391
9882	103393
9883	103399
9884	103409
9885	103421
9886	103423
9887	103451
9888	103457
9889	103471
9890	103483
9891	103511
9892	103529
9893	103549
9894	103553
9895	103561
9896	103567
9897	103573
9898	103577
9899	103583
9900	103591
9901	103613
9902	103619
9903	103643
9904	103651
9905	103657
9906	103669
9907	103681
9908	103687
9909	103699
9910	103703
9911	103723
9912	103769
9913	103787
9914	103801
9915	103811
9916	103813
9917	103837
9918	103841
9919	103843
9920	103867
9921	103889
9922	103903
9923	103913
9924	103919
9925	103951
9926	103963
9927	103967
9928	103969
9929	103979
9930	103981
9931	103991
9932	103993
9933	103997
9934	104003
9935	104009
9936	104021
9937	104033
9938	104047
9939	104053
9940	104059
9941	104087
9942	104089
9943	104107
9944	104113
9945	104119
9946	104123
9947	104147
9948	104149
9949	104161
9950	104173
9951	104179
9952	104183
9953	104207
9954	104231
9955	104233
9956	104239
9957	104243
9958	104281
9959	104287
9960	104297
9961	104309
9962	104311
9963	104323
9964	104327
9965	104347
9966	104369
9967	104381
9968	104383
9969	104393
9970	104399
9971	104417
9972	104459
9973	104471
9974	104473
9975	104479
9976	104491
9977	104513
9978	104527
9979	104537
9980	104543
9981	104549
9982	104551
9983	104561
9984	104579
9985	104593
9986	104597
9987	104623
9988	104639
9989	104651
9990	104659
9991	104677
9992	104681
9993	104683
9994	104693
9995	104701
9996	104707
9997	104711
9998	104717
9999	104723
10000	104729
