8001	81817
8002	81839
8003	81847
8004	81853
8005	81869
8006	81883
8007	81899
8008	81901
8009	81919
8010	81929
8011	81931
8012	81937
8013	81943
8014	81953
8015	81967
8016	81971
8017	81973
8018	82003
8019	82007
8020	82009
8021	82013
8022	82021
8023	82031
8024	82037
8025	82039
8026	82051
8027	82067
8028	82073
8029	82129
8030	82139
8031	82141
8032	82153
8033	82163
8034	82171
8035	82183
8036	82189
8037	82193
8038	82207
8039	82217
8040	82219
8041	82223
8042	82231
8043	82237
8044	82241
8045	82261
8046	82267
8047	82279
8048	82301
8049	82307
8050	82339
8051	82349
8052	82351
8053	82361
8054	82373
8055	82387
8056	82393
8057	82421
8058	82457
8059	82463
8060	82469
8061	82471
8062	82483
8063	82487
8064	82493
8065	82499
8066	82507
8067	82529
8068	82531
8069	82549
8070	82559
8071	82561
8072	82567
8073	82571
8074	82591
8075	82601
8076	82609
8077	82613
8078	82619
8079	82633
8080	82651
8081	82657
8082	82699
8083	82721
8084	82723
8085	82727
8086	82729
8087	82757
8088	82759
8089	82763
8090	82781
8091	82787
8092	82793
8093	82799
8094	82811
8095	82813
8096	82837
8097	82847
8098	82883
8099	82889
8100	82891
8101	82903
8102	82913
8103	82939
8104	82963
8105	82981
8106	82997
8107	83003
8108	83009
8109	83023
8110	83047
8111	83059
8112	83063
8113	83071
8114	83077
8115	83089
8116	83093
8117	83101
8118	83117
8119	83137
8120	83177
8121	83203
8122	83207
8123	83219
8124	83221
8125	83227
8126	83231
8127	83233
8128	83243
8129	83257
8130	83267
8131	83269
8132	83273
8133	83299
8134	83311
8135	83339
8136	83341
8137	83357
8138	83383
8139	83389
8140	83399
8141	83401
8142	83407
8143	83417
8144	83423
8145	83431
8146	83437
8147	83443
8148	83449
8149	83459
8150	83471
8151	83477
8152	83497
8153	83537
8154	83557
8155	83561
8156	83563
8157	83579
8158	83591
8159	83597
8160	83609
8161	83617
8162	83621
8163	83639
8164	83641
8165	83653
8166	83663
8167	83689
8168	83701
8169	83717
8170	83719
8171	83737
8172	83761
8173	83773
8174	83777
8175	83791
8176	83813
8177	83833
8178	83843
8179	83857
8180	83869
8181	83873
8182	83891
8183	83903
8184	83911
8185	83921
8186	83933
8187	83939
8188	83969
8189	83983
8190	83987
8191	84011
8192	84017
8193	84047
8194	84053
8195	84059
8196	84061
8197	84067
8198	84089
8199	84121
8200	84127
8201	84131
8202	84137
8203	84143
8204	84163
8205	84179
8206	84181
8207	84191
8208	84199
8209	84211
8210	84221
8211	84223
8212	84229
8213	84239
8214	84247
8215	84263
8216	84299
8217	84307
8218	84313
8219	84317
8220	84319
8221	84347
8222	84349
8223	84377
8224	84389
8225	84391
8226	84401
8227	84407
8228	84421
8229	84431
8230	84437
8231	84443
8232	84449
8233	84457
8234	84463
8235	84467
8236	84481
8237	84499
8238	84503
8239	84509
8240	84521
8241	84523
8242	84533
8243	84551
8244	84559
8245	84589
8246	84629
8247	84631
8248	84649
8249	84653
8250	84659
8251	84673
8252	84691
8253	84697
8254	84701
8255	84713
8256	84719
8257	84731
8258	84737
8259	84751
8260	84761
8261	84787
8262	84793
8263	84809
8264	84811
8265	84827
8266	84857
8267	84859
8268	84869
8269	84871
8270	84913
8271	84919
8272	84947
8273	84961
8274	84967
8275	84977
8276	84979
8277	84991
8278	85009
8279	85021
8280	85027
8281	85037
8282	85049
8283	85061
8284	85081
8285	85087
8286	85091
8287	85093
8288	85103
8289	85109
8290	85121
8291	85133
8292	85147
8293	85159
8294	85193
8295	85199
8296	85201
8297	85213
8298	85223
8299	85229
8300	85237
8301	85243
8302	85247
8303	85259
8304	85297
8305	85303
8306	85313
8307	85331
8308	85333
8309	85361
8310	85363
8311	85369
8312	85381
8313	85411
8314	85427
8315	85429
8316	85439
8317	85447
8318	85451
8319	85453
8320	85469
8321	85487
8322	85513
8323	85517
8324	85523
8325	85531
8326	85549
8327	85571
8328	85577
8329	85597
8330	85601
8331	85607
8332	85619
8333	85621
8334	85627
8335	85639
8336	85643
8337	85661
8338	85667
8339	85669
8340	85691
8341	85703
8342	85711
8343	85717
8344	85733
8345	85751
8346	85781
8347	85793
8348	85817
8349	85819
8350	85829
8351	85831
8352	85837
8353	85843
8354	85847
8355	85853
8356	85889
8357	85903
8358	85909
8359	85931
8360	85933
8361	85991
8362	85999
8363	86011
8364	86017
8365	86027
8366	86029
8367	86069
8368	86077
8369	86083
8370	86111
8371	86113
8372	86117
8373	86131
8374	86137
8375	86143
8376	86161
8377	86171
8378	86179
8379	86183
8380	86197
8381	86201
8382	86209
8383	86239
8384	86243
8385	86249
8386	86257
8387	86263
8388	86269
8389	86287
8390	86291
8391	86293
8392	86297
8393	86311
8394	86323
8395	86341
8396	86351
8397	86353
8398	86357
8399	86369
8400	86371
8401	86381
8402	86389
8403	86399
8404	86413
8405	86423
8406	86441
8407	86453
8408	86461
8409	86467
8410	86477
8411	86491
8412	86501
8413	86509
8414	86531
8415	86533
8416	86539
8417	86561
8418	86573
8419	86579
8420	86587
8421	86599
8422	86627
8423	86629
8424	86677
8425	86689
8426	86693
8427	86711
8428	86719
8429	86729
8430	86743
8431	86753
8432	86767
8433	86771
8434	86783
8435	86813
8436	86837
8437	86843
8438	86851
8439	86857
8440	86861
8441	86869
8442	86923
8443	86927
8444	86929
8445	86939
8446	86951
8447	86959
8448	86969
8449	86981
8450	86993
8451	87011
8452	87013
8453	87037
8454	87041
8455	87049
8456	87071
8457	87083
8458	87103
8459	87107
8460	87119
8461	87121
8462	87133
8463	87149
8464	87151
8465	87179
8466	87181
8467	87187
8468	87211
8469	87221
8470	87223
8471	87251
8472	87253
8473	87257
8474	87277
8475	87281
8476	87293
8477	87299
8478	87313
8479	87317
8480	87323
8481	87337
8482	87359
8483	87383
8484	87403
8485	87407
8486	87421
8487	87427
8488	87433
8489	87443
8490	87473
8491	87481
8492	87491
8493	87509
8494	87511
8495	87517
8496	87523
8497	87539
8498	87541
8499	87547
8500	87553
8501	87557
8502	87559
8503	87583
8504	87587
8505	87589
8506	87613
8507	87623
8508	87629
8509	87631
8510	87641
8511	87643
8512	87649
8513	87671
8514	87679
8515	87683
8516	87691
8517	87697
8518	87701
8519	87719
8520	87721
8521	87739
8522	87743
8523	87751
8524	87767
8525	87793
8526	87797
8527	87803
8528	87811
8529	87833
8530	87853
8531	87869
8532	87877
8533	87881
8534	87887
8535	87911
8536	87917
8537	87931
8538	87943
8539	87959
8540	87961
8541	87973
8542	87977
8543	87991
8544	88001
8545	88003
8546	88007
8547	88019
8548	88037
8549	88069
8550	88079
8551	88093
8552	88117
8553	88129
8554	88169
8555	88177
8556	88211
8557	88223
8558	88237
8559	88241
8560	88259
8561	88261
8562	88289
8563	88301
8564	88321
8565	88327
8566	88337
8567	88339
8568	88379
8569	88397
8570	88411
8571	88423
8572	88427
8573	88463
8574	88469
8575	88471
8576	88493
8577	88499
8578	88513
8579	88523
8580	88547
8581	88589
8582	88591
8583	88607
8584	88609
8585	88643
8586	88651
8587	88657
8588	88661
8589	88663
8590	88667
8591	88681
8592	88721
8593	88729
8594	88741
8595	88747
8596	88771
8597	88789
8598	88793
8599	88799
8600	88801
8601	88807
8602	88811
8603	88813
8604	88817
8605	88819
8606	88843
8607	88853
8608	88861
8609	88867
8610	88873
8611	88883
8612	88897
8613	88903
8614	88919
8615	88937
8616	88951
8617	88969
8618	88993
8619	88997
8620	89003
8621	89009
8622	89017
8623	89021
8624	89041
8625	89051
8626	89057
8627	89069
8628	89071
8629	89083
8630	89087
8631	89101
8632	89107
8633	89113
8634	89119
8635	89123
8636	89137
8637	89153
8638	89189
8639	89203
8640	89209
8641	89213
8642	89227
8643	89231
8644	89237
8645	89261
8646	89269
8647	89273
8648	89293
8649	89303
8650	89317
8651	89329
8652	89363
8653	89371
8654	89381
8655	89387
8656	89393
8657	89399
8658	89413
8659	89417
8660	89431
8661	89443
8662	89449
8663	89459
8664	89477
8665	89491
8666	89501
8667	89513
8668	89519
8669	89521
8670	89527
8671	89533
8672	89561
8673	89563
8674	89567
8675	89591
8676	89597
8677	89599
8678	89603
8679	89611
8680	89627
8681	89633
8682	89653
8683	89657
8684	89659
8685	89669
8686	89671
8687	89681
8688	89689
8689	89753
8690	89759
8691	89767
8692	89779
8693	89783
8694	89797
8695	89809
8696	89819
8697	89821
8698	89833
8699	89839
8700	89849
8701	89867
8702	89891
8703	89897
8704	89899
8705	89909
8706	89917
8707	89923
8708	89939
8709	89959
8710	89963
8711	89977
8712	89983
8713	89989
8714	90001
8715	90007
8716	90011
8717	90017
8718	90019
8719	90023
8720	90031
8721	90053
8722	90059
8723	90067
8724	90071
8725	90073
8726	90089
8727	90107
8728	90121
8729	90127
8730	90149
8731	90163
8732	90173
8733	90187
8734	90191
8735	90197
8736	90199
8737	90203
8738	90217
8739	90227
8740	90239
8741	90247
8742	90263
8743	90271
8744	90281
8745	90289
8746	90313
8747	90353
8748	90359
8749	90371
8750	90373
8751	90379
8752	90397
8753	90401
8754	90403
8755	90407
8756	90437
8757	90439
8758	90469
8759	90473
8760	90481
8761	90499
8762	90511
8763	90523
8764	90527
8765	90529
8766	90533
8767	90547
8768	90583
8769	90599
8770	90617
8771	90619
8772	90631
8773	90641
8774	90647
8775	90659
8776	90677
8777	90679
8778	90697
8779	90703
8780	90709
8781	90731
8782	90749
8783	90787
8784	90793
8785	90803
8786	90821
8787	90823
8788	90833
8789	90841
8790	90847
8791	90863
8792	90887
8793	90901
8794	90907
8795	90911
8796	90917
8797	90931
8798	90947
8799	90971
8800	90977
8801	90989
8802	90997
8803	91009
8804	91019
8805	91033
8806	91079
8807	91081
8808	91097
8809	91099
8810	91121
8811	91127
8812	91129
8813	91139
8814	91141
8815	91151
8816	91153
8817	91159
8818	91163
8819	91183
8820	91193
8821	91199
8822	91229
8823	91237
8824	91243
8825	91249
8826	91253
8827	91283
8828	91291
8829	91297
8830	91303
8831	91309
8832	91331
8833	91367
8834	91369
8835	91373
8836	91381
8837	91387
8838	91393
8839	91397
8840	91411
8841	91423
8842	91433
8843	91453
8844	91457
8845	91459
8846	91463
8847	91493
8848	91499
8849	91513
8850	91529
8851	91541
8852	91571
8853	91573
8854	91577
8855	91583
8856	91591
8857	91621
8858	91631
8859	91639
8860	91673
8861	91691
8862	91703
8863	91711
8864	91733
8865	91753
8866	91757
8867	91771
8868	91781
8869	91801
8870	91807
8871	91811
8872	91813
8873	91823
8874	91837
8875	91841
8876	91867
8877	91873
8878	91909
8879	91921
8880	91939
8881	91943
8882	91951
8883	91957
8884	91961
8885	91967
8886	91969
8887	91997
8888	92003
8889	92009
8890	92033
8891	92041
8892	92051
8893	92077
8894	92083
8895	92107
8896	92111
8897	92119
8898	92143
8899	92153
8900	92173
8901	92177
8902	92179
8903	92189
8904	92203
8905	92219
8906	92221
8907	92227
8908	92233
8909	92237
8910	92243
8911	92251
8912	92269
8913	92297
8914	92311
8915	92317
8916	92333
8917	92347
8918	92353
8919	92357
8920	92363
8921	92369
8922	92377
8923	92381
8924	92383
8925	92387
8926	92399
8927	92401
8928	92413
8929	92419
8930	92431
8931	92459
8932	92461
8933	92467
8934	92479
8935	92489
8936	92503
8937	92507
8938	92551
8939	92557
8940	92567
8941	92569
8942	92581
8943	92593
8944	92623
8945	92627
8946	92639
8947	92641
8948	92647
8949	92657
8950	92669
8951	92671
8952	92681
8953	92683
8954	92693
8955	92699
8956	92707
8957	92717
8958	92723
8959	92737
8960	92753
8961	92761
8962	92767
8963	92779
8964	92789
8965	92791
8966	92801
8967	92809
8968	92821
8969	92831
8970	92849
8971	92857
8972	92861
8973	92863
8974	92867
8975	92893
8976	92899
8977	92921
8978	92927
8979	92941
8980	92951
8981	92957
8982	92959
8983	92987
8984	92993
8985	93001
8986	93047
8987	93053
8988	93059
8989	93077
8990	93083
8991	93089
8992	93097
8993	93103
8994	93113
8995	93131
8996	93133
8997	93139
8998	93151
8999	93169
9000	93179
