18001	200191
18002	200201
18003	200227
18004	200231
18005	200237
18006	200257
18007	200273
18008	200293
18009	200297
18010	200323
18011	200329
18012	200341
18013	200351
18014	200357
18015	200363
18016	200371
18017	200381
18018	200383
18019	200401
18020	200407
18021	200437
18022	200443
18023	200461
18024	200467
18025	200483
18026	200513
18027	200569
18028	200573
18029	200579
18030	200587
18031	200591
18032	200597
18033	200609
18034	200639
18035	200657
18036	200671
18037	200689
18038	200699
18039	200713
18040	200723
18041	200731
18042	200771
18043	200779
18044	200789
18045	200797
18046	200807
18047	200843
18048	200861
18049	200867
18050	200869
18051	200881
18052	200891
18053	200899
18054	200903
18055	200909
18056	200927
18057	200929
18058	200971
18059	200983
18060	200987
18061	200989
18062	201007
18063	201011
18064	201031
18065	201037
18066	201049
18067	201073
18068	201101
18069	201107
18070	201119
18071	201121
18072	201139
18073	201151
18074	201163
18075	201167
18076	201193
18077	201203
18078	201209
18079	201211
18080	201233
18081	201247
18082	201251
18083	201281
18084	201287
18085	201307
18086	201329
18087	201337
18088	201359
18089	201389
18090	201401
18091	201403
18092	201413
18093	201437
18094	201449
18095	201451
18096	201473
18097	201491
18098	201493
18099	201497
18100	201499
18101	201511
18102	201517
18103	201547
18104	201557
18105	201577
18106	201581
18107	201589
18108	201599
18109	201611
18110	201623
18111	201629
18112	201653
18113	201661
18114	201667
18115	201673
18116	201683
18117	201701
18118	201709
18119	201731
18120	201743
18121	201757
18122	201767
18123	201769
18124	201781
18125	201787
18126	201791
18127	201797
18128	201809
18129	201821
18130	201823
18131	201827
18132	201829
18133	201833
18134	201847
18135	201881
18136	201889
18137	201893
18138	201907
18139	201911
18140	201919
18141	201923
18142	201937
18143	201947
18144	201953
18145	201961
18146	201973
18147	201979
18148	201997
18149	202001
18150	202021
18151	202031
18152	202049
18153	202061
18154	202063
18155	202067
18156	202087
18157	202099
18158	202109
18159	202121
18160	202127
18161	202129
18162	202183
18163	202187
18164	202201
18165	202219
18166	202231
18167	202243
18168	202277
18169	202289
18170	202291
18171	202309
18172	202327
18173	202339
18174	202343
18175	202357
18176	202361
18177	202381
18178	202387
18179	202393
18180	202403
18181	202409
18182	202441
18183	202471
18184	202481
18185	202493
18186	202519
18187	202529
18188	202549
18189	202567
18190	202577
18191	202591
18192	202613
18193	202621
18194	202627
18195	202637
18196	202639
18197	202661
18198	202667
18199	202679
18200	202693
18201	202717
18202	202729
18203	202733
18204	202747
18205	202751
18206	202753
18207	202757
18208	202777
18209	202799
18210	202817
18211	202823
18212	202841
18213	202859
18214	202877
18215	202879
18216	202889
18217	202907
18218	202921
18219	202931
18220	202933
18221	202949
18222	202967
18223	202973
18224	202981
18225	202987
18226	202999
18227	203011
18228	203017
18229	203023
18230	203039
18231	203051
18232	203057
18233	203117
18234	203141
18235	203173
18236	203183
18237	203207
18238	203209
18239	203213
18240	203221
18241	203227
18242	203233
18243	203249
18244	203279
18245	203293
18246	203309
18247	203311
18248	203317
18249	203321
18250	203323
18251	203339
18252	203341
18253	203351
18254	203353
18255	203363
18256	203381
18257	203383
18258	203387
18259	203393
18260	203417
18261	203419
18262	203429
18263	203431
18264	203449
18265	203459
18266	203461
18267	203531
18268	203549
18269	203563
18270	203569
18271	203579
18272	203591
18273	203617
18274	203627
18275	203641
18276	203653
18277	203657
18278	203659
18279	203663
18280	203669
18281	203713
18282	203761
18283	203767
18284	203771
18285	203773
18286	203789
18287	203807
18288	203809
18289	203821
18290	203843
18291	203857
18292	203869
18293	203873
18294	203897
18295	203909
18296	203911
18297	203921
18298	203947
18299	203953
18300	203969
18301	203971
18302	203977
18303	203989
18304	203999
18305	204007
18306	204013
18307	204019
18308	204023
18309	204047
18310	204059
18311	204067
18312	204101
18313	204107
18314	204133
18315	204137
18316	204143
18317	204151
18318	204161
18319	204163
18320	204173
18321	204233
18322	204251
18323	204299
18324	204301
18325	204311
18326	204319
18327	204329
18328	204331
18329	204353
18330	204359
18331	204361
18332	204367
18333	204371
18334	204377
18335	204397
18336	204427
18337	204431
18338	204437
18339	204439
18340	204443
18341	204461
18342	204481
18343	204487
18344	204509
18345	204511
18346	204517
18347	204521
18348	204557
18349	204563
18350	204583
18351	204587
18352	204599
18353	204601
18354	204613
18355	204623
18356	204641
18357	204667
18358	204679
18359	204707
18360	204719
18361	204733
18362	204749
18363	204751
18364	204781
18365	204791
18366	204793
18367	204797
18368	204803
18369	204821
18370	204857
18371	204859
18372	204871
18373	204887
18374	204913
18375	204917
18376	204923
18377	204931
18378	204947
18379	204973
18380	204979
18381	204983
18382	205019
18383	205031
18384	205033
18385	205043
18386	205063
18387	205069
18388	205081
18389	205097
18390	205103
18391	205111
18392	205129
18393	205133
18394	205141
18395	205151
18396	205157
18397	205171
18398	205187
18399	205201
18400	205211
18401	205213
18402	205223
18403	205237
18404	205253
18405	205267
18406	205297
18407	205307
18408	205319
18409	205327
18410	205339
18411	205357
18412	205391
18413	205397
18414	205399
18415	205417
18416	205421
18417	205423
18418	205427
18419	205433
18420	205441
18421	205453
18422	205463
18423	205477
18424	205483
18425	205487
18426	205493
18427	205507
18428	205519
18429	205529
18430	205537
18431	205549
18432	205553
18433	205559
18434	205589
18435	205603
18436	205607
18437	205619
18438	205627
18439	205633
18440	205651
18441	205657
18442	205661
18443	205663
18444	205703
18445	205721
18446	205759
18447	205763
18448	205783
18449	205817
18450	205823
18451	205837
18452	205847
18453	205879
18454	205883
18455	205913
18456	205937
18457	205949
18458	205951
18459	205957
18460	205963
18461	205967
18462	205981
18463	205991
18464	205993
18465	206009
18466	206021
18467	206027
18468	206033
18469	206039
18470	206047
18471	206051
18472	206069
18473	206077
18474	206081
18475	206083
18476	206123
18477	206153
18478	206177
18479	206179
18480	206183
18481	206191
18482	206197
18483	206203
18484	206209
18485	206221
18486	206233
18487	206237
18488	206249
18489	206251
18490	206263
18491	206273
18492	206279
18493	206281
18494	206291
18495	206299
18496	206303
18497	206341
18498	206347
18499	206351
18500	206369
18501	206383
18502	206399
18503	206407
18504	206411
18505	206413
18506	206419
18507	206447
18508	206461
18509	206467
18510	206477
18511	206483
18512	206489
18513	206501
18514	206519
18515	206527
18516	206543
18517	206551
18518	206593
18519	206597
18520	206603
18521	206623
18522	206627
18523	206639
18524	206641
18525	206651
18526	206699
18527	206749
18528	206779
18529	206783
18530	206803
18531	206807
18532	206813
18533	206819
18534	206821
18535	206827
18536	206879
18537	206887
18538	206897
18539	206909
18540	206911
18541	206917
18542	206923
18543	206933
18544	206939
18545	206951
18546	206953
18547	206993
18548	207013
18549	207017
18550	207029
18551	207037
18552	207041
18553	207061
18554	207073
18555	207079
18556	207113
18557	207121
18558	207127
18559	207139
18560	207169
18561	207187
18562	207191
18563	207197
18564	207199
18565	207227
18566	207239
18567	207241
18568	207257
18569	207269
18570	207287
18571	207293
18572	207301
18573	207307
18574	207329
18575	207331
18576	207341
18577	207343
18578	207367
18579	207371
18580	207377
18581	207401
18582	207409
18583	207433
18584	207443
18585	207457
18586	207463
18587	207469
18588	207479
18589	207481
18590	207491
18591	207497
18592	207509
18593	207511
18594	207517
18595	207521
18596	207523
18597	207541
18598	207547
18599	207551
18600	207563
18601	207569
18602	207589
18603	207593
18604	207619
18605	207629
18606	207643
18607	207653
18608	207661
18609	207671
18610	207673
18611	207679
18612	207709
18613	207719
18614	207721
18615	207743
18616	207763
18617	207769
18618	207797
18619	207799
18620	207811
18621	207821
18622	207833
18623	207847
18624	207869
18625	207877
18626	207923
18627	207931
18628	207941
18629	207947
18630	207953
18631	207967
18632	207971
18633	207973
18634	207997
18635	208001
18636	208003
18637	208009
18638	208037
18639	208049
18640	208057
18641	208067
18642	208073
18643	208099
18644	208111
18645	208121
18646	208129
18647	208139
18648	208141
18649	208147
18650	208189
18651	208207
18652	208213
18653	208217
18654	208223
18655	208231
18656	208253
18657	208261
18658	208277
18659	208279
18660	208283
18661	208291
18662	208309
18663	208319
18664	208333
18665	208337
18666	208367
18667	208379
18668	208387
18669	208391
18670	208393
18671	208409
18672	208433
18673	208441
18674	208457
18675	208459
18676	208463
18677	208469
18678	208489
18679	208493
18680	208499
18681	208501
18682	208511
18683	208513
18684	208519
18685	208529
18686	208553
18687	208577
18688	208589
18689	208591
18690	208609
18691	208627
18692	208631
18693	208657
18694	208667
18695	208673
18696	208687
18697	208697
18698	208699
18699	208721
18700	208729
18701	208739
18702	208759
18703	208787
18704	208799
18705	208807
18706	208837
18707	208843
18708	208877
18709	208889
18710	208891
18711	208907
18712	208927
18713	208931
18714	208933
18715	208961
18716	208963
18717	208991
18718	208993
18719	208997
18720	209021
18721	209029
18722	209039
18723	209063
18724	209071
18725	209089
18726	209123
18727	209147
18728	209159
18729	209173
18730	209179
18731	209189
18732	209201
18733	209203
18734	209213
18735	209221
18736	209227
18737	209233
18738	209249
18739	209257
18740	209263
18741	209267
18742	209269
18743	209299
18744	209311
18745	209317
18746	209327
18747	209333
18748	209347
18749	209353
18750	209357
18751	209359
18752	209371
18753	209381
18754	209393
18755	209401
18756	209431
18757	209441
18758	209449
18759	209459
18760	209471
18761	209477
18762	209497
18763	209519
18764	209533
18765	209543
18766	209549
18767	209563
18768	209567
18769	209569
18770	209579
18771	209581
18772	209597
18773	209621
18774	209623
18775	209639
18776	209647
18777	209659
18778	209669
18779	209687
18780	209701
18781	209707
18782	209717
18783	209719
18784	209743
18785	209767
18786	209771
18787	209789
18788	209801
18789	209809
18790	209813
18791	209819
18792	209821
18793	209837
18794	209851
18795	209857
18796	209861
18797	209887
18798	209917
18799	209927
18800	209929
18801	209939
18802	209953
18803	209959
18804	209971
18805	209977
18806	209983
18807	209987
18808	210011
18809	210019
18810	210031
18811	210037
18812	210053
18813	210071
18814	210097
18815	210101
18816	210109
18817	210113
18818	210127
18819	210131
18820	210139
18821	210143
18822	210157
18823	210169
18824	210173
18825	210187
18826	210191
18827	210193
18828	210209
18829	210229
18830	210233
18831	210241
18832	210247
18833	210257
18834	210263
18835	210277
18836	210283
18837	210299
18838	210317
18839	210319
18840	210323
18841	210347
18842	210359
18843	210361
18844	210391
18845	210401
18846	210403
18847	210407
18848	210421
18849	210437
18850	210461
18851	210467
18852	210481
18853	210487
18854	210491
18855	210499
18856	210523
18857	210527
18858	210533
18859	210557
18860	210599
18861	210601
18862	210619
18863	210631
18864	210643
18865	210659
18866	210671
18867	210709
18868	210713
18869	210719
18870	210731
18871	210739
18872	210761
18873	210773
18874	210803
18875	210809
18876	210811
18877	210823
18878	210827
18879	210839
18880	210853
18881	210857
18882	210869
18883	210901
18884	210907
18885	210911
18886	210913
18887	210923
18888	210929
18889	210943
18890	210961
18891	210967
18892	211007
18893	211039
18894	211049
18895	211051
18896	211061
18897	211063
18898	211067
18899	211073
18900	211093
18901	211097
18902	211129
18903	211151
18904	211153
18905	211177
18906	211187
18907	211193
18908	211199
18909	211213
18910	211217
18911	211219
18912	211229
18913	211231
18914	211241
18915	211247
18916	211271
18917	211283
18918	211291
18919	211297
18920	211313
18921	211319
18922	211333
18923	211339
18924	211349
18925	211369
18926	211373
18927	211403
18928	211427
18929	211433
18930	211441
18931	211457
18932	211469
18933	211493
18934	211499
18935	211501
18936	211507
18937	211543
18938	211559
18939	211571
18940	211573
18941	211583
18942	211597
18943	211619
18944	211639
18945	211643
18946	211657
18947	211661
18948	211663
18949	211681
18950	211691
18951	211693
18952	211711
18953	211723
18954	211727
18955	211741
18956	211747
18957	211777
18958	211781
18959	211789
18960	211801
18961	211811
18962	211817
18963	211859
18964	211867
18965	211873
18966	211877
18967	211879
18968	211889
18969	211891
18970	211927
18971	211931
18972	211933
18973	211943
18974	211949
18975	211969
18976	211979
18977	211997
18978	212029
18979	212039
18980	212057
18981	212081
18982	212099
18983	212117
18984	212123
18985	212131
18986	212141
18987	212161
18988	212167
18989	212183
18990	212203
18991	212207
18992	212209
18993	212227
18994	212239
18995	212243
18996	212281
18997	212293
18998	212297
18999	212353
19000	212369
