36001	427993
36002	427997
36003	428003
36004	428023
36005	428027
36006	428033
36007	428039
36008	428041
36009	428047
36010	428083
36011	428093
36012	428137
36013	428143
36014	428147
36015	428149
36016	428161
36017	428167
36018	428173
36019	428177
36020	428221
36021	428227
36022	428231
36023	428249
36024	428251
36025	428273
36026	428297
36027	428299
36028	428303
36029	428339
36030	428353
36031	428369
36032	428401
36033	428411
36034	428429
36035	428471
36036	428473
36037	428489
36038	428503
36039	428509
36040	428531
36041	428539
36042	428551
36043	428557
36044	428563
36045	428567
36046	428569
36047	428579
36048	428629
36049	428633
36050	428639
36051	428657
36052	428663
36053	428671
36054	428677
36055	428683
36056	428693
36057	428731
36058	428741
36059	428759
36060	428777
36061	428797
36062	428801
36063	428807
36064	428809
36065	428833
36066	428843
36067	428851
36068	428863
36069	428873
36070	428899
36071	428951
36072	428957
36073	428977
36074	429007
36075	429017
36076	429043
36077	429083
36078	429101
36079	429109
36080	429119
36081	429127
36082	429137
36083	429139
36084	429161
36085	429181
36086	429197
36087	429211
36088	429217
36089	429223
36090	429227
36091	429241
36092	429259
36093	429271
36094	429277
36095	429281
36096	429283
36097	429329
36098	429347
36099	429349
36100	429361
36101	429367
36102	429389
36103	429397
36104	429409
36105	429413
36106	429427
36107	429431
36108	429449
36109	429463
36110	429467
36111	429469
36112	429487
36113	429497
36114	429503
36115	429509
36116	429511
36117	429521
36118	429529
36119	429547
36120	429551
36121	429563
36122	429581
36123	429587
36124	429589
36125	429599
36126	429631
36127	429643
36128	429659
36129	429661
36130	429673
36131	429677
36132	429679
36133	429683
36134	429701
36135	429719
36136	429727
36137	429731
36138	429733
36139	429773
36140	429791
36141	429797
36142	429817
36143	429823
36144	429827
36145	429851
36146	429853
36147	429881
36148	429887
36149	429889
36150	429899
36151	429901
36152	429907
36153	429911
36154	429917
36155	429929
36156	429931
36157	429937
36158	429943
36159	429953
36160	429971
36161	429973
36162	429991
36163	430007
36164	430009
36165	430013
36166	430019
36167	430057
36168	430061
36169	430081
36170	430091
36171	430093
36172	430121
36173	430139
36174	430147
36175	430193
36176	430259
36177	430267
36178	430277
36179	430279
36180	430289
36181	430303
36182	430319
36183	430333
36184	430343
36185	430357
36186	430393
36187	430411
36188	430427
36189	430433
36190	430453
36191	430487
36192	430499
36193	430511
36194	430513
36195	430517
36196	430543
36197	430553
36198	430571
36199	430579
36200	430589
36201	430601
36202	430603
36203	430649
36204	430663
36205	430691
36206	430697
36207	430699
36208	430709
36209	430723
36210	430739
36211	430741
36212	430747
36213	430751
36214	430753
36215	430769
36216	430783
36217	430789
36218	430799
36219	430811
36220	430819
36221	430823
36222	430841
36223	430847
36224	430861
36225	430873
36226	430879
36227	430883
36228	430891
36229	430897
36230	430907
36231	430909
36232	430921
36233	430949
36234	430957
36235	430979
36236	430981
36237	430987
36238	430999
36239	431017
36240	431021
36241	431029
36242	431047
36243	431051
36244	431063
36245	431077
36246	431083
36247	431099
36248	431107
36249	431141
36250	431147
36251	431153
36252	431173
36253	431191
36254	431203
36255	431213
36256	431219
36257	431237
36258	431251
36259	431257
36260	431267
36261	431269
36262	431287
36263	431297
36264	431311
36265	431329
36266	431339
36267	431363
36268	431369
36269	431377
36270	431381
36271	431399
36272	431423
36273	431429
36274	431441
36275	431447
36276	431449
36277	431479
36278	431513
36279	431521
36280	431533
36281	431567
36282	431581
36283	431597
36284	431603
36285	431611
36286	431617
36287	431621
36288	431657
36289	431659
36290	431663
36291	431671
36292	431693
36293	431707
36294	431729
36295	431731
36296	431759
36297	431777
36298	431797
36299	431801
36300	431803
36301	431807
36302	431831
36303	431833
36304	431857
36305	431863
36306	431867
36307	431869
36308	431881
36309	431887
36310	431891
36311	431903
36312	431911
36313	431929
36314	431933
36315	431947
36316	431983
36317	431993
36318	432001
36319	432007
36320	432023
36321	432031
36322	432037
36323	432043
36324	432053
36325	432059
36326	432067
36327	432073
36328	432097
36329	432121
36330	432137
36331	432139
36332	432143
36333	432149
36334	432161
36335	432163
36336	432167
36337	432199
36338	432203
36339	432227
36340	432241
36341	432251
36342	432277
36343	432281
36344	432287
36345	432301
36346	432317
36347	432323
36348	432337
36349	432343
36350	432349
36351	432359
36352	432373
36353	432389
36354	432391
36355	432401
36356	432413
36357	432433
36358	432437
36359	432449
36360	432457
36361	432479
36362	432491
36363	432499
36364	432503
36365	432511
36366	432527
36367	432539
36368	432557
36369	432559
36370	432569
36371	432577
36372	432587
36373	432589
36374	432613
36375	432631
36376	432637
36377	432659
36378	432661
36379	432713
36380	432721
36381	432727
36382	432737
36383	432743
36384	432749
36385	432781
36386	432793
36387	432797
36388	432799
36389	432833
36390	432847
36391	432857
36392	432869
36393	432893
36394	432907
36395	432923
36396	432931
36397	432959
36398	432961
36399	432979
36400	432983
36401	432989
36402	433003
36403	433033
36404	433049
36405	433051
36406	433061
36407	433073
36408	433079
36409	433087
36410	433093
36411	433099
36412	433117
36413	433123
36414	433141
36415	433151
36416	433187
36417	433193
36418	433201
36419	433207
36420	433229
36421	433241
36422	433249
36423	433253
36424	433259
36425	433261
36426	433267
36427	433271
36428	433291
36429	433309
36430	433319
36431	433337
36432	433351
36433	433357
36434	433361
36435	433369
36436	433373
36437	433393
36438	433399
36439	433421
36440	433429
36441	433439
36442	433453
36443	433469
36444	433471
36445	433501
36446	433507
36447	433513
36448	433549
36449	433571
36450	433577
36451	433607
36452	433627
36453	433633
36454	433639
36455	433651
36456	433661
36457	433663
36458	433673
36459	433679
36460	433681
36461	433703
36462	433723
36463	433729
36464	433747
36465	433759
36466	433777
36467	433781
36468	433787
36469	433813
36470	433817
36471	433847
36472	433859
36473	433861
36474	433877
36475	433883
36476	433889
36477	433931
36478	433943
36479	433963
36480	433967
36481	433981
36482	434009
36483	434011
36484	434029
36485	434039
36486	434081
36487	434087
36488	434107
36489	434111
36490	434113
36491	434117
36492	434141
36493	434167
36494	434179
36495	434191
36496	434201
36497	434209
36498	434221
36499	434237
36500	434243
36501	434249
36502	434261
36503	434267
36504	434293
36505	434297
36506	434303
36507	434311
36508	434323
36509	434347
36510	434353
36511	434363
36512	434377
36513	434383
36514	434387
36515	434389
36516	434407
36517	434411
36518	434431
36519	434437
36520	434459
36521	434461
36522	434471
36523	434479
36524	434501
36525	434509
36526	434521
36527	434561
36528	434563
36529	434573
36530	434593
36531	434597
36532	434611
36533	434647
36534	434659
36535	434683
36536	434689
36537	434699
36538	434717
36539	434719
36540	434743
36541	434761
36542	434783
36543	434803
36544	434807
36545	434813
36546	434821
36547	434827
36548	434831
36549	434839
36550	434849
36551	434857
36552	434867
36553	434873
36554	434881
36555	434909
36556	434921
36557	434923
36558	434927
36559	434933
36560	434939
36561	434947
36562	434957
36563	434963
36564	434977
36565	434981
36566	434989
36567	435037
36568	435041
36569	435059
36570	435103
36571	435107
36572	435109
36573	435131
36574	435139
36575	435143
36576	435151
36577	435161
36578	435179
36579	435181
36580	435187
36581	435191
36582	435221
36583	435223
36584	435247
36585	435257
36586	435263
36587	435277
36588	435283
36589	435287
36590	435307
36591	435317
36592	435343
36593	435349
36594	435359
36595	435371
36596	435397
36597	435401
36598	435403
36599	435419
36600	435427
36601	435437
36602	435439
36603	435451
36604	435481
36605	435503
36606	435529
36607	435541
36608	435553
36609	435559
36610	435563
36611	435569
36612	435571
36613	435577
36614	435583
36615	435593
36616	435619
36617	435623
36618	435637
36619	435641
36620	435647
36621	435649
36622	435653
36623	435661
36624	435679
36625	435709
36626	435731
36627	435733
36628	435739
36629	435751
36630	435763
36631	435769
36632	435779
36633	435817
36634	435839
36635	435847
36636	435857
36637	435859
36638	435881
36639	435889
36640	435893
36641	435907
36642	435913
36643	435923
36644	435947
36645	435949
36646	435973
36647	435983
36648	435997
36649	436003
36650	436013
36651	436027
36652	436061
36653	436081
36654	436087
36655	436091
36656	436097
36657	436127
36658	436147
36659	436151
36660	436157
36661	436171
36662	436181
36663	436217
36664	436231
36665	436253
36666	436273
36667	436279
36668	436283
36669	436291
36670	436307
36671	436309
36672	436313
36673	436343
36674	436357
36675	436399
36676	436417
36677	436427
36678	436439
36679	436459
36680	436463
36681	436477
36682	436481
36683	436483
36684	436507
36685	436523
36686	436529
36687	436531
36688	436547
36689	436549
36690	436571
36691	436591
36692	436607
36693	436621
36694	436627
36695	436649
36696	436651
36697	436673
36698	436687
36699	436693
36700	436717
36701	436727
36702	436729
36703	436739
36704	436741
36705	436757
36706	436801
36707	436811
36708	436819
36709	436831
36710	436841
36711	436853
36712	436871
36713	436889
36714	436913
36715	436957
36716	436963
36717	436967
36718	436973
36719	436979
36720	436993
36721	436999
36722	437011
36723	437033
36724	437071
36725	437077
36726	437083
36727	437093
36728	437111
36729	437113
36730	437137
36731	437141
36732	437149
36733	437153
36734	437159
36735	437191
36736	437201
36737	437219
36738	437237
36739	437243
36740	437263
36741	437273
36742	437279
36743	437287
36744	437293
36745	437321
36746	437351
36747	437357
36748	437363
36749	437387
36750	437389
36751	437401
36752	437413
36753	437467
36754	437471
36755	437473
36756	437497
36757	437501
36758	437509
36759	437519
36760	437527
36761	437533
36762	437539
36763	437543
36764	437557
36765	437587
36766	437629
36767	437641
36768	437651
36769	437653
36770	437677
36771	437681
36772	437687
36773	437693
36774	437719
36775	437729
36776	437743
36777	437753
36778	437771
36779	437809
36780	437819
36781	437837
36782	437849
36783	437861
36784	437867
36785	437881
36786	437909
36787	437923
36788	437947
36789	437953
36790	437959
36791	437977
36792	438001
36793	438017
36794	438029
36795	438047
36796	438049
36797	438091
36798	438131
36799	438133
36800	438143
36801	438169
36802	438203
36803	438211
36804	438223
36805	438233
36806	438241
36807	438253
36808	438259
36809	438271
36810	438281
36811	438287
36812	438301
36813	438313
36814	438329
36815	438341
36816	438377
36817	438391
36818	438401
36819	438409
36820	438419
36821	438439
36822	438443
36823	438467
36824	438479
36825	438499
36826	438517
36827	438521
36828	438523
36829	438527
36830	438533
36831	438551
36832	438569
36833	438589
36834	438601
36835	438611
36836	438623
36837	438631
36838	438637
36839	438661
36840	438667
36841	438671
36842	438701
36843	438707
36844	438721
36845	438733
36846	438761
36847	438769
36848	438793
36849	438827
36850	438829
36851	438833
36852	438847
36853	438853
36854	438869
36855	438877
36856	438887
36857	438899
36858	438913
36859	438937
36860	438941
36861	438953
36862	438961
36863	438967
36864	438979
36865	438983
36866	438989
36867	439007
36868	439009
36869	439063
36870	439081
36871	439123
36872	439133
36873	439141
36874	439157
36875	439163
36876	439171
36877	439183
36878	439199
36879	439217
36880	439253
36881	439273
36882	439279
36883	439289
36884	439303
36885	439339
36886	439349
36887	439357
36888	439367
36889	439381
36890	439409
36891	439421
36892	439427
36893	439429
36894	439441
36895	439459
36896	439463
36897	439471
36898	439493
36899	439511
36900	439519
36901	439541
36902	439559
36903	439567
36904	439573
36905	439577
36906	439583
36907	439601
36908	439613
36909	439631
36910	439639
36911	439661
36912	439667
36913	439687
36914	439693
36915	439697
36916	439709
36917	439723
36918	439729
36919	439753
36920	439759
36921	439763
36922	439771
36923	439781
36924	439787
36925	439799
36926	439811
36927	439823
36928	439849
36929	439853
36930	439861
36931	439867
36932	439883
36933	439891
36934	439903
36935	439919
36936	439949
36937	439961
36938	439969
36939	439973
36940	439981
36941	439991
36942	440009
36943	440023
36944	440039
36945	440047
36946	440087
36947	440093
36948	440101
36949	440131
36950	440159
36951	440171
36952	440177
36953	440179
36954	440183
36955	440203
36956	440207
36957	440221
36958	440227
36959	440239
36960	440261
36961	440269
36962	440281
36963	440303
36964	440311
36965	440329
36966	440333
36967	440339
36968	440347
36969	440371
36970	440383
36971	440389
36972	440393
36973	440399
36974	440431
36975	440441
36976	440443
36977	440471
36978	440497
36979	440501
36980	440507
36981	440509
36982	440527
36983	440537
36984	440543
36985	440549
36986	440551
36987	440567
36988	440569
36989	440579
36990	440581
36991	440641
36992	440651
36993	440653
36994	440669
36995	440677
36996	440681
36997	440683
36998	440711
36999	440717
37000	440723
