22001	249449
22002	249463
22003	249497
22004	249499
22005	249503
22006	249517
22007	249521
22008	249533
22009	249539
22010	249541
22011	249563
22012	249583
22013	249589
22014	249593
22015	249607
22016	249647
22017	249659
22018	249671
22019	249677
22020	249703
22021	249721
22022	249727
22023	249737
22024	249749
22025	249763
22026	249779
22027	249797
22028	249811
22029	249827
22030	249833
22031	249853
22032	249857
22033	249859
22034	249863
22035	249871
22036	249881
22037	249911
22038	249923
22039	249943
22040	249947
22041	249967
22042	249971
22043	249973
22044	249989
22045	250007
22046	250013
22047	250027
22048	250031
22049	250037
22050	250043
22051	250049
22052	250051
22053	250057
22054	250073
22055	250091
22056	250109
22057	250123
22058	250147
22059	250153
22060	250169
22061	250199
22062	250253
22063	250259
22064	250267
22065	250279
22066	250301
22067	250307
22068	250343
22069	250361
22070	250403
22071	250409
22072	250423
22073	250433
22074	250441
22075	250451
22076	250489
22077	250499
22078	250501
22079	250543
22080	250583
22081	250619
22082	250643
22083	250673
22084	250681
22085	250687
22086	250693
22087	250703
22088	250709
22089	250721
22090	250727
22091	250739
22092	250741
22093	250751
22094	250753
22095	250777
22096	250787
22097	250793
22098	250799
22099	250807
22100	250813
22101	250829
22102	250837
22103	250841
22104	250853
22105	250867
22106	250871
22107	250889
22108	250919
22109	250949
22110	250951
22111	250963
22112	250967
22113	250969
22114	250979
22115	250993
22116	251003
22117	251033
22118	251051
22119	251057
22120	251059
22121	251063
22122	251071
22123	251081
22124	251087
22125	251099
22126	251117
22127	251143
22128	251149
22129	251159
22130	251171
22131	251177
22132	251179
22133	251191
22134	251197
22135	251201
22136	251203
22137	251219
22138	251221
22139	251231
22140	251233
22141	251257
22142	251261
22143	251263
22144	251287
22145	251291
22146	251297
22147	251323
22148	251347
22149	251353
22150	251359
22151	251387
22152	251393
22153	251417
22154	251429
22155	251431
22156	251437
22157	251443
22158	251467
22159	251473
22160	251477
22161	251483
22162	251491
22163	251501
22164	251513
22165	251519
22166	251527
22167	251533
22168	251539
22169	251543
22170	251561
22171	251567
22172	251609
22173	251611
22174	251621
22175	251623
22176	251639
22177	251653
22178	251663
22179	251677
22180	251701
22181	251707
22182	251737
22183	251761
22184	251789
22185	251791
22186	251809
22187	251831
22188	251833
22189	251843
22190	251857
22191	251861
22192	251879
22193	251887
22194	251893
22195	251897
22196	251903
22197	251917
22198	251939
22199	251941
22200	251947
22201	251969
22202	251971
22203	251983
22204	252001
22205	252013
22206	252017
22207	252029
22208	252037
22209	252079
22210	252101
22211	252139
22212	252143
22213	252151
22214	252157
22215	252163
22216	252169
22217	252173
22218	252181
22219	252193
22220	252209
22221	252223
22222	252233
22223	252253
22224	252277
22225	252283
22226	252289
22227	252293
22228	252313
22229	252319
22230	252323
22231	252341
22232	252359
22233	252383
22234	252391
22235	252401
22236	252409
22237	252419
22238	252431
22239	252443
22240	252449
22241	252457
22242	252463
22243	252481
22244	252509
22245	252533
22246	252541
22247	252559
22248	252583
22249	252589
22250	252607
22251	252611
22252	252617
22253	252641
22254	252667
22255	252691
22256	252709
22257	252713
22258	252727
22259	252731
22260	252737
22261	252761
22262	252767
22263	252779
22264	252817
22265	252823
22266	252827
22267	252829
22268	252869
22269	252877
22270	252881
22271	252887
22272	252893
22273	252899
22274	252911
22275	252913
22276	252919
22277	252937
22278	252949
22279	252971
22280	252979
22281	252983
22282	253003
22283	253013
22284	253049
22285	253063
22286	253081
22287	253103
22288	253109
22289	253133
22290	253153
22291	253157
22292	253159
22293	253229
22294	253243
22295	253247
22296	253273
22297	253307
22298	253321
22299	253343
22300	253349
22301	253361
22302	253367
22303	253369
22304	253381
22305	253387
22306	253417
22307	253423
22308	253427
22309	253433
22310	253439
22311	253447
22312	253469
22313	253481
22314	253493
22315	253501
22316	253507
22317	253531
22318	253537
22319	253543
22320	253553
22321	253567
22322	253573
22323	253601
22324	253607
22325	253609
22326	253613
22327	253633
22328	253637
22329	253639
22330	253651
22331	253661
22332	253679
22333	253681
22334	253703
22335	253717
22336	253733
22337	253741
22338	253751
22339	253763
22340	253769
22341	253777
22342	253787
22343	253789
22344	253801
22345	253811
22346	253819
22347	253823
22348	253853
22349	253867
22350	253871
22351	253879
22352	253901
22353	253907
22354	253909
22355	253919
22356	253937
22357	253949
22358	253951
22359	253969
22360	253987
22361	253993
22362	253999
22363	254003
22364	254021
22365	254027
22366	254039
22367	254041
22368	254047
22369	254053
22370	254071
22371	254083
22372	254119
22373	254141
22374	254147
22375	254161
22376	254179
22377	254197
22378	254207
22379	254209
22380	254213
22381	254249
22382	254257
22383	254279
22384	254281
22385	254291
22386	254299
22387	254329
22388	254369
22389	254377
22390	254383
22391	254389
22392	254407
22393	254413
22394	254437
22395	254447
22396	254461
22397	254489
22398	254491
22399	254519
22400	254537
22401	254557
22402	254593
22403	254623
22404	254627
22405	254647
22406	254659
22407	254663
22408	254699
22409	254713
22410	254729
22411	254731
22412	254741
22413	254747
22414	254753
22415	254773
22416	254777
22417	254783
22418	254791
22419	254803
22420	254827
22421	254831
22422	254833
22423	254857
22424	254869
22425	254873
22426	254879
22427	254887
22428	254899
22429	254911
22430	254927
22431	254929
22432	254941
22433	254959
22434	254963
22435	254971
22436	254977
22437	254987
22438	254993
22439	255007
22440	255019
22441	255023
22442	255043
22443	255049
22444	255053
22445	255071
22446	255077
22447	255083
22448	255097
22449	255107
22450	255121
22451	255127
22452	255133
22453	255137
22454	255149
22455	255173
22456	255179
22457	255181
22458	255191
22459	255193
22460	255197
22461	255209
22462	255217
22463	255239
22464	255247
22465	255251
22466	255253
22467	255259
22468	255313
22469	255329
22470	255349
22471	255361
22472	255371
22473	255383
22474	255413
22475	255419
22476	255443
22477	255457
22478	255467
22479	255469
22480	255473
22481	255487
22482	255499
22483	255503
22484	255511
22485	255517
22486	255523
22487	255551
22488	255571
22489	255587
22490	255589
22491	255613
22492	255617
22493	255637
22494	255641
22495	255649
22496	255653
22497	255659
22498	255667
22499	255679
22500	255709
22501	255713
22502	255733
22503	255743
22504	255757
22505	255763
22506	255767
22507	255803
22508	255839
22509	255841
22510	255847
22511	255851
22512	255859
22513	255869
22514	255877
22515	255887
22516	255907
22517	255917
22518	255919
22519	255923
22520	255947
22521	255961
22522	255971
22523	255973
22524	255977
22525	255989
22526	256019
22527	256021
22528	256031
22529	256033
22530	256049
22531	256057
22532	256079
22533	256093
22534	256117
22535	256121
22536	256129
22537	256133
22538	256147
22539	256163
22540	256169
22541	256181
22542	256187
22543	256189
22544	256199
22545	256211
22546	256219
22547	256279
22548	256301
22549	256307
22550	256313
22551	256337
22552	256349
22553	256363
22554	256369
22555	256391
22556	256393
22557	256423
22558	256441
22559	256469
22560	256471
22561	256483
22562	256489
22563	256493
22564	256499
22565	256517
22566	256541
22567	256561
22568	256567
22569	256577
22570	256579
22571	256589
22572	256603
22573	256609
22574	256639
22575	256643
22576	256651
22577	256661
22578	256687
22579	256699
22580	256721
22581	256723
22582	256757
22583	256771
22584	256799
22585	256801
22586	256813
22587	256831
22588	256873
22589	256877
22590	256889
22591	256901
22592	256903
22593	256931
22594	256939
22595	256957
22596	256967
22597	256981
22598	257003
22599	257017
22600	257053
22601	257069
22602	257077
22603	257093
22604	257099
22605	257107
22606	257123
22607	257141
22608	257161
22609	257171
22610	257177
22611	257189
22612	257219
22613	257221
22614	257239
22615	257249
22616	257263
22617	257273
22618	257281
22619	257287
22620	257293
22621	257297
22622	257311
22623	257321
22624	257339
22625	257351
22626	257353
22627	257371
22628	257381
22629	257399
22630	257401
22631	257407
22632	257437
22633	257443
22634	257447
22635	257459
22636	257473
22637	257489
22638	257497
22639	257501
22640	257503
22641	257519
22642	257539
22643	257561
22644	257591
22645	257611
22646	257627
22647	257639
22648	257657
22649	257671
22650	257687
22651	257689
22652	257707
22653	257711
22654	257713
22655	257717
22656	257731
22657	257783
22658	257791
22659	257797
22660	257837
22661	257857
22662	257861
22663	257863
22664	257867
22665	257869
22666	257879
22667	257893
22668	257903
22669	257921
22670	257947
22671	257953
22672	257981
22673	257987
22674	257989
22675	257993
22676	258019
22677	258023
22678	258031
22679	258061
22680	258067
22681	258101
22682	258107
22683	258109
22684	258113
22685	258119
22686	258127
22687	258131
22688	258143
22689	258157
22690	258161
22691	258173
22692	258197
22693	258211
22694	258233
22695	258241
22696	258253
22697	258277
22698	258283
22699	258299
22700	258317
22701	258319
22702	258329
22703	258331
22704	258337
22705	258353
22706	258373
22707	258389
22708	258403
22709	258407
22710	258413
22711	258421
22712	258437
22713	258443
22714	258449
22715	258469
22716	258487
22717	258491
22718	258499
22719	258521
22720	258527
22721	258539
22722	258551
22723	258563
22724	258569
22725	258581
22726	258607
22727	258611
22728	258613
22729	258617
22730	258623
22731	258631
22732	258637
22733	258659
22734	258673
22735	258677
22736	258691
22737	258697
22738	258703
22739	258707
22740	258721
22741	258733
22742	258737
22743	258743
22744	258763
22745	258779
22746	258787
22747	258803
22748	258809
22749	258827
22750	258847
22751	258871
22752	258887
22753	258917
22754	258919
22755	258949
22756	258959
22757	258967
22758	258971
22759	258977
22760	258983
22761	258991
22762	259001
22763	259009
22764	259019
22765	259033
22766	259099
22767	259121
22768	259123
22769	259151
22770	259157
22771	259159
22772	259163
22773	259169
22774	259177
22775	259183
22776	259201
22777	259211
22778	259213
22779	259219
22780	259229
22781	259271
22782	259277
22783	259309
22784	259321
22785	259339
22786	259379
22787	259381
22788	259387
22789	259397
22790	259411
22791	259421
22792	259429
22793	259451
22794	259453
22795	259459
22796	259499
22797	259507
22798	259517
22799	259531
22800	259537
22801	259547
22802	259577
22803	259583
22804	259603
22805	259619
22806	259621
22807	259627
22808	259631
22809	259639
22810	259643
22811	259657
22812	259667
22813	259681
22814	259691
22815	259697
22816	259717
22817	259723
22818	259733
22819	259751
22820	259771
22821	259781
22822	259783
22823	259801
22824	259813
22825	259823
22826	259829
22827	259837
22828	259841
22829	259867
22830	259907
22831	259933
22832	259937
22833	259943
22834	259949
22835	259967
22836	259991
22837	259993
22838	260003
22839	260009
22840	260011
22841	260017
22842	260023
22843	260047
22844	260081
22845	260089
22846	260111
22847	260137
22848	260171
22849	260179
22850	260189
22851	260191
22852	260201
22853	260207
22854	260209
22855	260213
22856	260231
22857	260263
22858	260269
22859	260317
22860	260329
22861	260339
22862	260363
22863	260387
22864	260399
22865	260411
22866	260413
22867	260417
22868	260419
22869	260441
22870	260453
22871	260461
22872	260467
22873	260483
22874	260489
22875	260527
22876	260539
22877	260543
22878	260549
22879	260551
22880	260569
22881	260573
22882	260581
22883	260587
22884	260609
22885	260629
22886	260647
22887	260651
22888	260671
22889	260677
22890	260713
22891	260717
22892	260723
22893	260747
22894	260753
22895	260761
22896	260773
22897	260791
22898	260807
22899	260809
22900	260849
22901	260857
22902	260861
22903	260863
22904	260873
22905	260879
22906	260893
22907	260921
22908	260941
22909	260951
22910	260959
22911	260969
22912	260983
22913	260987
22914	260999
22915	261011
22916	261013
22917	261017
22918	261031
22919	261043
22920	261059
22921	261061
22922	261071
22923	261077
22924	261089
22925	261101
22926	261127
22927	261167
22928	261169
22929	261223
22930	261229
22931	261241
22932	261251
22933	261271
22934	261281
22935	261301
22936	261323
22937	261329
22938	261337
22939	261347
22940	261353
22941	261379
22942	261389
22943	261407
22944	261427
22945	261431
22946	261433
22947	261439
22948	261451
22949	261463
22950	261467
22951	261509
22952	261523
22953	261529
22954	261557
22955	261563
22956	261577
22957	261581
22958	261587
22959	261593
22960	261601
22961	261619
22962	261631
22963	261637
22964	261641
22965	261643
22966	261673
22967	261697
22968	261707
22969	261713
22970	261721
22971	261739
22972	261757
22973	261761
22974	261773
22975	261787
22976	261791
22977	261799
22978	261823
22979	261847
22980	261881
22981	261887
22982	261917
22983	261959
22984	261971
22985	261973
22986	261977
22987	261983
22988	262007
22989	262027
22990	262049
22991	262051
22992	262069
22993	262079
22994	262103
22995	262109
22996	262111
22997	262121
22998	262127
22999	262133
23000	262139
