17001	187973
17002	187987
17003	188011
17004	188017
17005	188021
17006	188029
17007	188107
17008	188137
17009	188143
17010	188147
17011	188159
17012	188171
17013	188179
17014	188189
17015	188197
17016	188249
17017	188261
17018	188273
17019	188281
17020	188291
17021	188299
17022	188303
17023	188311
17024	188317
17025	188323
17026	188333
17027	188351
17028	188359
17029	188369
17030	188389
17031	188401
17032	188407
17033	188417
17034	188431
17035	188437
17036	188443
17037	188459
17038	188473
17039	188483
17040	188491
17041	188519
17042	188527
17043	188533
17044	188563
17045	188579
17046	188603
17047	188609
17048	188621
17049	188633
17050	188653
17051	188677
17052	188681
17053	188687
17054	188693
17055	188701
17056	188707
17057	188711
17058	188719
17059	188729
17060	188753
17061	188767
17062	188779
17063	188791
17064	188801
17065	188827
17066	188831
17067	188833
17068	188843
17069	188857
17070	188861
17071	188863
17072	188869
17073	188891
17074	188911
17075	188927
17076	188933
17077	188939
17078	188941
17079	188953
17080	188957
17081	188983
17082	188999
17083	189011
17084	189017
17085	189019
17086	189041
17087	189043
17088	189061
17089	189067
17090	189127
17091	189139
17092	189149
17093	189151
17094	189169
17095	189187
17096	189199
17097	189223
17098	189229
17099	189239
17100	189251
17101	189253
17102	189257
17103	189271
17104	189307
17105	189311
17106	189337
17107	189347
17108	189349
17109	189353
17110	189361
17111	189377
17112	189389
17113	189391
17114	189401
17115	189407
17116	189421
17117	189433
17118	189437
17119	189439
17120	189463
17121	189467
17122	189473
17123	189479
17124	189491
17125	189493
17126	189509
17127	189517
17128	189523
17129	189529
17130	189547
17131	189559
17132	189583
17133	189593
17134	189599
17135	189613
17136	189617
17137	189619
17138	189643
17139	189653
17140	189661
17141	189671
17142	189691
17143	189697
17144	189701
17145	189713
17146	189733
17147	189743
17148	189757
17149	189767
17150	189797
17151	189799
17152	189817
17153	189823
17154	189851
17155	189853
17156	189859
17157	189877
17158	189881
17159	189887
17160	189901
17161	189913
17162	189929
17163	189947
17164	189949
17165	189961
17166	189967
17167	189977
17168	189983
17169	189989
17170	189997
17171	190027
17172	190031
17173	190051
17174	190063
17175	190093
17176	190097
17177	190121
17178	190129
17179	190147
17180	190159
17181	190181
17182	190207
17183	190243
17184	190249
17185	190261
17186	190271
17187	190283
17188	190297
17189	190301
17190	190313
17191	190321
17192	190331
17193	190339
17194	190357
17195	190367
17196	190369
17197	190387
17198	190391
17199	190403
17200	190409
17201	190471
17202	190507
17203	190523
17204	190529
17205	190537
17206	190543
17207	190573
17208	190577
17209	190579
17210	190583
17211	190591
17212	190607
17213	190613
17214	190633
17215	190639
17216	190649
17217	190657
17218	190667
17219	190669
17220	190699
17221	190709
17222	190711
17223	190717
17224	190753
17225	190759
17226	190763
17227	190769
17228	190783
17229	190787
17230	190793
17231	190807
17232	190811
17233	190823
17234	190829
17235	190837
17236	190843
17237	190871
17238	190889
17239	190891
17240	190901
17241	190909
17242	190913
17243	190921
17244	190979
17245	190997
17246	191021
17247	191027
17248	191033
17249	191039
17250	191047
17251	191057
17252	191071
17253	191089
17254	191099
17255	191119
17256	191123
17257	191137
17258	191141
17259	191143
17260	191161
17261	191173
17262	191189
17263	191227
17264	191231
17265	191237
17266	191249
17267	191251
17268	191281
17269	191297
17270	191299
17271	191339
17272	191341
17273	191353
17274	191413
17275	191441
17276	191447
17277	191449
17278	191453
17279	191459
17280	191461
17281	191467
17282	191473
17283	191491
17284	191497
17285	191507
17286	191509
17287	191519
17288	191531
17289	191533
17290	191537
17291	191551
17292	191561
17293	191563
17294	191579
17295	191599
17296	191621
17297	191627
17298	191657
17299	191669
17300	191671
17301	191677
17302	191689
17303	191693
17304	191699
17305	191707
17306	191717
17307	191747
17308	191749
17309	191773
17310	191783
17311	191791
17312	191801
17313	191803
17314	191827
17315	191831
17316	191833
17317	191837
17318	191861
17319	191899
17320	191903
17321	191911
17322	191929
17323	191953
17324	191969
17325	191977
17326	191999
17327	192007
17328	192013
17329	192029
17330	192037
17331	192043
17332	192047
17333	192053
17334	192091
17335	192097
17336	192103
17337	192113
17338	192121
17339	192133
17340	192149
17341	192161
17342	192173
17343	192187
17344	192191
17345	192193
17346	192229
17347	192233
17348	192239
17349	192251
17350	192259
17351	192263
17352	192271
17353	192307
17354	192317
17355	192319
17356	192323
17357	192341
17358	192343
17359	192347
17360	192373
17361	192377
17362	192383
17363	192391
17364	192407
17365	192431
17366	192461
17367	192463
17368	192497
17369	192499
17370	192529
17371	192539
17372	192547
17373	192553
17374	192557
17375	192571
17376	192581
17377	192583
17378	192587
17379	192601
17380	192611
17381	192613
17382	192617
17383	192629
17384	192631
17385	192637
17386	192667
17387	192677
17388	192697
17389	192737
17390	192743
17391	192749
17392	192757
17393	192767
17394	192781
17395	192791
17396	192799
17397	192811
17398	192817
17399	192833
17400	192847
17401	192853
17402	192859
17403	192877
17404	192883
17405	192887
17406	192889
17407	192917
17408	192923
17409	192931
17410	192949
17411	192961
17412	192971
17413	192977
17414	192979
17415	192991
17416	193003
17417	193009
17418	193013
17419	193031
17420	193043
17421	193051
17422	193057
17423	193073
17424	193093
17425	193133
17426	193139
17427	193147
17428	193153
17429	193163
17430	193181
17431	193183
17432	193189
17433	193201
17434	193243
17435	193247
17436	193261
17437	193283
17438	193301
17439	193327
17440	193337
17441	193357
17442	193367
17443	193373
17444	193379
17445	193381
17446	193387
17447	193393
17448	193423
17449	193433
17450	193441
17451	193447
17452	193451
17453	193463
17454	193469
17455	193493
17456	193507
17457	193513
17458	193541
17459	193549
17460	193559
17461	193573
17462	193577
17463	193597
17464	193601
17465	193603
17466	193607
17467	193619
17468	193649
17469	193663
17470	193679
17471	193703
17472	193723
17473	193727
17474	193741
17475	193751
17476	193757
17477	193763
17478	193771
17479	193789
17480	193793
17481	193799
17482	193811
17483	193813
17484	193841
17485	193847
17486	193859
17487	193861
17488	193871
17489	193873
17490	193877
17491	193883
17492	193891
17493	193937
17494	193939
17495	193943
17496	193951
17497	193957
17498	193979
17499	193993
17500	194003
17501	194017
17502	194027
17503	194057
17504	194069
17505	194071
17506	194083
17507	194087
17508	194093
17509	194101
17510	194113
17511	194119
17512	194141
17513	194149
17514	194167
17515	194179
17516	194197
17517	194203
17518	194239
17519	194263
17520	194267
17521	194269
17522	194309
17523	194323
17524	194353
17525	194371
17526	194377
17527	194413
17528	194431
17529	194443
17530	194471
17531	194479
17532	194483
17533	194507
17534	194521
17535	194527
17536	194543
17537	194569
17538	194581
17539	194591
17540	194609
17541	194647
17542	194653
17543	194659
17544	194671
17545	194681
17546	194683
17547	194687
17548	194707
17549	194713
17550	194717
17551	194723
17552	194729
17553	194749
17554	194767
17555	194771
17556	194809
17557	194813
17558	194819
17559	194827
17560	194839
17561	194861
17562	194863
17563	194867
17564	194869
17565	194891
17566	194899
17567	194911
17568	194917
17569	194933
17570	194963
17571	194977
17572	194981
17573	194989
17574	195023
17575	195029
17576	195043
17577	195047
17578	195049
17579	195053
17580	195071
17581	195077
17582	195089
17583	195103
17584	195121
17585	195127
17586	195131
17587	195137
17588	195157
17589	195161
17590	195163
17591	195193
17592	195197
17593	195203
17594	195229
17595	195241
17596	195253
17597	195259
17598	195271
17599	195277
17600	195281
17601	195311
17602	195319
17603	195329
17604	195341
17605	195343
17606	195353
17607	195359
17608	195389
17609	195401
17610	195407
17611	195413
17612	195427
17613	195443
17614	195457
17615	195469
17616	195479
17617	195493
17618	195497
17619	195511
17620	195527
17621	195539
17622	195541
17623	195581
17624	195593
17625	195599
17626	195659
17627	195677
17628	195691
17629	195697
17630	195709
17631	195731
17632	195733
17633	195737
17634	195739
17635	195743
17636	195751
17637	195761
17638	195781
17639	195787
17640	195791
17641	195809
17642	195817
17643	195863
17644	195869
17645	195883
17646	195887
17647	195893
17648	195907
17649	195913
17650	195919
17651	195929
17652	195931
17653	195967
17654	195971
17655	195973
17656	195977
17657	195991
17658	195997
17659	196003
17660	196033
17661	196039
17662	196043
17663	196051
17664	196073
17665	196081
17666	196087
17667	196111
17668	196117
17669	196139
17670	196159
17671	196169
17672	196171
17673	196177
17674	196181
17675	196187
17676	196193
17677	196201
17678	196247
17679	196271
17680	196277
17681	196279
17682	196291
17683	196303
17684	196307
17685	196331
17686	196337
17687	196379
17688	196387
17689	196429
17690	196439
17691	196453
17692	196459
17693	196477
17694	196499
17695	196501
17696	196519
17697	196523
17698	196541
17699	196543
17700	196549
17701	196561
17702	196579
17703	196583
17704	196597
17705	196613
17706	196643
17707	196657
17708	196661
17709	196663
17710	196681
17711	196687
17712	196699
17713	196709
17714	196717
17715	196727
17716	196739
17717	196751
17718	196769
17719	196771
17720	196799
17721	196817
17722	196831
17723	196837
17724	196853
17725	196871
17726	196873
17727	196879
17728	196901
17729	196907
17730	196919
17731	196927
17732	196961
17733	196991
17734	196993
17735	197003
17736	197009
17737	197023
17738	197033
17739	197059
17740	197063
17741	197077
17742	197083
17743	197089
17744	197101
17745	197117
17746	197123
17747	197137
17748	197147
17749	197159
17750	197161
17751	197203
17752	197207
17753	197221
17754	197233
17755	197243
17756	197257
17757	197261
17758	197269
17759	197273
17760	197279
17761	197293
17762	197297
17763	197299
17764	197311
17765	197339
17766	197341
17767	197347
17768	197359
17769	197369
17770	197371
17771	197381
17772	197383
17773	197389
17774	197419
17775	197423
17776	197441
17777	197453
17778	197479
17779	197507
17780	197521
17781	197539
17782	197551
17783	197567
17784	197569
17785	197573
17786	197597
17787	197599
17788	197609
17789	197621
17790	197641
17791	197647
17792	197651
17793	197677
17794	197683
17795	197689
17796	197699
17797	197711
17798	197713
17799	197741
17800	197753
17801	197759
17802	197767
17803	197773
17804	197779
17805	197803
17806	197807
17807	197831
17808	197837
17809	197887
17810	197891
17811	197893
17812	197909
17813	197921
17814	197927
17815	197933
17816	197947
17817	197957
17818	197959
17819	197963
17820	197969
17821	197971
17822	198013
17823	198017
17824	198031
17825	198043
17826	198047
17827	198073
17828	198083
17829	198091
17830	198097
17831	198109
17832	198127
17833	198139
17834	198173
17835	198179
17836	198193
17837	198197
17838	198221
17839	198223
17840	198241
17841	198251
17842	198257
17843	198259
17844	198277
17845	198281
17846	198301
17847	198313
17848	198323
17849	198337
17850	198347
17851	198349
17852	198377
17853	198391
17854	198397
17855	198409
17856	198413
17857	198427
17858	198437
17859	198439
17860	198461
17861	198463
17862	198469
17863	198479
17864	198491
17865	198503
17866	198529
17867	198533
17868	198553
17869	198571
17870	198589
17871	198593
17872	198599
17873	198613
17874	198623
17875	198637
17876	198641
17877	198647
17878	198659
17879	198673
17880	198689
17881	198701
17882	198719
17883	198733
17884	198761
17885	198769
17886	198811
17887	198817
17888	198823
17889	198827
17890	198829
17891	198833
17892	198839
17893	198841
17894	198851
17895	198859
17896	198899
17897	198901
17898	198929
17899	198937
17900	198941
17901	198943
17902	198953
17903	198959
17904	198967
17905	198971
17906	198977
17907	198997
17908	199021
17909	199033
17910	199037
17911	199039
17912	199049
17913	199081
17914	199103
17915	199109
17916	199151
17917	199153
17918	199181
17919	199193
17920	199207
17921	199211
17922	199247
17923	199261
17924	199267
17925	199289
17926	199313
17927	199321
17928	199337
17929	199343
17930	199357
17931	199373
17932	199379
17933	199399
17934	199403
17935	199411
17936	199417
17937	199429
17938	199447
17939	199453
17940	199457
17941	199483
17942	199487
17943	199489
17944	199499
17945	199501
17946	199523
17947	199559
17948	199567
17949	199583
17950	199601
17951	199603
17952	199621
17953	199637
17954	199657
17955	199669
17956	199673
17957	199679
17958	199687
17959	199697
17960	199721
17961	199729
17962	199739
17963	199741
17964	199751
17965	199753
17966	199777
17967	199783
17968	199799
17969	199807
17970	199811
17971	199813
17972	199819
17973	199831
17974	199853
17975	199873
17976	199877
17977	199889
17978	199909
17979	199921
17980	199931
17981	199933
17982	199961
17983	199967
17984	199999
17985	200003
17986	200009
17987	200017
17988	200023
17989	200029
17990	200033
17991	200041
17992	200063
17993	200087
17994	200117
17995	200131
17996	200153
17997	200159
17998	200171
17999	200177
18000	200183
