30001	350381
30002	350411
30003	350423
30004	350429
30005	350431
30006	350437
30007	350443
30008	350447
30009	350453
30010	350459
30011	350503
30012	350521
30013	350549
30014	350561
30015	350563
30016	350587
30017	350593
30018	350617
30019	350621
30020	350629
30021	350657
30022	350663
30023	350677
30024	350699
30025	350711
30026	350719
30027	350729
30028	350731
30029	350737
30030	350741
30031	350747
30032	350767
30033	350771
30034	350783
30035	350789
30036	350803
30037	350809
30038	350843
30039	350851
30040	350869
30041	350881
30042	350887
30043	350891
30044	350899
30045	350941
30046	350947
30047	350963
30048	350971
30049	350981
30050	350983
30051	350989
30052	351011
30053	351023
30054	351031
30055	351037
30056	351041
30057	351047
30058	351053
30059	351059
30060	351061
30061	351077
30062	351079
30063	351097
30064	351121
30065	351133
30066	351151
30067	351157
30068	351179
30069	351217
30070	351223
30071	351229
30072	351257
30073	351259
30074	351269
30075	351287
30076	351289
30077	351293
30078	351301
30079	351311
30080	351341
30081	351343
30082	351347
30083	351359
30084	351361
30085	351383
30086	351391
30087	351397
30088	351401
30089	351413
30090	351427
30091	351437
30092	351457
30093	351469
30094	351479
30095	351497
30096	351503
30097	351517
30098	351529
30099	351551
30100	351563
30101	351587
30102	351599
30103	351643
30104	351653
30105	351661
30106	351667
30107	351691
30108	351707
30109	351727
30110	351731
30111	351733
30112	351749
30113	351751
30114	351763
30115	351773
30116	351779
30117	351797
30118	351803
30119	351811
30120	351829
30121	351847
30122	351851
30123	351859
30124	351863
30125	351887
30126	351913
30127	351919
30128	351929
30129	351931
30130	351959
30131	351971
30132	351991
30133	352007
30134	352021
30135	352043
30136	352049
30137	352057
30138	352069
30139	352073
30140	352081
30141	352097
30142	352109
30143	352111
30144	352123
30145	352133
30146	352181
30147	352193
30148	352201
30149	352217
30150	352229
30151	352237
30152	352249
30153	352267
30154	352271
30155	352273
30156	352301
30157	352309
30158	352327
30159	352333
30160	352349
30161	352357
30162	352361
30163	352367
30164	352369
30165	352381
30166	352399
30167	352403
30168	352409
30169	352411
30170	352421
30171	352423
30172	352441
30173	352459
30174	352463
30175	352481
30176	352483
30177	352489
30178	352493
30179	352511
30180	352523
30181	352543
30182	352549
30183	352579
30184	352589
30185	352601
30186	352607
30187	352619
30188	352633
30189	352637
30190	352661
30191	352691
30192	352711
30193	352739
30194	352741
30195	352753
30196	352757
30197	352771
30198	352813
30199	352817
30200	352819
30201	352831
30202	352837
30203	352841
30204	352853
30205	352867
30206	352883
30207	352907
30208	352909
30209	352931
30210	352939
30211	352949
30212	352951
30213	352973
30214	352991
30215	353011
30216	353021
30217	353047
30218	353053
30219	353057
30220	353069
30221	353081
30222	353099
30223	353117
30224	353123
30225	353137
30226	353147
30227	353149
30228	353161
30229	353173
30230	353179
30231	353201
30232	353203
30233	353237
30234	353263
30235	353293
30236	353317
30237	353321
30238	353329
30239	353333
30240	353341
30241	353359
30242	353389
30243	353401
30244	353411
30245	353429
30246	353443
30247	353453
30248	353459
30249	353471
30250	353473
30251	353489
30252	353501
30253	353527
30254	353531
30255	353557
30256	353567
30257	353603
30258	353611
30259	353621
30260	353627
30261	353629
30262	353641
30263	353653
30264	353657
30265	353677
30266	353681
30267	353687
30268	353699
30269	353711
30270	353737
30271	353747
30272	353767
30273	353777
30274	353783
30275	353797
30276	353807
30277	353813
30278	353819
30279	353833
30280	353867
30281	353869
30282	353879
30283	353891
30284	353897
30285	353911
30286	353917
30287	353921
30288	353929
30289	353939
30290	353963
30291	354001
30292	354007
30293	354017
30294	354023
30295	354031
30296	354037
30297	354041
30298	354043
30299	354047
30300	354073
30301	354091
30302	354097
30303	354121
30304	354139
30305	354143
30306	354149
30307	354163
30308	354169
30309	354181
30310	354209
30311	354247
30312	354251
30313	354253
30314	354257
30315	354259
30316	354271
30317	354301
30318	354307
30319	354313
30320	354317
30321	354323
30322	354329
30323	354337
30324	354353
30325	354371
30326	354373
30327	354377
30328	354383
30329	354391
30330	354401
30331	354421
30332	354439
30333	354443
30334	354451
30335	354461
30336	354463
30337	354469
30338	354479
30339	354533
30340	354539
30341	354551
30342	354553
30343	354581
30344	354587
30345	354619
30346	354643
30347	354647
30348	354661
30349	354667
30350	354677
30351	354689
30352	354701
30353	354703
30354	354727
30355	354737
30356	354743
30357	354751
30358	354763
30359	354779
30360	354791
30361	354799
30362	354829
30363	354833
30364	354839
30365	354847
30366	354869
30367	354877
30368	354881
30369	354883
30370	354911
30371	354953
30372	354961
30373	354971
30374	354973
30375	354979
30376	354983
30377	354997
30378	355007
30379	355009
30380	355027
30381	355031
30382	355037
30383	355039
30384	355049
30385	355057
30386	355063
30387	355073
30388	355087
30389	355093
30390	355099
30391	355109
30392	355111
30393	355127
30394	355139
30395	355171
30396	355193
30397	355211
30398	355261
30399	355297
30400	355307
30401	355321
30402	355331
30403	355339
30404	355343
30405	355361
30406	355363
30407	355379
30408	355417
30409	355427
30410	355441
30411	355457
30412	355463
30413	355483
30414	355499
30415	355501
30416	355507
30417	355513
30418	355517
30419	355519
30420	355529
30421	355541
30422	355549
30423	355559
30424	355571
30425	355573
30426	355591
30427	355609
30428	355633
30429	355643
30430	355651
30431	355669
30432	355679
30433	355697
30434	355717
30435	355721
30436	355723
30437	355753
30438	355763
30439	355777
30440	355783
30441	355799
30442	355811
30443	355819
30444	355841
30445	355847
30446	355853
30447	355867
30448	355891
30449	355909
30450	355913
30451	355933
30452	355937
30453	355939
30454	355951
30455	355967
30456	355969
30457	356023
30458	356039
30459	356077
30460	356093
30461	356101
30462	356113
30463	356123
30464	356129
30465	356137
30466	356141
30467	356143
30468	356171
30469	356173
30470	356197
30471	356219
30472	356243
30473	356261
30474	356263
30475	356287
30476	356299
30477	356311
30478	356327
30479	356333
30480	356351
30481	356387
30482	356399
30483	356441
30484	356443
30485	356449
30486	356453
30487	356467
30488	356479
30489	356501
30490	356509
30491	356533
30492	356549
30493	356561
30494	356563
30495	356567
30496	356579
30497	356591
30498	356621
30499	356647
30500	356663
30501	356693
30502	356701
30503	356731
30504	356737
30505	356749
30506	356761
30507	356803
30508	356819
30509	356821
30510	356831
30511	356869
30512	356887
30513	356893
30514	356927
30515	356929
30516	356933
30517	356947
30518	356959
30519	356969
30520	356977
30521	356981
30522	356989
30523	356999
30524	357031
30525	357047
30526	357073
30527	357079
30528	357083
30529	357103
30530	357107
30531	357109
30532	357131
30533	357139
30534	357169
30535	357179
30536	357197
30537	357199
30538	357211
30539	357229
30540	357239
30541	357241
30542	357263
30543	357271
30544	357281
30545	357283
30546	357293
30547	357319
30548	357347
30549	357349
30550	357353
30551	357359
30552	357377
30553	357389
30554	357421
30555	357431
30556	357437
30557	357473
30558	357503
30559	357509
30560	357517
30561	357551
30562	357559
30563	357563
30564	357569
30565	357571
30566	357583
30567	357587
30568	357593
30569	357611
30570	357613
30571	357619
30572	357649
30573	357653
30574	357659
30575	357661
30576	357667
30577	357671
30578	357677
30579	357683
30580	357689
30581	357703
30582	357727
30583	357733
30584	357737
30585	357739
30586	357767
30587	357779
30588	357781
30589	357787
30590	357793
30591	357809
30592	357817
30593	357823
30594	357829
30595	357839
30596	357859
30597	357883
30598	357913
30599	357967
30600	357977
30601	357983
30602	357989
30603	357997
30604	358031
30605	358051
30606	358069
30607	358073
30608	358079
30609	358103
30610	358109
30611	358153
30612	358157
30613	358159
30614	358181
30615	358201
30616	358213
30617	358219
30618	358223
30619	358229
30620	358243
30621	358273
30622	358277
30623	358279
30624	358289
30625	358291
30626	358297
30627	358301
30628	358313
30629	358327
30630	358331
30631	358349
30632	358373
30633	358417
30634	358427
30635	358429
30636	358441
30637	358447
30638	358459
30639	358471
30640	358483
30641	358487
30642	358499
30643	358531
30644	358541
30645	358571
30646	358573
30647	358591
30648	358597
30649	358601
30650	358607
30651	358613
30652	358637
30653	358667
30654	358669
30655	358681
30656	358691
30657	358697
30658	358703
30659	358711
30660	358723
30661	358727
30662	358733
30663	358747
30664	358753
30665	358769
30666	358783
30667	358793
30668	358811
30669	358829
30670	358847
30671	358859
30672	358861
30673	358867
30674	358877
30675	358879
30676	358901
30677	358903
30678	358907
30679	358909
30680	358931
30681	358951
30682	358973
30683	358979
30684	358987
30685	358993
30686	358999
30687	359003
30688	359017
30689	359027
30690	359041
30691	359063
30692	359069
30693	359101
30694	359111
30695	359129
30696	359137
30697	359143
30698	359147
30699	359153
30700	359167
30701	359171
30702	359207
30703	359209
30704	359231
30705	359243
30706	359263
30707	359267
30708	359279
30709	359291
30710	359297
30711	359299
30712	359311
30713	359323
30714	359327
30715	359353
30716	359357
30717	359377
30718	359389
30719	359407
30720	359417
30721	359419
30722	359441
30723	359449
30724	359477
30725	359479
30726	359483
30727	359501
30728	359509
30729	359539
30730	359549
30731	359561
30732	359563
30733	359581
30734	359587
30735	359599
30736	359621
30737	359633
30738	359641
30739	359657
30740	359663
30741	359701
30742	359713
30743	359719
30744	359731
30745	359747
30746	359753
30747	359761
30748	359767
30749	359783
30750	359837
30751	359851
30752	359869
30753	359897
30754	359911
30755	359929
30756	359981
30757	359987
30758	360007
30759	360023
30760	360037
30761	360049
30762	360053
30763	360071
30764	360089
30765	360091
30766	360163
30767	360167
30768	360169
30769	360181
30770	360187
30771	360193
30772	360197
30773	360223
30774	360229
30775	360233
30776	360257
30777	360271
30778	360277
30779	360287
30780	360289
30781	360293
30782	360307
30783	360317
30784	360323
30785	360337
30786	360391
30787	360407
30788	360421
30789	360439
30790	360457
30791	360461
30792	360497
30793	360509
30794	360511
30795	360541
30796	360551
30797	360589
30798	360593
30799	360611
30800	360637
30801	360649
30802	360653
30803	360749
30804	360769
30805	360779
30806	360781
30807	360803
30808	360817
30809	360821
30810	360823
30811	360827
30812	360851
30813	360853
30814	360863
30815	360869
30816	360901
30817	360907
30818	360947
30819	360949
30820	360953
30821	360959
30822	360973
30823	360977
30824	360979
30825	360989
30826	361001
30827	361003
30828	361013
30829	361033
30830	361069
30831	361091
30832	361093
30833	361111
30834	361159
30835	361183
30836	361211
30837	361213
30838	361217
30839	361219
30840	361223
30841	361237
30842	361241
30843	361271
30844	361279
30845	361313
30846	361321
30847	361327
30848	361337
30849	361349
30850	361351
30851	361357
30852	361363
30853	361373
30854	361409
30855	361411
30856	361421
30857	361433
30858	361441
30859	361447
30860	361451
30861	361463
30862	361469
30863	361481
30864	361499
30865	361507
30866	361511
30867	361523
30868	361531
30869	361541
30870	361549
30871	361561
30872	361577
30873	361637
30874	361643
30875	361649
30876	361651
30877	361663
30878	361679
30879	361687
30880	361723
30881	361727
30882	361747
30883	361763
30884	361769
30885	361787
30886	361789
30887	361793
30888	361799
30889	361807
30890	361843
30891	361871
30892	361873
30893	361877
30894	361901
30895	361903
30896	361909
30897	361919
30898	361927
30899	361943
30900	361961
30901	361967
30902	361973
30903	361979
30904	361993
30905	362003
30906	362027
30907	362051
30908	362053
30909	362059
30910	362069
30911	362081
30912	362093
30913	362099
30914	362107
30915	362137
30916	362143
30917	362147
30918	362161
30919	362177
30920	362191
30921	362203
30922	362213
30923	362221
30924	362233
30925	362237
30926	362281
30927	362291
30928	362293
30929	362303
30930	362309
30931	362333
30932	362339
30933	362347
30934	362353
30935	362357
30936	362363
30937	362371
30938	362377
30939	362381
30940	362393
30941	362407
30942	362419
30943	362429
30944	362431
30945	362443
30946	362449
30947	362459
30948	362473
30949	362521
30950	362561
30951	362569
30952	362581
30953	362599
30954	362629
30955	362633
30956	362657
30957	362693
30958	362707
30959	362717
30960	362723
30961	362741
30962	362743
30963	362749
30964	362753
30965	362759
30966	362801
30967	362851
30968	362863
30969	362867
30970	362897
30971	362903
30972	362911
30973	362927
30974	362941
30975	362951
30976	362953
30977	362969
30978	362977
30979	362983
30980	362987
30981	363017
30982	363019
30983	363037
30984	363043
30985	363047
30986	363059
30987	363061
30988	363067
30989	363119
30990	363149
30991	363151
30992	363157
30993	363161
30994	363173
30995	363179
30996	363199
30997	363211
30998	363217
30999	363257
31000	363269
