71001	896047
71002	896069
71003	896101
71004	896107
71005	896111
71006	896113
71007	896123
71008	896143
71009	896167
71010	896191
71011	896201
71012	896263
71013	896281
71014	896293
71015	896297
71016	896299
71017	896323
71018	896327
71019	896341
71020	896347
71021	896353
71022	896369
71023	896381
71024	896417
71025	896443
71026	896447
71027	896449
71028	896453
71029	896479
71030	896491
71031	896509
71032	896521
71033	896531
71034	896537
71035	896543
71036	896549
71037	896557
71038	896561
71039	896573
71040	896587
71041	896617
71042	896633
71043	896647
71044	896669
71045	896677
71046	896681
71047	896717
71048	896719
71049	896723
71050	896771
71051	896783
71052	896803
71053	896837
71054	896867
71055	896879
71056	896897
71057	896921
71058	896927
71059	896947
71060	896953
71061	896963
71062	896983
71063	897007
71064	897011
71065	897019
71066	897049
71067	897053
71068	897059
71069	897067
71070	897077
71071	897101
71072	897103
71073	897119
71074	897133
71075	897137
71076	897157
71077	897163
71078	897191
71079	897223
71080	897229
71081	897241
71082	897251
71083	897263
71084	897269
71085	897271
71086	897301
71087	897307
71088	897317
71089	897319
71090	897329
71091	897349
71092	897359
71093	897373
71094	897401
71095	897433
71096	897443
71097	897461
71098	897467
71099	897469
71100	897473
71101	897497
71102	897499
71103	897517
71104	897527
71105	897553
71106	897557
71107	897563
71108	897571
71109	897577
71110	897581
71111	897593
71112	897601
71113	897607
71114	897629
71115	897647
71116	897649
71117	897671
71118	897691
71119	897703
71120	897707
71121	897709
71122	897727
71123	897751
71124	897779
71125	897781
71126	897817
71127	897829
71128	897847
71129	897877
71130	897881
71131	897887
71132	897899
71133	897907
71134	897931
71135	897947
71136	897971
71137	897983
71138	898013
71139	898019
71140	898033
71141	898063
71142	898067
71143	898069
71144	898091
71145	898097
71146	898109
71147	898129
71148	898133
71149	898147
71150	898153
71151	898171
71152	898181
71153	898189
71154	898199
71155	898211
71156	898213
71157	898223
71158	898231
71159	898241
71160	898243
71161	898253
71162	898259
71163	898279
71164	898283
71165	898291
71166	898307
71167	898319
71168	898327
71169	898361
71170	898369
71171	898409
71172	898421
71173	898423
71174	898427
71175	898439
71176	898459
71177	898477
71178	898481
71179	898483
71180	898493
71181	898519
71182	898523
71183	898543
71184	898549
71185	898553
71186	898561
71187	898607
71188	898613
71189	898621
71190	898661
71191	898663
71192	898669
71193	898673
71194	898691
71195	898717
71196	898727
71197	898753
71198	898763
71199	898769
71200	898787
71201	898813
71202	898819
71203	898823
71204	898853
71205	898867
71206	898873
71207	898889
71208	898897
71209	898921
71210	898927
71211	898951
71212	898981
71213	898987
71214	899009
71215	899051
71216	899057
71217	899069
71218	899123
71219	899149
71220	899153
71221	899159
71222	899161
71223	899177
71224	899179
71225	899183
71226	899189
71227	899209
71228	899221
71229	899233
71230	899237
71231	899263
71232	899273
71233	899291
71234	899309
71235	899321
71236	899387
71237	899401
71238	899413
71239	899429
71240	899447
71241	899467
71242	899473
71243	899477
71244	899491
71245	899519
71246	899531
71247	899537
71248	899611
71249	899617
71250	899659
71251	899671
71252	899681
71253	899687
71254	899693
71255	899711
71256	899719
71257	899749
71258	899753
71259	899761
71260	899779
71261	899791
71262	899807
71263	899831
71264	899849
71265	899851
71266	899863
71267	899881
71268	899891
71269	899893
71270	899903
71271	899917
71272	899939
71273	899971
71274	899981
71275	900001
71276	900007
71277	900019
71278	900037
71279	900061
71280	900089
71281	900091
71282	900103
71283	900121
71284	900139
71285	900143
71286	900149
71287	900157
71288	900161
71289	900169
71290	900187
71291	900217
71292	900233
71293	900241
71294	900253
71295	900259
71296	900283
71297	900287
71298	900293
71299	900307
71300	900329
71301	900331
71302	900349
71303	900397
71304	900409
71305	900443
71306	900461
71307	900481
71308	900491
71309	900511
71310	900539
71311	900551
71312	900553
71313	900563
71314	900569
71315	900577
71316	900583
71317	900587
71318	900589
71319	900593
71320	900607
71321	900623
71322	900649
71323	900659
71324	900671
71325	900673
71326	900689
71327	900701
71328	900719
71329	900737
71330	900743
71331	900751
71332	900761
71333	900763
71334	900773
71335	900797
71336	900803
71337	900817
71338	900821
71339	900863
71340	900869
71341	900917
71342	900929
71343	900931
71344	900937
71345	900959
71346	900971
71347	900973
71348	900997
71349	901007
71350	901009
71351	901013
71352	901063
71353	901067
71354	901079
71355	901093
71356	901097
71357	901111
71358	901133
71359	901141
71360	901169
71361	901171
71362	901177
71363	901183
71364	901193
71365	901207
71366	901211
71367	901213
71368	901247
71369	901249
71370	901253
71371	901273
71372	901279
71373	901309
71374	901333
71375	901339
71376	901367
71377	901399
71378	901403
71379	901423
71380	901427
71381	901429
71382	901441
71383	901447
71384	901451
71385	901457
71386	901471
71387	901489
71388	901499
71389	901501
71390	901513
71391	901517
71392	901529
71393	901547
71394	901567
71395	901591
71396	901613
71397	901643
71398	901657
71399	901679
71400	901687
71401	901709
71402	901717
71403	901739
71404	901741
71405	901751
71406	901781
71407	901787
71408	901811
71409	901819
71410	901841
71411	901861
71412	901891
71413	901907
71414	901909
71415	901919
71416	901931
71417	901937
71418	901963
71419	901973
71420	901993
71421	901997
71422	902009
71423	902017
71424	902029
71425	902039
71426	902047
71427	902053
71428	902087
71429	902089
71430	902119
71431	902137
71432	902141
71433	902179
71434	902191
71435	902201
71436	902227
71437	902261
71438	902263
71439	902281
71440	902299
71441	902303
71442	902311
71443	902333
71444	902347
71445	902351
71446	902357
71447	902389
71448	902401
71449	902413
71450	902437
71451	902449
71452	902471
71453	902477
71454	902483
71455	902501
71456	902507
71457	902521
71458	902563
71459	902569
71460	902579
71461	902591
71462	902597
71463	902599
71464	902611
71465	902639
71466	902653
71467	902659
71468	902669
71469	902677
71470	902687
71471	902719
71472	902723
71473	902753
71474	902761
71475	902767
71476	902771
71477	902777
71478	902789
71479	902807
71480	902821
71481	902827
71482	902849
71483	902873
71484	902903
71485	902933
71486	902953
71487	902963
71488	902971
71489	902977
71490	902981
71491	902987
71492	903017
71493	903029
71494	903037
71495	903073
71496	903079
71497	903103
71498	903109
71499	903143
71500	903151
71501	903163
71502	903179
71503	903197
71504	903211
71505	903223
71506	903251
71507	903257
71508	903269
71509	903311
71510	903323
71511	903337
71512	903347
71513	903359
71514	903367
71515	903389
71516	903391
71517	903403
71518	903407
71519	903421
71520	903443
71521	903449
71522	903451
71523	903457
71524	903479
71525	903493
71526	903527
71527	903541
71528	903547
71529	903563
71530	903569
71531	903607
71532	903613
71533	903641
71534	903649
71535	903673
71536	903677
71537	903691
71538	903701
71539	903709
71540	903751
71541	903757
71542	903761
71543	903781
71544	903803
71545	903827
71546	903841
71547	903871
71548	903883
71549	903899
71550	903913
71551	903919
71552	903949
71553	903967
71554	903979
71555	904019
71556	904027
71557	904049
71558	904067
71559	904069
71560	904073
71561	904087
71562	904093
71563	904097
71564	904103
71565	904117
71566	904121
71567	904147
71568	904157
71569	904181
71570	904193
71571	904201
71572	904207
71573	904217
71574	904219
71575	904261
71576	904283
71577	904289
71578	904297
71579	904303
71580	904357
71581	904361
71582	904369
71583	904399
71584	904441
71585	904459
71586	904483
71587	904489
71588	904499
71589	904511
71590	904513
71591	904517
71592	904523
71593	904531
71594	904559
71595	904573
71596	904577
71597	904601
71598	904619
71599	904627
71600	904633
71601	904637
71602	904643
71603	904661
71604	904663
71605	904667
71606	904679
71607	904681
71608	904693
71609	904697
71610	904721
71611	904727
71612	904733
71613	904759
71614	904769
71615	904777
71616	904781
71617	904789
71618	904793
71619	904801
71620	904811
71621	904823
71622	904847
71623	904861
71624	904867
71625	904873
71626	904879
71627	904901
71628	904903
71629	904907
71630	904919
71631	904931
71632	904933
71633	904987
71634	904997
71635	904999
71636	905011
71637	905053
71638	905059
71639	905071
71640	905083
71641	905087
71642	905111
71643	905123
71644	905137
71645	905143
71646	905147
71647	905161
71648	905167
71649	905171
71650	905189
71651	905197
71652	905207
71653	905209
71654	905213
71655	905227
71656	905249
71657	905269
71658	905291
71659	905297
71660	905299
71661	905329
71662	905339
71663	905347
71664	905381
71665	905413
71666	905449
71667	905453
71668	905461
71669	905477
71670	905491
71671	905497
71672	905507
71673	905551
71674	905581
71675	905587
71676	905599
71677	905617
71678	905621
71679	905629
71680	905647
71681	905651
71682	905659
71683	905677
71684	905683
71685	905687
71686	905693
71687	905701
71688	905713
71689	905719
71690	905759
71691	905761
71692	905767
71693	905783
71694	905803
71695	905819
71696	905833
71697	905843
71698	905897
71699	905909
71700	905917
71701	905923
71702	905951
71703	905959
71704	905963
71705	905999
71706	906007
71707	906011
71708	906013
71709	906023
71710	906029
71711	906043
71712	906089
71713	906107
71714	906119
71715	906121
71716	906133
71717	906179
71718	906187
71719	906197
71720	906203
71721	906211
71722	906229
71723	906233
71724	906259
71725	906263
71726	906289
71727	906293
71728	906313
71729	906317
71730	906329
71731	906331
71732	906343
71733	906349
71734	906371
71735	906377
71736	906383
71737	906391
71738	906403
71739	906421
71740	906427
71741	906431
71742	906461
71743	906473
71744	906481
71745	906487
71746	906497
71747	906517
71748	906523
71749	906539
71750	906541
71751	906557
71752	906589
71753	906601
71754	906613
71755	906617
71756	906641
71757	906649
71758	906673
71759	906679
71760	906691
71761	906701
71762	906707
71763	906713
71764	906727
71765	906749
71766	906751
71767	906757
71768	906767
71769	906779
71770	906793
71771	906809
71772	906817
71773	906823
71774	906839
71775	906847
71776	906869
71777	906881
71778	906901
71779	906911
71780	906923
71781	906929
71782	906931
71783	906943
71784	906949
71785	906973
71786	907019
71787	907021
71788	907031
71789	907063
71790	907073
71791	907099
71792	907111
71793	907133
71794	907139
71795	907141
71796	907163
71797	907169
71798	907183
71799	907199
71800	907211
71801	907213
71802	907217
71803	907223
71804	907229
71805	907237
71806	907259
71807	907267
71808	907279
71809	907297
71810	907301
71811	907321
71812	907331
71813	907363
71814	907367
71815	907369
71816	907391
71817	907393
71818	907397
71819	907399
71820	907427
71821	907433
71822	907447
71823	907457
71824	907469
71825	907471
71826	907481
71827	907493
71828	907507
71829	907513
71830	907549
71831	907561
71832	907567
71833	907583
71834	907589
71835	907637
71836	907651
71837	907657
71838	907663
71839	907667
71840	907691
71841	907693
71842	907703
71843	907717
71844	907723
71845	907727
71846	907733
71847	907757
71848	907759
71849	907793
71850	907807
71851	907811
71852	907813
71853	907831
71854	907843
71855	907849
71856	907871
71857	907891
71858	907909
71859	907913
71860	907927
71861	907957
71862	907967
71863	907969
71864	907997
71865	907999
71866	908003
71867	908041
71868	908053
71869	908057
71870	908071
71871	908081
71872	908101
71873	908113
71874	908129
71875	908137
71876	908153
71877	908179
71878	908183
71879	908197
71880	908213
71881	908221
71882	908233
71883	908249
71884	908287
71885	908317
71886	908321
71887	908353
71888	908359
71889	908363
71890	908377
71891	908381
71892	908417
71893	908419
71894	908441
71895	908449
71896	908459
71897	908471
71898	908489
71899	908491
71900	908503
71901	908513
71902	908521
71903	908527
71904	908533
71905	908539
71906	908543
71907	908549
71908	908573
71909	908581
71910	908591
71911	908597
71912	908603
71913	908617
71914	908623
71915	908627
71916	908653
71917	908669
71918	908671
71919	908711
71920	908723
71921	908731
71922	908741
71923	908749
71924	908759
71925	908771
71926	908797
71927	908807
71928	908813
71929	908819
71930	908821
71931	908849
71932	908851
71933	908857
71934	908861
71935	908863
71936	908879
71937	908881
71938	908893
71939	908909
71940	908911
71941	908927
71942	908953
71943	908959
71944	908993
71945	909019
71946	909023
71947	909031
71948	909037
71949	909043
71950	909047
71951	909061
71952	909071
71953	909089
71954	909091
71955	909107
71956	909113
71957	909119
71958	909133
71959	909151
71960	909173
71961	909203
71962	909217
71963	909239
71964	909241
71965	909247
71966	909253
71967	909281
71968	909287
71969	909289
71970	909299
71971	909301
71972	909317
71973	909319
71974	909329
71975	909331
71976	909341
71977	909343
71978	909371
71979	909379
71980	909383
71981	909401
71982	909409
71983	909437
71984	909451
71985	909457
71986	909463
71987	909481
71988	909521
71989	909529
71990	909539
71991	909541
71992	909547
71993	909577
71994	909599
71995	909611
71996	909613
71997	909631
71998	909637
71999	909679
72000	909683
