56001	692567
56002	692581
56003	692591
56004	692621
56005	692641
56006	692647
56007	692651
56008	692663
56009	692689
56010	692707
56011	692711
56012	692717
56013	692729
56014	692743
56015	692753
56016	692761
56017	692771
56018	692779
56019	692789
56020	692821
56021	692851
56022	692863
56023	692893
56024	692917
56025	692927
56026	692929
56027	692933
56028	692957
56029	692963
56030	692969
56031	692983
56032	693019
56033	693037
56034	693041
56035	693061
56036	693079
56037	693089
56038	693097
56039	693103
56040	693127
56041	693137
56042	693149
56043	693157
56044	693167
56045	693169
56046	693179
56047	693223
56048	693257
56049	693283
56050	693317
56051	693323
56052	693337
56053	693353
56054	693359
56055	693373
56056	693397
56057	693401
56058	693403
56059	693409
56060	693421
56061	693431
56062	693437
56063	693487
56064	693493
56065	693503
56066	693523
56067	693527
56068	693529
56069	693533
56070	693569
56071	693571
56072	693601
56073	693607
56074	693619
56075	693629
56076	693659
56077	693661
56078	693677
56079	693683
56080	693689
56081	693691
56082	693697
56083	693701
56084	693727
56085	693731
56086	693733
56087	693739
56088	693743
56089	693757
56090	693779
56091	693793
56092	693799
56093	693809
56094	693827
56095	693829
56096	693851
56097	693859
56098	693871
56099	693877
56100	693881
56101	693943
56102	693961
56103	693967
56104	693989
56105	694019
56106	694033
56107	694039
56108	694061
56109	694069
56110	694079
56111	694081
56112	694087
56113	694091
56114	694123
56115	694189
56116	694193
56117	694201
56118	694207
56119	694223
56120	694259
56121	694261
56122	694271
56123	694273
56124	694277
56125	694313
56126	694319
56127	694327
56128	694333
56129	694339
56130	694349
56131	694357
56132	694361
56133	694367
56134	694373
56135	694381
56136	694387
56137	694391
56138	694409
56139	694427
56140	694457
56141	694471
56142	694481
56143	694483
56144	694487
56145	694511
56146	694513
56147	694523
56148	694541
56149	694549
56150	694559
56151	694567
56152	694571
56153	694591
56154	694597
56155	694609
56156	694619
56157	694633
56158	694649
56159	694651
56160	694717
56161	694721
56162	694747
56163	694763
56164	694781
56165	694783
56166	694789
56167	694829
56168	694831
56169	694867
56170	694871
56171	694873
56172	694879
56173	694901
56174	694919
56175	694951
56176	694957
56177	694979
56178	694987
56179	694997
56180	694999
56181	695003
56182	695017
56183	695021
56184	695047
56185	695059
56186	695069
56187	695081
56188	695087
56189	695089
56190	695099
56191	695111
56192	695117
56193	695131
56194	695141
56195	695171
56196	695207
56197	695239
56198	695243
56199	695257
56200	695263
56201	695269
56202	695281
56203	695293
56204	695297
56205	695309
56206	695323
56207	695327
56208	695329
56209	695347
56210	695369
56211	695371
56212	695377
56213	695389
56214	695407
56215	695411
56216	695441
56217	695447
56218	695467
56219	695477
56220	695491
56221	695503
56222	695509
56223	695561
56224	695567
56225	695573
56226	695581
56227	695593
56228	695599
56229	695603
56230	695621
56231	695627
56232	695641
56233	695659
56234	695663
56235	695677
56236	695687
56237	695689
56238	695701
56239	695719
56240	695743
56241	695749
56242	695771
56243	695777
56244	695791
56245	695801
56246	695809
56247	695839
56248	695843
56249	695867
56250	695873
56251	695879
56252	695881
56253	695899
56254	695917
56255	695927
56256	695939
56257	695999
56258	696019
56259	696053
56260	696061
56261	696067
56262	696077
56263	696079
56264	696083
56265	696107
56266	696109
56267	696119
56268	696149
56269	696181
56270	696239
56271	696253
56272	696257
56273	696263
56274	696271
56275	696281
56276	696313
56277	696317
56278	696323
56279	696343
56280	696349
56281	696359
56282	696361
56283	696373
56284	696379
56285	696403
56286	696413
56287	696427
56288	696433
56289	696457
56290	696481
56291	696491
56292	696497
56293	696503
56294	696517
56295	696523
56296	696533
56297	696547
56298	696569
56299	696607
56300	696611
56301	696617
56302	696623
56303	696629
56304	696653
56305	696659
56306	696679
56307	696691
56308	696719
56309	696721
56310	696737
56311	696743
56312	696757
56313	696763
56314	696793
56315	696809
56316	696811
56317	696823
56318	696827
56319	696833
56320	696851
56321	696853
56322	696887
56323	696889
56324	696893
56325	696907
56326	696929
56327	696937
56328	696961
56329	696989
56330	696991
56331	697009
56332	697013
56333	697019
56334	697033
56335	697049
56336	697063
56337	697069
56338	697079
56339	697087
56340	697093
56341	697111
56342	697121
56343	697127
56344	697133
56345	697141
56346	697157
56347	697181
56348	697201
56349	697211
56350	697217
56351	697259
56352	697261
56353	697267
56354	697271
56355	697303
56356	697327
56357	697351
56358	697373
56359	697379
56360	697381
56361	697387
56362	697397
56363	697399
56364	697409
56365	697423
56366	697441
56367	697447
56368	697453
56369	697457
56370	697481
56371	697507
56372	697511
56373	697513
56374	697519
56375	697523
56376	697553
56377	697579
56378	697583
56379	697591
56380	697601
56381	697603
56382	697637
56383	697643
56384	697673
56385	697681
56386	697687
56387	697691
56388	697693
56389	697703
56390	697727
56391	697729
56392	697733
56393	697757
56394	697759
56395	697787
56396	697819
56397	697831
56398	697877
56399	697891
56400	697897
56401	697909
56402	697913
56403	697937
56404	697951
56405	697967
56406	697973
56407	697979
56408	697993
56409	697999
56410	698017
56411	698021
56412	698039
56413	698051
56414	698053
56415	698077
56416	698083
56417	698111
56418	698171
56419	698183
56420	698239
56421	698249
56422	698251
56423	698261
56424	698263
56425	698273
56426	698287
56427	698293
56428	698297
56429	698311
56430	698329
56431	698339
56432	698359
56433	698371
56434	698387
56435	698393
56436	698413
56437	698417
56438	698419
56439	698437
56440	698447
56441	698471
56442	698483
56443	698491
56444	698507
56445	698521
56446	698527
56447	698531
56448	698539
56449	698543
56450	698557
56451	698567
56452	698591
56453	698641
56454	698653
56455	698669
56456	698701
56457	698713
56458	698723
56459	698729
56460	698773
56461	698779
56462	698821
56463	698827
56464	698849
56465	698891
56466	698899
56467	698903
56468	698923
56469	698939
56470	698977
56471	698983
56472	699001
56473	699007
56474	699037
56475	699053
56476	699059
56477	699073
56478	699077
56479	699089
56480	699113
56481	699119
56482	699133
56483	699151
56484	699157
56485	699169
56486	699187
56487	699191
56488	699197
56489	699211
56490	699217
56491	699221
56492	699241
56493	699253
56494	699271
56495	699287
56496	699289
56497	699299
56498	699319
56499	699323
56500	699343
56501	699367
56502	699373
56503	699379
56504	699383
56505	699401
56506	699427
56507	699437
56508	699443
56509	699449
56510	699463
56511	699469
56512	699493
56513	699511
56514	699521
56515	699527
56516	699529
56517	699539
56518	699541
56519	699557
56520	699571
56521	699581
56522	699617
56523	699631
56524	699641
56525	699649
56526	699697
56527	699709
56528	699719
56529	699733
56530	699757
56531	699761
56532	699767
56533	699791
56534	699793
56535	699817
56536	699823
56537	699863
56538	699931
56539	699943
56540	699947
56541	699953
56542	699961
56543	699967
56544	700001
56545	700027
56546	700057
56547	700067
56548	700079
56549	700081
56550	700087
56551	700099
56552	700103
56553	700109
56554	700127
56555	700129
56556	700171
56557	700199
56558	700201
56559	700211
56560	700223
56561	700229
56562	700237
56563	700241
56564	700277
56565	700279
56566	700303
56567	700307
56568	700319
56569	700331
56570	700339
56571	700361
56572	700363
56573	700367
56574	700387
56575	700391
56576	700393
56577	700423
56578	700429
56579	700433
56580	700459
56581	700471
56582	700499
56583	700523
56584	700537
56585	700561
56586	700571
56587	700573
56588	700577
56589	700591
56590	700597
56591	700627
56592	700633
56593	700639
56594	700643
56595	700673
56596	700681
56597	700703
56598	700717
56599	700751
56600	700759
56601	700781
56602	700789
56603	700801
56604	700811
56605	700831
56606	700837
56607	700849
56608	700871
56609	700877
56610	700883
56611	700897
56612	700907
56613	700919
56614	700933
56615	700937
56616	700949
56617	700963
56618	700993
56619	701009
56620	701011
56621	701023
56622	701033
56623	701047
56624	701089
56625	701117
56626	701147
56627	701159
56628	701177
56629	701179
56630	701209
56631	701219
56632	701221
56633	701227
56634	701257
56635	701279
56636	701291
56637	701299
56638	701329
56639	701341
56640	701357
56641	701359
56642	701377
56643	701383
56644	701399
56645	701401
56646	701413
56647	701417
56648	701419
56649	701443
56650	701447
56651	701453
56652	701473
56653	701479
56654	701489
56655	701497
56656	701507
56657	701509
56658	701527
56659	701531
56660	701549
56661	701579
56662	701581
56663	701593
56664	701609
56665	701611
56666	701621
56667	701627
56668	701629
56669	701653
56670	701669
56671	701671
56672	701681
56673	701699
56674	701711
56675	701719
56676	701731
56677	701741
56678	701761
56679	701783
56680	701791
56681	701819
56682	701837
56683	701863
56684	701881
56685	701903
56686	701951
56687	701957
56688	701963
56689	701969
56690	702007
56691	702011
56692	702017
56693	702067
56694	702077
56695	702101
56696	702113
56697	702127
56698	702131
56699	702137
56700	702139
56701	702173
56702	702179
56703	702193
56704	702199
56705	702203
56706	702211
56707	702239
56708	702257
56709	702269
56710	702281
56711	702283
56712	702311
56713	702313
56714	702323
56715	702329
56716	702337
56717	702341
56718	702347
56719	702349
56720	702353
56721	702379
56722	702391
56723	702407
56724	702413
56725	702431
56726	702433
56727	702439
56728	702451
56729	702469
56730	702497
56731	702503
56732	702511
56733	702517
56734	702523
56735	702529
56736	702539
56737	702551
56738	702557
56739	702587
56740	702589
56741	702599
56742	702607
56743	702613
56744	702623
56745	702671
56746	702679
56747	702683
56748	702701
56749	702707
56750	702721
56751	702731
56752	702733
56753	702743
56754	702773
56755	702787
56756	702803
56757	702809
56758	702817
56759	702827
56760	702847
56761	702851
56762	702853
56763	702869
56764	702881
56765	702887
56766	702893
56767	702913
56768	702937
56769	702983
56770	702991
56771	703013
56772	703033
56773	703039
56774	703081
56775	703117
56776	703121
56777	703123
56778	703127
56779	703139
56780	703141
56781	703169
56782	703193
56783	703211
56784	703217
56785	703223
56786	703229
56787	703231
56788	703243
56789	703249
56790	703267
56791	703277
56792	703301
56793	703309
56794	703321
56795	703327
56796	703331
56797	703349
56798	703357
56799	703379
56800	703393
56801	703411
56802	703441
56803	703447
56804	703459
56805	703463
56806	703471
56807	703489
56808	703499
56809	703531
56810	703537
56811	703559
56812	703561
56813	703631
56814	703643
56815	703657
56816	703663
56817	703673
56818	703679
56819	703691
56820	703699
56821	703709
56822	703711
56823	703721
56824	703733
56825	703753
56826	703763
56827	703789
56828	703819
56829	703837
56830	703849
56831	703861
56832	703873
56833	703883
56834	703897
56835	703903
56836	703907
56837	703943
56838	703949
56839	703957
56840	703981
56841	703991
56842	704003
56843	704009
56844	704017
56845	704023
56846	704027
56847	704029
56848	704059
56849	704069
56850	704087
56851	704101
56852	704111
56853	704117
56854	704131
56855	704141
56856	704153
56857	704161
56858	704177
56859	704183
56860	704189
56861	704213
56862	704219
56863	704233
56864	704243
56865	704251
56866	704269
56867	704279
56868	704281
56869	704287
56870	704299
56871	704303
56872	704309
56873	704321
56874	704357
56875	704393
56876	704399
56877	704419
56878	704441
56879	704447
56880	704449
56881	704453
56882	704461
56883	704477
56884	704507
56885	704521
56886	704527
56887	704549
56888	704551
56889	704567
56890	704569
56891	704579
56892	704581
56893	704593
56894	704603
56895	704617
56896	704647
56897	704657
56898	704663
56899	704681
56900	704687
56901	704713
56902	704719
56903	704731
56904	704747
56905	704761
56906	704771
56907	704777
56908	704779
56909	704783
56910	704797
56911	704801
56912	704807
56913	704819
56914	704833
56915	704839
56916	704849
56917	704857
56918	704861
56919	704863
56920	704867
56921	704897
56922	704929
56923	704933
56924	704947
56925	704983
56926	704989
56927	704993
56928	704999
56929	705011
56930	705013
56931	705017
56932	705031
56933	705043
56934	705053
56935	705073
56936	705079
56937	705097
56938	705113
56939	705119
56940	705127
56941	705137
56942	705161
56943	705163
56944	705167
56945	705169
56946	705181
56947	705191
56948	705197
56949	705209
56950	705247
56951	705259
56952	705269
56953	705277
56954	705293
56955	705307
56956	705317
56957	705389
56958	705403
56959	705409
56960	705421
56961	705427
56962	705437
56963	705461
56964	705491
56965	705493
56966	705499
56967	705521
56968	705533
56969	705559
56970	705613
56971	705631
56972	705643
56973	705689
56974	705713
56975	705737
56976	705751
56977	705763
56978	705769
56979	705779
56980	705781
56981	705787
56982	705821
56983	705827
56984	705829
56985	705833
56986	705841
56987	705863
56988	705871
56989	705883
56990	705899
56991	705919
56992	705937
56993	705949
56994	705967
56995	705973
56996	705989
56997	706001
56998	706003
56999	706009
57000	706019
