27001	312589
27002	312601
27003	312617
27004	312619
27005	312623
27006	312643
27007	312673
27008	312677
27009	312679
27010	312701
27011	312703
27012	312709
27013	312727
27014	312737
27015	312743
27016	312757
27017	312773
27018	312779
27019	312799
27020	312839
27021	312841
27022	312857
27023	312863
27024	312887
27025	312899
27026	312929
27027	312931
27028	312937
27029	312941
27030	312943
27031	312967
27032	312971
27033	312979
27034	312989
27035	313003
27036	313009
27037	313031
27038	313037
27039	313081
27040	313087
27041	313109
27042	313127
27043	313129
27044	313133
27045	313147
27046	313151
27047	313153
27048	313163
27049	313207
27050	313211
27051	313219
27052	313241
27053	313249
27054	313267
27055	313273
27056	313289
27057	313297
27058	313301
27059	313307
27060	313321
27061	313331
27062	313333
27063	313343
27064	313351
27065	313373
27066	313381
27067	313387
27068	313399
27069	313409
27070	313471
27071	313477
27072	313507
27073	313517
27074	313543
27075	313549
27076	313553
27077	313561
27078	313567
27079	313571
27080	313583
27081	313589
27082	313597
27083	313603
27084	313613
27085	313619
27086	313637
27087	313639
27088	313661
27089	313669
27090	313679
27091	313699
27092	313711
27093	313717
27094	313721
27095	313727
27096	313739
27097	313741
27098	313763
27099	313777
27100	313783
27101	313829
27102	313849
27103	313853
27104	313879
27105	313883
27106	313889
27107	313897
27108	313909
27109	313921
27110	313931
27111	313933
27112	313949
27113	313961
27114	313969
27115	313979
27116	313981
27117	313987
27118	313991
27119	313993
27120	313997
27121	314003
27122	314021
27123	314059
27124	314063
27125	314077
27126	314107
27127	314113
27128	314117
27129	314129
27130	314137
27131	314159
27132	314161
27133	314173
27134	314189
27135	314213
27136	314219
27137	314227
27138	314233
27139	314239
27140	314243
27141	314257
27142	314261
27143	314263
27144	314267
27145	314299
27146	314329
27147	314339
27148	314351
27149	314357
27150	314359
27151	314399
27152	314401
27153	314407
27154	314423
27155	314441
27156	314453
27157	314467
27158	314491
27159	314497
27160	314513
27161	314527
27162	314543
27163	314549
27164	314569
27165	314581
27166	314591
27167	314597
27168	314599
27169	314603
27170	314623
27171	314627
27172	314641
27173	314651
27174	314693
27175	314707
27176	314711
27177	314719
27178	314723
27179	314747
27180	314761
27181	314771
27182	314777
27183	314779
27184	314807
27185	314813
27186	314827
27187	314851
27188	314879
27189	314903
27190	314917
27191	314927
27192	314933
27193	314953
27194	314957
27195	314983
27196	314989
27197	315011
27198	315013
27199	315037
27200	315047
27201	315059
27202	315067
27203	315083
27204	315097
27205	315103
27206	315109
27207	315127
27208	315179
27209	315181
27210	315193
27211	315199
27212	315223
27213	315247
27214	315251
27215	315257
27216	315269
27217	315281
27218	315313
27219	315349
27220	315361
27221	315373
27222	315377
27223	315389
27224	315407
27225	315409
27226	315421
27227	315437
27228	315449
27229	315451
27230	315461
27231	315467
27232	315481
27233	315493
27234	315517
27235	315521
27236	315527
27237	315529
27238	315547
27239	315551
27240	315559
27241	315569
27242	315589
27243	315593
27244	315599
27245	315613
27246	315617
27247	315631
27248	315643
27249	315671
27250	315677
27251	315691
27252	315697
27253	315701
27254	315703
27255	315739
27256	315743
27257	315751
27258	315779
27259	315803
27260	315811
27261	315829
27262	315851
27263	315857
27264	315881
27265	315883
27266	315893
27267	315899
27268	315907
27269	315937
27270	315949
27271	315961
27272	315967
27273	315977
27274	316003
27275	316031
27276	316033
27277	316037
27278	316051
27279	316067
27280	316073
27281	316087
27282	316097
27283	316109
27284	316133
27285	316139
27286	316153
27287	316177
27288	316189
27289	316193
27290	316201
27291	316213
27292	316219
27293	316223
27294	316241
27295	316243
27296	316259
27297	316271
27298	316291
27299	316297
27300	316301
27301	316321
27302	316339
27303	316343
27304	316363
27305	316373
27306	316391
27307	316403
27308	316423
27309	316429
27310	316439
27311	316453
27312	316469
27313	316471
27314	316493
27315	316499
27316	316501
27317	316507
27318	316531
27319	316567
27320	316571
27321	316577
27322	316583
27323	316621
27324	316633
27325	316637
27326	316649
27327	316661
27328	316663
27329	316681
27330	316691
27331	316697
27332	316699
27333	316703
27334	316717
27335	316753
27336	316759
27337	316769
27338	316777
27339	316783
27340	316793
27341	316801
27342	316817
27343	316819
27344	316847
27345	316853
27346	316859
27347	316861
27348	316879
27349	316891
27350	316903
27351	316907
27352	316919
27353	316937
27354	316951
27355	316957
27356	316961
27357	316991
27358	317003
27359	317011
27360	317021
27361	317029
27362	317047
27363	317063
27364	317071
27365	317077
27366	317087
27367	317089
27368	317123
27369	317159
27370	317171
27371	317179
27372	317189
27373	317197
27374	317209
27375	317227
27376	317257
27377	317263
27378	317267
27379	317269
27380	317279
27381	317321
27382	317323
27383	317327
27384	317333
27385	317351
27386	317353
27387	317363
27388	317371
27389	317399
27390	317411
27391	317419
27392	317431
27393	317437
27394	317453
27395	317459
27396	317483
27397	317489
27398	317491
27399	317503
27400	317539
27401	317557
27402	317563
27403	317587
27404	317591
27405	317593
27406	317599
27407	317609
27408	317617
27409	317621
27410	317651
27411	317663
27412	317671
27413	317693
27414	317701
27415	317711
27416	317717
27417	317729
27418	317731
27419	317741
27420	317743
27421	317771
27422	317773
27423	317777
27424	317783
27425	317789
27426	317797
27427	317827
27428	317831
27429	317839
27430	317857
27431	317887
27432	317903
27433	317921
27434	317923
27435	317957
27436	317959
27437	317963
27438	317969
27439	317971
27440	317983
27441	317987
27442	318001
27443	318007
27444	318023
27445	318077
27446	318103
27447	318107
27448	318127
27449	318137
27450	318161
27451	318173
27452	318179
27453	318181
27454	318191
27455	318203
27456	318209
27457	318211
27458	318229
27459	318233
27460	318247
27461	318259
27462	318271
27463	318281
27464	318287
27465	318289
27466	318299
27467	318301
27468	318313
27469	318319
27470	318323
27471	318337
27472	318347
27473	318349
27474	318377
27475	318403
27476	318407
27477	318419
27478	318431
27479	318443
27480	318457
27481	318467
27482	318473
27483	318503
27484	318523
27485	318557
27486	318559
27487	318569
27488	318581
27489	318589
27490	318601
27491	318629
27492	318641
27493	318653
27494	318671
27495	318677
27496	318679
27497	318683
27498	318691
27499	318701
27500	318713
27501	318737
27502	318743
27503	318749
27504	318751
27505	318781
27506	318793
27507	318809
27508	318811
27509	318817
27510	318823
27511	318833
27512	318841
27513	318863
27514	318881
27515	318883
27516	318889
27517	318907
27518	318911
27519	318917
27520	318919
27521	318949
27522	318979
27523	319001
27524	319027
27525	319031
27526	319037
27527	319049
27528	319057
27529	319061
27530	319069
27531	319093
27532	319097
27533	319117
27534	319127
27535	319129
27536	319133
27537	319147
27538	319159
27539	319169
27540	319183
27541	319201
27542	319211
27543	319223
27544	319237
27545	319259
27546	319279
27547	319289
27548	319313
27549	319321
27550	319327
27551	319339
27552	319343
27553	319351
27554	319357
27555	319387
27556	319391
27557	319399
27558	319411
27559	319427
27560	319433
27561	319439
27562	319441
27563	319453
27564	319469
27565	319477
27566	319483
27567	319489
27568	319499
27569	319511
27570	319519
27571	319541
27572	319547
27573	319567
27574	319577
27575	319589
27576	319591
27577	319601
27578	319607
27579	319639
27580	319673
27581	319679
27582	319681
27583	319687
27584	319691
27585	319699
27586	319727
27587	319729
27588	319733
27589	319747
27590	319757
27591	319763
27592	319811
27593	319817
27594	319819
27595	319829
27596	319831
27597	319849
27598	319883
27599	319897
27600	319901
27601	319919
27602	319927
27603	319931
27604	319937
27605	319967
27606	319973
27607	319981
27608	319993
27609	320009
27610	320011
27611	320027
27612	320039
27613	320041
27614	320053
27615	320057
27616	320063
27617	320081
27618	320083
27619	320101
27620	320107
27621	320113
27622	320119
27623	320141
27624	320143
27625	320149
27626	320153
27627	320179
27628	320209
27629	320213
27630	320219
27631	320237
27632	320239
27633	320267
27634	320269
27635	320273
27636	320291
27637	320293
27638	320303
27639	320317
27640	320329
27641	320339
27642	320377
27643	320387
27644	320389
27645	320401
27646	320417
27647	320431
27648	320449
27649	320471
27650	320477
27651	320483
27652	320513
27653	320521
27654	320533
27655	320539
27656	320561
27657	320563
27658	320591
27659	320609
27660	320611
27661	320627
27662	320647
27663	320657
27664	320659
27665	320669
27666	320687
27667	320693
27668	320699
27669	320713
27670	320741
27671	320759
27672	320767
27673	320791
27674	320821
27675	320833
27676	320839
27677	320843
27678	320851
27679	320861
27680	320867
27681	320899
27682	320911
27683	320923
27684	320927
27685	320939
27686	320941
27687	320953
27688	321007
27689	321017
27690	321031
27691	321037
27692	321047
27693	321053
27694	321073
27695	321077
27696	321091
27697	321109
27698	321143
27699	321163
27700	321169
27701	321187
27702	321193
27703	321199
27704	321203
27705	321221
27706	321227
27707	321239
27708	321247
27709	321289
27710	321301
27711	321311
27712	321313
27713	321319
27714	321323
27715	321329
27716	321331
27717	321341
27718	321359
27719	321367
27720	321371
27721	321383
27722	321397
27723	321403
27724	321413
27725	321427
27726	321443
27727	321449
27728	321467
27729	321469
27730	321509
27731	321547
27732	321553
27733	321569
27734	321571
27735	321577
27736	321593
27737	321611
27738	321617
27739	321619
27740	321631
27741	321647
27742	321661
27743	321679
27744	321707
27745	321709
27746	321721
27747	321733
27748	321743
27749	321751
27750	321757
27751	321779
27752	321799
27753	321817
27754	321821
27755	321823
27756	321829
27757	321833
27758	321847
27759	321851
27760	321889
27761	321901
27762	321911
27763	321947
27764	321949
27765	321961
27766	321983
27767	321991
27768	322001
27769	322009
27770	322013
27771	322037
27772	322039
27773	322051
27774	322057
27775	322067
27776	322073
27777	322079
27778	322093
27779	322097
27780	322109
27781	322111
27782	322139
27783	322169
27784	322171
27785	322193
27786	322213
27787	322229
27788	322237
27789	322243
27790	322247
27791	322249
27792	322261
27793	322271
27794	322319
27795	322327
27796	322339
27797	322349
27798	322351
27799	322397
27800	322403
27801	322409
27802	322417
27803	322429
27804	322433
27805	322459
27806	322463
27807	322501
27808	322513
27809	322519
27810	322523
27811	322537
27812	322549
27813	322559
27814	322571
27815	322573
27816	322583
27817	322589
27818	322591
27819	322607
27820	322613
27821	322627
27822	322631
27823	322633
27824	322649
27825	322669
27826	322709
27827	322727
27828	322747
27829	322757
27830	322769
27831	322771
27832	322781
27833	322783
27834	322807
27835	322849
27836	322859
27837	322871
27838	322877
27839	322891
27840	322901
27841	322919
27842	322921
27843	322939
27844	322951
27845	322963
27846	322969
27847	322997
27848	322999
27849	323003
27850	323009
27851	323027
27852	323053
27853	323077
27854	323083
27855	323087
27856	323093
27857	323101
27858	323123
27859	323131
27860	323137
27861	323149
27862	323201
27863	323207
27864	323233
27865	323243
27866	323249
27867	323251
27868	323273
27869	323333
27870	323339
27871	323341
27872	323359
27873	323369
27874	323371
27875	323377
27876	323381
27877	323383
27878	323413
27879	323419
27880	323441
27881	323443
27882	323467
27883	323471
27884	323473
27885	323507
27886	323509
27887	323537
27888	323549
27889	323567
27890	323579
27891	323581
27892	323591
27893	323597
27894	323599
27895	323623
27896	323641
27897	323647
27898	323651
27899	323699
27900	323707
27901	323711
27902	323717
27903	323759
27904	323767
27905	323789
27906	323797
27907	323801
27908	323803
27909	323819
27910	323837
27911	323879
27912	323899
27913	323903
27914	323923
27915	323927
27916	323933
27917	323951
27918	323957
27919	323987
27920	324011
27921	324031
27922	324053
27923	324067
27924	324073
27925	324089
27926	324097
27927	324101
27928	324113
27929	324119
27930	324131
27931	324143
27932	324151
27933	324161
27934	324179
27935	324199
27936	324209
27937	324211
27938	324217
27939	324223
27940	324239
27941	324251
27942	324293
27943	324299
27944	324301
27945	324319
27946	324329
27947	324341
27948	324361
27949	324391
27950	324397
27951	324403
27952	324419
27953	324427
27954	324431
27955	324437
27956	324439
27957	324449
27958	324451
27959	324469
27960	324473
27961	324491
27962	324497
27963	324503
27964	324517
27965	324523
27966	324529
27967	324557
27968	324587
27969	324589
27970	324593
27971	324617
27972	324619
27973	324637
27974	324641
27975	324647
27976	324661
27977	324673
27978	324689
27979	324697
27980	324707
27981	324733
27982	324743
27983	324757
27984	324763
27985	324773
27986	324781
27987	324791
27988	324799
27989	324809
27990	324811
27991	324839
27992	324847
27993	324869
27994	324871
27995	324889
27996	324893
27997	324901
27998	324931
27999	324941
28000	324949
