69001	868783
69002	868787
69003	868793
69004	868799
69005	868801
69006	868817
69007	868841
69008	868849
69009	868867
69010	868873
69011	868877
69012	868883
69013	868891
69014	868909
69015	868937
69016	868939
69017	868943
69018	868951
69019	868957
69020	868993
69021	868997
69022	868999
69023	869017
69024	869021
69025	869039
69026	869053
69027	869059
69028	869069
69029	869081
69030	869119
69031	869131
69032	869137
69033	869153
69034	869173
69035	869179
69036	869203
69037	869233
69038	869249
69039	869251
69040	869257
69041	869273
69042	869291
69043	869293
69044	869299
69045	869303
69046	869317
69047	869321
69048	869339
69049	869369
69050	869371
69051	869381
69052	869399
69053	869413
69054	869419
69055	869437
69056	869443
69057	869461
69058	869467
69059	869471
69060	869489
69061	869501
69062	869521
69063	869543
69064	869551
69065	869563
69066	869579
69067	869587
69068	869597
69069	869599
69070	869657
69071	869663
69072	869683
69073	869689
69074	869707
69075	869717
69076	869747
69077	869753
69078	869773
69079	869777
69080	869779
69081	869807
69082	869809
69083	869819
69084	869849
69085	869863
69086	869879
69087	869887
69088	869893
69089	869899
69090	869909
69091	869927
69092	869951
69093	869959
69094	869983
69095	869989
69096	870007
69097	870013
69098	870031
69099	870047
69100	870049
69101	870059
69102	870083
69103	870097
69104	870109
69105	870127
69106	870131
69107	870137
69108	870151
69109	870161
69110	870169
69111	870173
69112	870197
69113	870211
69114	870223
69115	870229
69116	870239
69117	870241
69118	870253
69119	870271
69120	870283
69121	870301
69122	870323
69123	870329
69124	870341
69125	870367
69126	870391
69127	870403
69128	870407
69129	870413
69130	870431
69131	870433
69132	870437
69133	870461
69134	870479
69135	870491
69136	870497
69137	870517
69138	870533
69139	870547
69140	870577
69141	870589
69142	870593
69143	870601
69144	870613
69145	870629
69146	870641
69147	870643
69148	870679
69149	870691
69150	870703
69151	870731
69152	870739
69153	870743
69154	870773
69155	870787
69156	870809
69157	870811
69158	870823
69159	870833
69160	870847
69161	870853
69162	870871
69163	870889
69164	870901
69165	870907
69166	870911
69167	870917
69168	870929
69169	870931
69170	870953
69171	870967
69172	870977
69173	870983
69174	870997
69175	871001
69176	871021
69177	871027
69178	871037
69179	871061
69180	871103
69181	871147
69182	871159
69183	871163
69184	871177
69185	871181
69186	871229
69187	871231
69188	871249
69189	871259
69190	871271
69191	871289
69192	871303
69193	871337
69194	871349
69195	871393
69196	871439
69197	871459
69198	871463
69199	871477
69200	871513
69201	871517
69202	871531
69203	871553
69204	871571
69205	871589
69206	871597
69207	871613
69208	871621
69209	871639
69210	871643
69211	871649
69212	871657
69213	871679
69214	871681
69215	871687
69216	871727
69217	871763
69218	871771
69219	871789
69220	871817
69221	871823
69222	871837
69223	871867
69224	871883
69225	871901
69226	871919
69227	871931
69228	871957
69229	871963
69230	871973
69231	871987
69232	871993
69233	872017
69234	872023
69235	872033
69236	872041
69237	872057
69238	872071
69239	872077
69240	872089
69241	872099
69242	872107
69243	872129
69244	872141
69245	872143
69246	872149
69247	872159
69248	872161
69249	872173
69250	872177
69251	872189
69252	872203
69253	872227
69254	872231
69255	872237
69256	872243
69257	872251
69258	872257
69259	872269
69260	872281
69261	872317
69262	872323
69263	872351
69264	872353
69265	872369
69266	872381
69267	872383
69268	872387
69269	872393
69270	872411
69271	872419
69272	872429
69273	872437
69274	872441
69275	872453
69276	872471
69277	872477
69278	872479
69279	872533
69280	872549
69281	872561
69282	872563
69283	872567
69284	872587
69285	872609
69286	872611
69287	872621
69288	872623
69289	872647
69290	872657
69291	872659
69292	872671
69293	872687
69294	872731
69295	872737
69296	872747
69297	872749
69298	872761
69299	872789
69300	872791
69301	872843
69302	872863
69303	872923
69304	872947
69305	872951
69306	872953
69307	872959
69308	872999
69309	873017
69310	873043
69311	873049
69312	873073
69313	873079
69314	873083
69315	873091
69316	873109
69317	873113
69318	873121
69319	873133
69320	873139
69321	873157
69322	873209
69323	873247
69324	873251
69325	873263
69326	873293
69327	873317
69328	873319
69329	873331
69330	873343
69331	873349
69332	873359
69333	873403
69334	873407
69335	873419
69336	873421
69337	873427
69338	873437
69339	873461
69340	873463
69341	873469
69342	873497
69343	873527
69344	873529
69345	873539
69346	873541
69347	873553
69348	873569
69349	873571
69350	873617
69351	873619
69352	873641
69353	873643
69354	873659
69355	873667
69356	873671
69357	873689
69358	873707
69359	873709
69360	873721
69361	873727
69362	873739
69363	873767
69364	873773
69365	873781
69366	873787
69367	873863
69368	873877
69369	873913
69370	873959
69371	873979
69372	873989
69373	873991
69374	874001
69375	874009
69376	874037
69377	874063
69378	874087
69379	874091
69380	874099
69381	874103
69382	874109
69383	874117
69384	874121
69385	874127
69386	874151
69387	874193
69388	874213
69389	874217
69390	874229
69391	874249
69392	874267
69393	874271
69394	874277
69395	874301
69396	874303
69397	874331
69398	874337
69399	874343
69400	874351
69401	874373
69402	874387
69403	874397
69404	874403
69405	874409
69406	874427
69407	874457
69408	874459
69409	874477
69410	874487
69411	874537
69412	874543
69413	874547
69414	874567
69415	874583
69416	874597
69417	874619
69418	874637
69419	874639
69420	874651
69421	874661
69422	874673
69423	874681
69424	874693
69425	874697
69426	874711
69427	874721
69428	874723
69429	874729
69430	874739
69431	874763
69432	874771
69433	874777
69434	874799
69435	874807
69436	874813
69437	874823
69438	874831
69439	874847
69440	874859
69441	874873
69442	874879
69443	874889
69444	874891
69445	874919
69446	874957
69447	874967
69448	874987
69449	875011
69450	875027
69451	875033
69452	875089
69453	875107
69454	875113
69455	875117
69456	875129
69457	875141
69458	875183
69459	875201
69460	875209
69461	875213
69462	875233
69463	875239
69464	875243
69465	875261
69466	875263
69467	875267
69468	875269
69469	875297
69470	875299
69471	875317
69472	875323
69473	875327
69474	875333
69475	875339
69476	875341
69477	875363
69478	875377
69479	875389
69480	875393
69481	875417
69482	875419
69483	875429
69484	875443
69485	875447
69486	875477
69487	875491
69488	875503
69489	875509
69490	875513
69491	875519
69492	875521
69493	875543
69494	875579
69495	875591
69496	875593
69497	875617
69498	875621
69499	875627
69500	875629
69501	875647
69502	875659
69503	875663
69504	875681
69505	875683
69506	875689
69507	875701
69508	875711
69509	875717
69510	875731
69511	875741
69512	875759
69513	875761
69514	875773
69515	875779
69516	875783
69517	875803
69518	875821
69519	875837
69520	875851
69521	875893
69522	875923
69523	875929
69524	875933
69525	875947
69526	875969
69527	875981
69528	875983
69529	876011
69530	876013
69531	876017
69532	876019
69533	876023
69534	876041
69535	876067
69536	876077
69537	876079
69538	876097
69539	876103
69540	876107
69541	876121
69542	876131
69543	876137
69544	876149
69545	876181
69546	876191
69547	876193
69548	876199
69549	876203
69550	876229
69551	876233
69552	876257
69553	876263
69554	876287
69555	876301
69556	876307
69557	876311
69558	876329
69559	876331
69560	876341
69561	876349
69562	876371
69563	876373
69564	876431
69565	876433
69566	876443
69567	876479
69568	876481
69569	876497
69570	876523
69571	876529
69572	876569
69573	876581
69574	876593
69575	876607
69576	876611
69577	876619
69578	876643
69579	876647
69580	876653
69581	876661
69582	876677
69583	876719
69584	876721
69585	876731
69586	876749
69587	876751
69588	876761
69589	876769
69590	876787
69591	876791
69592	876797
69593	876817
69594	876823
69595	876833
69596	876851
69597	876853
69598	876871
69599	876893
69600	876913
69601	876929
69602	876947
69603	876971
69604	877003
69605	877027
69606	877043
69607	877057
69608	877073
69609	877091
69610	877109
69611	877111
69612	877117
69613	877133
69614	877169
69615	877181
69616	877187
69617	877199
69618	877213
69619	877223
69620	877237
69621	877267
69622	877291
69623	877297
69624	877301
69625	877313
69626	877321
69627	877333
69628	877343
69629	877351
69630	877361
69631	877367
69632	877379
69633	877397
69634	877399
69635	877403
69636	877411
69637	877423
69638	877463
69639	877469
69640	877531
69641	877543
69642	877567
69643	877573
69644	877577
69645	877601
69646	877609
69647	877619
69648	877621
69649	877651
69650	877661
69651	877699
69652	877739
69653	877771
69654	877783
69655	877817
69656	877823
69657	877837
69658	877843
69659	877853
69660	877867
69661	877871
69662	877873
69663	877879
69664	877883
69665	877907
69666	877909
69667	877937
69668	877939
69669	877949
69670	877997
69671	878011
69672	878021
69673	878023
69674	878039
69675	878041
69676	878077
69677	878083
69678	878089
69679	878099
69680	878107
69681	878113
69682	878131
69683	878147
69684	878153
69685	878159
69686	878167
69687	878173
69688	878183
69689	878191
69690	878197
69691	878201
69692	878221
69693	878239
69694	878279
69695	878287
69696	878291
69697	878299
69698	878309
69699	878359
69700	878377
69701	878387
69702	878411
69703	878413
69704	878419
69705	878443
69706	878453
69707	878467
69708	878489
69709	878513
69710	878539
69711	878551
69712	878567
69713	878573
69714	878593
69715	878597
69716	878609
69717	878621
69718	878629
69719	878641
69720	878651
69721	878659
69722	878663
69723	878677
69724	878681
69725	878699
69726	878719
69727	878737
69728	878743
69729	878749
69730	878777
69731	878783
69732	878789
69733	878797
69734	878821
69735	878831
69736	878833
69737	878837
69738	878851
69739	878863
69740	878869
69741	878873
69742	878893
69743	878929
69744	878939
69745	878953
69746	878957
69747	878987
69748	878989
69749	879001
69750	879007
69751	879023
69752	879031
69753	879061
69754	879089
69755	879097
69756	879103
69757	879113
69758	879119
69759	879133
69760	879143
69761	879167
69762	879169
69763	879181
69764	879199
69765	879227
69766	879239
69767	879247
69768	879259
69769	879269
69770	879271
69771	879283
69772	879287
69773	879299
69774	879331
69775	879341
69776	879343
69777	879353
69778	879371
69779	879391
69780	879401
69781	879413
69782	879449
69783	879457
69784	879493
69785	879523
69786	879533
69787	879539
69788	879553
69789	879581
69790	879583
69791	879607
69792	879617
69793	879623
69794	879629
69795	879649
69796	879653
69797	879661
69798	879667
69799	879673
69800	879679
69801	879689
69802	879691
69803	879701
69804	879707
69805	879709
69806	879713
69807	879721
69808	879743
69809	879797
69810	879799
69811	879817
69812	879821
69813	879839
69814	879859
69815	879863
69816	879881
69817	879917
69818	879919
69819	879941
69820	879953
69821	879961
69822	879973
69823	879979
69824	880001
69825	880007
69826	880021
69827	880027
69828	880031
69829	880043
69830	880057
69831	880067
69832	880069
69833	880091
69834	880097
69835	880109
69836	880127
69837	880133
69838	880151
69839	880153
69840	880199
69841	880211
69842	880219
69843	880223
69844	880247
69845	880249
69846	880259
69847	880283
69848	880301
69849	880303
69850	880331
69851	880337
69852	880343
69853	880349
69854	880361
69855	880367
69856	880409
69857	880421
69858	880423
69859	880427
69860	880483
69861	880487
69862	880513
69863	880519
69864	880531
69865	880541
69866	880543
69867	880553
69868	880559
69869	880571
69870	880573
69871	880589
69872	880603
69873	880661
69874	880667
69875	880673
69876	880681
69877	880687
69878	880699
69879	880703
69880	880709
69881	880723
69882	880727
69883	880729
69884	880751
69885	880793
69886	880799
69887	880801
69888	880813
69889	880819
69890	880823
69891	880853
69892	880861
69893	880871
69894	880883
69895	880903
69896	880907
69897	880909
69898	880939
69899	880949
69900	880951
69901	880961
69902	880981
69903	880993
69904	881003
69905	881009
69906	881017
69907	881029
69908	881057
69909	881071
69910	881077
69911	881099
69912	881119
69913	881141
69914	881143
69915	881147
69916	881159
69917	881171
69918	881173
69919	881191
69920	881197
69921	881207
69922	881219
69923	881233
69924	881249
69925	881269
69926	881273
69927	881311
69928	881317
69929	881327
69930	881333
69931	881351
69932	881357
69933	881369
69934	881393
69935	881407
69936	881411
69937	881417
69938	881437
69939	881449
69940	881471
69941	881473
69942	881477
69943	881479
69944	881509
69945	881527
69946	881533
69947	881537
69948	881539
69949	881591
69950	881597
69951	881611
69952	881641
69953	881663
69954	881669
69955	881681
69956	881707
69957	881711
69958	881729
69959	881743
69960	881779
69961	881813
69962	881833
69963	881849
69964	881897
69965	881899
69966	881911
69967	881917
69968	881939
69969	881953
69970	881963
69971	881983
69972	881987
69973	882017
69974	882019
69975	882029
69976	882031
69977	882047
69978	882061
69979	882067
69980	882071
69981	882083
69982	882103
69983	882139
69984	882157
69985	882169
69986	882173
69987	882179
69988	882187
69989	882199
69990	882239
69991	882241
69992	882247
69993	882251
69994	882253
69995	882263
69996	882289
69997	882313
69998	882359
69999	882367
70000	882377
