90001	1159531
90002	1159541
90003	1159577
90004	1159583
90005	1159597
90006	1159601
90007	1159633
90008	1159649
90009	1159661
90010	1159663
90011	1159709
90012	1159721
90013	1159777
90014	1159787
90015	1159789
90016	1159811
90017	1159813
90018	1159843
90019	1159853
90020	1159861
90021	1159877
90022	1159889
90023	1159901
90024	1159909
90025	1159919
90026	1159967
90027	1159973
90028	1159981
90029	1159993
90030	1159997
90031	1160009
90032	1160039
90033	1160041
90034	1160057
90035	1160077
90036	1160111
90037	1160129
90038	1160141
90039	1160147
90040	1160161
90041	1160167
90042	1160179
90043	1160207
90044	1160213
90045	1160219
90046	1160221
90047	1160227
90048	1160251
90049	1160279
90050	1160287
90051	1160297
90052	1160303
90053	1160309
90054	1160317
90055	1160351
90056	1160359
90057	1160363
90058	1160371
90059	1160407
90060	1160413
90061	1160429
90062	1160443
90063	1160447
90064	1160449
90065	1160459
90066	1160473
90067	1160479
90068	1160491
90069	1160503
90070	1160513
90071	1160519
90072	1160543
90073	1160567
90074	1160569
90075	1160581
90076	1160597
90077	1160611
90078	1160639
90079	1160659
90080	1160681
90081	1160689
90082	1160713
90083	1160717
90084	1160749
90085	1160771
90086	1160807
90087	1160813
90088	1160837
90089	1160839
90090	1160867
90091	1160893
90092	1160903
90093	1160911
90094	1160927
90095	1160941
90096	1160953
90097	1160977
90098	1160983
90099	1160987
90100	1160989
90101	1161001
90102	1161007
90103	1161011
90104	1161031
90105	1161037
90106	1161047
90107	1161059
90108	1161077
90109	1161091
90110	1161101
90111	1161107
90112	1161113
90113	1161137
90114	1161143
90115	1161163
90116	1161169
90117	1161203
90118	1161217
90119	1161227
90120	1161233
90121	1161239
90122	1161241
90123	1161263
90124	1161269
90125	1161289
90126	1161313
90127	1161317
90128	1161331
90129	1161343
90130	1161371
90131	1161397
90132	1161401
90133	1161403
90134	1161437
90135	1161439
90136	1161443
90137	1161449
90138	1161463
90139	1161481
90140	1161487
90141	1161493
90142	1161497
90143	1161499
90144	1161509
90145	1161521
90146	1161529
90147	1161547
90148	1161551
90149	1161553
90150	1161581
90151	1161599
90152	1161617
90153	1161619
90154	1161637
90155	1161647
90156	1161659
90157	1161683
90158	1161691
90159	1161703
90160	1161749
90161	1161757
90162	1161761
90163	1161767
90164	1161781
90165	1161791
90166	1161829
90167	1161833
90168	1161841
90169	1161851
90170	1161857
90171	1161871
90172	1161877
90173	1161883
90174	1161893
90175	1161929
90176	1161931
90177	1161947
90178	1161949
90179	1161991
90180	1161997
90181	1162009
90182	1162037
90183	1162043
90184	1162061
90185	1162067
90186	1162079
90187	1162081
90188	1162093
90189	1162099
90190	1162129
90191	1162193
90192	1162219
90193	1162223
90194	1162229
90195	1162243
90196	1162253
90197	1162261
90198	1162277
90199	1162279
90200	1162297
90201	1162303
90202	1162321
90203	1162339
90204	1162361
90205	1162367
90206	1162373
90207	1162417
90208	1162423
90209	1162453
90210	1162463
90211	1162471
90212	1162481
90213	1162493
90214	1162501
90215	1162507
90216	1162529
90217	1162537
90218	1162541
90219	1162543
90220	1162547
90221	1162559
90222	1162571
90223	1162573
90224	1162583
90225	1162589
90226	1162597
90227	1162619
90228	1162621
90229	1162631
90230	1162649
90231	1162663
90232	1162669
90233	1162687
90234	1162691
90235	1162709
90236	1162727
90237	1162729
90238	1162741
90239	1162751
90240	1162753
90241	1162771
90242	1162789
90243	1162793
90244	1162807
90245	1162853
90246	1162859
90247	1162867
90248	1162877
90249	1162879
90250	1162897
90251	1162901
90252	1162907
90253	1162927
90254	1162937
90255	1162943
90256	1162951
90257	1162957
90258	1162961
90259	1162969
90260	1162981
90261	1162991
90262	1163003
90263	1163011
90264	1163017
90265	1163033
90266	1163039
90267	1163069
90268	1163077
90269	1163081
90270	1163083
90271	1163093
90272	1163111
90273	1163119
90274	1163131
90275	1163137
90276	1163143
90277	1163147
90278	1163159
90279	1163167
90280	1163177
90281	1163189
90282	1163207
90283	1163221
90284	1163231
90285	1163233
90286	1163251
90287	1163257
90288	1163263
90289	1163273
90290	1163311
90291	1163329
90292	1163333
90293	1163339
90294	1163353
90295	1163417
90296	1163423
90297	1163431
90298	1163441
90299	1163467
90300	1163473
90301	1163479
90302	1163483
90303	1163507
90304	1163521
90305	1163543
90306	1163551
90307	1163557
90308	1163581
90309	1163587
90310	1163609
90311	1163611
90312	1163627
90313	1163629
90314	1163641
90315	1163651
90316	1163653
90317	1163663
90318	1163671
90319	1163689
90320	1163699
90321	1163711
90322	1163713
90323	1163717
90324	1163719
90325	1163737
90326	1163753
90327	1163759
90328	1163783
90329	1163791
90330	1163821
90331	1163831
90332	1163843
90333	1163849
90334	1163873
90335	1163879
90336	1163891
90337	1163923
90338	1163947
90339	1163969
90340	1163971
90341	1163977
90342	1163989
90343	1163993
90344	1164001
90345	1164029
90346	1164043
90347	1164067
90348	1164071
90349	1164077
90350	1164091
90351	1164101
90352	1164173
90353	1164179
90354	1164181
90355	1164193
90356	1164199
90357	1164203
90358	1164217
90359	1164221
90360	1164253
90361	1164287
90362	1164323
90363	1164343
90364	1164367
90365	1164409
90366	1164413
90367	1164419
90368	1164431
90369	1164433
90370	1164439
90371	1164461
90372	1164479
90373	1164497
90374	1164503
90375	1164511
90376	1164521
90377	1164533
90378	1164557
90379	1164571
90380	1164587
90381	1164589
90382	1164593
90383	1164599
90384	1164607
90385	1164617
90386	1164623
90387	1164629
90388	1164641
90389	1164659
90390	1164671
90391	1164689
90392	1164731
90393	1164749
90394	1164791
90395	1164799
90396	1164803
90397	1164811
90398	1164817
90399	1164829
90400	1164841
90401	1164853
90402	1164859
90403	1164869
90404	1164899
90405	1164937
90406	1164941
90407	1164953
90408	1164967
90409	1164979
90410	1164991
90411	1164997
90412	1165001
90413	1165037
90414	1165049
90415	1165051
90416	1165057
90417	1165069
90418	1165079
90419	1165081
90420	1165103
90421	1165121
90422	1165127
90423	1165139
90424	1165147
90425	1165183
90426	1165187
90427	1165189
90428	1165193
90429	1165201
90430	1165207
90431	1165211
90432	1165217
90433	1165223
90434	1165273
90435	1165279
90436	1165301
90437	1165303
90438	1165349
90439	1165357
90440	1165361
90441	1165363
90442	1165379
90443	1165397
90444	1165399
90445	1165421
90446	1165447
90447	1165453
90448	1165471
90449	1165511
90450	1165529
90451	1165531
90452	1165579
90453	1165583
90454	1165643
90455	1165667
90456	1165691
90457	1165711
90458	1165721
90459	1165727
90460	1165729
90461	1165739
90462	1165751
90463	1165777
90464	1165789
90465	1165799
90466	1165819
90467	1165823
90468	1165831
90469	1165837
90470	1165849
90471	1165861
90472	1165873
90473	1165889
90474	1165903
90475	1165909
90476	1165919
90477	1165921
90478	1165933
90479	1165937
90480	1165943
90481	1165949
90482	1165951
90483	1165991
90484	1165993
90485	1166021
90486	1166027
90487	1166041
90488	1166057
90489	1166083
90490	1166089
90491	1166093
90492	1166101
90493	1166107
90494	1166131
90495	1166141
90496	1166147
90497	1166153
90498	1166213
90499	1166219
90500	1166227
90501	1166237
90502	1166287
90503	1166311
90504	1166323
90505	1166329
90506	1166359
90507	1166383
90508	1166393
90509	1166401
90510	1166411
90511	1166413
90512	1166441
90513	1166453
90514	1166479
90515	1166483
90516	1166497
90517	1166507
90518	1166527
90519	1166531
90520	1166533
90521	1166549
90522	1166563
90523	1166567
90524	1166569
90525	1166579
90526	1166597
90527	1166603
90528	1166609
90529	1166617
90530	1166639
90531	1166663
90532	1166677
90533	1166687
90534	1166713
90535	1166723
90536	1166729
90537	1166741
90538	1166773
90539	1166779
90540	1166801
90541	1166807
90542	1166827
90543	1166833
90544	1166839
90545	1166849
90546	1166857
90547	1166861
90548	1166903
90549	1166927
90550	1166929
90551	1166947
90552	1166953
90553	1166969
90554	1166987
90555	1167011
90556	1167013
90557	1167053
90558	1167059
90559	1167077
90560	1167083
90561	1167139
90562	1167143
90563	1167157
90564	1167167
90565	1167193
90566	1167209
90567	1167211
90568	1167217
90569	1167233
90570	1167241
90571	1167251
90572	1167277
90573	1167289
90574	1167293
90575	1167307
90576	1167317
90577	1167329
90578	1167347
90579	1167349
90580	1167359
90581	1167391
90582	1167409
90583	1167421
90584	1167443
90585	1167449
90586	1167469
90587	1167473
90588	1167539
90589	1167547
90590	1167559
90591	1167571
90592	1167581
90593	1167587
90594	1167599
90595	1167613
90596	1167623
90597	1167637
90598	1167653
90599	1167659
90600	1167667
90601	1167689
90602	1167697
90603	1167701
90604	1167703
90605	1167707
90606	1167709
90607	1167731
90608	1167763
90609	1167773
90610	1167791
90611	1167799
90612	1167811
90613	1167821
90614	1167823
90615	1167833
90616	1167839
90617	1167841
90618	1167847
90619	1167853
90620	1167869
90621	1167889
90622	1167899
90623	1167913
90624	1167919
90625	1167937
90626	1167953
90627	1167973
90628	1168001
90629	1168007
90630	1168031
90631	1168039
90632	1168043
90633	1168093
90634	1168133
90635	1168151
90636	1168169
90637	1168183
90638	1168187
90639	1168231
90640	1168241
90641	1168243
90642	1168247
90643	1168249
90644	1168261
90645	1168301
90646	1168319
90647	1168327
90648	1168337
90649	1168339
90650	1168351
90651	1168357
90652	1168361
90653	1168397
90654	1168399
90655	1168403
90656	1168411
90657	1168451
90658	1168463
90659	1168477
90660	1168487
90661	1168493
90662	1168501
90663	1168523
90664	1168537
90665	1168553
90666	1168619
90667	1168621
90668	1168627
90669	1168637
90670	1168639
90671	1168693
90672	1168711
90673	1168721
90674	1168751
90675	1168757
90676	1168763
90677	1168771
90678	1168789
90679	1168799
90680	1168819
90681	1168829
90682	1168831
90683	1168841
90684	1168847
90685	1168859
90686	1168877
90687	1168879
90688	1168897
90689	1168919
90690	1168927
90691	1168931
90692	1168933
90693	1168957
90694	1168969
90695	1168987
90696	1168997
90697	1169009
90698	1169011
90699	1169017
90700	1169023
90701	1169027
90702	1169029
90703	1169059
90704	1169081
90705	1169131
90706	1169137
90707	1169149
90708	1169171
90709	1169177
90710	1169183
90711	1169191
90712	1169249
90713	1169257
90714	1169261
90715	1169269
90716	1169281
90717	1169293
90718	1169323
90719	1169327
90720	1169341
90721	1169347
90722	1169353
90723	1169369
90724	1169381
90725	1169383
90726	1169401
90727	1169411
90728	1169417
90729	1169419
90730	1169449
90731	1169453
90732	1169473
90733	1169477
90734	1169491
90735	1169513
90736	1169521
90737	1169563
90738	1169587
90739	1169591
90740	1169593
90741	1169603
90742	1169627
90743	1169633
90744	1169647
90745	1169669
90746	1169677
90747	1169683
90748	1169687
90749	1169713
90750	1169741
90751	1169747
90752	1169759
90753	1169761
90754	1169767
90755	1169789
90756	1169801
90757	1169809
90758	1169827
90759	1169873
90760	1169879
90761	1169899
90762	1169929
90763	1169933
90764	1169939
90765	1170007
90766	1170011
90767	1170019
90768	1170023
90769	1170031
90770	1170049
90771	1170061
90772	1170067
90773	1170089
90774	1170107
90775	1170109
90776	1170119
90777	1170131
90778	1170133
90779	1170137
90780	1170139
90781	1170167
90782	1170173
90783	1170193
90784	1170203
90785	1170209
90786	1170233
90787	1170251
90788	1170271
90789	1170277
90790	1170311
90791	1170317
90792	1170329
90793	1170349
90794	1170361
90795	1170373
90796	1170397
90797	1170437
90798	1170443
90799	1170451
90800	1170461
90801	1170487
90802	1170497
90803	1170511
90804	1170517
90805	1170523
90806	1170541
90807	1170553
90808	1170563
90809	1170581
90810	1170583
90811	1170593
90812	1170599
90813	1170607
90814	1170641
90815	1170649
90816	1170661
90817	1170667
90818	1170679
90819	1170683
90820	1170707
90821	1170709
90822	1170713
90823	1170721
90824	1170727
90825	1170751
90826	1170779
90827	1170781
90828	1170787
90829	1170803
90830	1170811
90831	1170821
90832	1170833
90833	1170853
90834	1170857
90835	1170863
90836	1170899
90837	1170941
90838	1170947
90839	1170971
90840	1170979
90841	1171031
90842	1171033
90843	1171039
90844	1171057
90845	1171061
90846	1171069
90847	1171073
90848	1171109
90849	1171111
90850	1171117
90851	1171123
90852	1171133
90853	1171189
90854	1171199
90855	1171201
90856	1171207
90857	1171231
90858	1171241
90859	1171243
90860	1171253
90861	1171259
90862	1171267
90863	1171301
90864	1171319
90865	1171343
90866	1171393
90867	1171399
90868	1171421
90869	1171427
90870	1171447
90871	1171451
90872	1171463
90873	1171477
90874	1171517
90875	1171523
90876	1171529
90877	1171549
90878	1171553
90879	1171561
90880	1171579
90881	1171591
90882	1171601
90883	1171619
90884	1171633
90885	1171637
90886	1171661
90887	1171669
90888	1171699
90889	1171721
90890	1171747
90891	1171771
90892	1171783
90893	1171789
90894	1171801
90895	1171811
90896	1171813
90897	1171823
90898	1171837
90899	1171847
90900	1171867
90901	1171921
90902	1171927
90903	1171931
90904	1171957
90905	1171967
90906	1171969
90907	1171979
90908	1171981
90909	1171991
90910	1171999
90911	1172009
90912	1172021
90913	1172023
90914	1172027
90915	1172029
90916	1172047
90917	1172063
90918	1172069
90919	1172081
90920	1172107
90921	1172111
90922	1172147
90923	1172179
90924	1172207
90925	1172233
90926	1172257
90927	1172261
90928	1172273
90929	1172279
90930	1172317
90931	1172329
90932	1172351
90933	1172377
90934	1172393
90935	1172401
90936	1172407
90937	1172411
90938	1172417
90939	1172429
90940	1172443
90941	1172447
90942	1172461
90943	1172467
90944	1172491
90945	1172497
90946	1172503
90947	1172531
90948	1172533
90949	1172537
90950	1172539
90951	1172543
90952	1172573
90953	1172579
90954	1172657
90955	1172659
90956	1172663
90957	1172671
90958	1172681
90959	1172683
90960	1172687
90961	1172713
90962	1172749
90963	1172777
90964	1172783
90965	1172797
90966	1172803
90967	1172807
90968	1172819
90969	1172833
90970	1172867
90971	1172893
90972	1172903
90973	1172921
90974	1172929
90975	1172933
90976	1172939
90977	1172953
90978	1172957
90979	1172959
90980	1172981
90981	1172993
90982	1173001
90983	1173013
90984	1173043
90985	1173059
90986	1173101
90987	1173121
90988	1173127
90989	1173157
90990	1173163
90991	1173173
90992	1173181
90993	1173191
90994	1173199
90995	1173223
90996	1173239
90997	1173259
90998	1173281
90999	1173283
91000	1173301
