6001	59369
6002	59377
6003	59387
6004	59393
6005	59399
6006	59407
6007	59417
6008	59419
6009	59441
6010	59443
6011	59447
6012	59453
6013	59467
6014	59471
6015	59473
6016	59497
6017	59509
6018	59513
6019	59539
6020	59557
6021	59561
6022	59567
6023	59581
6024	59611
6025	59617
6026	59621
6027	59627
6028	59629
6029	59651
6030	59659
6031	59663
6032	59669
6033	59671
6034	59693
6035	59699
6036	59707
6037	59723
6038	59729
6039	59743
6040	59747
6041	59753
6042	59771
6043	59779
6044	59791
6045	59797
6046	59809
6047	59833
6048	59863
6049	59879
6050	59887
6051	59921
6052	59929
6053	59951
6054	59957
6055	59971
6056	59981
6057	59999
6058	60013
6059	60017
6060	60029
6061	60037
6062	60041
6063	60077
6064	60083
6065	60089
6066	60091
6067	60101
6068	60103
6069	60107
6070	60127
6071	60133
6072	60139
6073	60149
6074	60161
6075	60167
6076	60169
6077	60209
6078	60217
6079	60223
6080	60251
6081	60257
6082	60259
6083	60271
6084	60289
6085	60293
6086	60317
6087	60331
6088	60337
6089	60343
6090	60353
6091	60373
6092	60383
6093	60397
6094	60413
6095	60427
6096	60443
6097	60449
6098	60457
6099	60493
6100	60497
6101	60509
6102	60521
6103	60527
6104	60539
6105	60589
6106	60601
6107	60607
6108	60611
6109	60617
6110	60623
6111	60631
6112	60637
6113	60647
6114	60649
6115	60659
6116	60661
6117	60679
6118	60689
6119	60703
6120	60719
6121	60727
6122	60733
6123	60737
6124	60757
6125	60761
6126	60763
6127	60773
6128	60779
6129	60793
6130	60811
6131	60821
6132	60859
6133	60869
6134	60887
6135	60889
6136	60899
6137	60901
6138	60913
6139	60917
6140	60919
6141	60923
6142	60937
6143	60943
6144	60953
6145	60961
6146	61001
6147	61007
6148	61027
6149	61031
6150	61043
6151	61051
6152	61057
6153	61091
6154	61099
6155	61121
6156	61129
6157	61141
6158	61151
6159	61153
6160	61169
6161	61211
6162	61223
6163	61231
6164	61253
6165	61261
6166	61283
6167	61291
6168	61297
6169	61331
6170	61333
6171	61339
6172	61343
6173	61357
6174	61363
6175	61379
6176	61381
6177	61403
6178	61409
6179	61417
6180	61441
6181	61463
6182	61469
6183	61471
6184	61483
6185	61487
6186	61493
6187	61507
6188	61511
6189	61519
6190	61543
6191	61547
6192	61553
6193	61559
6194	61561
6195	61583
6196	61603
6197	61609
6198	61613
6199	61627
6200	61631
6201	61637
6202	61643
6203	61651
6204	61657
6205	61667
6206	61673
6207	61681
6208	61687
6209	61703
6210	61717
6211	61723
6212	61729
6213	61751
6214	61757
6215	61781
6216	61813
6217	61819
6218	61837
6219	61843
6220	61861
6221	61871
6222	61879
6223	61909
6224	61927
6225	61933
6226	61949
6227	61961
6228	61967
6229	61979
6230	61981
6231	61987
6232	61991
6233	62003
6234	62011
6235	62017
6236	62039
6237	62047
6238	62053
6239	62057
6240	62071
6241	62081
6242	62099
6243	62119
6244	62129
6245	62131
6246	62137
6247	62141
6248	62143
6249	62171
6250	62189
6251	62191
6252	62201
6253	62207
6254	62213
6255	62219
6256	62233
6257	62273
6258	62297
6259	62299
6260	62303
6261	62311
6262	62323
6263	62327
6264	62347
6265	62351
6266	62383
6267	62401
6268	62417
6269	62423
6270	62459
6271	62467
6272	62473
6273	62477
6274	62483
6275	62497
6276	62501
6277	62507
6278	62533
6279	62539
6280	62549
6281	62563
6282	62581
6283	62591
6284	62597
6285	62603
6286	62617
6287	62627
6288	62633
6289	62639
6290	62653
6291	62659
6292	62683
6293	62687
6294	62701
6295	62723
6296	62731
6297	62743
6298	62753
6299	62761
6300	62773
6301	62791
6302	62801
6303	62819
6304	62827
6305	62851
6306	62861
6307	62869
6308	62873
6309	62897
6310	62903
6311	62921
6312	62927
6313	62929
6314	62939
6315	62969
6316	62971
6317	62981
6318	62983
6319	62987
6320	62989
6321	63029
6322	63031
6323	63059
6324	63067
6325	63073
6326	63079
6327	63097
6328	63103
6329	63113
6330	63127
6331	63131
6332	63149
6333	63179
6334	63197
6335	63199
6336	63211
6337	63241
6338	63247
6339	63277
6340	63281
6341	63299
6342	63311
6343	63313
6344	63317
6345	63331
6346	63337
6347	63347
6348	63353
6349	63361
6350	63367
6351	63377
6352	63389
6353	63391
6354	63397
6355	63409
6356	63419
6357	63421
6358	63439
6359	63443
6360	63463
6361	63467
6362	63473
6363	63487
6364	63493
6365	63499
6366	63521
6367	63527
6368	63533
6369	63541
6370	63559
6371	63577
6372	63587
6373	63589
6374	63599
6375	63601
6376	63607
6377	63611
6378	63617
6379	63629
6380	63647
6381	63649
6382	63659
6383	63667
6384	63671
6385	63689
6386	63691
6387	63697
6388	63703
6389	63709
6390	63719
6391	63727
6392	63737
6393	63743
6394	63761
6395	63773
6396	63781
6397	63793
6398	63799
6399	63803
6400	63809
6401	63823
6402	63839
6403	63841
6404	63853
6405	63857
6406	63863
6407	63901
6408	63907
6409	63913
6410	63929
6411	63949
6412	63977
6413	63997
6414	64007
6415	64013
6416	64019
6417	64033
6418	64037
6419	64063
6420	64067
6421	64081
6422	64091
6423	64109
6424	64123
6425	64151
6426	64153
6427	64157
6428	64171
6429	64187
6430	64189
6431	64217
6432	64223
6433	64231
6434	64237
6435	64271
6436	64279
6437	64283
6438	64301
6439	64303
6440	64319
6441	64327
6442	64333
6443	64373
6444	64381
6445	64399
6446	64403
6447	64433
6448	64439
6449	64451
6450	64453
6451	64483
6452	64489
6453	64499
6454	64513
6455	64553
6456	64567
6457	64577
6458	64579
6459	64591
6460	64601
6461	64609
6462	64613
6463	64621
6464	64627
6465	64633
6466	64661
6467	64663
6468	64667
6469	64679
6470	64693
6471	64709
6472	64717
6473	64747
6474	64763
6475	64781
6476	64783
6477	64793
6478	64811
6479	64817
6480	64849
6481	64853
6482	64871
6483	64877
6484	64879
6485	64891
6486	64901
6487	64919
6488	64921
6489	64927
6490	64937
6491	64951
6492	64969
6493	64997
6494	65003
6495	65011
6496	65027
6497	65029
6498	65033
6499	65053
6500	65063
6501	65071
6502	65089
6503	65099
6504	65101
6505	65111
6506	65119
6507	65123
6508	65129
6509	65141
6510	65147
6511	65167
6512	65171
6513	65173
6514	65179
6515	65183
6516	65203
6517	65213
6518	65239
6519	65257
6520	65267
6521	65269
6522	65287
6523	65293
6524	65309
6525	65323
6526	65327
6527	65353
6528	65357
6529	65371
6530	65381
6531	65393
6532	65407
6533	65413
6534	65419
6535	65423
6536	65437
6537	65447
6538	65449
6539	65479
6540	65497
6541	65519
6542	65521
6543	65537
6544	65539
6545	65543
6546	65551
6547	65557
6548	65563
6549	65579
6550	65581
6551	65587
6552	65599
6553	65609
6554	65617
6555	65629
6556	65633
6557	65647
6558	65651
6559	65657
6560	65677
6561	65687
6562	65699
6563	65701
6564	65707
6565	65713
6566	65717
6567	65719
6568	65729
6569	65731
6570	65761
6571	65777
6572	65789
6573	65809
6574	65827
6575	65831
6576	65837
6577	65839
6578	65843
6579	65851
6580	65867
6581	65881
6582	65899
6583	65921
6584	65927
6585	65929
6586	65951
6587	65957
6588	65963
6589	65981
6590	65983
6591	65993
6592	66029
6593	66037
6594	66041
6595	66047
6596	66067
6597	66071
6598	66083
6599	66089
6600	66103
6601	66107
6602	66109
6603	66137
6604	66161
6605	66169
6606	66173
6607	66179
6608	66191
6609	66221
6610	66239
6611	66271
6612	66293
6613	66301
6614	66337
6615	66343
6616	66347
6617	66359
6618	66361
6619	66373
6620	66377
6621	66383
6622	66403
6623	66413
6624	66431
6625	66449
6626	66457
6627	66463
6628	66467
6629	66491
6630	66499
6631	66509
6632	66523
6633	66529
6634	66533
6635	66541
6636	66553
6637	66569
6638	66571
6639	66587
6640	66593
6641	66601
6642	66617
6643	66629
6644	66643
6645	66653
6646	66683
6647	66697
6648	66701
6649	66713
6650	66721
6651	66733
6652	66739
6653	66749
6654	66751
6655	66763
6656	66791
6657	66797
6658	66809
6659	66821
6660	66841
6661	66851
6662	66853
6663	66863
6664	66877
6665	66883
6666	66889
6667	66919
6668	66923
6669	66931
6670	66943
6671	66947
6672	66949
6673	66959
6674	66973
6675	66977
6676	67003
6677	67021
6678	67033
6679	67043
6680	67049
6681	67057
6682	67061
6683	67073
6684	67079
6685	67103
6686	67121
6687	67129
6688	67139
6689	67141
6690	67153
6691	67157
6692	67169
6693	67181
6694	67187
6695	67189
6696	67211
6697	67213
6698	67217
6699	67219
6700	67231
6701	67247
6702	67261
6703	67271
6704	67273
6705	67289
6706	67307
6707	67339
6708	67343
6709	67349
6710	67369
6711	67391
6712	67399
6713	67409
6714	67411
6715	67421
6716	67427
6717	67429
6718	67433
6719	67447
6720	67453
6721	67477
6722	67481
6723	67489
6724	67493
6725	67499
6726	67511
6727	67523
6728	67531
6729	67537
6730	67547
6731	67559
6732	67567
6733	67577
6734	67579
6735	67589
6736	67601
6737	67607
6738	67619
6739	67631
6740	67651
6741	67679
6742	67699
6743	67709
6744	67723
6745	67733
6746	67741
6747	67751
6748	67757
6749	67759
6750	67763
6751	67777
6752	67783
6753	67789
6754	67801
6755	67807
6756	67819
6757	67829
6758	67843
6759	67853
6760	67867
6761	67883
6762	67891
6763	67901
6764	67927
6765	67931
6766	67933
6767	67939
6768	67943
6769	67957
6770	67961
6771	67967
6772	67979
6773	67987
6774	67993
6775	68023
6776	68041
6777	68053
6778	68059
6779	68071
6780	68087
6781	68099
6782	68111
6783	68113
6784	68141
6785	68147
6786	68161
6787	68171
6788	68207
6789	68209
6790	68213
6791	68219
6792	68227
6793	68239
6794	68261
6795	68279
6796	68281
6797	68311
6798	68329
6799	68351
6800	68371
6801	68389
6802	68399
6803	68437
6804	68443
6805	68447
6806	68449
6807	68473
6808	68477
6809	68483
6810	68489
6811	68491
6812	68501
6813	68507
6814	68521
6815	68531
6816	68539
6817	68543
6818	68567
6819	68581
6820	68597
6821	68611
6822	68633
6823	68639
6824	68659
6825	68669
6826	68683
6827	68687
6828	68699
6829	68711
6830	68713
6831	68729
6832	68737
6833	68743
6834	68749
6835	68767
6836	68771
6837	68777
6838	68791
6839	68813
6840	68819
6841	68821
6842	68863
6843	68879
6844	68881
6845	68891
6846	68897
6847	68899
6848	68903
6849	68909
6850	68917
6851	68927
6852	68947
6853	68963
6854	68993
6855	69001
6856	69011
6857	69019
6858	69029
6859	69031
6860	69061
6861	69067
6862	69073
6863	69109
6864	69119
6865	69127
6866	69143
6867	69149
6868	69151
6869	69163
6870	69191
6871	69193
6872	69197
6873	69203
6874	69221
6875	69233
6876	69239
6877	69247
6878	69257
6879	69259
6880	69263
6881	69313
6882	69317
6883	69337
6884	69341
6885	69371
6886	69379
6887	69383
6888	69389
6889	69401
6890	69403
6891	69427
6892	69431
6893	69439
6894	69457
6895	69463
6896	69467
6897	69473
6898	69481
6899	69491
6900	69493
6901	69497
6902	69499
6903	69539
6904	69557
6905	69593
6906	69623
6907	69653
6908	69661
6909	69677
6910	69691
6911	69697
6912	69709
6913	69737
6914	69739
6915	69761
6916	69763
6917	69767
6918	69779
6919	69809
6920	69821
6921	69827
6922	69829
6923	69833
6924	69847
6925	69857
6926	69859
6927	69877
6928	69899
6929	69911
6930	69929
6931	69931
6932	69941
6933	69959
6934	69991
6935	69997
6936	70001
6937	70003
6938	70009
6939	70019
6940	70039
6941	70051
6942	70061
6943	70067
6944	70079
6945	70099
6946	70111
6947	70117
6948	70121
6949	70123
6950	70139
6951	70141
6952	70157
6953	70163
6954	70177
6955	70181
6956	70183
6957	70199
6958	70201
6959	70207
6960	70223
6961	70229
6962	70237
6963	70241
6964	70249
6965	70271
6966	70289
6967	70297
6968	70309
6969	70313
6970	70321
6971	70327
6972	70351
6973	70373
6974	70379
6975	70381
6976	70393
6977	70423
6978	70429
6979	70439
6980	70451
6981	70457
6982	70459
6983	70481
6984	70487
6985	70489
6986	70501
6987	70507
6988	70529
6989	70537
6990	70549
6991	70571
6992	70573
6993	70583
6994	70589
6995	70607
6996	70619
6997	70621
6998	70627
6999	70639
7000	70657
