11001	116461
11002	116471
11003	116483
11004	116491
11005	116507
11006	116531
11007	116533
11008	116537
11009	116539
11010	116549
11011	116579
11012	116593
11013	116639
11014	116657
11015	116663
11016	116681
11017	116687
11018	116689
11019	116707
11020	116719
11021	116731
11022	116741
11023	116747
11024	116789
11025	116791
11026	116797
11027	116803
11028	116819
11029	116827
11030	116833
11031	116849
11032	116867
11033	116881
11034	116903
11035	116911
11036	116923
11037	116927
11038	116929
11039	116933
11040	116953
11041	116959
11042	116969
11043	116981
11044	116989
11045	116993
11046	117017
11047	117023
11048	117037
11049	117041
11050	117043
11051	117053
11052	117071
11053	117101
11054	117109
11055	117119
11056	117127
11057	117133
11058	117163
11059	117167
11060	117191
11061	117193
11062	117203
11063	117209
11064	117223
11065	117239
11066	117241
11067	117251
11068	117259
11069	117269
11070	117281
11071	117307
11072	117319
11073	117329
11074	117331
11075	117353
11076	117361
11077	117371
11078	117373
11079	117389
11080	117413
11081	117427
11082	117431
11083	117437
11084	117443
11085	117497
11086	117499
11087	117503
11088	117511
11089	117517
11090	117529
11091	117539
11092	117541
11093	117563
11094	117571
11095	117577
11096	117617
11097	117619
11098	117643
11099	117659
11100	117671
11101	117673
11102	117679
11103	117701
11104	117703
11105	117709
11106	117721
11107	117727
11108	117731
11109	117751
11110	117757
11111	117763
11112	117773
11113	117779
11114	117787
11115	117797
11116	117809
11117	117811
11118	117833
11119	117839
11120	117841
11121	117851
11122	117877
11123	117881
11124	117883
11125	117889
11126	117899
11127	117911
11128	117917
11129	117937
11130	117959
11131	117973
11132	117977
11133	117979
11134	117989
11135	117991
11136	118033
11137	118037
11138	118043
11139	118051
11140	118057
11141	118061
11142	118081
11143	118093
11144	118127
11145	118147
11146	118163
11147	118169
11148	118171
11149	118189
11150	118211
11151	118213
11152	118219
11153	118247
11154	118249
11155	118253
11156	118259
11157	118273
11158	118277
11159	118297
11160	118343
11161	118361
11162	118369
11163	118373
11164	118387
11165	118399
11166	118409
11167	118411
11168	118423
11169	118429
11170	118453
11171	118457
11172	118463
11173	118471
11174	118493
11175	118529
11176	118543
11177	118549
11178	118571
11179	118583
11180	118589
11181	118603
11182	118619
11183	118621
11184	118633
11185	118661
11186	118669
11187	118673
11188	118681
11189	118687
11190	118691
11191	118709
11192	118717
11193	118739
11194	118747
11195	118751
11196	118757
11197	118787
11198	118799
11199	118801
11200	118819
11201	118831
11202	118843
11203	118861
11204	118873
11205	118891
11206	118897
11207	118901
11208	118903
11209	118907
11210	118913
11211	118927
11212	118931
11213	118967
11214	118973
11215	119027
11216	119033
11217	119039
11218	119047
11219	119057
11220	119069
11221	119083
11222	119087
11223	119089
11224	119099
11225	119101
11226	119107
11227	119129
11228	119131
11229	119159
11230	119173
11231	119179
11232	119183
11233	119191
11234	119227
11235	119233
11236	119237
11237	119243
11238	119267
11239	119291
11240	119293
11241	119297
11242	119299
11243	119311
11244	119321
11245	119359
11246	119363
11247	119389
11248	119417
11249	119419
11250	119429
11251	119447
11252	119489
11253	119503
11254	119513
11255	119533
11256	119549
11257	119551
11258	119557
11259	119563
11260	119569
11261	119591
11262	119611
11263	119617
11264	119627
11265	119633
11266	119653
11267	119657
11268	119659
11269	119671
11270	119677
11271	119687
11272	119689
11273	119699
11274	119701
11275	119723
11276	119737
11277	119747
11278	119759
11279	119771
11280	119773
11281	119783
11282	119797
11283	119809
11284	119813
11285	119827
11286	119831
11287	119839
11288	119849
11289	119851
11290	119869
11291	119881
11292	119891
11293	119921
11294	119923
11295	119929
11296	119953
11297	119963
11298	119971
11299	119981
11300	119983
11301	119993
11302	120011
11303	120017
11304	120041
11305	120047
11306	120049
11307	120067
11308	120077
11309	120079
11310	120091
11311	120097
11312	120103
11313	120121
11314	120157
11315	120163
11316	120167
11317	120181
11318	120193
11319	120199
11320	120209
11321	120223
11322	120233
11323	120247
11324	120277
11325	120283
11326	120293
11327	120299
11328	120319
11329	120331
11330	120349
11331	120371
11332	120383
11333	120391
11334	120397
11335	120401
11336	120413
11337	120427
11338	120431
11339	120473
11340	120503
11341	120511
11342	120539
11343	120551
11344	120557
11345	120563
11346	120569
11347	120577
11348	120587
11349	120607
11350	120619
11351	120623
11352	120641
11353	120647
11354	120661
11355	120671
11356	120677
11357	120689
11358	120691
11359	120709
11360	120713
11361	120721
11362	120737
11363	120739
11364	120749
11365	120763
11366	120767
11367	120779
11368	120811
11369	120817
11370	120823
11371	120829
11372	120833
11373	120847
11374	120851
11375	120863
11376	120871
11377	120877
11378	120889
11379	120899
11380	120907
11381	120917
11382	120919
11383	120929
11384	120937
11385	120941
11386	120943
11387	120947
11388	120977
11389	120997
11390	121001
11391	121007
11392	121013
11393	121019
11394	121021
11395	121039
11396	121061
11397	121063
11398	121067
11399	121081
11400	121123
11401	121139
11402	121151
11403	121157
11404	121169
11405	121171
11406	121181
11407	121189
11408	121229
11409	121259
11410	121267
11411	121271
11412	121283
11413	121291
11414	121309
11415	121313
11416	121321
11417	121327
11418	121333
11419	121343
11420	121349
11421	121351
11422	121357
11423	121367
11424	121369
11425	121379
11426	121403
11427	121421
11428	121439
11429	121441
11430	121447
11431	121453
11432	121469
11433	121487
11434	121493
11435	121501
11436	121507
11437	121523
11438	121531
11439	121547
11440	121553
11441	121559
11442	121571
11443	121577
11444	121579
11445	121591
11446	121607
11447	121609
11448	121621
11449	121631
11450	121633
11451	121637
11452	121661
11453	121687
11454	121697
11455	121711
11456	121721
11457	121727
11458	121763
11459	121787
11460	121789
11461	121843
11462	121853
11463	121867
11464	121883
11465	121889
11466	121909
11467	121921
11468	121931
11469	121937
11470	121949
11471	121951
11472	121963
11473	121967
11474	121993
11475	121997
11476	122011
11477	122021
11478	122027
11479	122029
11480	122033
11481	122039
11482	122041
11483	122051
11484	122053
11485	122069
11486	122081
11487	122099
11488	122117
11489	122131
11490	122147
11491	122149
11492	122167
11493	122173
11494	122201
11495	122203
11496	122207
11497	122209
11498	122219
11499	122231
11500	122251
11501	122263
11502	122267
11503	122273
11504	122279
11505	122299
11506	122321
11507	122323
11508	122327
11509	122347
11510	122363
11511	122387
11512	122389
11513	122393
11514	122399
11515	122401
11516	122443
11517	122449
11518	122453
11519	122471
11520	122477
11521	122489
11522	122497
11523	122501
11524	122503
11525	122509
11526	122527
11527	122533
11528	122557
11529	122561
11530	122579
11531	122597
11532	122599
11533	122609
11534	122611
11535	122651
11536	122653
11537	122663
11538	122693
11539	122701
11540	122719
11541	122741
11542	122743
11543	122753
11544	122761
11545	122777
11546	122789
11547	122819
11548	122827
11549	122833
11550	122839
11551	122849
11552	122861
11553	122867
11554	122869
11555	122887
11556	122891
11557	122921
11558	122929
11559	122939
11560	122953
11561	122957
11562	122963
11563	122971
11564	123001
11565	123007
11566	123017
11567	123031
11568	123049
11569	123059
11570	123077
11571	123083
11572	123091
11573	123113
11574	123121
11575	123127
11576	123143
11577	123169
11578	123191
11579	123203
11580	123209
11581	123217
11582	123229
11583	123239
11584	123259
11585	123269
11586	123289
11587	123307
11588	123311
11589	123323
11590	123341
11591	123373
11592	123377
11593	123379
11594	123397
11595	123401
11596	123407
11597	123419
11598	123427
11599	123433
11600	123439
11601	123449
11602	123457
11603	123479
11604	123491
11605	123493
11606	123499
11607	123503
11608	123517
11609	123527
11610	123547
11611	123551
11612	123553
11613	123581
11614	123583
11615	123593
11616	123601
11617	123619
11618	123631
11619	123637
11620	123653
11621	123661
11622	123667
11623	123677
11624	123701
11625	123707
11626	123719
11627	123727
11628	123731
11629	123733
11630	123737
11631	123757
11632	123787
11633	123791
11634	123803
11635	123817
11636	123821
11637	123829
11638	123833
11639	123853
11640	123863
11641	123887
11642	123911
11643	123923
11644	123931
11645	123941
11646	123953
11647	123973
11648	123979
11649	123983
11650	123989
11651	123997
11652	124001
11653	124021
11654	124067
11655	124087
11656	124097
11657	124121
11658	124123
11659	124133
11660	124139
11661	124147
11662	124153
11663	124171
11664	124181
11665	124183
11666	124193
11667	124199
11668	124213
11669	124231
11670	124247
11671	124249
11672	124277
11673	124291
11674	124297
11675	124301
11676	124303
11677	124309
11678	124337
11679	124339
11680	124343
11681	124349
11682	124351
11683	124363
11684	124367
11685	124427
11686	124429
11687	124433
11688	124447
11689	124459
11690	124471
11691	124477
11692	124489
11693	124493
11694	124513
11695	124529
11696	124541
11697	124543
11698	124561
11699	124567
11700	124577
11701	124601
11702	124633
11703	124643
11704	124669
11705	124673
11706	124679
11707	124693
11708	124699
11709	124703
11710	124717
11711	124721
11712	124739
11713	124753
11714	124759
11715	124769
11716	124771
11717	124777
11718	124781
11719	124783
11720	124793
11721	124799
11722	124819
11723	124823
11724	124847
11725	124853
11726	124897
11727	124907
11728	124909
11729	124919
11730	124951
11731	124979
11732	124981
11733	124987
11734	124991
11735	125003
11736	125017
11737	125029
11738	125053
11739	125063
11740	125093
11741	125101
11742	125107
11743	125113
11744	125117
11745	125119
11746	125131
11747	125141
11748	125149
11749	125183
11750	125197
11751	125201
11752	125207
11753	125219
11754	125221
11755	125231
11756	125243
11757	125261
11758	125269
11759	125287
11760	125299
11761	125303
11762	125311
11763	125329
11764	125339
11765	125353
11766	125371
11767	125383
11768	125387
11769	125399
11770	125407
11771	125423
11772	125429
11773	125441
11774	125453
11775	125471
11776	125497
11777	125507
11778	125509
11779	125527
11780	125539
11781	125551
11782	125591
11783	125597
11784	125617
11785	125621
11786	125627
11787	125639
11788	125641
11789	125651
11790	125659
11791	125669
11792	125683
11793	125687
11794	125693
11795	125707
11796	125711
11797	125717
11798	125731
11799	125737
11800	125743
11801	125753
11802	125777
11803	125789
11804	125791
11805	125803
11806	125813
11807	125821
11808	125863
11809	125887
11810	125897
11811	125899
11812	125921
11813	125927
11814	125929
11815	125933
11816	125941
11817	125959
11818	125963
11819	126001
11820	126011
11821	126013
11822	126019
11823	126023
11824	126031
11825	126037
11826	126041
11827	126047
11828	126067
11829	126079
11830	126097
11831	126107
11832	126127
11833	126131
11834	126143
11835	126151
11836	126173
11837	126199
11838	126211
11839	126223
11840	126227
11841	126229
11842	126233
11843	126241
11844	126257
11845	126271
11846	126307
11847	126311
11848	126317
11849	126323
11850	126337
11851	126341
11852	126349
11853	126359
11854	126397
11855	126421
11856	126433
11857	126443
11858	126457
11859	126461
11860	126473
11861	126481
11862	126487
11863	126491
11864	126493
11865	126499
11866	126517
11867	126541
11868	126547
11869	126551
11870	126583
11871	126601
11872	126611
11873	126613
11874	126631
11875	126641
11876	126653
11877	126683
11878	126691
11879	126703
11880	126713
11881	126719
11882	126733
11883	126739
11884	126743
11885	126751
11886	126757
11887	126761
11888	126781
11889	126823
11890	126827
11891	126839
11892	126851
11893	126857
11894	126859
11895	126913
11896	126923
11897	126943
11898	126949
11899	126961
11900	126967
11901	126989
11902	127031
11903	127033
11904	127037
11905	127051
11906	127079
11907	127081
11908	127103
11909	127123
11910	127133
11911	127139
11912	127157
11913	127163
11914	127189
11915	127207
11916	127217
11917	127219
11918	127241
11919	127247
11920	127249
11921	127261
11922	127271
11923	127277
11924	127289
11925	127291
11926	127297
11927	127301
11928	127321
11929	127331
11930	127343
11931	127363
11932	127373
11933	127399
11934	127403
11935	127423
11936	127447
11937	127453
11938	127481
11939	127487
11940	127493
11941	127507
11942	127529
11943	127541
11944	127549
11945	127579
11946	127583
11947	127591
11948	127597
11949	127601
11950	127607
11951	127609
11952	127637
11953	127643
11954	127649
11955	127657
11956	127663
11957	127669
11958	127679
11959	127681
11960	127691
11961	127703
11962	127709
11963	127711
11964	127717
11965	127727
11966	127733
11967	127739
11968	127747
11969	127763
11970	127781
11971	127807
11972	127817
11973	127819
11974	127837
11975	127843
11976	127849
11977	127859
11978	127867
11979	127873
11980	127877
11981	127913
11982	127921
11983	127931
11984	127951
11985	127973
11986	127979
11987	127997
11988	128021
11989	128033
11990	128047
11991	128053
11992	128099
11993	128111
11994	128113
11995	128119
11996	128147
11997	128153
11998	128159
11999	128173
12000	128189
