77001	978973
77002	978997
77003	979001
77004	979009
77005	979031
77006	979037
77007	979061
77008	979063
77009	979093
77010	979103
77011	979109
77012	979117
77013	979159
77014	979163
77015	979171
77016	979177
77017	979189
77018	979201
77019	979207
77020	979211
77021	979219
77022	979229
77023	979261
77024	979273
77025	979283
77026	979291
77027	979313
77028	979327
77029	979333
77030	979337
77031	979343
77032	979361
77033	979369
77034	979373
77035	979379
77036	979403
77037	979423
77038	979439
77039	979457
77040	979471
77041	979481
77042	979519
77043	979529
77044	979541
77045	979543
77046	979549
77047	979553
77048	979567
77049	979651
77050	979691
77051	979709
77052	979717
77053	979747
77054	979757
77055	979787
77056	979807
77057	979819
77058	979831
77059	979873
77060	979883
77061	979889
77062	979907
77063	979919
77064	979921
77065	979949
77066	979969
77067	979987
77068	980027
77069	980047
77070	980069
77071	980071
77072	980081
77073	980107
77074	980117
77075	980131
77076	980137
77077	980149
77078	980159
77079	980173
77080	980179
77081	980197
77082	980219
77083	980249
77084	980261
77085	980293
77086	980299
77087	980321
77088	980327
77089	980363
77090	980377
77091	980393
77092	980401
77093	980417
77094	980423
77095	980431
77096	980449
77097	980459
77098	980471
77099	980489
77100	980491
77101	980503
77102	980549
77103	980557
77104	980579
77105	980587
77106	980591
77107	980593
77108	980599
77109	980621
77110	980641
77111	980677
77112	980687
77113	980689
77114	980711
77115	980717
77116	980719
77117	980729
77118	980731
77119	980773
77120	980801
77121	980803
77122	980827
77123	980831
77124	980851
77125	980887
77126	980893
77127	980897
77128	980899
77129	980909
77130	980911
77131	980921
77132	980957
77133	980963
77134	980999
77135	981011
77136	981017
77137	981023
77138	981037
77139	981049
77140	981061
77141	981067
77142	981073
77143	981077
77144	981091
77145	981133
77146	981137
77147	981139
77148	981151
77149	981173
77150	981187
77151	981199
77152	981209
77153	981221
77154	981241
77155	981263
77156	981271
77157	981283
77158	981287
77159	981289
77160	981301
77161	981311
77162	981319
77163	981373
77164	981377
77165	981391
77166	981397
77167	981419
77168	981437
77169	981439
77170	981443
77171	981451
77172	981467
77173	981473
77174	981481
77175	981493
77176	981517
77177	981523
77178	981527
77179	981569
77180	981577
77181	981587
77182	981599
77183	981601
77184	981623
77185	981637
77186	981653
77187	981683
77188	981691
77189	981697
77190	981703
77191	981707
77192	981713
77193	981731
77194	981769
77195	981797
77196	981809
77197	981811
77198	981817
77199	981823
77200	981887
77201	981889
77202	981913
77203	981919
77204	981941
77205	981947
77206	981949
77207	981961
77208	981979
77209	981983
77210	982021
77211	982057
77212	982061
77213	982063
77214	982067
77215	982087
77216	982097
77217	982099
77218	982103
77219	982117
77220	982133
77221	982147
77222	982151
77223	982171
77224	982183
77225	982187
77226	982211
77227	982213
77228	982217
77229	982231
77230	982271
77231	982273
77232	982301
77233	982321
77234	982337
77235	982339
77236	982343
77237	982351
77238	982363
77239	982381
77240	982393
77241	982403
77242	982453
77243	982489
77244	982493
77245	982559
77246	982571
77247	982573
77248	982577
77249	982589
77250	982603
77251	982613
77252	982621
77253	982633
77254	982643
77255	982687
77256	982693
77257	982697
77258	982703
77259	982741
77260	982759
77261	982769
77262	982777
77263	982783
77264	982789
77265	982801
77266	982819
77267	982829
77268	982841
77269	982843
77270	982847
77271	982867
77272	982871
77273	982903
77274	982909
77275	982931
77276	982939
77277	982967
77278	982973
77279	982981
77280	983063
77281	983069
77282	983083
77283	983113
77284	983119
77285	983123
77286	983131
77287	983141
77288	983149
77289	983153
77290	983173
77291	983179
77292	983189
77293	983197
77294	983209
77295	983233
77296	983239
77297	983243
77298	983261
77299	983267
77300	983299
77301	983317
77302	983327
77303	983329
77304	983347
77305	983363
77306	983371
77307	983377
77308	983407
77309	983429
77310	983431
77311	983441
77312	983443
77313	983447
77314	983449
77315	983461
77316	983491
77317	983513
77318	983519
77319	983527
77320	983531
77321	983533
77322	983557
77323	983579
77324	983581
77325	983597
77326	983617
77327	983659
77328	983699
77329	983701
77330	983737
77331	983771
77332	983777
77333	983783
77334	983789
77335	983791
77336	983803
77337	983809
77338	983813
77339	983819
77340	983849
77341	983861
77342	983863
77343	983881
77344	983911
77345	983923
77346	983929
77347	983951
77348	983987
77349	983993
77350	984007
77351	984017
77352	984037
77353	984047
77354	984059
77355	984083
77356	984091
77357	984119
77358	984121
77359	984127
77360	984149
77361	984167
77362	984199
77363	984211
77364	984241
77365	984253
77366	984299
77367	984301
77368	984307
77369	984323
77370	984329
77371	984337
77372	984341
77373	984349
77374	984353
77375	984359
77376	984367
77377	984383
77378	984391
77379	984397
77380	984407
77381	984413
77382	984421
77383	984427
77384	984437
77385	984457
77386	984461
77387	984481
77388	984491
77389	984497
77390	984539
77391	984541
77392	984563
77393	984583
77394	984587
77395	984593
77396	984611
77397	984617
77398	984667
77399	984689
77400	984701
77401	984703
77402	984707
77403	984733
77404	984749
77405	984757
77406	984761
77407	984817
77408	984847
77409	984853
77410	984859
77411	984877
77412	984881
77413	984911
77414	984913
77415	984917
77416	984923
77417	984931
77418	984947
77419	984959
77420	985003
77421	985007
77422	985013
77423	985027
77424	985057
77425	985063
77426	985079
77427	985097
77428	985109
77429	985121
77430	985129
77431	985151
77432	985177
77433	985181
77434	985213
77435	985219
77436	985253
77437	985277
77438	985279
77439	985291
77440	985301
77441	985307
77442	985331
77443	985339
77444	985351
77445	985379
77446	985399
77447	985403
77448	985417
77449	985433
77450	985447
77451	985451
77452	985463
77453	985471
77454	985483
77455	985487
77456	985493
77457	985499
77458	985519
77459	985529
77460	985531
77461	985547
77462	985571
77463	985597
77464	985601
77465	985613
77466	985631
77467	985639
77468	985657
77469	985667
77470	985679
77471	985703
77472	985709
77473	985723
77474	985729
77475	985741
77476	985759
77477	985781
77478	985783
77479	985799
77480	985807
77481	985819
77482	985867
77483	985871
77484	985877
77485	985903
77486	985921
77487	985937
77488	985951
77489	985969
77490	985973
77491	985979
77492	985981
77493	985991
77494	985993
77495	985997
77496	986023
77497	986047
77498	986053
77499	986071
77500	986101
77501	986113
77502	986131
77503	986137
77504	986143
77505	986147
77506	986149
77507	986177
77508	986189
77509	986191
77510	986197
77511	986207
77512	986213
77513	986239
77514	986257
77515	986267
77516	986281
77517	986287
77518	986333
77519	986339
77520	986351
77521	986369
77522	986411
77523	986417
77524	986429
77525	986437
77526	986471
77527	986477
77528	986497
77529	986507
77530	986509
77531	986519
77532	986533
77533	986543
77534	986563
77535	986567
77536	986569
77537	986581
77538	986593
77539	986597
77540	986599
77541	986617
77542	986633
77543	986641
77544	986659
77545	986693
77546	986707
77547	986717
77548	986719
77549	986729
77550	986737
77551	986749
77552	986759
77553	986767
77554	986779
77555	986801
77556	986813
77557	986819
77558	986837
77559	986849
77560	986851
77561	986857
77562	986903
77563	986927
77564	986929
77565	986933
77566	986941
77567	986959
77568	986963
77569	986981
77570	986983
77571	986989
77572	987013
77573	987023
77574	987029
77575	987043
77576	987053
77577	987061
77578	987067
77579	987079
77580	987083
77581	987089
77582	987097
77583	987101
77584	987127
77585	987143
77586	987191
77587	987193
77588	987199
77589	987209
77590	987211
77591	987227
77592	987251
77593	987293
77594	987299
77595	987313
77596	987353
77597	987361
77598	987383
77599	987391
77600	987433
77601	987457
77602	987463
77603	987473
77604	987491
77605	987509
77606	987523
77607	987533
77608	987541
77609	987559
77610	987587
77611	987593
77612	987599
77613	987607
77614	987631
77615	987659
77616	987697
77617	987713
77618	987739
77619	987793
77620	987797
77621	987803
77622	987809
77623	987821
77624	987851
77625	987869
77626	987911
77627	987913
77628	987929
77629	987941
77630	987971
77631	987979
77632	987983
77633	987991
77634	987997
77635	988007
77636	988021
77637	988033
77638	988051
77639	988061
77640	988067
77641	988069
77642	988093
77643	988109
77644	988111
77645	988129
77646	988147
77647	988157
77648	988199
77649	988213
77650	988217
77651	988219
77652	988231
77653	988237
77654	988243
77655	988271
77656	988279
77657	988297
77658	988313
77659	988319
77660	988321
77661	988343
77662	988357
77663	988367
77664	988409
77665	988417
77666	988439
77667	988453
77668	988459
77669	988483
77670	988489
77671	988501
77672	988511
77673	988541
77674	988549
77675	988571
77676	988577
77677	988579
77678	988583
77679	988591
77680	988607
77681	988643
77682	988649
77683	988651
77684	988661
77685	988681
77686	988693
77687	988711
77688	988727
77689	988733
77690	988759
77691	988763
77692	988783
77693	988789
77694	988829
77695	988837
77696	988849
77697	988859
77698	988861
77699	988877
77700	988901
77701	988909
77702	988937
77703	988951
77704	988963
77705	988979
77706	989011
77707	989029
77708	989059
77709	989071
77710	989081
77711	989099
77712	989119
77713	989123
77714	989171
77715	989173
77716	989231
77717	989239
77718	989249
77719	989251
77720	989279
77721	989293
77722	989309
77723	989321
77724	989323
77725	989327
77726	989341
77727	989347
77728	989353
77729	989377
77730	989381
77731	989411
77732	989419
77733	989423
77734	989441
77735	989467
77736	989477
77737	989479
77738	989507
77739	989533
77740	989557
77741	989561
77742	989579
77743	989581
77744	989623
77745	989629
77746	989641
77747	989647
77748	989663
77749	989671
77750	989687
77751	989719
77752	989743
77753	989749
77754	989753
77755	989761
77756	989777
77757	989783
77758	989797
77759	989803
77760	989827
77761	989831
77762	989837
77763	989839
77764	989869
77765	989873
77766	989887
77767	989909
77768	989917
77769	989921
77770	989929
77771	989939
77772	989951
77773	989959
77774	989971
77775	989977
77776	989981
77777	989999
77778	990001
77779	990013
77780	990023
77781	990037
77782	990043
77783	990053
77784	990137
77785	990151
77786	990163
77787	990169
77788	990179
77789	990181
77790	990211
77791	990239
77792	990259
77793	990277
77794	990281
77795	990287
77796	990289
77797	990293
77798	990307
77799	990313
77800	990323
77801	990329
77802	990331
77803	990349
77804	990359
77805	990361
77806	990371
77807	990377
77808	990383
77809	990389
77810	990397
77811	990463
77812	990469
77813	990487
77814	990497
77815	990503
77816	990511
77817	990523
77818	990529
77819	990547
77820	990559
77821	990589
77822	990593
77823	990599
77824	990631
77825	990637
77826	990643
77827	990673
77828	990707
77829	990719
77830	990733
77831	990761
77832	990767
77833	990797
77834	990799
77835	990809
77836	990841
77837	990851
77838	990881
77839	990887
77840	990889
77841	990893
77842	990917
77843	990923
77844	990953
77845	990961
77846	990967
77847	990973
77848	990989
77849	991009
77850	991027
77851	991031
77852	991037
77853	991043
77854	991057
77855	991063
77856	991069
77857	991073
77858	991079
77859	991091
77860	991127
77861	991129
77862	991147
77863	991171
77864	991181
77865	991187
77866	991201
77867	991217
77868	991223
77869	991229
77870	991261
77871	991273
77872	991313
77873	991327
77874	991343
77875	991357
77876	991381
77877	991387
77878	991409
77879	991427
77880	991429
77881	991447
77882	991453
77883	991483
77884	991493
77885	991499
77886	991511
77887	991531
77888	991541
77889	991547
77890	991567
77891	991579
77892	991603
77893	991607
77894	991619
77895	991621
77896	991633
77897	991643
77898	991651
77899	991663
77900	991693
77901	991703
77902	991717
77903	991723
77904	991733
77905	991741
77906	991751
77907	991777
77908	991811
77909	991817
77910	991867
77911	991871
77912	991873
77913	991883
77914	991889
77915	991901
77916	991909
77917	991927
77918	991931
77919	991943
77920	991951
77921	991957
77922	991961
77923	991973
77924	991979
77925	991981
77926	991987
77927	991999
77928	992011
77929	992021
77930	992023
77931	992051
77932	992087
77933	992111
77934	992113
77935	992129
77936	992141
77937	992153
77938	992179
77939	992183
77940	992219
77941	992231
77942	992249
77943	992263
77944	992267
77945	992269
77946	992281
77947	992309
77948	992317
77949	992357
77950	992359
77951	992363
77952	992371
77953	992393
77954	992417
77955	992429
77956	992437
77957	992441
77958	992449
77959	992461
77960	992513
77961	992521
77962	992539
77963	992549
77964	992561
77965	992591
77966	992603
77967	992609
77968	992623
77969	992633
77970	992659
77971	992689
77972	992701
77973	992707
77974	992723
77975	992737
77976	992777
77977	992801
77978	992809
77979	992819
77980	992843
77981	992857
77982	992861
77983	992863
77984	992867
77985	992891
77986	992903
77987	992917
77988	992923
77989	992941
77990	992947
77991	992963
77992	992983
77993	993001
77994	993011
77995	993037
77996	993049
77997	993053
77998	993079
77999	993103
78000	993107
