74001	937421
74002	937429
74003	937459
74004	937463
74005	937477
74006	937481
74007	937501
74008	937511
74009	937537
74010	937571
74011	937577
74012	937589
74013	937591
74014	937613
74015	937627
74016	937633
74017	937637
74018	937639
74019	937661
74020	937663
74021	937667
74022	937679
74023	937681
74024	937693
74025	937709
74026	937721
74027	937747
74028	937751
74029	937777
74030	937789
74031	937801
74032	937813
74033	937819
74034	937823
74035	937841
74036	937847
74037	937877
74038	937883
74039	937891
74040	937901
74041	937903
74042	937919
74043	937927
74044	937943
74045	937949
74046	937969
74047	937991
74048	938017
74049	938023
74050	938027
74051	938033
74052	938051
74053	938053
74054	938057
74055	938059
74056	938071
74057	938083
74058	938089
74059	938099
74060	938107
74061	938117
74062	938129
74063	938183
74064	938207
74065	938219
74066	938233
74067	938243
74068	938251
74069	938257
74070	938263
74071	938279
74072	938293
74073	938309
74074	938323
74075	938341
74076	938347
74077	938351
74078	938359
74079	938369
74080	938387
74081	938393
74082	938437
74083	938447
74084	938453
74085	938459
74086	938491
74087	938507
74088	938533
74089	938537
74090	938563
74091	938569
74092	938573
74093	938591
74094	938611
74095	938617
74096	938659
74097	938677
74098	938681
74099	938713
74100	938747
74101	938761
74102	938803
74103	938807
74104	938827
74105	938831
74106	938843
74107	938857
74108	938869
74109	938879
74110	938881
74111	938921
74112	938939
74113	938947
74114	938953
74115	938963
74116	938969
74117	938981
74118	938983
74119	938989
74120	939007
74121	939011
74122	939019
74123	939061
74124	939089
74125	939091
74126	939109
74127	939119
74128	939121
74129	939157
74130	939167
74131	939179
74132	939181
74133	939193
74134	939203
74135	939229
74136	939247
74137	939287
74138	939293
74139	939299
74140	939317
74141	939347
74142	939349
74143	939359
74144	939361
74145	939373
74146	939377
74147	939391
74148	939413
74149	939431
74150	939439
74151	939443
74152	939451
74153	939469
74154	939487
74155	939511
74156	939551
74157	939581
74158	939599
74159	939611
74160	939613
74161	939623
74162	939649
74163	939661
74164	939677
74165	939707
74166	939713
74167	939737
74168	939739
74169	939749
74170	939767
74171	939769
74172	939773
74173	939791
74174	939793
74175	939823
74176	939839
74177	939847
74178	939853
74179	939871
74180	939881
74181	939901
74182	939923
74183	939931
74184	939971
74185	939973
74186	939989
74187	939997
74188	940001
74189	940003
74190	940019
74191	940031
74192	940067
74193	940073
74194	940087
74195	940097
74196	940127
74197	940157
74198	940169
74199	940183
74200	940189
74201	940201
74202	940223
74203	940229
74204	940241
74205	940249
74206	940259
74207	940271
74208	940279
74209	940297
74210	940301
74211	940319
74212	940327
74213	940349
74214	940351
74215	940361
74216	940369
74217	940399
74218	940403
74219	940421
74220	940469
74221	940477
74222	940483
74223	940501
74224	940523
74225	940529
74226	940531
74227	940543
74228	940547
74229	940549
74230	940553
74231	940573
74232	940607
74233	940619
74234	940649
74235	940669
74236	940691
74237	940703
74238	940721
74239	940727
74240	940733
74241	940739
74242	940759
74243	940781
74244	940783
74245	940787
74246	940801
74247	940813
74248	940817
74249	940829
74250	940853
74251	940871
74252	940879
74253	940889
74254	940903
74255	940913
74256	940921
74257	940931
74258	940949
74259	940957
74260	940981
74261	940993
74262	941009
74263	941011
74264	941023
74265	941027
74266	941041
74267	941093
74268	941099
74269	941117
74270	941119
74271	941123
74272	941131
74273	941153
74274	941159
74275	941167
74276	941179
74277	941201
74278	941207
74279	941209
74280	941221
74281	941249
74282	941251
74283	941263
74284	941267
74285	941299
74286	941309
74287	941323
74288	941329
74289	941351
74290	941359
74291	941383
74292	941407
74293	941429
74294	941441
74295	941449
74296	941453
74297	941461
74298	941467
74299	941471
74300	941489
74301	941491
74302	941503
74303	941509
74304	941513
74305	941519
74306	941537
74307	941557
74308	941561
74309	941573
74310	941593
74311	941599
74312	941609
74313	941617
74314	941641
74315	941653
74316	941663
74317	941669
74318	941671
74319	941683
74320	941701
74321	941723
74322	941737
74323	941741
74324	941747
74325	941753
74326	941771
74327	941791
74328	941813
74329	941839
74330	941861
74331	941879
74332	941903
74333	941911
74334	941929
74335	941933
74336	941947
74337	941971
74338	941981
74339	941989
74340	941999
74341	942013
74342	942017
74343	942031
74344	942037
74345	942041
74346	942043
74347	942049
74348	942061
74349	942079
74350	942091
74351	942101
74352	942113
74353	942143
74354	942163
74355	942167
74356	942169
74357	942187
74358	942199
74359	942217
74360	942223
74361	942247
74362	942257
74363	942269
74364	942301
74365	942311
74366	942313
74367	942317
74368	942341
74369	942367
74370	942371
74371	942401
74372	942433
74373	942437
74374	942439
74375	942449
74376	942479
74377	942509
74378	942521
74379	942527
74380	942541
74381	942569
74382	942577
74383	942583
74384	942593
74385	942607
74386	942637
74387	942653
74388	942659
74389	942661
74390	942691
74391	942709
74392	942719
74393	942727
74394	942749
74395	942763
74396	942779
74397	942787
74398	942811
74399	942827
74400	942847
74401	942853
74402	942857
74403	942859
74404	942869
74405	942883
74406	942889
74407	942899
74408	942901
74409	942917
74410	942943
74411	942979
74412	942983
74413	943003
74414	943009
74415	943013
74416	943031
74417	943043
74418	943057
74419	943073
74420	943079
74421	943081
74422	943091
74423	943097
74424	943127
74425	943139
74426	943153
74427	943157
74428	943183
74429	943199
74430	943213
74431	943219
74432	943231
74433	943249
74434	943273
74435	943277
74436	943289
74437	943301
74438	943303
74439	943307
74440	943321
74441	943343
74442	943357
74443	943363
74444	943367
74445	943373
74446	943387
74447	943403
74448	943409
74449	943421
74450	943429
74451	943471
74452	943477
74453	943499
74454	943511
74455	943541
74456	943543
74457	943567
74458	943571
74459	943589
74460	943601
74461	943603
74462	943637
74463	943651
74464	943693
74465	943699
74466	943729
74467	943741
74468	943751
74469	943757
74470	943763
74471	943769
74472	943777
74473	943781
74474	943783
74475	943799
74476	943801
74477	943819
74478	943837
74479	943841
74480	943843
74481	943849
74482	943871
74483	943903
74484	943909
74485	943913
74486	943931
74487	943951
74488	943967
74489	944003
74490	944017
74491	944029
74492	944039
74493	944071
74494	944077
74495	944123
74496	944137
74497	944143
74498	944147
74499	944149
74500	944161
74501	944179
74502	944191
74503	944233
74504	944239
74505	944257
74506	944261
74507	944263
74508	944297
74509	944309
74510	944329
74511	944369
74512	944387
74513	944389
74514	944393
74515	944399
74516	944417
74517	944429
74518	944431
74519	944453
74520	944467
74521	944473
74522	944491
74523	944497
74524	944519
74525	944521
74526	944527
74527	944533
74528	944543
74529	944551
74530	944561
74531	944563
74532	944579
74533	944591
74534	944609
74535	944621
74536	944651
74537	944659
74538	944677
74539	944687
74540	944689
74541	944701
74542	944711
74543	944717
74544	944729
74545	944731
74546	944773
74547	944777
74548	944803
74549	944821
74550	944833
74551	944857
74552	944873
74553	944887
74554	944893
74555	944897
74556	944899
74557	944929
74558	944953
74559	944963
74560	944969
74561	944987
74562	945031
74563	945037
74564	945059
74565	945089
74566	945103
74567	945143
74568	945151
74569	945179
74570	945209
74571	945211
74572	945227
74573	945233
74574	945289
74575	945293
74576	945331
74577	945341
74578	945349
74579	945359
74580	945367
74581	945377
74582	945389
74583	945391
74584	945397
74585	945409
74586	945431
74587	945457
74588	945463
74589	945473
74590	945479
74591	945481
74592	945521
74593	945547
74594	945577
74595	945587
74596	945589
74597	945601
74598	945629
74599	945631
74600	945647
74601	945671
74602	945673
74603	945677
74604	945701
74605	945731
74606	945733
74607	945739
74608	945767
74609	945787
74610	945799
74611	945809
74612	945811
74613	945817
74614	945823
74615	945851
74616	945881
74617	945883
74618	945887
74619	945899
74620	945907
74621	945929
74622	945937
74623	945941
74624	945943
74625	945949
74626	945961
74627	945983
74628	946003
74629	946021
74630	946031
74631	946037
74632	946079
74633	946081
74634	946091
74635	946093
74636	946109
74637	946111
74638	946123
74639	946133
74640	946163
74641	946177
74642	946193
74643	946207
74644	946223
74645	946249
74646	946273
74647	946291
74648	946307
74649	946327
74650	946331
74651	946367
74652	946369
74653	946391
74654	946397
74655	946411
74656	946417
74657	946453
74658	946459
74659	946469
74660	946487
74661	946489
74662	946507
74663	946511
74664	946513
74665	946549
74666	946573
74667	946579
74668	946607
74669	946661
74670	946663
74671	946667
74672	946669
74673	946681
74674	946697
74675	946717
74676	946727
74677	946733
74678	946741
74679	946753
74680	946769
74681	946783
74682	946801
74683	946819
74684	946823
74685	946853
74686	946859
74687	946861
74688	946873
74689	946877
74690	946901
74691	946919
74692	946931
74693	946943
74694	946949
74695	946961
74696	946969
74697	946987
74698	946993
74699	946997
74700	947027
74701	947033
74702	947083
74703	947119
74704	947129
74705	947137
74706	947171
74707	947183
74708	947197
74709	947203
74710	947239
74711	947263
74712	947299
74713	947327
74714	947341
74715	947351
74716	947357
74717	947369
74718	947377
74719	947381
74720	947383
74721	947389
74722	947407
74723	947411
74724	947413
74725	947417
74726	947423
74727	947431
74728	947449
74729	947483
74730	947501
74731	947509
74732	947539
74733	947561
74734	947579
74735	947603
74736	947621
74737	947627
74738	947641
74739	947647
74740	947651
74741	947659
74742	947707
74743	947711
74744	947719
74745	947729
74746	947741
74747	947743
74748	947747
74749	947753
74750	947773
74751	947783
74752	947803
74753	947819
74754	947833
74755	947851
74756	947857
74757	947861
74758	947873
74759	947893
74760	947911
74761	947917
74762	947927
74763	947959
74764	947963
74765	947987
74766	948007
74767	948019
74768	948029
74769	948041
74770	948049
74771	948053
74772	948061
74773	948067
74774	948089
74775	948091
74776	948133
74777	948139
74778	948149
74779	948151
74780	948169
74781	948173
74782	948187
74783	948247
74784	948253
74785	948263
74786	948281
74787	948287
74788	948293
74789	948317
74790	948331
74791	948349
74792	948377
74793	948391
74794	948401
74795	948403
74796	948407
74797	948427
74798	948439
74799	948443
74800	948449
74801	948457
74802	948469
74803	948487
74804	948517
74805	948533
74806	948547
74807	948551
74808	948557
74809	948581
74810	948593
74811	948659
74812	948671
74813	948707
74814	948713
74815	948721
74816	948749
74817	948767
74818	948797
74819	948799
74820	948839
74821	948847
74822	948853
74823	948877
74824	948887
74825	948901
74826	948907
74827	948929
74828	948943
74829	948947
74830	948971
74831	948973
74832	948989
74833	949001
74834	949019
74835	949021
74836	949033
74837	949037
74838	949043
74839	949051
74840	949111
74841	949121
74842	949129
74843	949147
74844	949153
74845	949159
74846	949171
74847	949211
74848	949213
74849	949241
74850	949243
74851	949253
74852	949261
74853	949303
74854	949307
74855	949381
74856	949387
74857	949391
74858	949409
74859	949423
74860	949427
74861	949439
74862	949441
74863	949451
74864	949453
74865	949471
74866	949477
74867	949513
74868	949517
74869	949523
74870	949567
74871	949583
74872	949589
74873	949607
74874	949609
74875	949621
74876	949631
74877	949633
74878	949643
74879	949649
74880	949651
74881	949667
74882	949673
74883	949687
74884	949691
74885	949699
74886	949733
74887	949759
74888	949771
74889	949777
74890	949789
74891	949811
74892	949849
74893	949853
74894	949889
74895	949891
74896	949903
74897	949931
74898	949937
74899	949939
74900	949951
74901	949957
74902	949961
74903	949967
74904	949973
74905	949979
74906	949987
74907	949997
74908	950009
74909	950023
74910	950029
74911	950039
74912	950041
74913	950071
74914	950083
74915	950099
74916	950111
74917	950149
74918	950161
74919	950177
74920	950179
74921	950207
74922	950221
74923	950227
74924	950231
74925	950233
74926	950239
74927	950251
74928	950269
74929	950281
74930	950329
74931	950333
74932	950347
74933	950357
74934	950363
74935	950393
74936	950401
74937	950423
74938	950447
74939	950459
74940	950461
74941	950473
74942	950479
74943	950483
74944	950497
74945	950501
74946	950507
74947	950519
74948	950527
74949	950531
74950	950557
74951	950569
74952	950611
74953	950617
74954	950633
74955	950639
74956	950647
74957	950671
74958	950681
74959	950689
74960	950693
74961	950699
74962	950717
74963	950723
74964	950737
74965	950743
74966	950753
74967	950783
74968	950791
74969	950809
74970	950813
74971	950819
74972	950837
74973	950839
74974	950867
74975	950869
74976	950879
74977	950921
74978	950927
74979	950933
74980	950947
74981	950953
74982	950959
74983	950993
74984	951001
74985	951019
74986	951023
74987	951029
74988	951047
74989	951053
74990	951059
74991	951061
74992	951079
74993	951089
74994	951091
74995	951101
74996	951107
74997	951109
74998	951131
74999	951151
75000	951161
