99001	1285519
99002	1285547
99003	1285549
99004	1285553
99005	1285607
99006	1285619
99007	1285633
99008	1285649
99009	1285679
99010	1285699
99011	1285703
99012	1285717
99013	1285741
99014	1285747
99015	1285759
99016	1285763
99017	1285777
99018	1285789
99019	1285793
99020	1285799
99021	1285811
99022	1285813
99023	1285841
99024	1285847
99025	1285853
99026	1285859
99027	1285871
99028	1285877
99029	1285891
99030	1285903
99031	1285913
99032	1285937
99033	1285943
99034	1285969
99035	1285981
99036	1285993
99037	1286011
99038	1286017
99039	1286039
99040	1286071
99041	1286081
99042	1286093
99043	1286099
99044	1286107
99045	1286119
99046	1286147
99047	1286149
99048	1286177
99049	1286189
99050	1286191
99051	1286209
99052	1286227
99053	1286239
99054	1286261
99055	1286267
99056	1286269
99057	1286273
99058	1286287
99059	1286303
99060	1286323
99061	1286359
99062	1286371
99063	1286381
99064	1286387
99065	1286399
99066	1286419
99067	1286447
99068	1286489
99069	1286491
99070	1286503
99071	1286513
99072	1286521
99073	1286533
99074	1286557
99075	1286561
99076	1286569
99077	1286581
99078	1286587
99079	1286617
99080	1286629
99081	1286633
99082	1286641
99083	1286647
99084	1286653
99085	1286657
99086	1286669
99087	1286683
99088	1286693
99089	1286707
99090	1286711
99091	1286773
99092	1286777
99093	1286783
99094	1286797
99095	1286807
99096	1286819
99097	1286821
99098	1286833
99099	1286837
99100	1286839
99101	1286843
99102	1286881
99103	1286939
99104	1286941
99105	1286953
99106	1286959
99107	1286969
99108	1286981
99109	1286983
99110	1287007
99111	1287047
99112	1287059
99113	1287061
99114	1287067
99115	1287071
99116	1287101
99117	1287109
99118	1287131
99119	1287133
99120	1287157
99121	1287163
99122	1287173
99123	1287179
99124	1287197
99125	1287199
99126	1287217
99127	1287233
99128	1287239
99129	1287289
99130	1287323
99131	1287329
99132	1287343
99133	1287347
99134	1287353
99135	1287361
99136	1287371
99137	1287373
99138	1287401
99139	1287431
99140	1287457
99141	1287467
99142	1287469
99143	1287479
99144	1287487
99145	1287491
99146	1287499
99147	1287511
99148	1287541
99149	1287551
99150	1287553
99151	1287569
99152	1287589
99153	1287593
99154	1287607
99155	1287613
99156	1287623
99157	1287661
99158	1287683
99159	1287691
99160	1287697
99161	1287707
99162	1287731
99163	1287739
99164	1287743
99165	1287749
99166	1287751
99167	1287757
99168	1287761
99169	1287787
99170	1287799
99171	1287817
99172	1287821
99173	1287829
99174	1287841
99175	1287857
99176	1287883
99177	1287887
99178	1287899
99179	1287917
99180	1287947
99181	1287961
99182	1287967
99183	1287973
99184	1287983
99185	1287989
99186	1287997
99187	1288003
99188	1288009
99189	1288013
99190	1288033
99191	1288037
99192	1288043
99193	1288051
99194	1288057
99195	1288061
99196	1288099
99197	1288103
99198	1288109
99199	1288117
99200	1288163
99201	1288169
99202	1288171
99203	1288187
99204	1288193
99205	1288201
99206	1288213
99207	1288247
99208	1288249
99209	1288291
99210	1288307
99211	1288337
99212	1288349
99213	1288361
99214	1288363
99215	1288367
99216	1288393
99217	1288421
99218	1288423
99219	1288429
99220	1288439
99221	1288487
99222	1288513
99223	1288519
99224	1288531
99225	1288541
99226	1288543
99227	1288559
99228	1288571
99229	1288597
99230	1288603
99231	1288607
99232	1288613
99233	1288643
99234	1288649
99235	1288657
99236	1288691
99237	1288697
99238	1288699
99239	1288709
99240	1288711
99241	1288733
99242	1288769
99243	1288783
99244	1288799
99245	1288817
99246	1288823
99247	1288829
99248	1288831
99249	1288843
99250	1288849
99251	1288853
99252	1288871
99253	1288873
99254	1288877
99255	1288891
99256	1288919
99257	1288921
99258	1288933
99259	1288939
99260	1288951
99261	1288967
99262	1288981
99263	1288993
99264	1288997
99265	1289003
99266	1289009
99267	1289027
99268	1289039
99269	1289053
99270	1289077
99271	1289083
99272	1289111
99273	1289129
99274	1289149
99275	1289153
99276	1289159
99277	1289179
99278	1289213
99279	1289231
99280	1289237
99281	1289261
99282	1289273
99283	1289287
99284	1289303
99285	1289329
99286	1289333
99287	1289341
99288	1289363
99289	1289371
99290	1289381
99291	1289401
99292	1289411
99293	1289423
99294	1289429
99295	1289447
99296	1289459
99297	1289513
99298	1289531
99299	1289537
99300	1289551
99301	1289557
99302	1289567
99303	1289593
99304	1289597
99305	1289599
99306	1289621
99307	1289623
99308	1289627
99309	1289653
99310	1289657
99311	1289677
99312	1289711
99313	1289713
99314	1289731
99315	1289747
99316	1289749
99317	1289753
99318	1289779
99319	1289789
99320	1289801
99321	1289803
99322	1289831
99323	1289839
99324	1289851
99325	1289867
99326	1289881
99327	1289921
99328	1289927
99329	1289933
99330	1289963
99331	1289969
99332	1289971
99333	1290013
99334	1290019
99335	1290031
99336	1290049
99337	1290077
99338	1290083
99339	1290109
99340	1290131
99341	1290143
99342	1290151
99343	1290161
99344	1290167
99345	1290169
99346	1290173
99347	1290199
99348	1290203
99349	1290209
99350	1290257
99351	1290259
99352	1290287
99353	1290293
99354	1290299
99355	1290319
99356	1290329
99357	1290371
99358	1290379
99359	1290427
99360	1290431
99361	1290433
99362	1290439
99363	1290463
99364	1290467
99365	1290469
99366	1290491
99367	1290503
99368	1290533
99369	1290539
99370	1290551
99371	1290563
99372	1290571
99373	1290581
99374	1290593
99375	1290607
99376	1290629
99377	1290631
99378	1290637
99379	1290643
99380	1290649
99381	1290659
99382	1290673
99383	1290683
99384	1290719
99385	1290791
99386	1290811
99387	1290823
99388	1290847
99389	1290853
99390	1290857
99391	1290869
99392	1290901
99393	1290907
99394	1290923
99395	1290937
99396	1290983
99397	1291001
99398	1291007
99399	1291009
99400	1291019
99401	1291021
99402	1291063
99403	1291079
99404	1291111
99405	1291117
99406	1291139
99407	1291153
99408	1291159
99409	1291163
99410	1291177
99411	1291193
99412	1291211
99413	1291217
99414	1291219
99415	1291223
99416	1291229
99417	1291249
99418	1291271
99419	1291313
99420	1291321
99421	1291327
99422	1291343
99423	1291349
99424	1291357
99425	1291369
99426	1291379
99427	1291387
99428	1291391
99429	1291421
99430	1291447
99431	1291453
99432	1291471
99433	1291481
99434	1291483
99435	1291489
99436	1291501
99437	1291523
99438	1291547
99439	1291567
99440	1291579
99441	1291603
99442	1291637
99443	1291669
99444	1291673
99445	1291691
99446	1291783
99447	1291793
99448	1291799
99449	1291817
99450	1291819
99451	1291831
99452	1291861
99453	1291877
99454	1291883
99455	1291907
99456	1291909
99457	1291931
99458	1291957
99459	1291963
99460	1291967
99461	1291991
99462	1291999
99463	1292009
99464	1292023
99465	1292029
99466	1292063
99467	1292069
99468	1292089
99469	1292099
99470	1292113
99471	1292131
99472	1292141
99473	1292143
99474	1292149
99475	1292167
99476	1292177
99477	1292219
99478	1292237
99479	1292243
99480	1292251
99481	1292257
99482	1292261
99483	1292281
99484	1292293
99485	1292309
99486	1292329
99487	1292339
99488	1292353
99489	1292371
99490	1292383
99491	1292387
99492	1292419
99493	1292429
99494	1292441
99495	1292477
99496	1292491
99497	1292503
99498	1292509
99499	1292539
99500	1292549
99501	1292563
99502	1292567
99503	1292579
99504	1292587
99505	1292591
99506	1292593
99507	1292597
99508	1292609
99509	1292633
99510	1292639
99511	1292653
99512	1292657
99513	1292659
99514	1292693
99515	1292701
99516	1292713
99517	1292717
99518	1292729
99519	1292737
99520	1292783
99521	1292789
99522	1292801
99523	1292813
99524	1292831
99525	1292843
99526	1292857
99527	1292887
99528	1292927
99529	1292947
99530	1292953
99531	1292957
99532	1292971
99533	1292983
99534	1292989
99535	1292999
99536	1293001
99537	1293011
99538	1293031
99539	1293077
99540	1293119
99541	1293133
99542	1293137
99543	1293157
99544	1293169
99545	1293179
99546	1293199
99547	1293203
99548	1293233
99549	1293239
99550	1293247
99551	1293251
99552	1293277
99553	1293283
99554	1293287
99555	1293307
99556	1293317
99557	1293319
99558	1293323
99559	1293329
99560	1293361
99561	1293367
99562	1293373
99563	1293401
99564	1293419
99565	1293421
99566	1293433
99567	1293473
99568	1293491
99569	1293493
99570	1293499
99571	1293529
99572	1293533
99573	1293541
99574	1293553
99575	1293559
99576	1293583
99577	1293587
99578	1293613
99579	1293619
99580	1293647
99581	1293659
99582	1293701
99583	1293739
99584	1293757
99585	1293763
99586	1293791
99587	1293797
99588	1293821
99589	1293829
99590	1293839
99591	1293841
99592	1293857
99593	1293869
99594	1293899
99595	1293917
99596	1293923
99597	1293931
99598	1293947
99599	1293949
99600	1293961
99601	1293967
99602	1293977
99603	1293979
99604	1293983
99605	1294019
99606	1294021
99607	1294031
99608	1294037
99609	1294039
99610	1294061
99611	1294081
99612	1294087
99613	1294103
99614	1294121
99615	1294123
99616	1294129
99617	1294169
99618	1294177
99619	1294199
99620	1294201
99621	1294231
99622	1294253
99623	1294273
99624	1294277
99625	1294301
99626	1294303
99627	1294309
99628	1294339
99629	1294351
99630	1294361
99631	1294367
99632	1294369
99633	1294393
99634	1294399
99635	1294453
99636	1294459
99637	1294471
99638	1294477
99639	1294483
99640	1294561
99641	1294571
99642	1294583
99643	1294597
99644	1294609
99645	1294621
99646	1294627
99647	1294633
99648	1294639
99649	1294649
99650	1294651
99651	1294691
99652	1294721
99653	1294723
99654	1294729
99655	1294753
99656	1294757
99657	1294759
99658	1294817
99659	1294823
99660	1294841
99661	1294849
99662	1294939
99663	1294957
99664	1294967
99665	1294973
99666	1294987
99667	1294999
99668	1295003
99669	1295027
99670	1295033
99671	1295051
99672	1295057
99673	1295069
99674	1295071
99675	1295081
99676	1295089
99677	1295113
99678	1295131
99679	1295137
99680	1295159
99681	1295183
99682	1295191
99683	1295201
99684	1295207
99685	1295219
99686	1295221
99687	1295243
99688	1295263
99689	1295279
99690	1295293
99691	1295297
99692	1295299
99693	1295309
99694	1295317
99695	1295321
99696	1295323
99697	1295339
99698	1295347
99699	1295369
99700	1295377
99701	1295387
99702	1295389
99703	1295447
99704	1295473
99705	1295491
99706	1295501
99707	1295513
99708	1295533
99709	1295543
99710	1295549
99711	1295551
99712	1295561
99713	1295563
99714	1295603
99715	1295611
99716	1295617
99717	1295639
99718	1295647
99719	1295653
99720	1295681
99721	1295711
99722	1295717
99723	1295737
99724	1295741
99725	1295747
99726	1295761
99727	1295783
99728	1295803
99729	1295809
99730	1295813
99731	1295839
99732	1295849
99733	1295867
99734	1295869
99735	1295873
99736	1295881
99737	1295947
99738	1295953
99739	1295989
99740	1295993
99741	1296007
99742	1296011
99743	1296019
99744	1296023
99745	1296037
99746	1296041
99747	1296059
99748	1296077
99749	1296089
99750	1296101
99751	1296109
99752	1296137
99753	1296143
99754	1296167
99755	1296181
99756	1296187
99757	1296209
99758	1296227
99759	1296277
99760	1296283
99761	1296287
99762	1296293
99763	1296319
99764	1296331
99765	1296341
99766	1296343
99767	1296371
99768	1296391
99769	1296409
99770	1296413
99771	1296419
99772	1296467
99773	1296473
99774	1296481
99775	1296499
99776	1296511
99777	1296521
99778	1296523
99779	1296551
99780	1296557
99781	1296563
99782	1296571
99783	1296583
99784	1296587
99785	1296593
99786	1296601
99787	1296613
99788	1296623
99789	1296629
99790	1296649
99791	1296679
99792	1296689
99793	1296703
99794	1296721
99795	1296727
99796	1296749
99797	1296781
99798	1296787
99799	1296803
99800	1296817
99801	1296829
99802	1296833
99803	1296839
99804	1296877
99805	1296899
99806	1296907
99807	1296929
99808	1296949
99809	1296973
99810	1296983
99811	1297001
99812	1297003
99813	1297013
99814	1297019
99815	1297027
99816	1297057
99817	1297061
99818	1297063
99819	1297091
99820	1297103
99821	1297123
99822	1297129
99823	1297139
99824	1297147
99825	1297157
99826	1297169
99827	1297171
99828	1297193
99829	1297201
99830	1297211
99831	1297217
99832	1297229
99833	1297243
99834	1297249
99835	1297271
99836	1297273
99837	1297279
99838	1297297
99839	1297313
99840	1297333
99841	1297337
99842	1297349
99843	1297357
99844	1297367
99845	1297369
99846	1297393
99847	1297397
99848	1297399
99849	1297403
99850	1297411
99851	1297421
99852	1297447
99853	1297451
99854	1297459
99855	1297477
99856	1297487
99857	1297501
99858	1297507
99859	1297519
99860	1297523
99861	1297537
99862	1297561
99863	1297573
99864	1297601
99865	1297607
99866	1297619
99867	1297631
99868	1297633
99869	1297649
99870	1297651
99871	1297657
99872	1297669
99873	1297687
99874	1297693
99875	1297727
99876	1297739
99877	1297771
99878	1297781
99879	1297799
99880	1297841
99881	1297847
99882	1297853
99883	1297873
99884	1297927
99885	1297963
99886	1297973
99887	1297979
99888	1297993
99889	1298027
99890	1298039
99891	1298047
99892	1298053
99893	1298057
99894	1298111
99895	1298113
99896	1298117
99897	1298119
99898	1298131
99899	1298149
99900	1298161
99901	1298173
99902	1298191
99903	1298197
99904	1298221
99905	1298261
99906	1298279
99907	1298291
99908	1298309
99909	1298317
99910	1298329
99911	1298333
99912	1298351
99913	1298357
99914	1298371
99915	1298387
99916	1298467
99917	1298489
99918	1298491
99919	1298537
99920	1298551
99921	1298573
99922	1298581
99923	1298611
99924	1298617
99925	1298641
99926	1298651
99927	1298653
99928	1298699
99929	1298719
99930	1298723
99931	1298747
99932	1298771
99933	1298779
99934	1298789
99935	1298797
99936	1298809
99937	1298819
99938	1298831
99939	1298849
99940	1298863
99941	1298887
99942	1298909
99943	1298911
99944	1298923
99945	1298951
99946	1298963
99947	1298981
99948	1298989
99949	1299007
99950	1299013
99951	1299019
99952	1299029
99953	1299041
99954	1299059
99955	1299061
99956	1299079
99957	1299097
99958	1299101
99959	1299143
99960	1299169
99961	1299173
99962	1299187
99963	1299203
99964	1299209
99965	1299211
99966	1299223
99967	1299227
99968	1299257
99969	1299269
99970	1299283
99971	1299289
99972	1299299
99973	1299317
99974	1299323
99975	1299341
99976	1299343
99977	1299349
99978	1299359
99979	1299367
99980	1299377
99981	1299379
99982	1299437
99983	1299439
99984	1299449
99985	1299451
99986	1299457
99987	1299491
99988	1299499
99989	1299533
99990	1299541
99991	1299553
99992	1299583
99993	1299601
99994	1299631
99995	1299637
99996	1299647
99997	1299653
99998	1299673
99999	1299689
100000	1299709
