38001	453907
38002	453913
38003	453923
38004	453931
38005	453949
38006	453961
38007	453977
38008	453983
38009	453991
38010	454009
38011	454021
38012	454031
38013	454033
38014	454039
38015	454061
38016	454063
38017	454079
38018	454109
38019	454141
38020	454151
38021	454159
38022	454183
38023	454199
38024	454211
38025	454213
38026	454219
38027	454229
38028	454231
38029	454247
38030	454253
38031	454277
38032	454297
38033	454303
38034	454313
38035	454331
38036	454351
38037	454357
38038	454361
38039	454379
38040	454387
38041	454409
38042	454417
38043	454451
38044	454453
38045	454483
38046	454501
38047	454507
38048	454513
38049	454541
38050	454543
38051	454547
38052	454577
38053	454579
38054	454603
38055	454609
38056	454627
38057	454637
38058	454673
38059	454679
38060	454709
38061	454711
38062	454721
38063	454723
38064	454759
38065	454763
38066	454777
38067	454799
38068	454823
38069	454843
38070	454847
38071	454849
38072	454859
38073	454889
38074	454891
38075	454907
38076	454919
38077	454921
38078	454931
38079	454943
38080	454967
38081	454969
38082	454973
38083	454991
38084	455003
38085	455011
38086	455033
38087	455047
38088	455053
38089	455093
38090	455099
38091	455123
38092	455149
38093	455159
38094	455167
38095	455171
38096	455177
38097	455201
38098	455219
38099	455227
38100	455233
38101	455237
38102	455261
38103	455263
38104	455269
38105	455291
38106	455309
38107	455317
38108	455321
38109	455333
38110	455339
38111	455341
38112	455353
38113	455381
38114	455393
38115	455401
38116	455407
38117	455419
38118	455431
38119	455437
38120	455443
38121	455461
38122	455471
38123	455473
38124	455479
38125	455489
38126	455491
38127	455513
38128	455527
38129	455531
38130	455537
38131	455557
38132	455573
38133	455579
38134	455597
38135	455599
38136	455603
38137	455627
38138	455647
38139	455659
38140	455681
38141	455683
38142	455687
38143	455701
38144	455711
38145	455717
38146	455737
38147	455761
38148	455783
38149	455789
38150	455809
38151	455827
38152	455831
38153	455849
38154	455863
38155	455881
38156	455899
38157	455921
38158	455933
38159	455941
38160	455953
38161	455969
38162	455977
38163	455989
38164	455993
38165	455999
38166	456007
38167	456013
38168	456023
38169	456037
38170	456047
38171	456061
38172	456091
38173	456107
38174	456109
38175	456119
38176	456149
38177	456151
38178	456167
38179	456193
38180	456223
38181	456233
38182	456241
38183	456283
38184	456293
38185	456329
38186	456349
38187	456353
38188	456367
38189	456377
38190	456403
38191	456409
38192	456427
38193	456439
38194	456451
38195	456457
38196	456461
38197	456499
38198	456503
38199	456517
38200	456523
38201	456529
38202	456539
38203	456553
38204	456557
38205	456559
38206	456571
38207	456581
38208	456587
38209	456607
38210	456611
38211	456613
38212	456623
38213	456641
38214	456647
38215	456649
38216	456653
38217	456679
38218	456683
38219	456697
38220	456727
38221	456737
38222	456763
38223	456767
38224	456769
38225	456791
38226	456809
38227	456811
38228	456821
38229	456871
38230	456877
38231	456881
38232	456899
38233	456901
38234	456923
38235	456949
38236	456959
38237	456979
38238	456991
38239	457001
38240	457003
38241	457013
38242	457021
38243	457043
38244	457049
38245	457057
38246	457087
38247	457091
38248	457097
38249	457099
38250	457117
38251	457139
38252	457151
38253	457153
38254	457183
38255	457189
38256	457201
38257	457213
38258	457229
38259	457241
38260	457253
38261	457267
38262	457271
38263	457277
38264	457279
38265	457307
38266	457319
38267	457333
38268	457339
38269	457363
38270	457367
38271	457381
38272	457393
38273	457397
38274	457399
38275	457403
38276	457411
38277	457421
38278	457433
38279	457459
38280	457469
38281	457507
38282	457511
38283	457517
38284	457547
38285	457553
38286	457559
38287	457571
38288	457607
38289	457609
38290	457621
38291	457643
38292	457651
38293	457661
38294	457669
38295	457673
38296	457679
38297	457687
38298	457697
38299	457711
38300	457739
38301	457757
38302	457789
38303	457799
38304	457813
38305	457817
38306	457829
38307	457837
38308	457871
38309	457889
38310	457903
38311	457913
38312	457943
38313	457979
38314	457981
38315	457987
38316	458009
38317	458027
38318	458039
38319	458047
38320	458053
38321	458057
38322	458063
38323	458069
38324	458119
38325	458123
38326	458173
38327	458179
38328	458189
38329	458191
38330	458197
38331	458207
38332	458219
38333	458239
38334	458309
38335	458317
38336	458323
38337	458327
38338	458333
38339	458357
38340	458363
38341	458377
38342	458399
38343	458401
38344	458407
38345	458449
38346	458477
38347	458483
38348	458501
38349	458531
38350	458533
38351	458543
38352	458567
38353	458569
38354	458573
38355	458593
38356	458599
38357	458611
38358	458621
38359	458629
38360	458639
38361	458651
38362	458663
38363	458669
38364	458683
38365	458701
38366	458719
38367	458729
38368	458747
38369	458789
38370	458791
38371	458797
38372	458807
38373	458819
38374	458849
38375	458863
38376	458879
38377	458891
38378	458897
38379	458917
38380	458921
38381	458929
38382	458947
38383	458957
38384	458959
38385	458963
38386	458971
38387	458977
38388	458981
38389	458987
38390	458993
38391	459007
38392	459013
38393	459023
38394	459029
38395	459031
38396	459037
38397	459047
38398	459089
38399	459091
38400	459113
38401	459127
38402	459167
38403	459169
38404	459181
38405	459209
38406	459223
38407	459229
38408	459233
38409	459257
38410	459271
38411	459293
38412	459301
38413	459313
38414	459317
38415	459337
38416	459341
38417	459343
38418	459353
38419	459373
38420	459377
38421	459383
38422	459397
38423	459421
38424	459427
38425	459443
38426	459463
38427	459467
38428	459469
38429	459479
38430	459509
38431	459521
38432	459523
38433	459593
38434	459607
38435	459611
38436	459619
38437	459623
38438	459631
38439	459647
38440	459649
38441	459671
38442	459677
38443	459691
38444	459703
38445	459749
38446	459763
38447	459791
38448	459803
38449	459817
38450	459829
38451	459841
38452	459847
38453	459883
38454	459913
38455	459923
38456	459929
38457	459937
38458	459961
38459	460013
38460	460039
38461	460051
38462	460063
38463	460073
38464	460079
38465	460081
38466	460087
38467	460091
38468	460099
38469	460111
38470	460127
38471	460147
38472	460157
38473	460171
38474	460181
38475	460189
38476	460211
38477	460217
38478	460231
38479	460247
38480	460267
38481	460289
38482	460297
38483	460301
38484	460337
38485	460349
38486	460373
38487	460379
38488	460387
38489	460393
38490	460403
38491	460409
38492	460417
38493	460451
38494	460463
38495	460477
38496	460531
38497	460543
38498	460561
38499	460571
38500	460589
38501	460609
38502	460619
38503	460627
38504	460633
38505	460637
38506	460643
38507	460657
38508	460673
38509	460697
38510	460709
38511	460711
38512	460721
38513	460771
38514	460777
38515	460787
38516	460793
38517	460813
38518	460829
38519	460841
38520	460843
38521	460871
38522	460891
38523	460903
38524	460907
38525	460913
38526	460919
38527	460937
38528	460949
38529	460951
38530	460969
38531	460973
38532	460979
38533	460981
38534	460987
38535	460991
38536	461009
38537	461011
38538	461017
38539	461051
38540	461053
38541	461059
38542	461093
38543	461101
38544	461119
38545	461143
38546	461147
38547	461171
38548	461183
38549	461191
38550	461207
38551	461233
38552	461239
38553	461257
38554	461269
38555	461273
38556	461297
38557	461299
38558	461309
38559	461317
38560	461323
38561	461327
38562	461333
38563	461359
38564	461381
38565	461393
38566	461407
38567	461411
38568	461413
38569	461437
38570	461441
38571	461443
38572	461467
38573	461479
38574	461507
38575	461521
38576	461561
38577	461569
38578	461581
38579	461599
38580	461603
38581	461609
38582	461627
38583	461639
38584	461653
38585	461677
38586	461687
38587	461689
38588	461693
38589	461707
38590	461717
38591	461801
38592	461803
38593	461819
38594	461843
38595	461861
38596	461887
38597	461891
38598	461917
38599	461921
38600	461933
38601	461957
38602	461971
38603	461977
38604	461983
38605	462013
38606	462041
38607	462067
38608	462073
38609	462079
38610	462097
38611	462103
38612	462109
38613	462113
38614	462131
38615	462149
38616	462181
38617	462191
38618	462199
38619	462221
38620	462239
38621	462263
38622	462271
38623	462307
38624	462311
38625	462331
38626	462337
38627	462361
38628	462373
38629	462377
38630	462401
38631	462409
38632	462419
38633	462421
38634	462437
38635	462443
38636	462467
38637	462481
38638	462491
38639	462493
38640	462499
38641	462529
38642	462541
38643	462547
38644	462557
38645	462569
38646	462571
38647	462577
38648	462589
38649	462607
38650	462629
38651	462641
38652	462643
38653	462653
38654	462659
38655	462667
38656	462673
38657	462677
38658	462697
38659	462713
38660	462719
38661	462727
38662	462733
38663	462739
38664	462773
38665	462827
38666	462841
38667	462851
38668	462863
38669	462871
38670	462881
38671	462887
38672	462899
38673	462901
38674	462911
38675	462937
38676	462947
38677	462953
38678	462983
38679	463003
38680	463031
38681	463033
38682	463093
38683	463103
38684	463157
38685	463181
38686	463189
38687	463207
38688	463213
38689	463219
38690	463231
38691	463237
38692	463247
38693	463249
38694	463261
38695	463283
38696	463291
38697	463297
38698	463303
38699	463313
38700	463319
38701	463321
38702	463339
38703	463343
38704	463363
38705	463387
38706	463399
38707	463433
38708	463447
38709	463451
38710	463453
38711	463457
38712	463459
38713	463483
38714	463501
38715	463511
38716	463513
38717	463523
38718	463531
38719	463537
38720	463549
38721	463579
38722	463613
38723	463627
38724	463633
38725	463643
38726	463649
38727	463663
38728	463679
38729	463693
38730	463711
38731	463717
38732	463741
38733	463747
38734	463753
38735	463763
38736	463781
38737	463787
38738	463807
38739	463823
38740	463829
38741	463831
38742	463849
38743	463861
38744	463867
38745	463873
38746	463889
38747	463891
38748	463907
38749	463919
38750	463921
38751	463949
38752	463963
38753	463973
38754	463987
38755	463993
38756	464003
38757	464011
38758	464021
38759	464033
38760	464047
38761	464069
38762	464081
38763	464089
38764	464119
38765	464129
38766	464131
38767	464137
38768	464141
38769	464143
38770	464171
38771	464173
38772	464197
38773	464201
38774	464213
38775	464237
38776	464251
38777	464257
38778	464263
38779	464279
38780	464281
38781	464291
38782	464309
38783	464311
38784	464327
38785	464351
38786	464371
38787	464381
38788	464383
38789	464413
38790	464419
38791	464437
38792	464447
38793	464459
38794	464467
38795	464479
38796	464483
38797	464521
38798	464537
38799	464539
38800	464549
38801	464557
38802	464561
38803	464587
38804	464591
38805	464603
38806	464617
38807	464621
38808	464647
38809	464663
38810	464687
38811	464699
38812	464741
38813	464747
38814	464749
38815	464753
38816	464767
38817	464771
38818	464773
38819	464777
38820	464801
38821	464803
38822	464809
38823	464813
38824	464819
38825	464843
38826	464857
38827	464879
38828	464897
38829	464909
38830	464917
38831	464923
38832	464927
38833	464939
38834	464941
38835	464951
38836	464953
38837	464963
38838	464983
38839	464993
38840	464999
38841	465007
38842	465011
38843	465013
38844	465019
38845	465041
38846	465061
38847	465067
38848	465071
38849	465077
38850	465079
38851	465089
38852	465107
38853	465119
38854	465133
38855	465151
38856	465161
38857	465163
38858	465167
38859	465169
38860	465173
38861	465187
38862	465209
38863	465211
38864	465259
38865	465271
38866	465277
38867	465281
38868	465293
38869	465299
38870	465317
38871	465319
38872	465331
38873	465337
38874	465373
38875	465379
38876	465383
38877	465407
38878	465419
38879	465433
38880	465463
38881	465469
38882	465523
38883	465529
38884	465541
38885	465551
38886	465581
38887	465587
38888	465611
38889	465631
38890	465643
38891	465649
38892	465659
38893	465679
38894	465701
38895	465721
38896	465739
38897	465743
38898	465761
38899	465781
38900	465797
38901	465799
38902	465809
38903	465821
38904	465833
38905	465841
38906	465887
38907	465893
38908	465901
38909	465917
38910	465929
38911	465931
38912	465947
38913	465977
38914	465989
38915	466009
38916	466019
38917	466027
38918	466033
38919	466043
38920	466061
38921	466069
38922	466073
38923	466079
38924	466087
38925	466091
38926	466121
38927	466139
38928	466153
38929	466171
38930	466181
38931	466183
38932	466201
38933	466243
38934	466247
38935	466261
38936	466267
38937	466273
38938	466283
38939	466303
38940	466321
38941	466331
38942	466339
38943	466357
38944	466369
38945	466373
38946	466409
38947	466423
38948	466441
38949	466451
38950	466483
38951	466517
38952	466537
38953	466547
38954	466553
38955	466561
38956	466567
38957	466573
38958	466579
38959	466603
38960	466619
38961	466637
38962	466649
38963	466651
38964	466673
38965	466717
38966	466723
38967	466729
38968	466733
38969	466747
38970	466751
38971	466777
38972	466787
38973	466801
38974	466819
38975	466853
38976	466859
38977	466897
38978	466909
38979	466913
38980	466919
38981	466951
38982	466957
38983	466997
38984	467003
38985	467009
38986	467017
38987	467021
38988	467063
38989	467081
38990	467083
38991	467101
38992	467119
38993	467123
38994	467141
38995	467147
38996	467171
38997	467183
38998	467197
38999	467209
39000	467213
