95001	1229273
95002	1229279
95003	1229297
95004	1229309
95005	1229311
95006	1229317
95007	1229329
95008	1229351
95009	1229353
95010	1229359
95011	1229369
95012	1229377
95013	1229381
95014	1229401
95015	1229443
95016	1229447
95017	1229453
95018	1229461
95019	1229483
95020	1229489
95021	1229519
95022	1229521
95023	1229531
95024	1229561
95025	1229563
95026	1229581
95027	1229597
95028	1229617
95029	1229633
95030	1229647
95031	1229663
95032	1229689
95033	1229707
95034	1229719
95035	1229731
95036	1229743
95037	1229773
95038	1229783
95039	1229807
95040	1229827
95041	1229869
95042	1229873
95043	1229897
95044	1229903
95045	1229911
95046	1229939
95047	1229941
95048	1229957
95049	1229981
95050	1229993
95051	1229999
95052	1230013
95053	1230023
95054	1230029
95055	1230067
95056	1230071
95057	1230107
95058	1230127
95059	1230167
95060	1230169
95061	1230181
95062	1230199
95063	1230223
95064	1230227
95065	1230233
95066	1230241
95067	1230263
95068	1230301
95069	1230311
95070	1230329
95071	1230331
95072	1230337
95073	1230343
95074	1230347
95075	1230349
95076	1230367
95077	1230371
95078	1230373
95079	1230377
95080	1230379
95081	1230391
95082	1230401
95083	1230433
95084	1230461
95085	1230469
95086	1230479
95087	1230491
95088	1230521
95089	1230529
95090	1230539
95091	1230547
95092	1230571
95093	1230587
95094	1230599
95095	1230629
95096	1230631
95097	1230637
95098	1230667
95099	1230689
95100	1230727
95101	1230739
95102	1230743
95103	1230751
95104	1230769
95105	1230791
95106	1230829
95107	1230863
95108	1230869
95109	1230871
95110	1230881
95111	1230907
95112	1230913
95113	1230941
95114	1230949
95115	1230967
95116	1230997
95117	1231001
95118	1231003
95119	1231039
95120	1231049
95121	1231051
95122	1231063
95123	1231073
95124	1231091
95125	1231093
95126	1231099
95127	1231127
95128	1231129
95129	1231141
95130	1231171
95131	1231177
95132	1231193
95133	1231199
95134	1231201
95135	1231207
95136	1231229
95137	1231231
95138	1231247
95139	1231261
95140	1231267
95141	1231277
95142	1231283
95143	1231301
95144	1231303
95145	1231309
95146	1231313
95147	1231319
95148	1231337
95149	1231339
95150	1231357
95151	1231379
95152	1231381
95153	1231387
95154	1231411
95155	1231421
95156	1231423
95157	1231453
95158	1231457
95159	1231459
95160	1231469
95161	1231481
95162	1231487
95163	1231511
95164	1231513
95165	1231547
95166	1231553
95167	1231577
95168	1231579
95169	1231589
95170	1231597
95171	1231613
95172	1231631
95173	1231663
95174	1231669
95175	1231687
95176	1231691
95177	1231697
95178	1231709
95179	1231721
95180	1231733
95181	1231753
95182	1231757
95183	1231771
95184	1231781
95185	1231787
95186	1231799
95187	1231807
95188	1231817
95189	1231829
95190	1231831
95191	1231843
95192	1231859
95193	1231873
95194	1231877
95195	1231883
95196	1231889
95197	1231943
95198	1231961
95199	1231981
95200	1231987
95201	1231999
95202	1232003
95203	1232069
95204	1232071
95205	1232083
95206	1232089
95207	1232171
95208	1232183
95209	1232201
95210	1232213
95211	1232221
95212	1232227
95213	1232243
95214	1232269
95215	1232291
95216	1232299
95217	1232327
95218	1232339
95219	1232351
95220	1232353
95221	1232377
95222	1232389
95223	1232393
95224	1232401
95225	1232411
95226	1232417
95227	1232431
95228	1232437
95229	1232453
95230	1232461
95231	1232477
95232	1232527
95233	1232531
95234	1232537
95235	1232563
95236	1232573
95237	1232603
95238	1232611
95239	1232617
95240	1232657
95241	1232659
95242	1232683
95243	1232689
95244	1232713
95245	1232719
95246	1232771
95247	1232797
95248	1232801
95249	1232809
95250	1232831
95251	1232843
95252	1232849
95253	1232851
95254	1232879
95255	1232893
95256	1232909
95257	1232941
95258	1232947
95259	1232977
95260	1232981
95261	1232983
95262	1232999
95263	1233019
95264	1233047
95265	1233073
95266	1233079
95267	1233097
95268	1233101
95269	1233107
95270	1233121
95271	1233143
95272	1233179
95273	1233181
95274	1233187
95275	1233209
95276	1233241
95277	1233251
95278	1233259
95279	1233263
95280	1233301
95281	1233313
95282	1233319
95283	1233361
95284	1233371
95285	1233373
95286	1233377
95287	1233409
95288	1233431
95289	1233433
95290	1233437
95291	1233439
95292	1233473
95293	1233493
95294	1233497
95295	1233509
95296	1233523
95297	1233527
95298	1233539
95299	1233563
95300	1233569
95301	1233577
95302	1233587
95303	1233593
95304	1233599
95305	1233607
95306	1233611
95307	1233619
95308	1233641
95309	1233647
95310	1233653
95311	1233709
95312	1233721
95313	1233751
95314	1233761
95315	1233763
95316	1233779
95317	1233781
95318	1233851
95319	1233887
95320	1233899
95321	1233907
95322	1233923
95323	1233929
95324	1233949
95325	1233983
95326	1234001
95327	1234003
95328	1234039
95329	1234049
95330	1234063
95331	1234067
95332	1234099
95333	1234109
95334	1234117
95335	1234133
95336	1234147
95337	1234187
95338	1234231
95339	1234237
95340	1234241
95341	1234243
95342	1234253
95343	1234271
95344	1234309
95345	1234333
95346	1234349
95347	1234351
95348	1234367
95349	1234379
95350	1234391
95351	1234393
95352	1234417
95353	1234439
95354	1234463
95355	1234511
95356	1234517
95357	1234531
95358	1234537
95359	1234543
95360	1234547
95361	1234577
95362	1234603
95363	1234613
95364	1234627
95365	1234657
95366	1234687
95367	1234703
95368	1234721
95369	1234747
95370	1234757
95371	1234759
95372	1234769
95373	1234777
95374	1234787
95375	1234789
95376	1234799
95377	1234813
95378	1234819
95379	1234837
95380	1234841
95381	1234843
95382	1234853
95383	1234873
95384	1234889
95385	1234901
95386	1234951
95387	1234967
95388	1234969
95389	1234991
95390	1235021
95391	1235027
95392	1235041
95393	1235063
95394	1235083
95395	1235093
95396	1235099
95397	1235131
95398	1235137
95399	1235141
95400	1235149
95401	1235159
95402	1235167
95403	1235177
95404	1235183
95405	1235191
95406	1235239
95407	1235243
95408	1235249
95409	1235251
95410	1235263
95411	1235281
95412	1235287
95413	1235303
95414	1235309
95415	1235321
95416	1235327
95417	1235363
95418	1235369
95419	1235383
95420	1235389
95421	1235417
95422	1235419
95423	1235431
95424	1235447
95425	1235449
95426	1235459
95427	1235473
95428	1235477
95429	1235497
95430	1235501
95431	1235503
95432	1235539
95433	1235569
95434	1235573
95435	1235593
95436	1235651
95437	1235653
95438	1235659
95439	1235669
95440	1235701
95441	1235711
95442	1235761
95443	1235789
95444	1235791
95445	1235803
95446	1235807
95447	1235821
95448	1235831
95449	1235833
95450	1235867
95451	1235879
95452	1235887
95453	1235891
95454	1235909
95455	1235929
95456	1235933
95457	1235947
95458	1235977
95459	1235981
95460	1235987
95461	1235999
95462	1236017
95463	1236073
95464	1236077
95465	1236161
95466	1236163
95467	1236173
95468	1236203
95469	1236211
95470	1236229
95471	1236233
95472	1236239
95473	1236259
95474	1236307
95475	1236317
95476	1236329
95477	1236337
95478	1236383
95479	1236397
95480	1236419
95481	1236439
95482	1236449
95483	1236467
95484	1236479
95485	1236481
95486	1236491
95487	1236517
95488	1236527
95489	1236533
95490	1236541
95491	1236553
95492	1236583
95493	1236611
95494	1236623
95495	1236629
95496	1236643
95497	1236659
95498	1236661
95499	1236667
95500	1236701
95501	1236709
95502	1236713
95503	1236727
95504	1236737
95505	1236743
95506	1236751
95507	1236757
95508	1236761
95509	1236769
95510	1236787
95511	1236791
95512	1236797
95513	1236803
95514	1236811
95515	1236827
95516	1236857
95517	1236883
95518	1236901
95519	1236953
95520	1236959
95521	1236979
95522	1237001
95523	1237013
95524	1237031
95525	1237037
95526	1237043
95527	1237051
95528	1237057
95529	1237063
95530	1237079
95531	1237091
95532	1237121
95533	1237129
95534	1237139
95535	1237151
95536	1237163
95537	1237177
95538	1237199
95539	1237207
95540	1237211
95541	1237213
95542	1237217
95543	1237231
95544	1237253
95545	1237273
95546	1237279
95547	1237283
95548	1237297
95549	1237309
95550	1237349
95551	1237363
95552	1237373
95553	1237387
95554	1237393
95555	1237403
95556	1237417
95557	1237433
95558	1237441
95559	1237471
95560	1237487
95561	1237493
95562	1237499
95563	1237501
95564	1237513
95565	1237519
95566	1237529
95567	1237531
95568	1237543
95569	1237547
95570	1237567
95571	1237571
95572	1237589
95573	1237619
95574	1237627
95575	1237661
95576	1237721
95577	1237727
95578	1237739
95579	1237757
95580	1237763
95581	1237783
95582	1237813
95583	1237823
95584	1237829
95585	1237843
95586	1237849
95587	1237853
95588	1237867
95589	1237877
95590	1237897
95591	1237919
95592	1237931
95593	1237939
95594	1237949
95595	1237961
95596	1237963
95597	1237967
95598	1237993
95599	1238023
95600	1238033
95601	1238051
95602	1238063
95603	1238071
95604	1238087
95605	1238089
95606	1238101
95607	1238119
95608	1238129
95609	1238137
95610	1238177
95611	1238179
95612	1238189
95613	1238197
95614	1238201
95615	1238219
95616	1238267
95617	1238269
95618	1238273
95619	1238291
95620	1238317
95621	1238327
95622	1238333
95623	1238371
95624	1238381
95625	1238383
95626	1238407
95627	1238411
95628	1238423
95629	1238429
95630	1238431
95631	1238437
95632	1238449
95633	1238459
95634	1238491
95635	1238509
95636	1238521
95637	1238533
95638	1238537
95639	1238551
95640	1238597
95641	1238599
95642	1238621
95643	1238647
95644	1238659
95645	1238681
95646	1238683
95647	1238687
95648	1238693
95649	1238717
95650	1238719
95651	1238747
95652	1238749
95653	1238759
95654	1238761
95655	1238767
95656	1238771
95657	1238789
95658	1238801
95659	1238821
95660	1238827
95661	1238833
95662	1238843
95663	1238863
95664	1238893
95665	1238903
95666	1238911
95667	1238917
95668	1238921
95669	1238947
95670	1238989
95671	1238999
95672	1239001
95673	1239013
95674	1239023
95675	1239041
95676	1239067
95677	1239089
95678	1239103
95679	1239109
95680	1239127
95681	1239151
95682	1239179
95683	1239191
95684	1239197
95685	1239223
95686	1239229
95687	1239239
95688	1239247
95689	1239269
95690	1239281
95691	1239311
95692	1239319
95693	1239323
95694	1239341
95695	1239347
95696	1239353
95697	1239361
95698	1239367
95699	1239377
95700	1239379
95701	1239397
95702	1239421
95703	1239443
95704	1239449
95705	1239457
95706	1239461
95707	1239481
95708	1239499
95709	1239509
95710	1239517
95711	1239523
95712	1239529
95713	1239533
95714	1239551
95715	1239569
95716	1239583
95717	1239593
95718	1239599
95719	1239607
95720	1239619
95721	1239643
95722	1239661
95723	1239671
95724	1239697
95725	1239727
95726	1239737
95727	1239739
95728	1239751
95729	1239761
95730	1239773
95731	1239803
95732	1239817
95733	1239839
95734	1239877
95735	1239893
95736	1239899
95737	1239911
95738	1239913
95739	1239919
95740	1239923
95741	1239943
95742	1239961
95743	1239971
95744	1239983
95745	1239989
95746	1240007
95747	1240009
95748	1240013
95749	1240021
95750	1240027
95751	1240039
95752	1240081
95753	1240087
95754	1240097
95755	1240117
95756	1240139
95757	1240153
95758	1240159
95759	1240181
95760	1240193
95761	1240199
95762	1240207
95763	1240219
95764	1240231
95765	1240241
95766	1240247
95767	1240271
95768	1240273
95769	1240307
95770	1240319
95771	1240333
95772	1240361
95773	1240363
95774	1240387
95775	1240391
95776	1240399
95777	1240423
95778	1240483
95779	1240487
95780	1240511
95781	1240517
95782	1240523
95783	1240543
95784	1240553
95785	1240559
95786	1240607
95787	1240621
95788	1240637
95789	1240667
95790	1240669
95791	1240691
95792	1240699
95793	1240703
95794	1240709
95795	1240717
95796	1240739
95797	1240741
95798	1240751
95799	1240763
95800	1240769
95801	1240777
95802	1240793
95803	1240807
95804	1240817
95805	1240831
95806	1240859
95807	1240861
95808	1240931
95809	1240957
95810	1240973
95811	1240979
95812	1240991
95813	1240999
95814	1241003
95815	1241027
95816	1241033
95817	1241039
95818	1241059
95819	1241077
95820	1241081
95821	1241087
95822	1241159
95823	1241161
95824	1241173
95825	1241197
95826	1241203
95827	1241243
95828	1241249
95829	1241257
95830	1241263
95831	1241267
95832	1241269
95833	1241291
95834	1241321
95835	1241341
95836	1241347
95837	1241351
95838	1241369
95839	1241377
95840	1241381
95841	1241389
95842	1241407
95843	1241413
95844	1241417
95845	1241423
95846	1241437
95847	1241447
95848	1241467
95849	1241477
95850	1241483
95851	1241489
95852	1241491
95853	1241507
95854	1241509
95855	1241549
95856	1241551
95857	1241557
95858	1241573
95859	1241579
95860	1241587
95861	1241627
95862	1241651
95863	1241659
95864	1241677
95865	1241699
95866	1241741
95867	1241743
95868	1241761
95869	1241771
95870	1241789
95871	1241813
95872	1241819
95873	1241827
95874	1241869
95875	1241879
95876	1241893
95877	1241921
95878	1241923
95879	1241927
95880	1241939
95881	1241941
95882	1241951
95883	1241957
95884	1241963
95885	1241971
95886	1241987
95887	1242001
95888	1242029
95889	1242061
95890	1242067
95891	1242089
95892	1242097
95893	1242103
95894	1242107
95895	1242119
95896	1242121
95897	1242151
95898	1242167
95899	1242169
95900	1242181
95901	1242191
95902	1242193
95903	1242217
95904	1242221
95905	1242233
95906	1242251
95907	1242271
95908	1242289
95909	1242317
95910	1242347
95911	1242359
95912	1242361
95913	1242379
95914	1242403
95915	1242407
95916	1242413
95917	1242419
95918	1242421
95919	1242457
95920	1242487
95921	1242503
95922	1242517
95923	1242569
95924	1242601
95925	1242611
95926	1242617
95927	1242623
95928	1242629
95929	1242641
95930	1242643
95931	1242739
95932	1242757
95933	1242763
95934	1242767
95935	1242781
95936	1242803
95937	1242811
95938	1242817
95939	1242823
95940	1242827
95941	1242841
95942	1242859
95943	1242869
95944	1242889
95945	1242893
95946	1242929
95947	1242931
95948	1242937
95949	1242947
95950	1242959
95951	1242977
95952	1242979
95953	1242991
95954	1243003
95955	1243013
95956	1243093
95957	1243097
95958	1243111
95959	1243129
95960	1243133
95961	1243141
95962	1243147
95963	1243157
95964	1243169
95965	1243181
95966	1243211
95967	1243271
95968	1243273
95969	1243309
95970	1243337
95971	1243343
95972	1243349
95973	1243367
95974	1243369
95975	1243373
95976	1243387
95977	1243391
95978	1243393
95979	1243421
95980	1243427
95981	1243439
95982	1243471
95983	1243477
95984	1243481
95985	1243483
95986	1243511
95987	1243523
95988	1243537
95989	1243547
95990	1243559
95991	1243577
95992	1243579
95993	1243609
95994	1243631
95995	1243639
95996	1243643
95997	1243663
95998	1243673
95999	1243691
96000	1243709
