26001	300043
26002	300073
26003	300089
26004	300109
26005	300119
26006	300137
26007	300149
26008	300151
26009	300163
26010	300187
26011	300191
26012	300193
26013	300221
26014	300229
26015	300233
26016	300239
26017	300247
26018	300277
26019	300299
26020	300301
26021	300317
26022	300319
26023	300323
26024	300331
26025	300343
26026	300347
26027	300367
26028	300397
26029	300413
26030	300427
26031	300431
26032	300439
26033	300463
26034	300481
26035	300491
26036	300493
26037	300497
26038	300499
26039	300511
26040	300557
26041	300569
26042	300581
26043	300583
26044	300589
26045	300593
26046	300623
26047	300631
26048	300647
26049	300649
26050	300661
26051	300667
26052	300673
26053	300683
26054	300691
26055	300719
26056	300721
26057	300733
26058	300739
26059	300743
26060	300749
26061	300757
26062	300761
26063	300779
26064	300787
26065	300799
26066	300809
26067	300821
26068	300823
26069	300851
26070	300857
26071	300869
26072	300877
26073	300889
26074	300893
26075	300929
26076	300931
26077	300953
26078	300961
26079	300967
26080	300973
26081	300977
26082	300997
26083	301013
26084	301027
26085	301039
26086	301051
26087	301057
26088	301073
26089	301079
26090	301123
26091	301127
26092	301141
26093	301153
26094	301159
26095	301177
26096	301181
26097	301183
26098	301211
26099	301219
26100	301237
26101	301241
26102	301243
26103	301247
26104	301267
26105	301303
26106	301319
26107	301331
26108	301333
26109	301349
26110	301361
26111	301363
26112	301381
26113	301403
26114	301409
26115	301423
26116	301429
26117	301447
26118	301459
26119	301463
26120	301471
26121	301487
26122	301489
26123	301493
26124	301501
26125	301531
26126	301577
26127	301579
26128	301583
26129	301591
26130	301601
26131	301619
26132	301627
26133	301643
26134	301649
26135	301657
26136	301669
26137	301673
26138	301681
26139	301703
26140	301711
26141	301747
26142	301751
26143	301753
26144	301759
26145	301789
26146	301793
26147	301813
26148	301831
26149	301841
26150	301843
26151	301867
26152	301877
26153	301897
26154	301901
26155	301907
26156	301913
26157	301927
26158	301933
26159	301943
26160	301949
26161	301979
26162	301991
26163	301993
26164	301997
26165	301999
26166	302009
26167	302053
26168	302111
26169	302123
26170	302143
26171	302167
26172	302171
26173	302173
26174	302189
26175	302191
26176	302213
26177	302221
26178	302227
26179	302261
26180	302273
26181	302279
26182	302287
26183	302297
26184	302299
26185	302317
26186	302329
26187	302399
26188	302411
26189	302417
26190	302429
26191	302443
26192	302459
26193	302483
26194	302507
26195	302513
26196	302551
26197	302563
26198	302567
26199	302573
26200	302579
26201	302581
26202	302587
26203	302593
26204	302597
26205	302609
26206	302629
26207	302647
26208	302663
26209	302681
26210	302711
26211	302723
26212	302747
26213	302759
26214	302767
26215	302779
26216	302791
26217	302801
26218	302831
26219	302833
26220	302837
26221	302843
26222	302851
26223	302857
26224	302873
26225	302891
26226	302903
26227	302909
26228	302921
26229	302927
26230	302941
26231	302959
26232	302969
26233	302971
26234	302977
26235	302983
26236	302989
26237	302999
26238	303007
26239	303011
26240	303013
26241	303019
26242	303029
26243	303049
26244	303053
26245	303073
26246	303089
26247	303091
26248	303097
26249	303119
26250	303139
26251	303143
26252	303151
26253	303157
26254	303187
26255	303217
26256	303257
26257	303271
26258	303283
26259	303287
26260	303293
26261	303299
26262	303307
26263	303313
26264	303323
26265	303337
26266	303341
26267	303361
26268	303367
26269	303371
26270	303377
26271	303379
26272	303389
26273	303409
26274	303421
26275	303431
26276	303463
26277	303469
26278	303473
26279	303491
26280	303493
26281	303497
26282	303529
26283	303539
26284	303547
26285	303551
26286	303553
26287	303571
26288	303581
26289	303587
26290	303593
26291	303613
26292	303617
26293	303619
26294	303643
26295	303647
26296	303649
26297	303679
26298	303683
26299	303689
26300	303691
26301	303703
26302	303713
26303	303727
26304	303731
26305	303749
26306	303767
26307	303781
26308	303803
26309	303817
26310	303827
26311	303839
26312	303859
26313	303871
26314	303889
26315	303907
26316	303917
26317	303931
26318	303937
26319	303959
26320	303983
26321	303997
26322	304009
26323	304013
26324	304021
26325	304033
26326	304039
26327	304049
26328	304063
26329	304067
26330	304069
26331	304081
26332	304091
26333	304099
26334	304127
26335	304151
26336	304153
26337	304163
26338	304169
26339	304193
26340	304211
26341	304217
26342	304223
26343	304253
26344	304259
26345	304279
26346	304301
26347	304303
26348	304331
26349	304349
26350	304357
26351	304363
26352	304373
26353	304391
26354	304393
26355	304411
26356	304417
26357	304429
26358	304433
26359	304439
26360	304457
26361	304459
26362	304477
26363	304481
26364	304489
26365	304501
26366	304511
26367	304517
26368	304523
26369	304537
26370	304541
26371	304553
26372	304559
26373	304561
26374	304597
26375	304609
26376	304631
26377	304643
26378	304651
26379	304663
26380	304687
26381	304709
26382	304723
26383	304729
26384	304739
26385	304751
26386	304757
26387	304763
26388	304771
26389	304781
26390	304789
26391	304807
26392	304813
26393	304831
26394	304847
26395	304849
26396	304867
26397	304879
26398	304883
26399	304897
26400	304901
26401	304903
26402	304907
26403	304933
26404	304937
26405	304943
26406	304949
26407	304961
26408	304979
26409	304981
26410	305017
26411	305021
26412	305023
26413	305029
26414	305033
26415	305047
26416	305069
26417	305093
26418	305101
26419	305111
26420	305113
26421	305119
26422	305131
26423	305143
26424	305147
26425	305209
26426	305219
26427	305231
26428	305237
26429	305243
26430	305267
26431	305281
26432	305297
26433	305329
26434	305339
26435	305351
26436	305353
26437	305363
26438	305369
26439	305377
26440	305401
26441	305407
26442	305411
26443	305413
26444	305419
26445	305423
26446	305441
26447	305449
26448	305471
26449	305477
26450	305479
26451	305483
26452	305489
26453	305497
26454	305521
26455	305533
26456	305551
26457	305563
26458	305581
26459	305593
26460	305597
26461	305603
26462	305611
26463	305621
26464	305633
26465	305639
26466	305663
26467	305717
26468	305719
26469	305741
26470	305743
26471	305749
26472	305759
26473	305761
26474	305771
26475	305783
26476	305803
26477	305821
26478	305839
26479	305849
26480	305857
26481	305861
26482	305867
26483	305873
26484	305917
26485	305927
26486	305933
26487	305947
26488	305971
26489	305999
26490	306011
26491	306023
26492	306029
26493	306041
26494	306049
26495	306083
26496	306091
26497	306121
26498	306133
26499	306139
26500	306149
26501	306157
26502	306167
26503	306169
26504	306191
26505	306193
26506	306209
26507	306239
26508	306247
26509	306253
26510	306259
26511	306263
26512	306301
26513	306329
26514	306331
26515	306347
26516	306349
26517	306359
26518	306367
26519	306377
26520	306389
26521	306407
26522	306419
26523	306421
26524	306431
26525	306437
26526	306457
26527	306463
26528	306473
26529	306479
26530	306491
26531	306503
26532	306511
26533	306517
26534	306529
26535	306533
26536	306541
26537	306563
26538	306577
26539	306587
26540	306589
26541	306643
26542	306653
26543	306661
26544	306689
26545	306701
26546	306703
26547	306707
26548	306727
26549	306739
26550	306749
26551	306763
26552	306781
26553	306809
26554	306821
26555	306827
26556	306829
26557	306847
26558	306853
26559	306857
26560	306871
26561	306877
26562	306883
26563	306893
26564	306899
26565	306913
26566	306919
26567	306941
26568	306947
26569	306949
26570	306953
26571	306991
26572	307009
26573	307019
26574	307031
26575	307033
26576	307067
26577	307079
26578	307091
26579	307093
26580	307103
26581	307121
26582	307129
26583	307147
26584	307163
26585	307169
26586	307171
26587	307187
26588	307189
26589	307201
26590	307243
26591	307253
26592	307259
26593	307261
26594	307267
26595	307273
26596	307277
26597	307283
26598	307289
26599	307301
26600	307337
26601	307339
26602	307361
26603	307367
26604	307381
26605	307397
26606	307399
26607	307409
26608	307423
26609	307451
26610	307471
26611	307481
26612	307511
26613	307523
26614	307529
26615	307537
26616	307543
26617	307577
26618	307583
26619	307589
26620	307609
26621	307627
26622	307631
26623	307633
26624	307639
26625	307651
26626	307669
26627	307687
26628	307691
26629	307693
26630	307711
26631	307733
26632	307759
26633	307817
26634	307823
26635	307831
26636	307843
26637	307859
26638	307871
26639	307873
26640	307891
26641	307903
26642	307919
26643	307939
26644	307969
26645	308003
26646	308017
26647	308027
26648	308041
26649	308051
26650	308081
26651	308093
26652	308101
26653	308107
26654	308117
26655	308129
26656	308137
26657	308141
26658	308149
26659	308153
26660	308213
26661	308219
26662	308249
26663	308263
26664	308291
26665	308293
26666	308303
26667	308309
26668	308311
26669	308317
26670	308323
26671	308327
26672	308333
26673	308359
26674	308383
26675	308411
26676	308423
26677	308437
26678	308447
26679	308467
26680	308489
26681	308491
26682	308501
26683	308507
26684	308509
26685	308519
26686	308521
26687	308527
26688	308537
26689	308551
26690	308569
26691	308573
26692	308587
26693	308597
26694	308621
26695	308639
26696	308641
26697	308663
26698	308681
26699	308701
26700	308713
26701	308723
26702	308761
26703	308773
26704	308801
26705	308809
26706	308813
26707	308827
26708	308849
26709	308851
26710	308857
26711	308887
26712	308899
26713	308923
26714	308927
26715	308929
26716	308933
26717	308939
26718	308951
26719	308989
26720	308999
26721	309007
26722	309011
26723	309013
26724	309019
26725	309031
26726	309037
26727	309059
26728	309079
26729	309083
26730	309091
26731	309107
26732	309109
26733	309121
26734	309131
26735	309137
26736	309157
26737	309167
26738	309173
26739	309193
26740	309223
26741	309241
26742	309251
26743	309259
26744	309269
26745	309271
26746	309277
26747	309289
26748	309293
26749	309311
26750	309313
26751	309317
26752	309359
26753	309367
26754	309371
26755	309391
26756	309403
26757	309433
26758	309437
26759	309457
26760	309461
26761	309469
26762	309479
26763	309481
26764	309493
26765	309503
26766	309521
26767	309523
26768	309539
26769	309541
26770	309559
26771	309571
26772	309577
26773	309583
26774	309599
26775	309623
26776	309629
26777	309637
26778	309667
26779	309671
26780	309677
26781	309707
26782	309713
26783	309731
26784	309737
26785	309769
26786	309779
26787	309781
26788	309797
26789	309811
26790	309823
26791	309851
26792	309853
26793	309857
26794	309877
26795	309899
26796	309929
26797	309931
26798	309937
26799	309977
26800	309989
26801	310019
26802	310021
26803	310027
26804	310043
26805	310049
26806	310081
26807	310087
26808	310091
26809	310111
26810	310117
26811	310127
26812	310129
26813	310169
26814	310181
26815	310187
26816	310223
26817	310229
26818	310231
26819	310237
26820	310243
26821	310273
26822	310283
26823	310291
26824	310313
26825	310333
26826	310357
26827	310361
26828	310363
26829	310379
26830	310397
26831	310423
26832	310433
26833	310439
26834	310447
26835	310459
26836	310463
26837	310481
26838	310489
26839	310501
26840	310507
26841	310511
26842	310547
26843	310553
26844	310559
26845	310567
26846	310571
26847	310577
26848	310591
26849	310627
26850	310643
26851	310663
26852	310693
26853	310697
26854	310711
26855	310721
26856	310727
26857	310729
26858	310733
26859	310741
26860	310747
26861	310771
26862	310781
26863	310789
26864	310801
26865	310819
26866	310823
26867	310829
26868	310831
26869	310861
26870	310867
26871	310883
26872	310889
26873	310901
26874	310927
26875	310931
26876	310949
26877	310969
26878	310987
26879	310997
26880	311009
26881	311021
26882	311027
26883	311033
26884	311041
26885	311099
26886	311111
26887	311123
26888	311137
26889	311153
26890	311173
26891	311177
26892	311183
26893	311189
26894	311197
26895	311203
26896	311237
26897	311279
26898	311291
26899	311293
26900	311299
26901	311303
26902	311323
26903	311329
26904	311341
26905	311347
26906	311359
26907	311371
26908	311393
26909	311407
26910	311419
26911	311447
26912	311453
26913	311473
26914	311533
26915	311537
26916	311539
26917	311551
26918	311557
26919	311561
26920	311567
26921	311569
26922	311603
26923	311609
26924	311653
26925	311659
26926	311677
26927	311681
26928	311683
26929	311687
26930	311711
26931	311713
26932	311737
26933	311743
26934	311747
26935	311749
26936	311791
26937	311803
26938	311807
26939	311821
26940	311827
26941	311867
26942	311869
26943	311881
26944	311897
26945	311951
26946	311957
26947	311963
26948	311981
26949	312007
26950	312023
26951	312029
26952	312031
26953	312043
26954	312047
26955	312071
26956	312073
26957	312083
26958	312089
26959	312101
26960	312107
26961	312121
26962	312161
26963	312197
26964	312199
26965	312203
26966	312209
26967	312211
26968	312217
26969	312229
26970	312233
26971	312241
26972	312251
26973	312253
26974	312269
26975	312281
26976	312283
26977	312289
26978	312311
26979	312313
26980	312331
26981	312343
26982	312349
26983	312353
26984	312371
26985	312383
26986	312397
26987	312401
26988	312407
26989	312413
26990	312427
26991	312451
26992	312469
26993	312509
26994	312517
26995	312527
26996	312551
26997	312553
26998	312563
26999	312581
27000	312583
