42001	506147
42002	506171
42003	506173
42004	506183
42005	506201
42006	506213
42007	506251
42008	506263
42009	506269
42010	506281
42011	506291
42012	506327
42013	506329
42014	506333
42015	506339
42016	506347
42017	506351
42018	506357
42019	506381
42020	506393
42021	506417
42022	506423
42023	506449
42024	506459
42025	506461
42026	506479
42027	506491
42028	506501
42029	506507
42030	506531
42031	506533
42032	506537
42033	506551
42034	506563
42035	506573
42036	506591
42037	506593
42038	506599
42039	506609
42040	506629
42041	506647
42042	506663
42043	506683
42044	506687
42045	506689
42046	506699
42047	506729
42048	506731
42049	506743
42050	506773
42051	506783
42052	506791
42053	506797
42054	506809
42055	506837
42056	506843
42057	506861
42058	506873
42059	506887
42060	506893
42061	506899
42062	506903
42063	506911
42064	506929
42065	506941
42066	506963
42067	506983
42068	506993
42069	506999
42070	507029
42071	507049
42072	507071
42073	507077
42074	507079
42075	507103
42076	507109
42077	507113
42078	507119
42079	507137
42080	507139
42081	507149
42082	507151
42083	507163
42084	507193
42085	507197
42086	507217
42087	507289
42088	507301
42089	507313
42090	507317
42091	507329
42092	507347
42093	507349
42094	507359
42095	507361
42096	507371
42097	507383
42098	507401
42099	507421
42100	507431
42101	507461
42102	507491
42103	507497
42104	507499
42105	507503
42106	507523
42107	507557
42108	507571
42109	507589
42110	507593
42111	507599
42112	507607
42113	507631
42114	507641
42115	507667
42116	507673
42117	507691
42118	507697
42119	507713
42120	507719
42121	507743
42122	507757
42123	507779
42124	507781
42125	507797
42126	507803
42127	507809
42128	507821
42129	507827
42130	507839
42131	507883
42132	507901
42133	507907
42134	507917
42135	507919
42136	507937
42137	507953
42138	507961
42139	507971
42140	507979
42141	508009
42142	508019
42143	508021
42144	508033
42145	508037
42146	508073
42147	508087
42148	508091
42149	508097
42150	508103
42151	508129
42152	508159
42153	508171
42154	508187
42155	508213
42156	508223
42157	508229
42158	508237
42159	508243
42160	508259
42161	508271
42162	508273
42163	508297
42164	508301
42165	508327
42166	508331
42167	508349
42168	508363
42169	508367
42170	508373
42171	508393
42172	508433
42173	508439
42174	508451
42175	508471
42176	508477
42177	508489
42178	508499
42179	508513
42180	508517
42181	508531
42182	508549
42183	508559
42184	508567
42185	508577
42186	508579
42187	508583
42188	508619
42189	508621
42190	508637
42191	508643
42192	508661
42193	508693
42194	508709
42195	508727
42196	508771
42197	508789
42198	508799
42199	508811
42200	508817
42201	508841
42202	508847
42203	508867
42204	508901
42205	508903
42206	508909
42207	508913
42208	508919
42209	508931
42210	508943
42211	508951
42212	508957
42213	508961
42214	508969
42215	508973
42216	508987
42217	509023
42218	509027
42219	509053
42220	509063
42221	509071
42222	509087
42223	509101
42224	509123
42225	509137
42226	509147
42227	509149
42228	509203
42229	509221
42230	509227
42231	509239
42232	509263
42233	509281
42234	509287
42235	509293
42236	509297
42237	509317
42238	509329
42239	509359
42240	509363
42241	509389
42242	509393
42243	509413
42244	509417
42245	509429
42246	509441
42247	509449
42248	509477
42249	509513
42250	509521
42251	509543
42252	509549
42253	509557
42254	509563
42255	509569
42256	509573
42257	509581
42258	509591
42259	509603
42260	509623
42261	509633
42262	509647
42263	509653
42264	509659
42265	509681
42266	509687
42267	509689
42268	509693
42269	509699
42270	509723
42271	509731
42272	509737
42273	509741
42274	509767
42275	509783
42276	509797
42277	509801
42278	509833
42279	509837
42280	509843
42281	509863
42282	509867
42283	509879
42284	509909
42285	509911
42286	509921
42287	509939
42288	509947
42289	509959
42290	509963
42291	509989
42292	510007
42293	510031
42294	510047
42295	510049
42296	510061
42297	510067
42298	510073
42299	510077
42300	510079
42301	510089
42302	510101
42303	510121
42304	510127
42305	510137
42306	510157
42307	510179
42308	510199
42309	510203
42310	510217
42311	510227
42312	510233
42313	510241
42314	510247
42315	510253
42316	510271
42317	510287
42318	510299
42319	510311
42320	510319
42321	510331
42322	510361
42323	510379
42324	510383
42325	510401
42326	510403
42327	510449
42328	510451
42329	510457
42330	510463
42331	510481
42332	510529
42333	510551
42334	510553
42335	510569
42336	510581
42337	510583
42338	510589
42339	510611
42340	510613
42341	510617
42342	510619
42343	510677
42344	510683
42345	510691
42346	510707
42347	510709
42348	510751
42349	510767
42350	510773
42351	510793
42352	510803
42353	510817
42354	510823
42355	510827
42356	510847
42357	510889
42358	510907
42359	510919
42360	510931
42361	510941
42362	510943
42363	510989
42364	511001
42365	511013
42366	511019
42367	511033
42368	511039
42369	511057
42370	511061
42371	511087
42372	511109
42373	511111
42374	511123
42375	511151
42376	511153
42377	511163
42378	511169
42379	511171
42380	511177
42381	511193
42382	511201
42383	511211
42384	511213
42385	511223
42386	511237
42387	511243
42388	511261
42389	511279
42390	511289
42391	511297
42392	511327
42393	511333
42394	511337
42395	511351
42396	511361
42397	511387
42398	511391
42399	511409
42400	511417
42401	511439
42402	511447
42403	511453
42404	511457
42405	511463
42406	511477
42407	511487
42408	511507
42409	511519
42410	511523
42411	511541
42412	511549
42413	511559
42414	511573
42415	511579
42416	511583
42417	511591
42418	511603
42419	511627
42420	511631
42421	511633
42422	511669
42423	511691
42424	511703
42425	511711
42426	511723
42427	511757
42428	511787
42429	511793
42430	511801
42431	511811
42432	511831
42433	511843
42434	511859
42435	511867
42436	511873
42437	511891
42438	511897
42439	511909
42440	511933
42441	511939
42442	511961
42443	511963
42444	511991
42445	511997
42446	512009
42447	512011
42448	512021
42449	512047
42450	512059
42451	512093
42452	512101
42453	512137
42454	512147
42455	512167
42456	512207
42457	512249
42458	512251
42459	512269
42460	512287
42461	512311
42462	512321
42463	512333
42464	512353
42465	512389
42466	512419
42467	512429
42468	512443
42469	512467
42470	512497
42471	512503
42472	512507
42473	512521
42474	512531
42475	512537
42476	512543
42477	512569
42478	512573
42479	512579
42480	512581
42481	512591
42482	512593
42483	512597
42484	512609
42485	512621
42486	512641
42487	512657
42488	512663
42489	512671
42490	512683
42491	512711
42492	512713
42493	512717
42494	512741
42495	512747
42496	512761
42497	512767
42498	512779
42499	512797
42500	512803
42501	512819
42502	512821
42503	512843
42504	512849
42505	512891
42506	512899
42507	512903
42508	512917
42509	512921
42510	512927
42511	512929
42512	512959
42513	512977
42514	512989
42515	512999
42516	513001
42517	513013
42518	513017
42519	513031
42520	513041
42521	513047
42522	513053
42523	513059
42524	513067
42525	513083
42526	513101
42527	513103
42528	513109
42529	513131
42530	513137
42531	513157
42532	513167
42533	513169
42534	513173
42535	513203
42536	513239
42537	513257
42538	513269
42539	513277
42540	513283
42541	513307
42542	513311
42543	513313
42544	513319
42545	513341
42546	513347
42547	513353
42548	513367
42549	513371
42550	513397
42551	513407
42552	513419
42553	513427
42554	513431
42555	513439
42556	513473
42557	513479
42558	513481
42559	513509
42560	513511
42561	513529
42562	513533
42563	513593
42564	513631
42565	513641
42566	513649
42567	513673
42568	513679
42569	513683
42570	513691
42571	513697
42572	513719
42573	513727
42574	513731
42575	513739
42576	513749
42577	513761
42578	513767
42579	513769
42580	513781
42581	513829
42582	513839
42583	513841
42584	513871
42585	513881
42586	513899
42587	513917
42588	513923
42589	513937
42590	513943
42591	513977
42592	513991
42593	514001
42594	514009
42595	514013
42596	514021
42597	514049
42598	514051
42599	514057
42600	514061
42601	514079
42602	514081
42603	514093
42604	514103
42605	514117
42606	514123
42607	514127
42608	514147
42609	514177
42610	514187
42611	514201
42612	514219
42613	514229
42614	514243
42615	514247
42616	514249
42617	514271
42618	514277
42619	514289
42620	514309
42621	514313
42622	514333
42623	514343
42624	514357
42625	514361
42626	514379
42627	514399
42628	514417
42629	514429
42630	514433
42631	514453
42632	514499
42633	514513
42634	514519
42635	514523
42636	514529
42637	514531
42638	514543
42639	514561
42640	514571
42641	514621
42642	514637
42643	514639
42644	514643
42645	514649
42646	514651
42647	514669
42648	514681
42649	514711
42650	514733
42651	514739
42652	514741
42653	514747
42654	514751
42655	514757
42656	514769
42657	514783
42658	514793
42659	514819
42660	514823
42661	514831
42662	514841
42663	514847
42664	514853
42665	514859
42666	514867
42667	514873
42668	514889
42669	514903
42670	514933
42671	514939
42672	514949
42673	514967
42674	515041
42675	515087
42676	515089
42677	515111
42678	515143
42679	515149
42680	515153
42681	515173
42682	515191
42683	515227
42684	515231
42685	515233
42686	515237
42687	515279
42688	515293
42689	515311
42690	515323
42691	515351
42692	515357
42693	515369
42694	515371
42695	515377
42696	515381
42697	515401
42698	515429
42699	515477
42700	515507
42701	515519
42702	515539
42703	515563
42704	515579
42705	515587
42706	515597
42707	515611
42708	515621
42709	515639
42710	515651
42711	515653
42712	515663
42713	515677
42714	515681
42715	515687
42716	515693
42717	515701
42718	515737
42719	515741
42720	515761
42721	515771
42722	515773
42723	515777
42724	515783
42725	515803
42726	515813
42727	515839
42728	515843
42729	515857
42730	515861
42731	515873
42732	515887
42733	515917
42734	515923
42735	515929
42736	515941
42737	515951
42738	515969
42739	515993
42740	516017
42741	516023
42742	516049
42743	516053
42744	516077
42745	516091
42746	516127
42747	516151
42748	516157
42749	516161
42750	516163
42751	516169
42752	516179
42753	516193
42754	516199
42755	516209
42756	516223
42757	516227
42758	516233
42759	516247
42760	516251
42761	516253
42762	516277
42763	516283
42764	516293
42765	516319
42766	516323
42767	516349
42768	516359
42769	516361
42770	516371
42771	516377
42772	516391
42773	516407
42774	516421
42775	516431
42776	516433
42777	516437
42778	516449
42779	516457
42780	516469
42781	516493
42782	516499
42783	516517
42784	516521
42785	516539
42786	516541
42787	516563
42788	516587
42789	516589
42790	516599
42791	516611
42792	516617
42793	516619
42794	516623
42795	516643
42796	516653
42797	516673
42798	516679
42799	516689
42800	516701
42801	516709
42802	516713
42803	516721
42804	516727
42805	516757
42806	516793
42807	516811
42808	516821
42809	516829
42810	516839
42811	516847
42812	516871
42813	516877
42814	516883
42815	516907
42816	516911
42817	516931
42818	516947
42819	516949
42820	516959
42821	516973
42822	516977
42823	516979
42824	516991
42825	517003
42826	517043
42827	517061
42828	517067
42829	517073
42830	517079
42831	517081
42832	517087
42833	517091
42834	517129
42835	517151
42836	517169
42837	517177
42838	517183
42839	517189
42840	517207
42841	517211
42842	517217
42843	517229
42844	517241
42845	517243
42846	517249
42847	517261
42848	517267
42849	517277
42850	517289
42851	517303
42852	517337
42853	517343
42854	517367
42855	517373
42856	517381
42857	517393
42858	517399
42859	517403
42860	517411
42861	517417
42862	517457
42863	517459
42864	517469
42865	517471
42866	517481
42867	517487
42868	517499
42869	517501
42870	517507
42871	517511
42872	517513
42873	517547
42874	517549
42875	517553
42876	517571
42877	517577
42878	517589
42879	517597
42880	517603
42881	517609
42882	517613
42883	517619
42884	517637
42885	517639
42886	517711
42887	517717
42888	517721
42889	517729
42890	517733
42891	517739
42892	517747
42893	517817
42894	517823
42895	517831
42896	517861
42897	517873
42898	517877
42899	517901
42900	517919
42901	517927
42902	517931
42903	517949
42904	517967
42905	517981
42906	517991
42907	517999
42908	518017
42909	518047
42910	518057
42911	518059
42912	518083
42913	518099
42914	518101
42915	518113
42916	518123
42917	518129
42918	518131
42919	518137
42920	518153
42921	518159
42922	518171
42923	518179
42924	518191
42925	518207
42926	518209
42927	518233
42928	518237
42929	518239
42930	518249
42931	518261
42932	518291
42933	518299
42934	518311
42935	518327
42936	518341
42937	518387
42938	518389
42939	518411
42940	518417
42941	518429
42942	518431
42943	518447
42944	518467
42945	518471
42946	518473
42947	518509
42948	518521
42949	518533
42950	518543
42951	518579
42952	518587
42953	518597
42954	518611
42955	518621
42956	518657
42957	518689
42958	518699
42959	518717
42960	518729
42961	518737
42962	518741
42963	518743
42964	518747
42965	518759
42966	518761
42967	518767
42968	518779
42969	518801
42970	518803
42971	518807
42972	518809
42973	518813
42974	518831
42975	518863
42976	518867
42977	518893
42978	518911
42979	518933
42980	518953
42981	518981
42982	518983
42983	518989
42984	519011
42985	519031
42986	519037
42987	519067
42988	519083
42989	519089
42990	519091
42991	519097
42992	519107
42993	519119
42994	519121
42995	519131
42996	519151
42997	519161
42998	519193
42999	519217
43000	519227
