75001	951193
75002	951221
75003	951259
75004	951277
75005	951281
75006	951283
75007	951299
75008	951331
75009	951341
75010	951343
75011	951361
75012	951367
75013	951373
75014	951389
75015	951407
75016	951413
75017	951427
75018	951437
75019	951449
75020	951469
75021	951479
75022	951491
75023	951497
75024	951553
75025	951557
75026	951571
75027	951581
75028	951583
75029	951589
75030	951623
75031	951637
75032	951641
75033	951647
75034	951649
75035	951659
75036	951689
75037	951697
75038	951749
75039	951781
75040	951787
75041	951791
75042	951803
75043	951829
75044	951851
75045	951859
75046	951887
75047	951893
75048	951911
75049	951941
75050	951943
75051	951959
75052	951967
75053	951997
75054	952001
75055	952009
75056	952037
75057	952057
75058	952073
75059	952087
75060	952097
75061	952111
75062	952117
75063	952123
75064	952129
75065	952141
75066	952151
75067	952163
75068	952169
75069	952183
75070	952199
75071	952207
75072	952219
75073	952229
75074	952247
75075	952253
75076	952277
75077	952279
75078	952291
75079	952297
75080	952313
75081	952349
75082	952363
75083	952379
75084	952381
75085	952397
75086	952423
75087	952429
75088	952439
75089	952481
75090	952487
75091	952507
75092	952513
75093	952541
75094	952547
75095	952559
75096	952573
75097	952583
75098	952597
75099	952619
75100	952649
75101	952657
75102	952667
75103	952669
75104	952681
75105	952687
75106	952691
75107	952709
75108	952739
75109	952741
75110	952753
75111	952771
75112	952789
75113	952811
75114	952813
75115	952823
75116	952829
75117	952843
75118	952859
75119	952873
75120	952877
75121	952883
75122	952921
75123	952927
75124	952933
75125	952937
75126	952943
75127	952957
75128	952967
75129	952979
75130	952981
75131	952997
75132	953023
75133	953039
75134	953041
75135	953053
75136	953077
75137	953081
75138	953093
75139	953111
75140	953131
75141	953149
75142	953171
75143	953179
75144	953191
75145	953221
75146	953237
75147	953243
75148	953261
75149	953273
75150	953297
75151	953321
75152	953333
75153	953341
75154	953347
75155	953399
75156	953431
75157	953437
75158	953443
75159	953473
75160	953483
75161	953497
75162	953501
75163	953503
75164	953507
75165	953521
75166	953539
75167	953543
75168	953551
75169	953567
75170	953593
75171	953621
75172	953639
75173	953647
75174	953651
75175	953671
75176	953681
75177	953699
75178	953707
75179	953731
75180	953747
75181	953773
75182	953789
75183	953791
75184	953831
75185	953851
75186	953861
75187	953873
75188	953881
75189	953917
75190	953923
75191	953929
75192	953941
75193	953969
75194	953977
75195	953983
75196	953987
75197	954001
75198	954007
75199	954011
75200	954043
75201	954067
75202	954097
75203	954103
75204	954131
75205	954133
75206	954139
75207	954157
75208	954167
75209	954181
75210	954203
75211	954209
75212	954221
75213	954229
75214	954253
75215	954257
75216	954259
75217	954263
75218	954269
75219	954277
75220	954287
75221	954307
75222	954319
75223	954323
75224	954367
75225	954377
75226	954379
75227	954391
75228	954409
75229	954433
75230	954451
75231	954461
75232	954469
75233	954491
75234	954497
75235	954509
75236	954517
75237	954539
75238	954571
75239	954599
75240	954619
75241	954623
75242	954641
75243	954649
75244	954671
75245	954677
75246	954697
75247	954713
75248	954719
75249	954727
75250	954743
75251	954757
75252	954763
75253	954827
75254	954829
75255	954847
75256	954851
75257	954853
75258	954857
75259	954869
75260	954871
75261	954911
75262	954917
75263	954923
75264	954929
75265	954971
75266	954973
75267	954977
75268	954979
75269	954991
75270	955037
75271	955039
75272	955051
75273	955061
75274	955063
75275	955091
75276	955093
75277	955103
75278	955127
75279	955139
75280	955147
75281	955153
75282	955183
75283	955193
75284	955211
75285	955217
75286	955223
75287	955243
75288	955261
75289	955267
75290	955271
75291	955277
75292	955307
75293	955309
75294	955313
75295	955319
75296	955333
75297	955337
75298	955363
75299	955379
75300	955391
75301	955433
75302	955439
75303	955441
75304	955457
75305	955469
75306	955477
75307	955481
75308	955483
75309	955501
75310	955511
75311	955541
75312	955601
75313	955607
75314	955613
75315	955649
75316	955657
75317	955693
75318	955697
75319	955709
75320	955711
75321	955727
75322	955729
75323	955769
75324	955777
75325	955781
75326	955793
75327	955807
75328	955813
75329	955819
75330	955841
75331	955853
75332	955879
75333	955883
75334	955891
75335	955901
75336	955919
75337	955937
75338	955939
75339	955951
75340	955957
75341	955963
75342	955967
75343	955987
75344	955991
75345	955993
75346	956003
75347	956051
75348	956057
75349	956083
75350	956107
75351	956113
75352	956119
75353	956143
75354	956147
75355	956177
75356	956231
75357	956237
75358	956261
75359	956269
75360	956273
75361	956281
75362	956303
75363	956311
75364	956341
75365	956353
75366	956357
75367	956377
75368	956383
75369	956387
75370	956393
75371	956399
75372	956401
75373	956429
75374	956477
75375	956503
75376	956513
75377	956521
75378	956569
75379	956587
75380	956617
75381	956633
75382	956689
75383	956699
75384	956713
75385	956723
75386	956749
75387	956759
75388	956789
75389	956801
75390	956831
75391	956843
75392	956849
75393	956861
75394	956881
75395	956903
75396	956909
75397	956929
75398	956941
75399	956951
75400	956953
75401	956987
75402	956993
75403	956999
75404	957031
75405	957037
75406	957041
75407	957043
75408	957059
75409	957071
75410	957091
75411	957097
75412	957107
75413	957109
75414	957119
75415	957133
75416	957139
75417	957161
75418	957169
75419	957181
75420	957193
75421	957211
75422	957221
75423	957241
75424	957247
75425	957263
75426	957289
75427	957317
75428	957331
75429	957337
75430	957349
75431	957361
75432	957403
75433	957409
75434	957413
75435	957419
75436	957431
75437	957433
75438	957499
75439	957529
75440	957547
75441	957553
75442	957557
75443	957563
75444	957587
75445	957599
75446	957601
75447	957611
75448	957641
75449	957643
75450	957659
75451	957701
75452	957703
75453	957709
75454	957721
75455	957731
75456	957751
75457	957769
75458	957773
75459	957811
75460	957821
75461	957823
75462	957851
75463	957871
75464	957877
75465	957889
75466	957917
75467	957937
75468	957949
75469	957953
75470	957959
75471	957977
75472	957991
75473	958007
75474	958021
75475	958039
75476	958043
75477	958049
75478	958051
75479	958057
75480	958063
75481	958121
75482	958123
75483	958141
75484	958159
75485	958163
75486	958183
75487	958193
75488	958213
75489	958259
75490	958261
75491	958289
75492	958313
75493	958319
75494	958327
75495	958333
75496	958339
75497	958343
75498	958351
75499	958357
75500	958361
75501	958367
75502	958369
75503	958381
75504	958393
75505	958423
75506	958439
75507	958459
75508	958481
75509	958487
75510	958499
75511	958501
75512	958519
75513	958523
75514	958541
75515	958543
75516	958547
75517	958549
75518	958553
75519	958577
75520	958609
75521	958627
75522	958637
75523	958667
75524	958669
75525	958673
75526	958679
75527	958687
75528	958693
75529	958729
75530	958739
75531	958777
75532	958787
75533	958807
75534	958819
75535	958829
75536	958843
75537	958849
75538	958871
75539	958877
75540	958883
75541	958897
75542	958901
75543	958921
75544	958931
75545	958933
75546	958957
75547	958963
75548	958967
75549	958973
75550	959009
75551	959083
75552	959093
75553	959099
75554	959131
75555	959143
75556	959149
75557	959159
75558	959173
75559	959183
75560	959207
75561	959209
75562	959219
75563	959227
75564	959237
75565	959263
75566	959267
75567	959269
75568	959279
75569	959323
75570	959333
75571	959339
75572	959351
75573	959363
75574	959369
75575	959377
75576	959383
75577	959389
75578	959449
75579	959461
75580	959467
75581	959471
75582	959473
75583	959477
75584	959479
75585	959489
75586	959533
75587	959561
75588	959579
75589	959597
75590	959603
75591	959617
75592	959627
75593	959659
75594	959677
75595	959681
75596	959689
75597	959719
75598	959723
75599	959737
75600	959759
75601	959773
75602	959779
75603	959801
75604	959809
75605	959831
75606	959863
75607	959867
75608	959869
75609	959873
75610	959879
75611	959887
75612	959911
75613	959921
75614	959927
75615	959941
75616	959947
75617	959953
75618	959969
75619	960017
75620	960019
75621	960031
75622	960049
75623	960053
75624	960059
75625	960077
75626	960119
75627	960121
75628	960131
75629	960137
75630	960139
75631	960151
75632	960173
75633	960191
75634	960199
75635	960217
75636	960229
75637	960251
75638	960259
75639	960293
75640	960299
75641	960329
75642	960331
75643	960341
75644	960353
75645	960373
75646	960383
75647	960389
75648	960419
75649	960467
75650	960493
75651	960497
75652	960499
75653	960521
75654	960523
75655	960527
75656	960569
75657	960581
75658	960587
75659	960593
75660	960601
75661	960637
75662	960643
75663	960647
75664	960649
75665	960667
75666	960677
75667	960691
75668	960703
75669	960709
75670	960737
75671	960763
75672	960793
75673	960803
75674	960809
75675	960829
75676	960833
75677	960863
75678	960889
75679	960931
75680	960937
75681	960941
75682	960961
75683	960977
75684	960983
75685	960989
75686	960991
75687	961003
75688	961021
75689	961033
75690	961063
75691	961067
75692	961069
75693	961073
75694	961087
75695	961091
75696	961097
75697	961099
75698	961109
75699	961117
75700	961123
75701	961133
75702	961139
75703	961141
75704	961151
75705	961157
75706	961159
75707	961183
75708	961187
75709	961189
75710	961201
75711	961241
75712	961243
75713	961273
75714	961277
75715	961283
75716	961313
75717	961319
75718	961339
75719	961393
75720	961397
75721	961399
75722	961427
75723	961447
75724	961451
75725	961453
75726	961459
75727	961487
75728	961507
75729	961511
75730	961529
75731	961531
75732	961547
75733	961549
75734	961567
75735	961601
75736	961613
75737	961619
75738	961627
75739	961633
75740	961637
75741	961643
75742	961657
75743	961661
75744	961663
75745	961679
75746	961687
75747	961691
75748	961703
75749	961729
75750	961733
75751	961739
75752	961747
75753	961757
75754	961769
75755	961777
75756	961783
75757	961789
75758	961811
75759	961813
75760	961817
75761	961841
75762	961847
75763	961853
75764	961861
75765	961871
75766	961879
75767	961927
75768	961937
75769	961943
75770	961957
75771	961973
75772	961981
75773	961991
75774	961993
75775	962009
75776	962011
75777	962033
75778	962041
75779	962051
75780	962063
75781	962077
75782	962099
75783	962119
75784	962131
75785	962161
75786	962177
75787	962197
75788	962233
75789	962237
75790	962243
75791	962257
75792	962267
75793	962303
75794	962309
75795	962341
75796	962363
75797	962413
75798	962417
75799	962431
75800	962441
75801	962447
75802	962459
75803	962461
75804	962471
75805	962477
75806	962497
75807	962503
75808	962509
75809	962537
75810	962543
75811	962561
75812	962569
75813	962587
75814	962603
75815	962609
75816	962617
75817	962623
75818	962627
75819	962653
75820	962669
75821	962671
75822	962677
75823	962681
75824	962683
75825	962737
75826	962743
75827	962747
75828	962779
75829	962783
75830	962789
75831	962791
75832	962807
75833	962837
75834	962839
75835	962861
75836	962867
75837	962869
75838	962903
75839	962909
75840	962911
75841	962921
75842	962959
75843	962963
75844	962971
75845	962993
75846	963019
75847	963031
75848	963043
75849	963047
75850	963097
75851	963103
75852	963121
75853	963143
75854	963163
75855	963173
75856	963181
75857	963187
75858	963191
75859	963211
75860	963223
75861	963227
75862	963239
75863	963241
75864	963253
75865	963283
75866	963299
75867	963301
75868	963311
75869	963323
75870	963331
75871	963341
75872	963343
75873	963349
75874	963367
75875	963379
75876	963397
75877	963419
75878	963427
75879	963461
75880	963481
75881	963491
75882	963497
75883	963499
75884	963559
75885	963581
75886	963601
75887	963607
75888	963629
75889	963643
75890	963653
75891	963659
75892	963667
75893	963689
75894	963691
75895	963701
75896	963707
75897	963709
75898	963719
75899	963731
75900	963751
75901	963761
75902	963763
75903	963779
75904	963793
75905	963799
75906	963811
75907	963817
75908	963839
75909	963841
75910	963847
75911	963863
75912	963871
75913	963877
75914	963899
75915	963901
75916	963913
75917	963943
75918	963973
75919	963979
75920	964009
75921	964021
75922	964027
75923	964039
75924	964049
75925	964081
75926	964097
75927	964133
75928	964151
75929	964153
75930	964199
75931	964207
75932	964213
75933	964217
75934	964219
75935	964253
75936	964259
75937	964261
75938	964267
75939	964283
75940	964289
75941	964297
75942	964303
75943	964309
75944	964333
75945	964339
75946	964351
75947	964357
75948	964363
75949	964373
75950	964417
75951	964423
75952	964433
75953	964463
75954	964499
75955	964501
75956	964507
75957	964517
75958	964519
75959	964531
75960	964559
75961	964571
75962	964577
75963	964583
75964	964589
75965	964609
75966	964637
75967	964661
75968	964679
75969	964693
75970	964697
75971	964703
75972	964721
75973	964753
75974	964757
75975	964783
75976	964787
75977	964793
75978	964823
75979	964829
75980	964861
75981	964871
75982	964879
75983	964883
75984	964889
75985	964897
75986	964913
75987	964927
75988	964933
75989	964939
75990	964967
75991	964969
75992	964973
75993	964981
75994	965023
75995	965047
75996	965059
75997	965087
75998	965089
75999	965101
76000	965113
