51001	625199
51002	625213
51003	625231
51004	625237
51005	625253
51006	625267
51007	625279
51008	625283
51009	625307
51010	625319
51011	625343
51012	625351
51013	625367
51014	625369
51015	625397
51016	625409
51017	625451
51018	625477
51019	625483
51020	625489
51021	625507
51022	625517
51023	625529
51024	625543
51025	625589
51026	625591
51027	625609
51028	625621
51029	625627
51030	625631
51031	625637
51032	625643
51033	625657
51034	625661
51035	625663
51036	625697
51037	625699
51038	625763
51039	625777
51040	625789
51041	625811
51042	625819
51043	625831
51044	625837
51045	625861
51046	625871
51047	625883
51048	625909
51049	625913
51050	625927
51051	625939
51052	625943
51053	625969
51054	625979
51055	625997
51056	626009
51057	626011
51058	626033
51059	626051
51060	626063
51061	626113
51062	626117
51063	626147
51064	626159
51065	626173
51066	626177
51067	626189
51068	626191
51069	626201
51070	626207
51071	626239
51072	626251
51073	626261
51074	626317
51075	626323
51076	626333
51077	626341
51078	626347
51079	626363
51080	626377
51081	626389
51082	626393
51083	626443
51084	626477
51085	626489
51086	626519
51087	626533
51088	626539
51089	626581
51090	626597
51091	626599
51092	626609
51093	626611
51094	626617
51095	626621
51096	626623
51097	626627
51098	626629
51099	626663
51100	626683
51101	626687
51102	626693
51103	626701
51104	626711
51105	626713
51106	626723
51107	626741
51108	626749
51109	626761
51110	626771
51111	626783
51112	626797
51113	626809
51114	626833
51115	626837
51116	626861
51117	626887
51118	626917
51119	626921
51120	626929
51121	626947
51122	626953
51123	626959
51124	626963
51125	626987
51126	627017
51127	627041
51128	627059
51129	627071
51130	627073
51131	627083
51132	627089
51133	627091
51134	627101
51135	627119
51136	627131
51137	627139
51138	627163
51139	627169
51140	627191
51141	627197
51142	627217
51143	627227
51144	627251
51145	627257
51146	627269
51147	627271
51148	627293
51149	627301
51150	627329
51151	627349
51152	627353
51153	627377
51154	627379
51155	627383
51156	627391
51157	627433
51158	627449
51159	627479
51160	627481
51161	627491
51162	627511
51163	627541
51164	627547
51165	627559
51166	627593
51167	627611
51168	627617
51169	627619
51170	627637
51171	627643
51172	627659
51173	627661
51174	627667
51175	627673
51176	627709
51177	627721
51178	627733
51179	627749
51180	627773
51181	627787
51182	627791
51183	627797
51184	627799
51185	627811
51186	627841
51187	627859
51188	627901
51189	627911
51190	627919
51191	627943
51192	627947
51193	627953
51194	627961
51195	627973
51196	628013
51197	628021
51198	628037
51199	628049
51200	628051
51201	628057
51202	628063
51203	628093
51204	628097
51205	628127
51206	628139
51207	628171
51208	628183
51209	628189
51210	628193
51211	628207
51212	628213
51213	628217
51214	628219
51215	628231
51216	628261
51217	628267
51218	628289
51219	628301
51220	628319
51221	628357
51222	628363
51223	628373
51224	628379
51225	628391
51226	628399
51227	628423
51228	628427
51229	628447
51230	628477
51231	628487
51232	628493
51233	628499
51234	628547
51235	628561
51236	628583
51237	628591
51238	628651
51239	628673
51240	628679
51241	628681
51242	628687
51243	628699
51244	628709
51245	628721
51246	628753
51247	628757
51248	628759
51249	628781
51250	628783
51251	628787
51252	628799
51253	628801
51254	628811
51255	628819
51256	628841
51257	628861
51258	628877
51259	628909
51260	628913
51261	628921
51262	628937
51263	628939
51264	628973
51265	628993
51266	628997
51267	629003
51268	629009
51269	629011
51270	629023
51271	629029
51272	629059
51273	629081
51274	629113
51275	629137
51276	629143
51277	629171
51278	629177
51279	629203
51280	629243
51281	629249
51282	629263
51283	629281
51284	629311
51285	629339
51286	629341
51287	629351
51288	629371
51289	629381
51290	629383
51291	629401
51292	629411
51293	629417
51294	629429
51295	629449
51296	629467
51297	629483
51298	629491
51299	629509
51300	629513
51301	629537
51302	629567
51303	629569
51304	629591
51305	629593
51306	629609
51307	629611
51308	629617
51309	629623
51310	629653
51311	629683
51312	629687
51313	629689
51314	629701
51315	629711
51316	629723
51317	629737
51318	629743
51319	629747
51320	629767
51321	629773
51322	629779
51323	629803
51324	629807
51325	629819
51326	629843
51327	629857
51328	629861
51329	629873
51330	629891
51331	629897
51332	629899
51333	629903
51334	629921
51335	629927
51336	629929
51337	629939
51338	629963
51339	629977
51340	629987
51341	629989
51342	630017
51343	630023
51344	630029
51345	630043
51346	630067
51347	630101
51348	630107
51349	630127
51350	630151
51351	630163
51352	630167
51353	630169
51354	630181
51355	630193
51356	630197
51357	630229
51358	630247
51359	630263
51360	630281
51361	630299
51362	630307
51363	630319
51364	630349
51365	630353
51366	630391
51367	630433
51368	630451
51369	630467
51370	630473
51371	630481
51372	630493
51373	630521
51374	630523
51375	630529
51376	630559
51377	630577
51378	630583
51379	630587
51380	630589
51381	630593
51382	630607
51383	630613
51384	630659
51385	630677
51386	630689
51387	630701
51388	630709
51389	630713
51390	630719
51391	630733
51392	630737
51393	630797
51394	630803
51395	630823
51396	630827
51397	630841
51398	630863
51399	630871
51400	630893
51401	630899
51402	630901
51403	630907
51404	630911
51405	630919
51406	630941
51407	630967
51408	630997
51409	631003
51410	631013
51411	631039
51412	631061
51413	631121
51414	631133
51415	631139
51416	631151
51417	631153
51418	631157
51419	631171
51420	631181
51421	631187
51422	631223
51423	631229
51424	631247
51425	631249
51426	631259
51427	631271
51428	631273
51429	631291
51430	631307
51431	631339
51432	631357
51433	631361
51434	631387
51435	631391
51436	631399
51437	631409
51438	631429
51439	631453
51440	631457
51441	631459
51442	631469
51443	631471
51444	631483
51445	631487
51446	631507
51447	631513
51448	631529
51449	631531
51450	631537
51451	631549
51452	631559
51453	631573
51454	631577
51455	631583
51456	631597
51457	631613
51458	631619
51459	631643
51460	631667
51461	631679
51462	631681
51463	631711
51464	631717
51465	631723
51466	631733
51467	631739
51468	631751
51469	631753
51470	631789
51471	631817
51472	631819
51473	631843
51474	631847
51475	631853
51476	631859
51477	631861
51478	631867
51479	631889
51480	631901
51481	631903
51482	631913
51483	631927
51484	631931
51485	631937
51486	631979
51487	631987
51488	631991
51489	631993
51490	632029
51491	632041
51492	632053
51493	632081
51494	632083
51495	632087
51496	632089
51497	632101
51498	632117
51499	632123
51500	632141
51501	632147
51502	632153
51503	632189
51504	632209
51505	632221
51506	632227
51507	632231
51508	632251
51509	632257
51510	632267
51511	632273
51512	632297
51513	632299
51514	632321
51515	632323
51516	632327
51517	632329
51518	632347
51519	632351
51520	632353
51521	632363
51522	632371
51523	632381
51524	632389
51525	632393
51526	632447
51527	632459
51528	632473
51529	632483
51530	632497
51531	632501
51532	632503
51533	632521
51534	632557
51535	632561
51536	632591
51537	632609
51538	632623
51539	632627
51540	632629
51541	632647
51542	632669
51543	632677
51544	632683
51545	632699
51546	632713
51547	632717
51548	632743
51549	632747
51550	632773
51551	632777
51552	632813
51553	632839
51554	632843
51555	632851
51556	632857
51557	632881
51558	632897
51559	632911
51560	632923
51561	632939
51562	632941
51563	632971
51564	632977
51565	632987
51566	632993
51567	633001
51568	633013
51569	633037
51570	633053
51571	633067
51572	633079
51573	633091
51574	633133
51575	633151
51576	633161
51577	633187
51578	633197
51579	633209
51580	633221
51581	633253
51582	633257
51583	633263
51584	633271
51585	633287
51586	633307
51587	633317
51588	633337
51589	633359
51590	633377
51591	633379
51592	633383
51593	633401
51594	633407
51595	633427
51596	633449
51597	633461
51598	633463
51599	633467
51600	633469
51601	633473
51602	633487
51603	633497
51604	633559
51605	633569
51606	633571
51607	633583
51608	633599
51609	633613
51610	633623
51611	633629
51612	633649
51613	633653
51614	633667
51615	633739
51616	633751
51617	633757
51618	633767
51619	633781
51620	633791
51621	633793
51622	633797
51623	633799
51624	633803
51625	633823
51626	633833
51627	633877
51628	633883
51629	633923
51630	633931
51631	633937
51632	633943
51633	633953
51634	633961
51635	633967
51636	633991
51637	634003
51638	634013
51639	634031
51640	634061
51641	634079
51642	634091
51643	634097
51644	634103
51645	634141
51646	634157
51647	634159
51648	634169
51649	634177
51650	634181
51651	634187
51652	634199
51653	634211
51654	634223
51655	634237
51656	634241
51657	634247
51658	634261
51659	634267
51660	634273
51661	634279
51662	634301
51663	634307
51664	634313
51665	634327
51666	634331
51667	634343
51668	634367
51669	634373
51670	634397
51671	634421
51672	634441
51673	634471
51674	634483
51675	634493
51676	634499
51677	634511
51678	634519
51679	634523
51680	634531
51681	634541
51682	634567
51683	634573
51684	634577
51685	634597
51686	634603
51687	634609
51688	634643
51689	634649
51690	634651
51691	634679
51692	634681
51693	634687
51694	634703
51695	634709
51696	634717
51697	634727
51698	634741
51699	634747
51700	634757
51701	634759
51702	634793
51703	634807
51704	634817
51705	634841
51706	634853
51707	634859
51708	634861
51709	634871
51710	634891
51711	634901
51712	634903
51713	634927
51714	634937
51715	634939
51716	634943
51717	634969
51718	634979
51719	635003
51720	635021
51721	635039
51722	635051
51723	635057
51724	635087
51725	635119
51726	635147
51727	635149
51728	635197
51729	635203
51730	635207
51731	635249
51732	635251
51733	635263
51734	635267
51735	635279
51736	635287
51737	635291
51738	635293
51739	635309
51740	635317
51741	635333
51742	635339
51743	635347
51744	635351
51745	635353
51746	635359
51747	635363
51748	635387
51749	635389
51750	635413
51751	635423
51752	635431
51753	635441
51754	635449
51755	635461
51756	635471
51757	635483
51758	635507
51759	635519
51760	635527
51761	635533
51762	635563
51763	635567
51764	635599
51765	635603
51766	635617
51767	635639
51768	635653
51769	635659
51770	635689
51771	635707
51772	635711
51773	635729
51774	635731
51775	635737
51776	635777
51777	635801
51778	635809
51779	635813
51780	635821
51781	635837
51782	635849
51783	635867
51784	635879
51785	635891
51786	635893
51787	635909
51788	635917
51789	635923
51790	635939
51791	635959
51792	635969
51793	635977
51794	635981
51795	635983
51796	635989
51797	636017
51798	636023
51799	636043
51800	636059
51801	636061
51802	636071
51803	636073
51804	636107
51805	636109
51806	636133
51807	636137
51808	636149
51809	636193
51810	636211
51811	636217
51812	636241
51813	636247
51814	636257
51815	636263
51816	636277
51817	636283
51818	636287
51819	636301
51820	636313
51821	636319
51822	636331
51823	636343
51824	636353
51825	636359
51826	636403
51827	636407
51828	636409
51829	636421
51830	636469
51831	636473
51832	636499
51833	636533
51834	636539
51835	636541
51836	636547
51837	636553
51838	636563
51839	636569
51840	636613
51841	636619
51842	636631
51843	636653
51844	636673
51845	636697
51846	636719
51847	636721
51848	636731
51849	636739
51850	636749
51851	636761
51852	636763
51853	636773
51854	636781
51855	636809
51856	636817
51857	636821
51858	636829
51859	636851
51860	636863
51861	636877
51862	636917
51863	636919
51864	636931
51865	636947
51866	636953
51867	636967
51868	636983
51869	636997
51870	637001
51871	637003
51872	637067
51873	637073
51874	637079
51875	637097
51876	637129
51877	637139
51878	637157
51879	637163
51880	637171
51881	637199
51882	637201
51883	637229
51884	637243
51885	637271
51886	637277
51887	637283
51888	637291
51889	637297
51890	637309
51891	637319
51892	637321
51893	637327
51894	637337
51895	637339
51896	637349
51897	637369
51898	637379
51899	637409
51900	637421
51901	637423
51902	637447
51903	637459
51904	637463
51905	637471
51906	637489
51907	637499
51908	637513
51909	637519
51910	637529
51911	637531
51912	637543
51913	637573
51914	637597
51915	637601
51916	637603
51917	637607
51918	637627
51919	637657
51920	637669
51921	637691
51922	637699
51923	637709
51924	637711
51925	637717
51926	637723
51927	637727
51928	637729
51929	637751
51930	637771
51931	637781
51932	637783
51933	637787
51934	637817
51935	637829
51936	637831
51937	637841
51938	637873
51939	637883
51940	637909
51941	637933
51942	637937
51943	637939
51944	638023
51945	638047
51946	638051
51947	638059
51948	638063
51949	638081
51950	638117
51951	638123
51952	638147
51953	638159
51954	638161
51955	638171
51956	638177
51957	638179
51958	638201
51959	638233
51960	638263
51961	638269
51962	638303
51963	638317
51964	638327
51965	638347
51966	638359
51967	638371
51968	638423
51969	638431
51970	638437
51971	638453
51972	638459
51973	638467
51974	638489
51975	638501
51976	638527
51977	638567
51978	638581
51979	638587
51980	638621
51981	638629
51982	638633
51983	638663
51984	638669
51985	638689
51986	638699
51987	638717
51988	638719
51989	638767
51990	638801
51991	638819
51992	638839
51993	638857
51994	638861
51995	638893
51996	638923
51997	638933
51998	638959
51999	638971
52000	638977
