31001	363271
31002	363277
31003	363313
31004	363317
31005	363329
31006	363343
31007	363359
31008	363361
31009	363367
31010	363371
31011	363373
31012	363379
31013	363397
31014	363401
31015	363403
31016	363431
31017	363437
31018	363439
31019	363463
31020	363481
31021	363491
31022	363497
31023	363523
31024	363529
31025	363533
31026	363541
31027	363551
31028	363557
31029	363563
31030	363569
31031	363577
31032	363581
31033	363589
31034	363611
31035	363619
31036	363659
31037	363677
31038	363683
31039	363691
31040	363719
31041	363731
31042	363751
31043	363757
31044	363761
31045	363767
31046	363773
31047	363799
31048	363809
31049	363829
31050	363833
31051	363841
31052	363871
31053	363887
31054	363889
31055	363901
31056	363911
31057	363917
31058	363941
31059	363947
31060	363949
31061	363959
31062	363967
31063	363977
31064	363989
31065	364027
31066	364031
31067	364069
31068	364073
31069	364079
31070	364103
31071	364127
31072	364129
31073	364141
31074	364171
31075	364183
31076	364187
31077	364193
31078	364213
31079	364223
31080	364241
31081	364267
31082	364271
31083	364289
31084	364291
31085	364303
31086	364313
31087	364321
31088	364333
31089	364337
31090	364349
31091	364373
31092	364379
31093	364393
31094	364411
31095	364417
31096	364423
31097	364433
31098	364447
31099	364451
31100	364459
31101	364471
31102	364499
31103	364513
31104	364523
31105	364537
31106	364541
31107	364543
31108	364571
31109	364583
31110	364601
31111	364607
31112	364621
31113	364627
31114	364643
31115	364657
31116	364669
31117	364687
31118	364691
31119	364699
31120	364717
31121	364739
31122	364747
31123	364751
31124	364753
31125	364759
31126	364801
31127	364829
31128	364853
31129	364873
31130	364879
31131	364883
31132	364891
31133	364909
31134	364919
31135	364921
31136	364937
31137	364943
31138	364961
31139	364979
31140	364993
31141	364997
31142	365003
31143	365017
31144	365021
31145	365039
31146	365063
31147	365069
31148	365089
31149	365107
31150	365119
31151	365129
31152	365137
31153	365147
31154	365159
31155	365173
31156	365179
31157	365201
31158	365213
31159	365231
31160	365249
31161	365251
31162	365257
31163	365291
31164	365293
31165	365297
31166	365303
31167	365327
31168	365333
31169	365357
31170	365369
31171	365377
31172	365411
31173	365413
31174	365419
31175	365423
31176	365441
31177	365461
31178	365467
31179	365471
31180	365473
31181	365479
31182	365489
31183	365507
31184	365509
31185	365513
31186	365527
31187	365531
31188	365537
31189	365557
31190	365567
31191	365569
31192	365587
31193	365591
31194	365611
31195	365627
31196	365639
31197	365641
31198	365669
31199	365683
31200	365689
31201	365699
31202	365747
31203	365749
31204	365759
31205	365773
31206	365779
31207	365791
31208	365797
31209	365809
31210	365837
31211	365839
31212	365851
31213	365903
31214	365929
31215	365933
31216	365941
31217	365969
31218	365983
31219	366001
31220	366013
31221	366019
31222	366029
31223	366031
31224	366053
31225	366077
31226	366097
31227	366103
31228	366127
31229	366133
31230	366139
31231	366161
31232	366167
31233	366169
31234	366173
31235	366181
31236	366193
31237	366199
31238	366211
31239	366217
31240	366221
31241	366227
31242	366239
31243	366259
31244	366269
31245	366277
31246	366287
31247	366293
31248	366307
31249	366313
31250	366329
31251	366341
31252	366343
31253	366347
31254	366383
31255	366397
31256	366409
31257	366419
31258	366433
31259	366437
31260	366439
31261	366461
31262	366463
31263	366467
31264	366479
31265	366497
31266	366511
31267	366517
31268	366521
31269	366547
31270	366593
31271	366599
31272	366607
31273	366631
31274	366677
31275	366683
31276	366697
31277	366701
31278	366703
31279	366713
31280	366721
31281	366727
31282	366733
31283	366787
31284	366791
31285	366811
31286	366829
31287	366841
31288	366851
31289	366853
31290	366859
31291	366869
31292	366881
31293	366889
31294	366901
31295	366907
31296	366917
31297	366923
31298	366941
31299	366953
31300	366967
31301	366973
31302	366983
31303	366997
31304	367001
31305	367007
31306	367019
31307	367021
31308	367027
31309	367033
31310	367049
31311	367069
31312	367097
31313	367121
31314	367123
31315	367127
31316	367139
31317	367163
31318	367181
31319	367189
31320	367201
31321	367207
31322	367219
31323	367229
31324	367231
31325	367243
31326	367259
31327	367261
31328	367273
31329	367277
31330	367307
31331	367309
31332	367313
31333	367321
31334	367357
31335	367369
31336	367391
31337	367397
31338	367427
31339	367453
31340	367457
31341	367469
31342	367501
31343	367519
31344	367531
31345	367541
31346	367547
31347	367559
31348	367561
31349	367573
31350	367597
31351	367603
31352	367613
31353	367621
31354	367637
31355	367649
31356	367651
31357	367663
31358	367673
31359	367687
31360	367699
31361	367711
31362	367721
31363	367733
31364	367739
31365	367751
31366	367771
31367	367777
31368	367781
31369	367789
31370	367819
31371	367823
31372	367831
31373	367841
31374	367849
31375	367853
31376	367867
31377	367879
31378	367883
31379	367889
31380	367909
31381	367949
31382	367957
31383	368021
31384	368029
31385	368047
31386	368059
31387	368077
31388	368083
31389	368089
31390	368099
31391	368107
31392	368111
31393	368117
31394	368129
31395	368141
31396	368149
31397	368153
31398	368171
31399	368189
31400	368197
31401	368227
31402	368231
31403	368233
31404	368243
31405	368273
31406	368279
31407	368287
31408	368293
31409	368323
31410	368327
31411	368359
31412	368363
31413	368369
31414	368399
31415	368411
31416	368443
31417	368447
31418	368453
31419	368471
31420	368491
31421	368507
31422	368513
31423	368521
31424	368531
31425	368539
31426	368551
31427	368579
31428	368593
31429	368597
31430	368609
31431	368633
31432	368647
31433	368651
31434	368653
31435	368689
31436	368717
31437	368729
31438	368737
31439	368743
31440	368773
31441	368783
31442	368789
31443	368791
31444	368801
31445	368803
31446	368833
31447	368857
31448	368873
31449	368881
31450	368899
31451	368911
31452	368939
31453	368947
31454	368957
31455	369007
31456	369013
31457	369023
31458	369029
31459	369067
31460	369071
31461	369077
31462	369079
31463	369097
31464	369119
31465	369133
31466	369137
31467	369143
31468	369169
31469	369181
31470	369191
31471	369197
31472	369211
31473	369247
31474	369253
31475	369263
31476	369269
31477	369283
31478	369293
31479	369301
31480	369319
31481	369331
31482	369353
31483	369361
31484	369407
31485	369409
31486	369419
31487	369469
31488	369487
31489	369491
31490	369539
31491	369553
31492	369557
31493	369581
31494	369637
31495	369647
31496	369659
31497	369661
31498	369673
31499	369703
31500	369709
31501	369731
31502	369739
31503	369751
31504	369791
31505	369793
31506	369821
31507	369827
31508	369829
31509	369833
31510	369841
31511	369851
31512	369877
31513	369893
31514	369913
31515	369917
31516	369947
31517	369959
31518	369961
31519	369979
31520	369983
31521	369991
31522	369997
31523	370003
31524	370009
31525	370021
31526	370033
31527	370057
31528	370061
31529	370067
31530	370081
31531	370091
31532	370103
31533	370121
31534	370133
31535	370147
31536	370159
31537	370169
31538	370193
31539	370199
31540	370207
31541	370213
31542	370217
31543	370241
31544	370247
31545	370261
31546	370373
31547	370387
31548	370399
31549	370411
31550	370421
31551	370423
31552	370427
31553	370439
31554	370441
31555	370451
31556	370463
31557	370471
31558	370477
31559	370483
31560	370493
31561	370511
31562	370529
31563	370537
31564	370547
31565	370561
31566	370571
31567	370597
31568	370603
31569	370609
31570	370613
31571	370619
31572	370631
31573	370661
31574	370663
31575	370673
31576	370679
31577	370687
31578	370693
31579	370723
31580	370759
31581	370793
31582	370801
31583	370813
31584	370837
31585	370871
31586	370873
31587	370879
31588	370883
31589	370891
31590	370897
31591	370919
31592	370949
31593	371027
31594	371029
31595	371057
31596	371069
31597	371071
31598	371083
31599	371087
31600	371099
31601	371131
31602	371141
31603	371143
31604	371153
31605	371177
31606	371179
31607	371191
31608	371213
31609	371227
31610	371233
31611	371237
31612	371249
31613	371251
31614	371257
31615	371281
31616	371291
31617	371299
31618	371303
31619	371311
31620	371321
31621	371333
31622	371339
31623	371341
31624	371353
31625	371359
31626	371383
31627	371387
31628	371389
31629	371417
31630	371447
31631	371453
31632	371471
31633	371479
31634	371491
31635	371509
31636	371513
31637	371549
31638	371561
31639	371573
31640	371587
31641	371617
31642	371627
31643	371633
31644	371639
31645	371663
31646	371669
31647	371699
31648	371719
31649	371737
31650	371779
31651	371797
31652	371831
31653	371837
31654	371843
31655	371851
31656	371857
31657	371869
31658	371873
31659	371897
31660	371927
31661	371929
31662	371939
31663	371941
31664	371951
31665	371957
31666	371971
31667	371981
31668	371999
31669	372013
31670	372023
31671	372037
31672	372049
31673	372059
31674	372061
31675	372067
31676	372107
31677	372121
31678	372131
31679	372137
31680	372149
31681	372167
31682	372173
31683	372179
31684	372223
31685	372241
31686	372263
31687	372269
31688	372271
31689	372277
31690	372289
31691	372293
31692	372299
31693	372311
31694	372313
31695	372353
31696	372367
31697	372371
31698	372377
31699	372397
31700	372401
31701	372409
31702	372413
31703	372443
31704	372451
31705	372461
31706	372473
31707	372481
31708	372497
31709	372511
31710	372523
31711	372539
31712	372607
31713	372611
31714	372613
31715	372629
31716	372637
31717	372653
31718	372661
31719	372667
31720	372677
31721	372689
31722	372707
31723	372709
31724	372719
31725	372733
31726	372739
31727	372751
31728	372763
31729	372769
31730	372773
31731	372797
31732	372803
31733	372809
31734	372817
31735	372829
31736	372833
31737	372839
31738	372847
31739	372859
31740	372871
31741	372877
31742	372881
31743	372901
31744	372917
31745	372941
31746	372943
31747	372971
31748	372973
31749	372979
31750	373003
31751	373007
31752	373019
31753	373049
31754	373063
31755	373073
31756	373091
31757	373127
31758	373151
31759	373157
31760	373171
31761	373181
31762	373183
31763	373187
31764	373193
31765	373199
31766	373207
31767	373211
31768	373213
31769	373229
31770	373231
31771	373273
31772	373291
31773	373297
31774	373301
31775	373327
31776	373339
31777	373343
31778	373349
31779	373357
31780	373361
31781	373363
31782	373379
31783	373393
31784	373447
31785	373453
31786	373459
31787	373463
31788	373487
31789	373489
31790	373501
31791	373517
31792	373553
31793	373561
31794	373567
31795	373613
31796	373621
31797	373631
31798	373649
31799	373657
31800	373661
31801	373669
31802	373693
31803	373717
31804	373721
31805	373753
31806	373757
31807	373777
31808	373783
31809	373823
31810	373837
31811	373859
31812	373861
31813	373903
31814	373909
31815	373937
31816	373943
31817	373951
31818	373963
31819	373969
31820	373981
31821	373987
31822	373999
31823	374009
31824	374029
31825	374039
31826	374041
31827	374047
31828	374063
31829	374069
31830	374083
31831	374089
31832	374093
31833	374111
31834	374117
31835	374123
31836	374137
31837	374149
31838	374159
31839	374173
31840	374177
31841	374189
31842	374203
31843	374219
31844	374239
31845	374287
31846	374291
31847	374293
31848	374299
31849	374317
31850	374321
31851	374333
31852	374347
31853	374351
31854	374359
31855	374389
31856	374399
31857	374441
31858	374443
31859	374447
31860	374461
31861	374483
31862	374501
31863	374531
31864	374537
31865	374557
31866	374587
31867	374603
31868	374639
31869	374641
31870	374653
31871	374669
31872	374677
31873	374681
31874	374683
31875	374687
31876	374701
31877	374713
31878	374719
31879	374729
31880	374741
31881	374753
31882	374761
31883	374771
31884	374783
31885	374789
31886	374797
31887	374807
31888	374819
31889	374837
31890	374839
31891	374849
31892	374879
31893	374887
31894	374893
31895	374903
31896	374909
31897	374929
31898	374939
31899	374953
31900	374977
31901	374981
31902	374987
31903	374989
31904	374993
31905	375017
31906	375019
31907	375029
31908	375043
31909	375049
31910	375059
31911	375083
31912	375091
31913	375097
31914	375101
31915	375103
31916	375113
31917	375119
31918	375121
31919	375127
31920	375149
31921	375157
31922	375163
31923	375169
31924	375203
31925	375209
31926	375223
31927	375227
31928	375233
31929	375247
31930	375251
31931	375253
31932	375257
31933	375259
31934	375281
31935	375283
31936	375311
31937	375341
31938	375359
31939	375367
31940	375371
31941	375373
31942	375391
31943	375407
31944	375413
31945	375443
31946	375449
31947	375451
31948	375457
31949	375467
31950	375481
31951	375509
31952	375511
31953	375523
31954	375527
31955	375533
31956	375553
31957	375559
31958	375563
31959	375569
31960	375593
31961	375607
31962	375623
31963	375631
31964	375643
31965	375647
31966	375667
31967	375673
31968	375703
31969	375707
31970	375709
31971	375743
31972	375757
31973	375761
31974	375773
31975	375779
31976	375787
31977	375799
31978	375833
31979	375841
31980	375857
31981	375899
31982	375901
31983	375923
31984	375931
31985	375967
31986	375971
31987	375979
31988	375983
31989	375997
31990	376001
31991	376003
31992	376009
31993	376021
31994	376039
31995	376049
31996	376063
31997	376081
31998	376097
31999	376099
32000	376127
