70001	882389
70002	882391
70003	882433
70004	882439
70005	882449
70006	882451
70007	882461
70008	882481
70009	882491
70010	882517
70011	882529
70012	882551
70013	882571
70014	882577
70015	882587
70016	882593
70017	882599
70018	882617
70019	882631
70020	882653
70021	882659
70022	882697
70023	882701
70024	882703
70025	882719
70026	882727
70027	882733
70028	882751
70029	882773
70030	882779
70031	882823
70032	882851
70033	882863
70034	882877
70035	882881
70036	882883
70037	882907
70038	882913
70039	882923
70040	882943
70041	882953
70042	882961
70043	882967
70044	882979
70045	883013
70046	883049
70047	883061
70048	883073
70049	883087
70050	883093
70051	883109
70052	883111
70053	883117
70054	883121
70055	883163
70056	883187
70057	883193
70058	883213
70059	883217
70060	883229
70061	883231
70062	883237
70063	883241
70064	883247
70065	883249
70066	883273
70067	883279
70068	883307
70069	883327
70070	883331
70071	883339
70072	883343
70073	883357
70074	883391
70075	883397
70076	883409
70077	883411
70078	883423
70079	883429
70080	883433
70081	883451
70082	883471
70083	883483
70084	883489
70085	883517
70086	883537
70087	883549
70088	883577
70089	883579
70090	883613
70091	883621
70092	883627
70093	883639
70094	883661
70095	883667
70096	883691
70097	883697
70098	883699
70099	883703
70100	883721
70101	883733
70102	883739
70103	883763
70104	883777
70105	883781
70106	883783
70107	883807
70108	883871
70109	883877
70110	883889
70111	883921
70112	883933
70113	883963
70114	883969
70115	883973
70116	883979
70117	883991
70118	884003
70119	884011
70120	884029
70121	884057
70122	884069
70123	884077
70124	884087
70125	884111
70126	884129
70127	884131
70128	884159
70129	884167
70130	884171
70131	884183
70132	884201
70133	884227
70134	884231
70135	884243
70136	884251
70137	884267
70138	884269
70139	884287
70140	884293
70141	884309
70142	884311
70143	884321
70144	884341
70145	884353
70146	884363
70147	884369
70148	884371
70149	884417
70150	884423
70151	884437
70152	884441
70153	884453
70154	884483
70155	884489
70156	884491
70157	884497
70158	884501
70159	884537
70160	884573
70161	884579
70162	884591
70163	884593
70164	884617
70165	884651
70166	884669
70167	884693
70168	884699
70169	884717
70170	884743
70171	884789
70172	884791
70173	884803
70174	884813
70175	884827
70176	884831
70177	884857
70178	884881
70179	884899
70180	884921
70181	884951
70182	884959
70183	884977
70184	884981
70185	884987
70186	884999
70187	885023
70188	885041
70189	885061
70190	885083
70191	885091
70192	885097
70193	885103
70194	885107
70195	885127
70196	885133
70197	885161
70198	885163
70199	885169
70200	885187
70201	885217
70202	885223
70203	885233
70204	885239
70205	885251
70206	885257
70207	885263
70208	885289
70209	885301
70210	885307
70211	885331
70212	885359
70213	885371
70214	885383
70215	885389
70216	885397
70217	885403
70218	885421
70219	885427
70220	885449
70221	885473
70222	885487
70223	885497
70224	885503
70225	885509
70226	885517
70227	885529
70228	885551
70229	885553
70230	885589
70231	885607
70232	885611
70233	885623
70234	885679
70235	885713
70236	885721
70237	885727
70238	885733
70239	885737
70240	885769
70241	885791
70242	885793
70243	885803
70244	885811
70245	885821
70246	885823
70247	885839
70248	885869
70249	885881
70250	885883
70251	885889
70252	885893
70253	885919
70254	885923
70255	885931
70256	885943
70257	885947
70258	885959
70259	885961
70260	885967
70261	885971
70262	885977
70263	885991
70264	886007
70265	886013
70266	886019
70267	886021
70268	886031
70269	886043
70270	886069
70271	886097
70272	886117
70273	886129
70274	886163
70275	886177
70276	886181
70277	886183
70278	886189
70279	886199
70280	886241
70281	886243
70282	886247
70283	886271
70284	886283
70285	886307
70286	886313
70287	886337
70288	886339
70289	886349
70290	886367
70291	886381
70292	886387
70293	886421
70294	886427
70295	886429
70296	886433
70297	886453
70298	886463
70299	886469
70300	886471
70301	886493
70302	886511
70303	886517
70304	886519
70305	886537
70306	886541
70307	886547
70308	886549
70309	886583
70310	886591
70311	886607
70312	886609
70313	886619
70314	886643
70315	886651
70316	886663
70317	886667
70318	886741
70319	886747
70320	886751
70321	886759
70322	886777
70323	886793
70324	886799
70325	886807
70326	886819
70327	886859
70328	886867
70329	886891
70330	886909
70331	886913
70332	886967
70333	886969
70334	886973
70335	886979
70336	886981
70337	886987
70338	886993
70339	886999
70340	887017
70341	887057
70342	887059
70343	887069
70344	887093
70345	887101
70346	887113
70347	887141
70348	887143
70349	887153
70350	887171
70351	887177
70352	887191
70353	887203
70354	887233
70355	887261
70356	887267
70357	887269
70358	887291
70359	887311
70360	887323
70361	887333
70362	887377
70363	887387
70364	887399
70365	887401
70366	887423
70367	887441
70368	887449
70369	887459
70370	887479
70371	887483
70372	887503
70373	887533
70374	887543
70375	887567
70376	887569
70377	887573
70378	887581
70379	887599
70380	887617
70381	887629
70382	887633
70383	887641
70384	887651
70385	887657
70386	887659
70387	887669
70388	887671
70389	887681
70390	887693
70391	887701
70392	887707
70393	887717
70394	887743
70395	887749
70396	887759
70397	887819
70398	887827
70399	887837
70400	887839
70401	887849
70402	887867
70403	887903
70404	887911
70405	887921
70406	887923
70407	887941
70408	887947
70409	887987
70410	887989
70411	888001
70412	888011
70413	888047
70414	888059
70415	888061
70416	888077
70417	888091
70418	888103
70419	888109
70420	888133
70421	888143
70422	888157
70423	888161
70424	888163
70425	888179
70426	888203
70427	888211
70428	888247
70429	888257
70430	888263
70431	888271
70432	888287
70433	888313
70434	888319
70435	888323
70436	888359
70437	888361
70438	888373
70439	888389
70440	888397
70441	888409
70442	888413
70443	888427
70444	888431
70445	888443
70446	888451
70447	888457
70448	888469
70449	888479
70450	888493
70451	888499
70452	888533
70453	888541
70454	888557
70455	888623
70456	888631
70457	888637
70458	888653
70459	888659
70460	888661
70461	888683
70462	888689
70463	888691
70464	888721
70465	888737
70466	888751
70467	888761
70468	888773
70469	888779
70470	888781
70471	888793
70472	888799
70473	888809
70474	888827
70475	888857
70476	888869
70477	888871
70478	888887
70479	888917
70480	888919
70481	888931
70482	888959
70483	888961
70484	888967
70485	888983
70486	888989
70487	888997
70488	889001
70489	889027
70490	889037
70491	889039
70492	889043
70493	889051
70494	889069
70495	889081
70496	889087
70497	889123
70498	889139
70499	889171
70500	889177
70501	889211
70502	889237
70503	889247
70504	889261
70505	889271
70506	889279
70507	889289
70508	889309
70509	889313
70510	889327
70511	889337
70512	889349
70513	889351
70514	889363
70515	889367
70516	889373
70517	889391
70518	889411
70519	889429
70520	889439
70521	889453
70522	889481
70523	889489
70524	889501
70525	889519
70526	889579
70527	889589
70528	889597
70529	889631
70530	889639
70531	889657
70532	889673
70533	889687
70534	889697
70535	889699
70536	889703
70537	889727
70538	889747
70539	889769
70540	889783
70541	889829
70542	889871
70543	889873
70544	889877
70545	889879
70546	889891
70547	889901
70548	889907
70549	889909
70550	889921
70551	889937
70552	889951
70553	889957
70554	889963
70555	889997
70556	890003
70557	890011
70558	890027
70559	890053
70560	890063
70561	890083
70562	890107
70563	890111
70564	890117
70565	890119
70566	890129
70567	890147
70568	890159
70569	890161
70570	890177
70571	890221
70572	890231
70573	890237
70574	890287
70575	890291
70576	890303
70577	890317
70578	890333
70579	890371
70580	890377
70581	890419
70582	890429
70583	890437
70584	890441
70585	890459
70586	890467
70587	890501
70588	890531
70589	890543
70590	890551
70591	890563
70592	890597
70593	890609
70594	890653
70595	890657
70596	890671
70597	890683
70598	890707
70599	890711
70600	890717
70601	890737
70602	890761
70603	890789
70604	890797
70605	890803
70606	890809
70607	890821
70608	890833
70609	890843
70610	890861
70611	890863
70612	890867
70613	890881
70614	890887
70615	890893
70616	890927
70617	890933
70618	890941
70619	890957
70620	890963
70621	890969
70622	890993
70623	890999
70624	891001
70625	891017
70626	891047
70627	891049
70628	891061
70629	891067
70630	891091
70631	891101
70632	891103
70633	891133
70634	891151
70635	891161
70636	891173
70637	891179
70638	891223
70639	891239
70640	891251
70641	891277
70642	891287
70643	891311
70644	891323
70645	891329
70646	891349
70647	891377
70648	891379
70649	891389
70650	891391
70651	891409
70652	891421
70653	891427
70654	891439
70655	891481
70656	891487
70657	891491
70658	891493
70659	891509
70660	891521
70661	891523
70662	891551
70663	891557
70664	891559
70665	891563
70666	891571
70667	891577
70668	891587
70669	891593
70670	891601
70671	891617
70672	891629
70673	891643
70674	891647
70675	891659
70676	891661
70677	891677
70678	891679
70679	891707
70680	891743
70681	891749
70682	891763
70683	891767
70684	891797
70685	891799
70686	891809
70687	891817
70688	891823
70689	891827
70690	891829
70691	891851
70692	891859
70693	891887
70694	891889
70695	891893
70696	891899
70697	891907
70698	891923
70699	891929
70700	891967
70701	891983
70702	891991
70703	891997
70704	892019
70705	892027
70706	892049
70707	892057
70708	892079
70709	892091
70710	892093
70711	892097
70712	892103
70713	892123
70714	892141
70715	892153
70716	892159
70717	892169
70718	892189
70719	892219
70720	892237
70721	892249
70722	892253
70723	892261
70724	892267
70725	892271
70726	892291
70727	892321
70728	892351
70729	892357
70730	892387
70731	892391
70732	892421
70733	892433
70734	892439
70735	892457
70736	892471
70737	892481
70738	892513
70739	892523
70740	892531
70741	892547
70742	892553
70743	892559
70744	892579
70745	892597
70746	892603
70747	892609
70748	892627
70749	892643
70750	892657
70751	892663
70752	892667
70753	892709
70754	892733
70755	892747
70756	892757
70757	892763
70758	892777
70759	892781
70760	892783
70761	892817
70762	892841
70763	892849
70764	892861
70765	892877
70766	892901
70767	892919
70768	892933
70769	892951
70770	892973
70771	892987
70772	892999
70773	893003
70774	893023
70775	893029
70776	893033
70777	893041
70778	893051
70779	893059
70780	893093
70781	893099
70782	893107
70783	893111
70784	893117
70785	893119
70786	893131
70787	893147
70788	893149
70789	893161
70790	893183
70791	893213
70792	893219
70793	893227
70794	893237
70795	893257
70796	893261
70797	893281
70798	893317
70799	893339
70800	893341
70801	893351
70802	893359
70803	893363
70804	893381
70805	893383
70806	893407
70807	893413
70808	893419
70809	893429
70810	893441
70811	893449
70812	893479
70813	893489
70814	893509
70815	893521
70816	893549
70817	893567
70818	893591
70819	893603
70820	893609
70821	893653
70822	893657
70823	893671
70824	893681
70825	893701
70826	893719
70827	893723
70828	893743
70829	893777
70830	893797
70831	893821
70832	893839
70833	893857
70834	893863
70835	893873
70836	893881
70837	893897
70838	893903
70839	893917
70840	893929
70841	893933
70842	893939
70843	893989
70844	893999
70845	894011
70846	894037
70847	894059
70848	894067
70849	894073
70850	894097
70851	894109
70852	894119
70853	894137
70854	894139
70855	894151
70856	894161
70857	894167
70858	894181
70859	894191
70860	894193
70861	894203
70862	894209
70863	894211
70864	894221
70865	894227
70866	894233
70867	894239
70868	894247
70869	894259
70870	894277
70871	894281
70872	894287
70873	894301
70874	894329
70875	894343
70876	894371
70877	894391
70878	894403
70879	894407
70880	894409
70881	894419
70882	894427
70883	894431
70884	894449
70885	894451
70886	894503
70887	894511
70888	894521
70889	894527
70890	894541
70891	894547
70892	894559
70893	894581
70894	894589
70895	894611
70896	894613
70897	894637
70898	894643
70899	894667
70900	894689
70901	894709
70902	894713
70903	894721
70904	894731
70905	894749
70906	894763
70907	894779
70908	894791
70909	894793
70910	894811
70911	894869
70912	894871
70913	894893
70914	894917
70915	894923
70916	894947
70917	894973
70918	894997
70919	895003
70920	895007
70921	895009
70922	895039
70923	895049
70924	895051
70925	895079
70926	895087
70927	895127
70928	895133
70929	895151
70930	895157
70931	895159
70932	895171
70933	895189
70934	895211
70935	895231
70936	895241
70937	895243
70938	895247
70939	895253
70940	895277
70941	895283
70942	895291
70943	895309
70944	895313
70945	895319
70946	895333
70947	895343
70948	895351
70949	895357
70950	895361
70951	895387
70952	895393
70953	895421
70954	895423
70955	895457
70956	895463
70957	895469
70958	895471
70959	895507
70960	895529
70961	895553
70962	895571
70963	895579
70964	895591
70965	895613
70966	895627
70967	895633
70968	895649
70969	895651
70970	895667
70971	895669
70972	895673
70973	895681
70974	895691
70975	895703
70976	895709
70977	895721
70978	895729
70979	895757
70980	895771
70981	895777
70982	895787
70983	895789
70984	895799
70985	895801
70986	895813
70987	895823
70988	895841
70989	895861
70990	895879
70991	895889
70992	895901
70993	895903
70994	895913
70995	895927
70996	895933
70997	895957
70998	895987
70999	896003
71000	896009
