45001	545749
45002	545759
45003	545773
45004	545789
45005	545791
45006	545827
45007	545843
45008	545863
45009	545873
45010	545893
45011	545899
45012	545911
45013	545917
45014	545929
45015	545933
45016	545939
45017	545947
45018	545959
45019	546001
45020	546017
45021	546019
45022	546031
45023	546047
45024	546053
45025	546067
45026	546071
45027	546097
45028	546101
45029	546103
45030	546109
45031	546137
45032	546149
45033	546151
45034	546173
45035	546179
45036	546197
45037	546211
45038	546233
45039	546239
45040	546241
45041	546253
45042	546263
45043	546283
45044	546289
45045	546317
45046	546323
45047	546341
45048	546349
45049	546353
45050	546361
45051	546367
45052	546373
45053	546391
45054	546461
45055	546467
45056	546479
45057	546509
45058	546523
45059	546547
45060	546569
45061	546583
45062	546587
45063	546599
45064	546613
45065	546617
45066	546619
45067	546631
45068	546643
45069	546661
45070	546671
45071	546677
45072	546683
45073	546691
45074	546709
45075	546719
45076	546731
45077	546739
45078	546781
45079	546841
45080	546859
45081	546863
45082	546869
45083	546881
45084	546893
45085	546919
45086	546937
45087	546943
45088	546947
45089	546961
45090	546967
45091	546977
45092	547007
45093	547021
45094	547037
45095	547061
45096	547087
45097	547093
45098	547097
45099	547103
45100	547121
45101	547133
45102	547139
45103	547171
45104	547223
45105	547229
45106	547237
45107	547241
45108	547249
45109	547271
45110	547273
45111	547291
45112	547301
45113	547321
45114	547357
45115	547361
45116	547363
45117	547369
45118	547373
45119	547387
45120	547397
45121	547399
45122	547411
45123	547441
45124	547453
45125	547471
45126	547483
45127	547487
45128	547493
45129	547499
45130	547501
45131	547513
45132	547529
45133	547537
45134	547559
45135	547567
45136	547577
45137	547583
45138	547601
45139	547609
45140	547619
45141	547627
45142	547639
45143	547643
45144	547661
45145	547663
45146	547681
45147	547709
45148	547727
45149	547741
45150	547747
45151	547753
45152	547763
45153	547769
45154	547787
45155	547817
45156	547819
45157	547823
45158	547831
45159	547849
45160	547853
45161	547871
45162	547889
45163	547901
45164	547909
45165	547951
45166	547957
45167	547999
45168	548003
45169	548039
45170	548059
45171	548069
45172	548083
45173	548089
45174	548099
45175	548117
45176	548123
45177	548143
45178	548153
45179	548189
45180	548201
45181	548213
45182	548221
45183	548227
45184	548239
45185	548243
45186	548263
45187	548291
45188	548309
45189	548323
45190	548347
45191	548351
45192	548363
45193	548371
45194	548393
45195	548399
45196	548407
45197	548417
45198	548423
45199	548441
45200	548453
45201	548459
45202	548461
45203	548489
45204	548501
45205	548503
45206	548519
45207	548521
45208	548533
45209	548543
45210	548557
45211	548567
45212	548579
45213	548591
45214	548623
45215	548629
45216	548657
45217	548671
45218	548677
45219	548687
45220	548693
45221	548707
45222	548719
45223	548749
45224	548753
45225	548761
45226	548771
45227	548783
45228	548791
45229	548827
45230	548831
45231	548833
45232	548837
45233	548843
45234	548851
45235	548861
45236	548869
45237	548893
45238	548897
45239	548903
45240	548909
45241	548927
45242	548953
45243	548957
45244	548963
45245	549001
45246	549011
45247	549013
45248	549019
45249	549023
45250	549037
45251	549071
45252	549089
45253	549091
45254	549097
45255	549121
45256	549139
45257	549149
45258	549161
45259	549163
45260	549167
45261	549169
45262	549193
45263	549203
45264	549221
45265	549229
45266	549247
45267	549257
45268	549259
45269	549281
45270	549313
45271	549319
45272	549323
45273	549331
45274	549379
45275	549391
45276	549403
45277	549421
45278	549431
45279	549443
45280	549449
45281	549481
45282	549503
45283	549509
45284	549511
45285	549517
45286	549533
45287	549547
45288	549551
45289	549553
45290	549569
45291	549587
45292	549589
45293	549607
45294	549623
45295	549641
45296	549643
45297	549649
45298	549667
45299	549683
45300	549691
45301	549701
45302	549707
45303	549713
45304	549719
45305	549733
45306	549737
45307	549739
45308	549749
45309	549751
45310	549767
45311	549817
45312	549833
45313	549839
45314	549863
45315	549877
45316	549883
45317	549911
45318	549937
45319	549943
45320	549949
45321	549977
45322	549979
45323	550007
45324	550009
45325	550027
45326	550049
45327	550061
45328	550063
45329	550073
45330	550111
45331	550117
45332	550127
45333	550129
45334	550139
45335	550163
45336	550169
45337	550177
45338	550181
45339	550189
45340	550211
45341	550213
45342	550241
45343	550267
45344	550279
45345	550283
45346	550289
45347	550309
45348	550337
45349	550351
45350	550369
45351	550379
45352	550427
45353	550439
45354	550441
45355	550447
45356	550457
45357	550469
45358	550471
45359	550489
45360	550513
45361	550519
45362	550531
45363	550541
45364	550553
45365	550577
45366	550607
45367	550609
45368	550621
45369	550631
45370	550637
45371	550651
45372	550657
45373	550661
45374	550663
45375	550679
45376	550691
45377	550703
45378	550717
45379	550721
45380	550733
45381	550757
45382	550763
45383	550789
45384	550801
45385	550811
45386	550813
45387	550831
45388	550841
45389	550843
45390	550859
45391	550861
45392	550903
45393	550909
45394	550937
45395	550939
45396	550951
45397	550961
45398	550969
45399	550973
45400	550993
45401	550997
45402	551003
45403	551017
45404	551027
45405	551039
45406	551059
45407	551063
45408	551069
45409	551093
45410	551099
45411	551107
45412	551113
45413	551129
45414	551143
45415	551179
45416	551197
45417	551207
45418	551219
45419	551231
45420	551233
45421	551269
45422	551281
45423	551297
45424	551311
45425	551321
45426	551339
45427	551347
45428	551363
45429	551381
45430	551387
45431	551407
45432	551423
45433	551443
45434	551461
45435	551483
45436	551489
45437	551503
45438	551519
45439	551539
45440	551543
45441	551549
45442	551557
45443	551569
45444	551581
45445	551587
45446	551597
45447	551651
45448	551653
45449	551659
45450	551671
45451	551689
45452	551693
45453	551713
45454	551717
45455	551723
45456	551729
45457	551731
45458	551743
45459	551753
45460	551767
45461	551773
45462	551801
45463	551809
45464	551813
45465	551843
45466	551849
45467	551861
45468	551909
45469	551911
45470	551917
45471	551927
45472	551933
45473	551951
45474	551959
45475	551963
45476	551981
45477	552001
45478	552011
45479	552029
45480	552031
45481	552047
45482	552053
45483	552059
45484	552089
45485	552091
45486	552103
45487	552107
45488	552113
45489	552127
45490	552137
45491	552179
45492	552193
45493	552217
45494	552239
45495	552241
45496	552259
45497	552263
45498	552271
45499	552283
45500	552301
45501	552317
45502	552341
45503	552353
45504	552379
45505	552397
45506	552401
45507	552403
45508	552469
45509	552473
45510	552481
45511	552491
45512	552493
45513	552511
45514	552523
45515	552527
45516	552553
45517	552581
45518	552583
45519	552589
45520	552611
45521	552649
45522	552659
45523	552677
45524	552703
45525	552707
45526	552709
45527	552731
45528	552749
45529	552751
45530	552757
45531	552787
45532	552791
45533	552793
45534	552809
45535	552821
45536	552833
45537	552841
45538	552847
45539	552859
45540	552883
45541	552887
45542	552899
45543	552913
45544	552917
45545	552971
45546	552983
45547	552991
45548	553013
45549	553037
45550	553043
45551	553051
45552	553057
45553	553067
45554	553073
45555	553093
45556	553097
45557	553099
45558	553103
45559	553123
45560	553139
45561	553141
45562	553153
45563	553171
45564	553181
45565	553193
45566	553207
45567	553211
45568	553229
45569	553249
45570	553253
45571	553277
45572	553279
45573	553309
45574	553351
45575	553363
45576	553369
45577	553411
45578	553417
45579	553433
45580	553439
45581	553447
45582	553457
45583	553463
45584	553471
45585	553481
45586	553507
45587	553513
45588	553517
45589	553529
45590	553543
45591	553549
45592	553561
45593	553573
45594	553583
45595	553589
45596	553591
45597	553601
45598	553607
45599	553627
45600	553643
45601	553649
45602	553667
45603	553681
45604	553687
45605	553699
45606	553703
45607	553727
45608	553733
45609	553747
45610	553757
45611	553759
45612	553769
45613	553789
45614	553811
45615	553837
45616	553849
45617	553867
45618	553873
45619	553897
45620	553901
45621	553919
45622	553921
45623	553933
45624	553961
45625	553963
45626	553981
45627	553991
45628	554003
45629	554011
45630	554017
45631	554051
45632	554077
45633	554087
45634	554089
45635	554117
45636	554123
45637	554129
45638	554137
45639	554167
45640	554171
45641	554179
45642	554189
45643	554207
45644	554209
45645	554233
45646	554237
45647	554263
45648	554269
45649	554293
45650	554299
45651	554303
45652	554317
45653	554347
45654	554377
45655	554383
45656	554417
45657	554419
45658	554431
45659	554447
45660	554453
45661	554467
45662	554503
45663	554527
45664	554531
45665	554569
45666	554573
45667	554597
45668	554611
45669	554627
45670	554633
45671	554639
45672	554641
45673	554663
45674	554669
45675	554677
45676	554699
45677	554707
45678	554711
45679	554731
45680	554747
45681	554753
45682	554759
45683	554767
45684	554779
45685	554789
45686	554791
45687	554797
45688	554803
45689	554821
45690	554833
45691	554837
45692	554839
45693	554843
45694	554849
45695	554887
45696	554891
45697	554893
45698	554899
45699	554923
45700	554927
45701	554951
45702	554959
45703	554969
45704	554977
45705	555029
45706	555041
45707	555043
45708	555053
45709	555073
45710	555077
45711	555083
45712	555091
45713	555097
45714	555109
45715	555119
45716	555143
45717	555167
45718	555209
45719	555221
45720	555251
45721	555253
45722	555257
45723	555277
45724	555287
45725	555293
45726	555301
45727	555307
45728	555337
45729	555349
45730	555361
45731	555383
45732	555391
45733	555419
45734	555421
45735	555439
45736	555461
45737	555487
45738	555491
45739	555521
45740	555523
45741	555557
45742	555589
45743	555593
45744	555637
45745	555661
45746	555671
45747	555677
45748	555683
45749	555691
45750	555697
45751	555707
45752	555739
45753	555743
45754	555761
45755	555767
45756	555823
45757	555827
45758	555829
45759	555853
45760	555857
45761	555871
45762	555931
45763	555941
45764	555953
45765	555967
45766	556007
45767	556021
45768	556027
45769	556037
45770	556043
45771	556051
45772	556067
45773	556069
45774	556093
45775	556103
45776	556123
45777	556159
45778	556177
45779	556181
45780	556211
45781	556219
45782	556229
45783	556243
45784	556253
45785	556261
45786	556267
45787	556271
45788	556273
45789	556279
45790	556289
45791	556313
45792	556321
45793	556327
45794	556331
45795	556343
45796	556351
45797	556373
45798	556399
45799	556403
45800	556441
45801	556459
45802	556477
45803	556483
45804	556487
45805	556513
45806	556519
45807	556537
45808	556559
45809	556573
45810	556579
45811	556583
45812	556601
45813	556607
45814	556609
45815	556613
45816	556627
45817	556639
45818	556651
45819	556679
45820	556687
45821	556691
45822	556693
45823	556697
45824	556709
45825	556723
45826	556727
45827	556741
45828	556753
45829	556763
45830	556769
45831	556781
45832	556789
45833	556793
45834	556799
45835	556811
45836	556817
45837	556819
45838	556823
45839	556841
45840	556849
45841	556859
45842	556861
45843	556867
45844	556883
45845	556891
45846	556931
45847	556939
45848	556943
45849	556957
45850	556967
45851	556981
45852	556987
45853	556999
45854	557017
45855	557021
45856	557027
45857	557033
45858	557041
45859	557057
45860	557059
45861	557069
45862	557087
45863	557093
45864	557153
45865	557159
45866	557197
45867	557201
45868	557261
45869	557269
45870	557273
45871	557281
45872	557303
45873	557309
45874	557321
45875	557329
45876	557339
45877	557369
45878	557371
45879	557377
45880	557423
45881	557443
45882	557449
45883	557461
45884	557483
45885	557489
45886	557519
45887	557521
45888	557533
45889	557537
45890	557551
45891	557567
45892	557573
45893	557591
45894	557611
45895	557633
45896	557639
45897	557663
45898	557671
45899	557693
45900	557717
45901	557729
45902	557731
45903	557741
45904	557743
45905	557747
45906	557759
45907	557761
45908	557779
45909	557789
45910	557801
45911	557803
45912	557831
45913	557857
45914	557861
45915	557863
45916	557891
45917	557899
45918	557903
45919	557927
45920	557981
45921	557987
45922	558007
45923	558017
45924	558029
45925	558053
45926	558067
45927	558083
45928	558091
45929	558109
45930	558113
45931	558121
45932	558139
45933	558149
45934	558167
45935	558179
45936	558197
45937	558203
45938	558209
45939	558223
45940	558241
45941	558251
45942	558253
45943	558287
45944	558289
45945	558307
45946	558319
45947	558343
45948	558401
45949	558413
45950	558421
45951	558427
45952	558431
45953	558457
45954	558469
45955	558473
45956	558479
45957	558491
45958	558497
45959	558499
45960	558521
45961	558529
45962	558533
45963	558539
45964	558541
45965	558563
45966	558583
45967	558587
45968	558599
45969	558611
45970	558629
45971	558643
45972	558661
45973	558683
45974	558703
45975	558721
45976	558731
45977	558757
45978	558769
45979	558781
45980	558787
45981	558791
45982	558793
45983	558827
45984	558829
45985	558863
45986	558869
45987	558881
45988	558893
45989	558913
45990	558931
45991	558937
45992	558947
45993	558973
45994	558979
45995	558997
45996	559001
45997	559049
45998	559051
45999	559067
46000	559081
