41001	493133
41002	493139
41003	493147
41004	493159
41005	493169
41006	493177
41007	493193
41008	493201
41009	493211
41010	493217
41011	493219
41012	493231
41013	493243
41014	493249
41015	493277
41016	493279
41017	493291
41018	493301
41019	493313
41020	493333
41021	493351
41022	493369
41023	493393
41024	493397
41025	493399
41026	493403
41027	493433
41028	493447
41029	493457
41030	493463
41031	493481
41032	493523
41033	493531
41034	493541
41035	493567
41036	493573
41037	493579
41038	493583
41039	493607
41040	493621
41041	493627
41042	493643
41043	493657
41044	493693
41045	493709
41046	493711
41047	493721
41048	493729
41049	493733
41050	493747
41051	493777
41052	493793
41053	493807
41054	493811
41055	493813
41056	493817
41057	493853
41058	493859
41059	493873
41060	493877
41061	493897
41062	493919
41063	493931
41064	493937
41065	493939
41066	493967
41067	493973
41068	493979
41069	493993
41070	494023
41071	494029
41072	494041
41073	494051
41074	494069
41075	494077
41076	494083
41077	494093
41078	494101
41079	494107
41080	494129
41081	494141
41082	494147
41083	494167
41084	494191
41085	494213
41086	494237
41087	494251
41088	494257
41089	494267
41090	494269
41091	494281
41092	494287
41093	494317
41094	494327
41095	494341
41096	494353
41097	494359
41098	494369
41099	494381
41100	494383
41101	494387
41102	494407
41103	494413
41104	494441
41105	494443
41106	494471
41107	494497
41108	494519
41109	494521
41110	494539
41111	494561
41112	494563
41113	494567
41114	494587
41115	494591
41116	494609
41117	494617
41118	494621
41119	494639
41120	494647
41121	494651
41122	494671
41123	494677
41124	494687
41125	494693
41126	494699
41127	494713
41128	494719
41129	494723
41130	494731
41131	494737
41132	494743
41133	494749
41134	494759
41135	494761
41136	494783
41137	494789
41138	494803
41139	494843
41140	494849
41141	494873
41142	494899
41143	494903
41144	494917
41145	494927
41146	494933
41147	494939
41148	494959
41149	494987
41150	495017
41151	495037
41152	495041
41153	495043
41154	495067
41155	495071
41156	495109
41157	495113
41158	495119
41159	495133
41160	495139
41161	495149
41162	495151
41163	495161
41164	495181
41165	495199
41166	495211
41167	495221
41168	495241
41169	495269
41170	495277
41171	495289
41172	495301
41173	495307
41174	495323
41175	495337
41176	495343
41177	495347
41178	495359
41179	495361
41180	495371
41181	495377
41182	495389
41183	495401
41184	495413
41185	495421
41186	495433
41187	495437
41188	495449
41189	495457
41190	495461
41191	495491
41192	495511
41193	495527
41194	495557
41195	495559
41196	495563
41197	495569
41198	495571
41199	495587
41200	495589
41201	495611
41202	495613
41203	495617
41204	495619
41205	495629
41206	495637
41207	495647
41208	495667
41209	495679
41210	495701
41211	495707
41212	495713
41213	495749
41214	495751
41215	495757
41216	495769
41217	495773
41218	495787
41219	495791
41220	495797
41221	495799
41222	495821
41223	495827
41224	495829
41225	495851
41226	495877
41227	495893
41228	495899
41229	495923
41230	495931
41231	495947
41232	495953
41233	495959
41234	495967
41235	495973
41236	495983
41237	496007
41238	496019
41239	496039
41240	496051
41241	496063
41242	496073
41243	496079
41244	496123
41245	496127
41246	496163
41247	496187
41248	496193
41249	496211
41250	496229
41251	496231
41252	496259
41253	496283
41254	496289
41255	496291
41256	496297
41257	496303
41258	496313
41259	496333
41260	496339
41261	496343
41262	496381
41263	496399
41264	496427
41265	496439
41266	496453
41267	496459
41268	496471
41269	496477
41270	496481
41271	496487
41272	496493
41273	496499
41274	496511
41275	496549
41276	496579
41277	496583
41278	496609
41279	496631
41280	496669
41281	496681
41282	496687
41283	496703
41284	496711
41285	496733
41286	496747
41287	496763
41288	496789
41289	496813
41290	496817
41291	496841
41292	496849
41293	496871
41294	496877
41295	496889
41296	496891
41297	496897
41298	496901
41299	496913
41300	496919
41301	496949
41302	496963
41303	496997
41304	496999
41305	497011
41306	497017
41307	497041
41308	497047
41309	497051
41310	497069
41311	497093
41312	497111
41313	497113
41314	497117
41315	497137
41316	497141
41317	497153
41318	497171
41319	497177
41320	497197
41321	497239
41322	497257
41323	497261
41324	497269
41325	497279
41326	497281
41327	497291
41328	497297
41329	497303
41330	497309
41331	497323
41332	497339
41333	497351
41334	497389
41335	497411
41336	497417
41337	497423
41338	497449
41339	497461
41340	497473
41341	497479
41342	497491
41343	497501
41344	497507
41345	497509
41346	497521
41347	497537
41348	497551
41349	497557
41350	497561
41351	497579
41352	497587
41353	497597
41354	497603
41355	497633
41356	497659
41357	497663
41358	497671
41359	497677
41360	497689
41361	497701
41362	497711
41363	497719
41364	497729
41365	497737
41366	497741
41367	497771
41368	497773
41369	497801
41370	497813
41371	497831
41372	497839
41373	497851
41374	497867
41375	497869
41376	497873
41377	497899
41378	497929
41379	497957
41380	497963
41381	497969
41382	497977
41383	497989
41384	497993
41385	497999
41386	498013
41387	498053
41388	498061
41389	498073
41390	498089
41391	498101
41392	498103
41393	498119
41394	498143
41395	498163
41396	498167
41397	498181
41398	498209
41399	498227
41400	498257
41401	498259
41402	498271
41403	498301
41404	498331
41405	498343
41406	498361
41407	498367
41408	498391
41409	498397
41410	498401
41411	498403
41412	498409
41413	498439
41414	498461
41415	498467
41416	498469
41417	498493
41418	498497
41419	498521
41420	498523
41421	498527
41422	498551
41423	498557
41424	498577
41425	498583
41426	498599
41427	498611
41428	498613
41429	498643
41430	498647
41431	498653
41432	498679
41433	498689
41434	498691
41435	498733
41436	498739
41437	498749
41438	498761
41439	498767
41440	498779
41441	498781
41442	498787
41443	498791
41444	498803
41445	498833
41446	498857
41447	498859
41448	498881
41449	498907
41450	498923
41451	498931
41452	498937
41453	498947
41454	498961
41455	498973
41456	498977
41457	498989
41458	499021
41459	499027
41460	499033
41461	499039
41462	499063
41463	499067
41464	499099
41465	499117
41466	499127
41467	499129
41468	499133
41469	499139
41470	499141
41471	499151
41472	499157
41473	499159
41474	499181
41475	499183
41476	499189
41477	499211
41478	499229
41479	499253
41480	499267
41481	499277
41482	499283
41483	499309
41484	499321
41485	499327
41486	499349
41487	499361
41488	499363
41489	499391
41490	499397
41491	499403
41492	499423
41493	499439
41494	499459
41495	499481
41496	499483
41497	499493
41498	499507
41499	499519
41500	499523
41501	499549
41502	499559
41503	499571
41504	499591
41505	499601
41506	499607
41507	499621
41508	499633
41509	499637
41510	499649
41511	499661
41512	499663
41513	499669
41514	499673
41515	499679
41516	499687
41517	499691
41518	499693
41519	499711
41520	499717
41521	499729
41522	499739
41523	499747
41524	499781
41525	499787
41526	499801
41527	499819
41528	499853
41529	499879
41530	499883
41531	499897
41532	499903
41533	499927
41534	499943
41535	499957
41536	499969
41537	499973
41538	499979
41539	500009
41540	500029
41541	500041
41542	500057
41543	500069
41544	500083
41545	500107
41546	500111
41547	500113
41548	500119
41549	500153
41550	500167
41551	500173
41552	500177
41553	500179
41554	500197
41555	500209
41556	500231
41557	500233
41558	500237
41559	500239
41560	500249
41561	500257
41562	500287
41563	500299
41564	500317
41565	500321
41566	500333
41567	500341
41568	500363
41569	500369
41570	500389
41571	500393
41572	500413
41573	500417
41574	500431
41575	500443
41576	500459
41577	500471
41578	500473
41579	500483
41580	500501
41581	500509
41582	500519
41583	500527
41584	500567
41585	500579
41586	500587
41587	500603
41588	500629
41589	500671
41590	500677
41591	500693
41592	500699
41593	500713
41594	500719
41595	500723
41596	500729
41597	500741
41598	500777
41599	500791
41600	500807
41601	500809
41602	500831
41603	500839
41604	500861
41605	500873
41606	500881
41607	500887
41608	500891
41609	500909
41610	500911
41611	500921
41612	500923
41613	500933
41614	500947
41615	500953
41616	500957
41617	500977
41618	501001
41619	501013
41620	501019
41621	501029
41622	501031
41623	501037
41624	501043
41625	501077
41626	501089
41627	501103
41628	501121
41629	501131
41630	501133
41631	501139
41632	501157
41633	501173
41634	501187
41635	501191
41636	501197
41637	501203
41638	501209
41639	501217
41640	501223
41641	501229
41642	501233
41643	501257
41644	501271
41645	501287
41646	501299
41647	501317
41648	501341
41649	501343
41650	501367
41651	501383
41652	501401
41653	501409
41654	501419
41655	501427
41656	501451
41657	501463
41658	501493
41659	501503
41660	501511
41661	501563
41662	501577
41663	501593
41664	501601
41665	501617
41666	501623
41667	501637
41668	501659
41669	501691
41670	501701
41671	501703
41672	501707
41673	501719
41674	501731
41675	501769
41676	501779
41677	501803
41678	501817
41679	501821
41680	501827
41681	501829
41682	501841
41683	501863
41684	501889
41685	501911
41686	501931
41687	501947
41688	501953
41689	501967
41690	501971
41691	501997
41692	502001
41693	502013
41694	502039
41695	502043
41696	502057
41697	502063
41698	502079
41699	502081
41700	502087
41701	502093
41702	502121
41703	502133
41704	502141
41705	502171
41706	502181
41707	502217
41708	502237
41709	502247
41710	502259
41711	502261
41712	502277
41713	502301
41714	502321
41715	502339
41716	502393
41717	502409
41718	502421
41719	502429
41720	502441
41721	502451
41722	502487
41723	502499
41724	502501
41725	502507
41726	502517
41727	502543
41728	502549
41729	502553
41730	502591
41731	502597
41732	502613
41733	502631
41734	502633
41735	502643
41736	502651
41737	502669
41738	502687
41739	502699
41740	502703
41741	502717
41742	502729
41743	502769
41744	502771
41745	502781
41746	502787
41747	502807
41748	502819
41749	502829
41750	502841
41751	502847
41752	502861
41753	502883
41754	502919
41755	502921
41756	502937
41757	502961
41758	502973
41759	503003
41760	503017
41761	503039
41762	503053
41763	503077
41764	503123
41765	503131
41766	503137
41767	503147
41768	503159
41769	503197
41770	503207
41771	503213
41772	503227
41773	503231
41774	503233
41775	503249
41776	503267
41777	503287
41778	503297
41779	503303
41780	503317
41781	503339
41782	503351
41783	503359
41784	503369
41785	503381
41786	503383
41787	503389
41788	503407
41789	503413
41790	503423
41791	503431
41792	503441
41793	503453
41794	503483
41795	503501
41796	503543
41797	503549
41798	503551
41799	503563
41800	503593
41801	503599
41802	503609
41803	503611
41804	503621
41805	503623
41806	503647
41807	503653
41808	503663
41809	503707
41810	503717
41811	503743
41812	503753
41813	503771
41814	503777
41815	503779
41816	503791
41817	503803
41818	503819
41819	503821
41820	503827
41821	503851
41822	503857
41823	503869
41824	503879
41825	503911
41826	503927
41827	503929
41828	503939
41829	503947
41830	503959
41831	503963
41832	503969
41833	503983
41834	503989
41835	504001
41836	504011
41837	504017
41838	504047
41839	504061
41840	504073
41841	504103
41842	504121
41843	504139
41844	504143
41845	504149
41846	504151
41847	504157
41848	504181
41849	504187
41850	504197
41851	504209
41852	504221
41853	504247
41854	504269
41855	504289
41856	504299
41857	504307
41858	504311
41859	504323
41860	504337
41861	504349
41862	504353
41863	504359
41864	504377
41865	504379
41866	504389
41867	504403
41868	504457
41869	504461
41870	504473
41871	504479
41872	504521
41873	504523
41874	504527
41875	504547
41876	504563
41877	504593
41878	504599
41879	504607
41880	504617
41881	504619
41882	504631
41883	504661
41884	504667
41885	504671
41886	504677
41887	504683
41888	504727
41889	504767
41890	504787
41891	504797
41892	504799
41893	504817
41894	504821
41895	504851
41896	504853
41897	504857
41898	504871
41899	504877
41900	504893
41901	504901
41902	504929
41903	504937
41904	504943
41905	504947
41906	504953
41907	504967
41908	504983
41909	504989
41910	504991
41911	505027
41912	505031
41913	505033
41914	505049
41915	505051
41916	505061
41917	505067
41918	505073
41919	505091
41920	505097
41921	505111
41922	505117
41923	505123
41924	505129
41925	505139
41926	505157
41927	505159
41928	505181
41929	505187
41930	505201
41931	505213
41932	505231
41933	505237
41934	505277
41935	505279
41936	505283
41937	505301
41938	505313
41939	505319
41940	505321
41941	505327
41942	505339
41943	505357
41944	505367
41945	505369
41946	505399
41947	505409
41948	505411
41949	505429
41950	505447
41951	505459
41952	505469
41953	505481
41954	505493
41955	505501
41956	505511
41957	505513
41958	505523
41959	505537
41960	505559
41961	505573
41962	505601
41963	505607
41964	505613
41965	505619
41966	505633
41967	505639
41968	505643
41969	505657
41970	505663
41971	505669
41972	505691
41973	505693
41974	505709
41975	505711
41976	505727
41977	505759
41978	505763
41979	505777
41980	505781
41981	505811
41982	505819
41983	505823
41984	505867
41985	505871
41986	505877
41987	505907
41988	505919
41989	505927
41990	505949
41991	505961
41992	505969
41993	505979
41994	506047
41995	506071
41996	506083
41997	506101
41998	506113
41999	506119
42000	506131
