23001	262147
23002	262151
23003	262153
23004	262187
23005	262193
23006	262217
23007	262231
23008	262237
23009	262253
23010	262261
23011	262271
23012	262303
23013	262313
23014	262321
23015	262331
23016	262337
23017	262349
23018	262351
23019	262369
23020	262387
23021	262391
23022	262399
23023	262411
23024	262433
23025	262459
23026	262469
23027	262489
23028	262501
23029	262511
23030	262513
23031	262519
23032	262541
23033	262543
23034	262553
23035	262567
23036	262583
23037	262597
23038	262621
23039	262627
23040	262643
23041	262649
23042	262651
23043	262657
23044	262681
23045	262693
23046	262697
23047	262709
23048	262723
23049	262733
23050	262739
23051	262741
23052	262747
23053	262781
23054	262783
23055	262807
23056	262819
23057	262853
23058	262877
23059	262883
23060	262897
23061	262901
23062	262909
23063	262937
23064	262949
23065	262957
23066	262981
23067	263009
23068	263023
23069	263047
23070	263063
23071	263071
23072	263077
23073	263083
23074	263089
23075	263101
23076	263111
23077	263119
23078	263129
23079	263167
23080	263171
23081	263183
23082	263191
23083	263201
23084	263209
23085	263213
23086	263227
23087	263239
23088	263257
23089	263267
23090	263269
23091	263273
23092	263287
23093	263293
23094	263303
23095	263323
23096	263369
23097	263383
23098	263387
23099	263399
23100	263401
23101	263411
23102	263423
23103	263429
23104	263437
23105	263443
23106	263489
23107	263491
23108	263503
23109	263513
23110	263519
23111	263521
23112	263533
23113	263537
23114	263561
23115	263567
23116	263573
23117	263591
23118	263597
23119	263609
23120	263611
23121	263621
23122	263647
23123	263651
23124	263657
23125	263677
23126	263723
23127	263729
23128	263737
23129	263759
23130	263761
23131	263803
23132	263819
23133	263821
23134	263827
23135	263843
23136	263849
23137	263863
23138	263867
23139	263869
23140	263881
23141	263899
23142	263909
23143	263911
23144	263927
23145	263933
23146	263941
23147	263951
23148	263953
23149	263957
23150	263983
23151	264007
23152	264013
23153	264029
23154	264031
23155	264053
23156	264059
23157	264071
23158	264083
23159	264091
23160	264101
23161	264113
23162	264127
23163	264133
23164	264137
23165	264139
23166	264167
23167	264169
23168	264179
23169	264211
23170	264221
23171	264263
23172	264269
23173	264283
23174	264289
23175	264301
23176	264323
23177	264331
23178	264343
23179	264349
23180	264353
23181	264359
23182	264371
23183	264391
23184	264403
23185	264437
23186	264443
23187	264463
23188	264487
23189	264527
23190	264529
23191	264553
23192	264559
23193	264577
23194	264581
23195	264599
23196	264601
23197	264619
23198	264631
23199	264637
23200	264643
23201	264659
23202	264697
23203	264731
23204	264739
23205	264743
23206	264749
23207	264757
23208	264763
23209	264769
23210	264779
23211	264787
23212	264791
23213	264793
23214	264811
23215	264827
23216	264829
23217	264839
23218	264871
23219	264881
23220	264889
23221	264893
23222	264899
23223	264919
23224	264931
23225	264949
23226	264959
23227	264961
23228	264977
23229	264991
23230	264997
23231	265003
23232	265007
23233	265021
23234	265037
23235	265079
23236	265091
23237	265093
23238	265117
23239	265123
23240	265129
23241	265141
23242	265151
23243	265157
23244	265163
23245	265169
23246	265193
23247	265207
23248	265231
23249	265241
23250	265247
23251	265249
23252	265261
23253	265271
23254	265273
23255	265277
23256	265313
23257	265333
23258	265337
23259	265339
23260	265381
23261	265399
23262	265403
23263	265417
23264	265423
23265	265427
23266	265451
23267	265459
23268	265471
23269	265483
23270	265493
23271	265511
23272	265513
23273	265541
23274	265543
23275	265547
23276	265561
23277	265567
23278	265571
23279	265579
23280	265607
23281	265613
23282	265619
23283	265621
23284	265703
23285	265709
23286	265711
23287	265717
23288	265729
23289	265739
23290	265747
23291	265757
23292	265781
23293	265787
23294	265807
23295	265813
23296	265819
23297	265831
23298	265841
23299	265847
23300	265861
23301	265871
23302	265873
23303	265883
23304	265891
23305	265921
23306	265957
23307	265961
23308	265987
23309	266003
23310	266009
23311	266023
23312	266027
23313	266029
23314	266047
23315	266051
23316	266053
23317	266059
23318	266081
23319	266083
23320	266089
23321	266093
23322	266099
23323	266111
23324	266117
23325	266129
23326	266137
23327	266153
23328	266159
23329	266177
23330	266183
23331	266221
23332	266239
23333	266261
23334	266269
23335	266281
23336	266291
23337	266293
23338	266297
23339	266333
23340	266351
23341	266353
23342	266359
23343	266369
23344	266381
23345	266401
23346	266411
23347	266417
23348	266447
23349	266449
23350	266477
23351	266479
23352	266489
23353	266491
23354	266521
23355	266549
23356	266587
23357	266599
23358	266603
23359	266633
23360	266641
23361	266647
23362	266663
23363	266671
23364	266677
23365	266681
23366	266683
23367	266687
23368	266689
23369	266701
23370	266711
23371	266719
23372	266759
23373	266767
23374	266797
23375	266801
23376	266821
23377	266837
23378	266839
23379	266863
23380	266867
23381	266891
23382	266897
23383	266899
23384	266909
23385	266921
23386	266927
23387	266933
23388	266947
23389	266953
23390	266957
23391	266971
23392	266977
23393	266983
23394	266993
23395	266999
23396	267017
23397	267037
23398	267049
23399	267097
23400	267131
23401	267133
23402	267139
23403	267143
23404	267167
23405	267187
23406	267193
23407	267199
23408	267203
23409	267217
23410	267227
23411	267229
23412	267233
23413	267259
23414	267271
23415	267277
23416	267299
23417	267301
23418	267307
23419	267317
23420	267341
23421	267353
23422	267373
23423	267389
23424	267391
23425	267401
23426	267403
23427	267413
23428	267419
23429	267431
23430	267433
23431	267439
23432	267451
23433	267469
23434	267479
23435	267481
23436	267493
23437	267497
23438	267511
23439	267517
23440	267521
23441	267523
23442	267541
23443	267551
23444	267557
23445	267569
23446	267581
23447	267587
23448	267593
23449	267601
23450	267611
23451	267613
23452	267629
23453	267637
23454	267643
23455	267647
23456	267649
23457	267661
23458	267667
23459	267671
23460	267677
23461	267679
23462	267713
23463	267719
23464	267721
23465	267727
23466	267737
23467	267739
23468	267749
23469	267763
23470	267781
23471	267791
23472	267797
23473	267803
23474	267811
23475	267829
23476	267833
23477	267857
23478	267863
23479	267877
23480	267887
23481	267893
23482	267899
23483	267901
23484	267907
23485	267913
23486	267929
23487	267941
23488	267959
23489	267961
23490	268003
23491	268013
23492	268043
23493	268049
23494	268063
23495	268069
23496	268091
23497	268123
23498	268133
23499	268153
23500	268171
23501	268189
23502	268199
23503	268207
23504	268211
23505	268237
23506	268253
23507	268267
23508	268271
23509	268283
23510	268291
23511	268297
23512	268343
23513	268403
23514	268439
23515	268459
23516	268487
23517	268493
23518	268501
23519	268507
23520	268517
23521	268519
23522	268529
23523	268531
23524	268537
23525	268547
23526	268573
23527	268607
23528	268613
23529	268637
23530	268643
23531	268661
23532	268693
23533	268721
23534	268729
23535	268733
23536	268747
23537	268757
23538	268759
23539	268771
23540	268777
23541	268781
23542	268783
23543	268789
23544	268811
23545	268813
23546	268817
23547	268819
23548	268823
23549	268841
23550	268843
23551	268861
23552	268883
23553	268897
23554	268909
23555	268913
23556	268921
23557	268927
23558	268937
23559	268969
23560	268973
23561	268979
23562	268993
23563	268997
23564	268999
23565	269023
23566	269029
23567	269039
23568	269041
23569	269057
23570	269063
23571	269069
23572	269089
23573	269117
23574	269131
23575	269141
23576	269167
23577	269177
23578	269179
23579	269183
23580	269189
23581	269201
23582	269209
23583	269219
23584	269221
23585	269231
23586	269237
23587	269251
23588	269257
23589	269281
23590	269317
23591	269327
23592	269333
23593	269341
23594	269351
23595	269377
23596	269383
23597	269387
23598	269389
23599	269393
23600	269413
23601	269419
23602	269429
23603	269431
23604	269441
23605	269461
23606	269473
23607	269513
23608	269519
23609	269527
23610	269539
23611	269543
23612	269561
23613	269573
23614	269579
23615	269597
23616	269617
23617	269623
23618	269641
23619	269651
23620	269663
23621	269683
23622	269701
23623	269713
23624	269719
23625	269723
23626	269741
23627	269749
23628	269761
23629	269779
23630	269783
23631	269791
23632	269851
23633	269879
23634	269887
23635	269891
23636	269897
23637	269923
23638	269939
23639	269947
23640	269953
23641	269981
23642	269987
23643	270001
23644	270029
23645	270031
23646	270037
23647	270059
23648	270071
23649	270073
23650	270097
23651	270121
23652	270131
23653	270133
23654	270143
23655	270157
23656	270163
23657	270167
23658	270191
23659	270209
23660	270217
23661	270223
23662	270229
23663	270239
23664	270241
23665	270269
23666	270271
23667	270287
23668	270299
23669	270307
23670	270311
23671	270323
23672	270329
23673	270337
23674	270343
23675	270371
23676	270379
23677	270407
23678	270421
23679	270437
23680	270443
23681	270451
23682	270461
23683	270463
23684	270493
23685	270509
23686	270527
23687	270539
23688	270547
23689	270551
23690	270553
23691	270563
23692	270577
23693	270583
23694	270587
23695	270593
23696	270601
23697	270619
23698	270631
23699	270653
23700	270659
23701	270667
23702	270679
23703	270689
23704	270701
23705	270709
23706	270719
23707	270737
23708	270749
23709	270761
23710	270763
23711	270791
23712	270797
23713	270799
23714	270821
23715	270833
23716	270841
23717	270859
23718	270899
23719	270913
23720	270923
23721	270931
23722	270937
23723	270953
23724	270961
23725	270967
23726	270973
23727	271003
23728	271013
23729	271021
23730	271027
23731	271043
23732	271057
23733	271067
23734	271079
23735	271097
23736	271109
23737	271127
23738	271129
23739	271163
23740	271169
23741	271177
23742	271181
23743	271211
23744	271217
23745	271231
23746	271241
23747	271253
23748	271261
23749	271273
23750	271277
23751	271279
23752	271289
23753	271333
23754	271351
23755	271357
23756	271363
23757	271367
23758	271393
23759	271409
23760	271429
23761	271451
23762	271463
23763	271471
23764	271483
23765	271489
23766	271499
23767	271501
23768	271517
23769	271549
23770	271553
23771	271571
23772	271573
23773	271597
23774	271603
23775	271619
23776	271637
23777	271639
23778	271651
23779	271657
23780	271693
23781	271703
23782	271723
23783	271729
23784	271753
23785	271769
23786	271771
23787	271787
23788	271807
23789	271811
23790	271829
23791	271841
23792	271849
23793	271853
23794	271861
23795	271867
23796	271879
23797	271897
23798	271903
23799	271919
23800	271927
23801	271939
23802	271967
23803	271969
23804	271981
23805	272003
23806	272009
23807	272011
23808	272029
23809	272039
23810	272053
23811	272059
23812	272093
23813	272131
23814	272141
23815	272171
23816	272179
23817	272183
23818	272189
23819	272191
23820	272201
23821	272203
23822	272227
23823	272231
23824	272249
23825	272257
23826	272263
23827	272267
23828	272269
23829	272287
23830	272299
23831	272317
23832	272329
23833	272333
23834	272341
23835	272347
23836	272351
23837	272353
23838	272359
23839	272369
23840	272381
23841	272383
23842	272399
23843	272407
23844	272411
23845	272417
23846	272423
23847	272449
23848	272453
23849	272477
23850	272507
23851	272533
23852	272537
23853	272539
23854	272549
23855	272563
23856	272567
23857	272581
23858	272603
23859	272621
23860	272651
23861	272659
23862	272683
23863	272693
23864	272717
23865	272719
23866	272737
23867	272759
23868	272761
23869	272771
23870	272777
23871	272807
23872	272809
23873	272813
23874	272863
23875	272879
23876	272887
23877	272903
23878	272911
23879	272917
23880	272927
23881	272933
23882	272959
23883	272971
23884	272981
23885	272983
23886	272989
23887	272999
23888	273001
23889	273029
23890	273043
23891	273047
23892	273059
23893	273061
23894	273067
23895	273073
23896	273083
23897	273107
23898	273113
23899	273127
23900	273131
23901	273149
23902	273157
23903	273181
23904	273187
23905	273193
23906	273233
23907	273253
23908	273269
23909	273271
23910	273281
23911	273283
23912	273289
23913	273311
23914	273313
23915	273323
23916	273349
23917	273359
23918	273367
23919	273433
23920	273457
23921	273473
23922	273503
23923	273517
23924	273521
23925	273527
23926	273551
23927	273569
23928	273601
23929	273613
23930	273617
23931	273629
23932	273641
23933	273643
23934	273653
23935	273697
23936	273709
23937	273719
23938	273727
23939	273739
23940	273773
23941	273787
23942	273797
23943	273803
23944	273821
23945	273827
23946	273857
23947	273881
23948	273899
23949	273901
23950	273913
23951	273919
23952	273929
23953	273941
23954	273943
23955	273967
23956	273971
23957	273979
23958	273997
23959	274007
23960	274019
23961	274033
23962	274061
23963	274069
23964	274081
23965	274093
23966	274103
23967	274117
23968	274121
23969	274123
23970	274139
23971	274147
23972	274163
23973	274171
23974	274177
23975	274187
23976	274199
23977	274201
23978	274213
23979	274223
23980	274237
23981	274243
23982	274259
23983	274271
23984	274277
23985	274283
23986	274301
23987	274333
23988	274349
23989	274357
23990	274361
23991	274403
23992	274423
23993	274441
23994	274451
23995	274453
23996	274457
23997	274471
23998	274489
23999	274517
24000	274529
