96001	1243717
96002	1243741
96003	1243747
96004	1243783
96005	1243789
96006	1243793
96007	1243807
96008	1243811
96009	1243819
96010	1243841
96011	1243843
96012	1243859
96013	1243877
96014	1243883
96015	1243889
96016	1243927
96017	1243933
96018	1243939
96019	1243943
96020	1243951
96021	1243961
96022	1243967
96023	1243969
96024	1243997
96025	1244003
96026	1244021
96027	1244027
96028	1244029
96029	1244039
96030	1244041
96031	1244053
96032	1244057
96033	1244059
96034	1244083
96035	1244099
96036	1244141
96037	1244143
96038	1244149
96039	1244153
96040	1244167
96041	1244183
96042	1244197
96043	1244203
96044	1244233
96045	1244249
96046	1244261
96047	1244263
96048	1244279
96049	1244293
96050	1244333
96051	1244357
96052	1244359
96053	1244363
96054	1244381
96055	1244393
96056	1244401
96057	1244423
96058	1244429
96059	1244437
96060	1244447
96061	1244459
96062	1244471
96063	1244479
96064	1244483
96065	1244501
96066	1244521
96067	1244531
96068	1244533
96069	1244543
96070	1244567
96071	1244591
96072	1244603
96073	1244609
96074	1244611
96075	1244627
96076	1244629
96077	1244647
96078	1244687
96079	1244699
96080	1244713
96081	1244729
96082	1244741
96083	1244753
96084	1244759
96085	1244777
96086	1244797
96087	1244813
96088	1244819
96089	1244821
96090	1244833
96091	1244839
96092	1244857
96093	1244863
96094	1244879
96095	1244909
96096	1244911
96097	1244923
96098	1244953
96099	1244987
96100	1244989
96101	1244993
96102	1245001
96103	1245017
96104	1245019
96105	1245037
96106	1245067
96107	1245091
96108	1245103
96109	1245113
96110	1245121
96111	1245137
96112	1245149
96113	1245169
96114	1245187
96115	1245191
96116	1245217
96117	1245227
96118	1245281
96119	1245331
96120	1245353
96121	1245379
96122	1245397
96123	1245401
96124	1245421
96125	1245449
96126	1245451
96127	1245479
96128	1245509
96129	1245527
96130	1245529
96131	1245551
96132	1245557
96133	1245589
96134	1245613
96135	1245617
96136	1245619
96137	1245623
96138	1245649
96139	1245683
96140	1245689
96141	1245691
96142	1245701
96143	1245707
96144	1245719
96145	1245721
96146	1245763
96147	1245767
96148	1245779
96149	1245781
96150	1245791
96151	1245799
96152	1245817
96153	1245833
96154	1245847
96155	1245863
96156	1245877
96157	1245883
96158	1245917
96159	1245929
96160	1245943
96161	1245953
96162	1245961
96163	1245971
96164	1245973
96165	1246013
96166	1246033
96167	1246057
96168	1246061
96169	1246073
96170	1246081
96171	1246093
96172	1246099
96173	1246103
96174	1246181
96175	1246187
96176	1246199
96177	1246207
96178	1246213
96179	1246241
96180	1246243
96181	1246247
96182	1246249
96183	1246261
96184	1246283
96185	1246303
96186	1246307
96187	1246313
96188	1246319
96189	1246327
96190	1246331
96191	1246339
96192	1246351
96193	1246361
96194	1246363
96195	1246367
96196	1246369
96197	1246373
96198	1246379
96199	1246387
96200	1246397
96201	1246429
96202	1246433
96203	1246451
96204	1246459
96205	1246471
96206	1246477
96207	1246481
96208	1246489
96209	1246499
96210	1246501
96211	1246513
96212	1246517
96213	1246529
96214	1246537
96215	1246543
96216	1246561
96217	1246573
96218	1246579
96219	1246589
96220	1246591
96221	1246601
96222	1246631
96223	1246639
96224	1246667
96225	1246673
96226	1246697
96227	1246703
96228	1246711
96229	1246733
96230	1246747
96231	1246757
96232	1246781
96233	1246823
96234	1246829
96235	1246841
96236	1246867
96237	1246879
96238	1246891
96239	1246907
96240	1246919
96241	1246943
96242	1246961
96243	1246963
96244	1246997
96245	1247009
96246	1247017
96247	1247033
96248	1247053
96249	1247063
96250	1247089
96251	1247101
96252	1247107
96253	1247117
96254	1247119
96255	1247167
96256	1247177
96257	1247189
96258	1247209
96259	1247231
96260	1247243
96261	1247263
96262	1247269
96263	1247291
96264	1247297
96265	1247303
96266	1247317
96267	1247321
96268	1247327
96269	1247329
96270	1247371
96271	1247383
96272	1247401
96273	1247417
96274	1247419
96275	1247429
96276	1247447
96277	1247453
96278	1247459
96279	1247479
96280	1247501
96281	1247509
96282	1247527
96283	1247549
96284	1247557
96285	1247563
96286	1247569
96287	1247581
96288	1247591
96289	1247599
96290	1247611
96291	1247621
96292	1247627
96293	1247641
96294	1247651
96295	1247663
96296	1247693
96297	1247699
96298	1247737
96299	1247759
96300	1247761
96301	1247767
96302	1247777
96303	1247797
96304	1247801
96305	1247833
96306	1247837
96307	1247861
96308	1247867
96309	1247879
96310	1247881
96311	1247893
96312	1247923
96313	1247947
96314	1247951
96315	1247959
96316	1247969
96317	1248001
96318	1248007
96319	1248011
96320	1248017
96321	1248019
96322	1248031
96323	1248041
96324	1248059
96325	1248061
96326	1248083
96327	1248101
96328	1248103
96329	1248113
96330	1248119
96331	1248151
96332	1248193
96333	1248199
96334	1248209
96335	1248211
96336	1248217
96337	1248229
96338	1248239
96339	1248241
96340	1248253
96341	1248271
96342	1248323
96343	1248329
96344	1248337
96345	1248341
96346	1248347
96347	1248349
96348	1248353
96349	1248383
96350	1248391
96351	1248407
96352	1248413
96353	1248427
96354	1248449
96355	1248451
96356	1248469
96357	1248493
96358	1248503
96359	1248529
96360	1248539
96361	1248551
96362	1248553
96363	1248563
96364	1248571
96365	1248589
96366	1248593
96367	1248631
96368	1248641
96369	1248671
96370	1248673
96371	1248691
96372	1248697
96373	1248703
96374	1248721
96375	1248757
96376	1248781
96377	1248799
96378	1248809
96379	1248829
96380	1248833
96381	1248847
96382	1248857
96383	1248859
96384	1248869
96385	1248881
96386	1248893
96387	1248917
96388	1248941
96389	1248953
96390	1248977
96391	1248979
96392	1248991
96393	1249013
96394	1249019
96395	1249033
96396	1249037
96397	1249043
96398	1249049
96399	1249057
96400	1249063
96401	1249091
96402	1249099
96403	1249111
96404	1249121
96405	1249133
96406	1249139
96407	1249141
96408	1249151
96409	1249159
96410	1249163
96411	1249187
96412	1249201
96413	1249217
96414	1249243
96415	1249247
96416	1249273
96417	1249301
96418	1249319
96419	1249321
96420	1249333
96421	1249343
96422	1249361
96423	1249363
96424	1249373
96425	1249397
96426	1249403
96427	1249411
96428	1249427
96429	1249433
96430	1249477
96431	1249481
96432	1249487
96433	1249489
96434	1249499
96435	1249511
96436	1249519
96437	1249531
96438	1249559
96439	1249603
96440	1249621
96441	1249627
96442	1249631
96443	1249643
96444	1249657
96445	1249669
96446	1249681
96447	1249691
96448	1249693
96449	1249727
96450	1249733
96451	1249739
96452	1249741
96453	1249747
96454	1249757
96455	1249799
96456	1249811
96457	1249817
96458	1249819
96459	1249837
96460	1249841
96461	1249847
96462	1249849
96463	1249861
96464	1249873
96465	1249901
96466	1249921
96467	1249939
96468	1249943
96469	1249999
96470	1250003
96471	1250009
96472	1250021
96473	1250023
96474	1250057
96475	1250069
96476	1250083
96477	1250087
96478	1250099
96479	1250107
96480	1250141
96481	1250147
96482	1250149
96483	1250173
96484	1250177
96485	1250189
96486	1250201
96487	1250203
96488	1250237
96489	1250243
96490	1250273
96491	1250281
96492	1250297
96493	1250309
96494	1250351
96495	1250357
96496	1250407
96497	1250413
96498	1250437
96499	1250443
96500	1250449
96501	1250453
96502	1250461
96503	1250471
96504	1250479
96505	1250497
96506	1250507
96507	1250519
96508	1250521
96509	1250527
96510	1250551
96511	1250593
96512	1250609
96513	1250611
96514	1250629
96515	1250647
96516	1250653
96517	1250677
96518	1250701
96519	1250737
96520	1250749
96521	1250761
96522	1250771
96523	1250773
96524	1250779
96525	1250783
96526	1250801
96527	1250813
96528	1250831
96529	1250839
96530	1250863
96531	1250867
96532	1250917
96533	1250923
96534	1250929
96535	1250939
96536	1250969
96537	1250971
96538	1250981
96539	1250983
96540	1251011
96541	1251037
96542	1251043
96543	1251053
96544	1251071
96545	1251083
96546	1251097
96547	1251101
96548	1251109
96549	1251121
96550	1251157
96551	1251161
96552	1251179
96553	1251227
96554	1251247
96555	1251259
96556	1251287
96557	1251301
96558	1251307
96559	1251317
96560	1251323
96561	1251329
96562	1251409
96563	1251427
96564	1251431
96565	1251433
96566	1251461
96567	1251463
96568	1251527
96569	1251529
96570	1251533
96571	1251571
96572	1251577
96573	1251581
96574	1251583
96575	1251641
96576	1251661
96577	1251667
96578	1251671
96579	1251697
96580	1251703
96581	1251707
96582	1251713
96583	1251721
96584	1251743
96585	1251787
96586	1251791
96587	1251797
96588	1251827
96589	1251841
96590	1251851
96591	1251857
96592	1251869
96593	1251871
96594	1251881
96595	1251907
96596	1251911
96597	1251919
96598	1251923
96599	1251937
96600	1251947
96601	1251953
96602	1251961
96603	1251983
96604	1252021
96605	1252037
96606	1252049
96607	1252057
96608	1252063
96609	1252073
96610	1252079
96611	1252103
96612	1252109
96613	1252123
96614	1252129
96615	1252151
96616	1252159
96617	1252177
96618	1252187
96619	1252193
96620	1252201
96621	1252211
96622	1252217
96623	1252219
96624	1252247
96625	1252259
96626	1252267
96627	1252283
96628	1252331
96629	1252343
96630	1252357
96631	1252399
96632	1252403
96633	1252411
96634	1252421
96635	1252429
96636	1252439
96637	1252451
96638	1252457
96639	1252469
96640	1252483
96641	1252507
96642	1252523
96643	1252579
96644	1252609
96645	1252631
96646	1252639
96647	1252661
96648	1252663
96649	1252681
96650	1252711
96651	1252717
96652	1252721
96653	1252729
96654	1252739
96655	1252751
96656	1252777
96657	1252799
96658	1252817
96659	1252819
96660	1252843
96661	1252873
96662	1252877
96663	1252897
96664	1252903
96665	1252913
96666	1252921
96667	1252943
96668	1252957
96669	1252963
96670	1252987
96671	1252991
96672	1252997
96673	1253011
96674	1253023
96675	1253027
96676	1253047
96677	1253059
96678	1253071
96679	1253089
96680	1253093
96681	1253099
96682	1253111
96683	1253137
96684	1253167
96685	1253171
96686	1253249
96687	1253251
96688	1253261
96689	1253279
96690	1253323
96691	1253327
96692	1253333
96693	1253347
96694	1253377
96695	1253381
96696	1253401
96697	1253437
96698	1253453
96699	1253471
96700	1253479
96701	1253513
96702	1253519
96703	1253521
96704	1253557
96705	1253587
96706	1253591
96707	1253599
96708	1253621
96709	1253627
96710	1253683
96711	1253689
96712	1253701
96713	1253717
96714	1253723
96715	1253729
96716	1253737
96717	1253741
96718	1253761
96719	1253783
96720	1253803
96721	1253831
96722	1253839
96723	1253849
96724	1253851
96725	1253887
96726	1253897
96727	1253909
96728	1253911
96729	1253947
96730	1253951
96731	1253953
96732	1253963
96733	1253969
96734	1253999
96735	1254013
96736	1254017
96737	1254023
96738	1254031
96739	1254037
96740	1254049
96741	1254053
96742	1254059
96743	1254061
96744	1254079
96745	1254091
96746	1254109
96747	1254119
96748	1254131
96749	1254137
96750	1254151
96751	1254157
96752	1254161
96753	1254179
96754	1254193
96755	1254203
96756	1254217
96757	1254241
96758	1254251
96759	1254257
96760	1254269
96761	1254293
96762	1254301
96763	1254317
96764	1254329
96765	1254367
96766	1254371
96767	1254373
96768	1254377
96769	1254427
96770	1254433
96771	1254467
96772	1254469
96773	1254479
96774	1254497
96775	1254503
96776	1254523
96777	1254527
96778	1254529
96779	1254541
96780	1254553
96781	1254557
96782	1254577
96783	1254593
96784	1254607
96785	1254613
96786	1254619
96787	1254623
96788	1254637
96789	1254647
96790	1254653
96791	1254661
96792	1254667
96793	1254683
96794	1254689
96795	1254731
96796	1254733
96797	1254739
96798	1254751
96799	1254761
96800	1254767
96801	1254791
96802	1254793
96803	1254823
96804	1254833
96805	1254839
96806	1254863
96807	1254899
96808	1254907
96809	1254941
96810	1254959
96811	1254971
96812	1254983
96813	1254997
96814	1255013
96815	1255021
96816	1255039
96817	1255049
96818	1255063
96819	1255069
96820	1255081
96821	1255103
96822	1255109
96823	1255117
96824	1255123
96825	1255129
96826	1255139
96827	1255147
96828	1255153
96829	1255157
96830	1255169
96831	1255181
96832	1255183
96833	1255187
96834	1255201
96835	1255211
96836	1255237
96837	1255249
96838	1255253
96839	1255259
96840	1255279
96841	1255301
96842	1255307
96843	1255313
96844	1255321
96845	1255333
96846	1255337
96847	1255357
96848	1255361
96849	1255367
96850	1255391
96851	1255393
96852	1255421
96853	1255427
96854	1255451
96855	1255453
96856	1255477
96857	1255519
96858	1255549
96859	1255559
96860	1255567
96861	1255591
96862	1255601
96863	1255609
96864	1255619
96865	1255633
96866	1255651
96867	1255663
96868	1255679
96869	1255687
96870	1255693
96871	1255721
96872	1255747
96873	1255757
96874	1255759
96875	1255799
96876	1255801
96877	1255811
96878	1255829
96879	1255831
96880	1255847
96881	1255861
96882	1255907
96883	1255913
96884	1255927
96885	1255931
96886	1255939
96887	1255949
96888	1255963
96889	1255967
96890	1255993
96891	1255997
96892	1256009
96893	1256023
96894	1256029
96895	1256041
96896	1256063
96897	1256107
96898	1256149
96899	1256161
96900	1256197
96901	1256201
96902	1256209
96903	1256231
96904	1256243
96905	1256267
96906	1256279
96907	1256303
96908	1256323
96909	1256347
96910	1256369
96911	1256383
96912	1256389
96913	1256393
96914	1256407
96915	1256429
96916	1256449
96917	1256477
96918	1256531
96919	1256533
96920	1256543
96921	1256573
96922	1256579
96923	1256587
96924	1256597
96925	1256611
96926	1256617
96927	1256621
96928	1256659
96929	1256681
96930	1256687
96931	1256693
96932	1256707
96933	1256711
96934	1256729
96935	1256737
96936	1256747
96937	1256753
96938	1256777
96939	1256797
96940	1256809
96941	1256813
96942	1256819
96943	1256821
96944	1256837
96945	1256863
96946	1256867
96947	1256873
96948	1256887
96949	1256891
96950	1256897
96951	1256903
96952	1256911
96953	1256917
96954	1256923
96955	1256939
96956	1256953
96957	1256989
96958	1256993
96959	1257013
96960	1257017
96961	1257029
96962	1257041
96963	1257043
96964	1257049
96965	1257071
96966	1257073
96967	1257077
96968	1257079
96969	1257089
96970	1257103
96971	1257119
96972	1257131
96973	1257163
96974	1257199
96975	1257209
96976	1257229
96977	1257233
96978	1257239
96979	1257241
96980	1257247
96981	1257251
96982	1257253
96983	1257281
96984	1257293
96985	1257307
96986	1257313
96987	1257317
96988	1257323
96989	1257331
96990	1257359
96991	1257397
96992	1257409
96993	1257437
96994	1257457
96995	1257461
96996	1257463
96997	1257491
96998	1257493
96999	1257499
97000	1257517
