84001	1076167
84002	1076171
84003	1076191
84004	1076203
84005	1076213
84006	1076237
84007	1076263
84008	1076279
84009	1076281
84010	1076303
84011	1076323
84012	1076329
84013	1076353
84014	1076359
84015	1076381
84016	1076399
84017	1076401
84018	1076417
84019	1076429
84020	1076443
84021	1076447
84022	1076461
84023	1076473
84024	1076477
84025	1076501
84026	1076503
84027	1076507
84028	1076513
84029	1076519
84030	1076557
84031	1076563
84032	1076587
84033	1076611
84034	1076617
84035	1076639
84036	1076651
84037	1076657
84038	1076671
84039	1076707
84040	1076717
84041	1076731
84042	1076753
84043	1076767
84044	1076771
84045	1076773
84046	1076813
84047	1076821
84048	1076827
84049	1076843
84050	1076861
84051	1076869
84052	1076879
84053	1076893
84054	1076903
84055	1076917
84056	1076921
84057	1076953
84058	1076981
84059	1077017
84060	1077023
84061	1077047
84062	1077059
84063	1077079
84064	1077101
84065	1077127
84066	1077143
84067	1077161
84068	1077179
84069	1077191
84070	1077203
84071	1077221
84072	1077227
84073	1077233
84074	1077289
84075	1077299
84076	1077301
84077	1077311
84078	1077337
84079	1077347
84080	1077353
84081	1077371
84082	1077397
84083	1077413
84084	1077421
84085	1077449
84086	1077457
84087	1077469
84088	1077499
84089	1077533
84090	1077539
84091	1077541
84092	1077563
84093	1077599
84094	1077607
84095	1077641
84096	1077673
84097	1077677
84098	1077691
84099	1077697
84100	1077707
84101	1077719
84102	1077721
84103	1077733
84104	1077743
84105	1077751
84106	1077761
84107	1077763
84108	1077793
84109	1077799
84110	1077821
84111	1077823
84112	1077827
84113	1077841
84114	1077859
84115	1077863
84116	1077893
84117	1077911
84118	1077913
84119	1077917
84120	1077943
84121	1077971
84122	1077977
84123	1077997
84124	1078001
84125	1078009
84126	1078019
84127	1078027
84128	1078031
84129	1078043
84130	1078081
84131	1078109
84132	1078111
84133	1078127
84134	1078151
84135	1078153
84136	1078159
84137	1078163
84138	1078169
84139	1078183
84140	1078199
84141	1078219
84142	1078241
84143	1078247
84144	1078331
84145	1078333
84146	1078367
84147	1078369
84148	1078373
84149	1078387
84150	1078393
84151	1078403
84152	1078409
84153	1078411
84154	1078417
84155	1078471
84156	1078489
84157	1078507
84158	1078537
84159	1078559
84160	1078589
84161	1078643
84162	1078657
84163	1078673
84164	1078681
84165	1078691
84166	1078699
84167	1078711
84168	1078717
84169	1078733
84170	1078739
84171	1078757
84172	1078787
84173	1078789
84174	1078807
84175	1078813
84176	1078817
84177	1078841
84178	1078849
84179	1078853
84180	1078873
84181	1078879
84182	1078919
84183	1078927
84184	1078937
84185	1078943
84186	1078951
84187	1078967
84188	1078981
84189	1078993
84190	1079009
84191	1079011
84192	1079021
84193	1079033
84194	1079053
84195	1079059
84196	1079069
84197	1079077
84198	1079081
84199	1079087
84200	1079093
84201	1079101
84202	1079107
84203	1079123
84204	1079147
84205	1079153
84206	1079173
84207	1079189
84208	1079213
84209	1079227
84210	1079233
84211	1079251
84212	1079269
84213	1079291
84214	1079297
84215	1079311
84216	1079317
84217	1079329
84218	1079339
84219	1079357
84220	1079359
84221	1079369
84222	1079383
84223	1079399
84224	1079417
84225	1079431
84226	1079453
84227	1079461
84228	1079471
84229	1079473
84230	1079503
84231	1079509
84232	1079527
84233	1079531
84234	1079539
84235	1079569
84236	1079593
84237	1079609
84238	1079621
84239	1079629
84240	1079633
84241	1079647
84242	1079651
84243	1079669
84244	1079671
84245	1079681
84246	1079711
84247	1079717
84248	1079753
84249	1079777
84250	1079779
84251	1079783
84252	1079797
84253	1079809
84254	1079821
84255	1079831
84256	1079849
84257	1079861
84258	1079867
84259	1079879
84260	1079887
84261	1079917
84262	1079927
84263	1079929
84264	1079933
84265	1079957
84266	1079963
84267	1079977
84268	1079983
84269	1079987
84270	1079999
84271	1080007
84272	1080029
84273	1080043
84274	1080049
84275	1080059
84276	1080073
84277	1080077
84278	1080083
84279	1080089
84280	1080091
84281	1080097
84282	1080119
84283	1080137
84284	1080143
84285	1080173
84286	1080199
84287	1080217
84288	1080223
84289	1080229
84290	1080251
84291	1080259
84292	1080263
84293	1080269
84294	1080271
84295	1080281
84296	1080301
84297	1080307
84298	1080311
84299	1080329
84300	1080341
84301	1080347
84302	1080353
84303	1080383
84304	1080413
84305	1080419
84306	1080433
84307	1080439
84308	1080449
84309	1080451
84310	1080463
84311	1080479
84312	1080481
84313	1080491
84314	1080523
84315	1080539
84316	1080553
84317	1080557
84318	1080559
84319	1080589
84320	1080613
84321	1080647
84322	1080649
84323	1080661
84324	1080679
84325	1080683
84326	1080713
84327	1080749
84328	1080757
84329	1080763
84330	1080767
84331	1080773
84332	1080787
84333	1080791
84334	1080797
84335	1080803
84336	1080811
84337	1080817
84338	1080823
84339	1080841
84340	1080847
84341	1080851
84342	1080857
84343	1080899
84344	1080901
84345	1080907
84346	1080913
84347	1080923
84348	1080941
84349	1080943
84350	1080971
84351	1080973
84352	1080983
84353	1081027
84354	1081037
84355	1081051
84356	1081061
84357	1081079
84358	1081097
84359	1081099
84360	1081121
84361	1081123
84362	1081127
84363	1081133
84364	1081139
84365	1081153
84366	1081163
84367	1081219
84368	1081229
84369	1081231
84370	1081237
84371	1081243
84372	1081247
84373	1081277
84374	1081279
84375	1081291
84376	1081303
84377	1081307
84378	1081331
84379	1081337
84380	1081351
84381	1081361
84382	1081369
84383	1081403
84384	1081417
84385	1081429
84386	1081441
84387	1081477
84388	1081501
84389	1081513
84390	1081541
84391	1081583
84392	1081631
84393	1081637
84394	1081657
84395	1081679
84396	1081681
84397	1081687
84398	1081699
84399	1081709
84400	1081711
84401	1081721
84402	1081723
84403	1081733
84404	1081741
84405	1081757
84406	1081763
84407	1081771
84408	1081777
84409	1081781
84410	1081789
84411	1081793
84412	1081813
84413	1081823
84414	1081853
84415	1081859
84416	1081891
84417	1081901
84418	1081907
84419	1081919
84420	1081937
84421	1081939
84422	1081979
84423	1081981
84424	1082017
84425	1082023
84426	1082027
84427	1082047
84428	1082083
84429	1082089
84430	1082093
84431	1082099
84432	1082129
84433	1082141
84434	1082143
84435	1082149
84436	1082153
84437	1082161
84438	1082171
84439	1082177
84440	1082189
84441	1082197
84442	1082209
84443	1082231
84444	1082233
84445	1082243
84446	1082273
84447	1082317
84448	1082321
84449	1082351
84450	1082369
84451	1082377
84452	1082381
84453	1082383
84454	1082387
84455	1082399
84456	1082429
84457	1082443
84458	1082447
84459	1082467
84460	1082491
84461	1082527
84462	1082531
84463	1082533
84464	1082573
84465	1082579
84466	1082581
84467	1082593
84468	1082597
84469	1082603
84470	1082621
84471	1082629
84472	1082647
84473	1082659
84474	1082681
84475	1082699
84476	1082707
84477	1082717
84478	1082723
84479	1082729
84480	1082743
84481	1082761
84482	1082777
84483	1082801
84484	1082881
84485	1082891
84486	1082911
84487	1082969
84488	1082971
84489	1082989
84490	1082993
84491	1082999
84492	1083007
84493	1083031
84494	1083037
84495	1083059
84496	1083073
84497	1083077
84498	1083079
84499	1083083
84500	1083107
84501	1083113
84502	1083119
84503	1083151
84504	1083167
84505	1083191
84506	1083193
84507	1083211
84508	1083241
84509	1083253
84510	1083283
84511	1083287
84512	1083289
84513	1083301
84514	1083307
84515	1083311
84516	1083317
84517	1083319
84518	1083337
84519	1083349
84520	1083367
84521	1083371
84522	1083377
84523	1083391
84524	1083409
84525	1083431
84526	1083443
84527	1083449
84528	1083451
84529	1083463
84530	1083473
84531	1083497
84532	1083517
84533	1083541
84534	1083559
84535	1083571
84536	1083583
84537	1083601
84538	1083611
84539	1083613
84540	1083659
84541	1083689
84542	1083707
84543	1083713
84544	1083721
84545	1083743
84546	1083749
84547	1083757
84548	1083793
84549	1083809
84550	1083827
84551	1083833
84552	1083839
84553	1083847
84554	1083851
84555	1083871
84556	1083881
84557	1083899
84558	1083911
84559	1083913
84560	1083923
84561	1083941
84562	1083947
84563	1083949
84564	1083983
84565	1084001
84566	1084019
84567	1084043
84568	1084051
84569	1084067
84570	1084079
84571	1084087
84572	1084093
84573	1084103
84574	1084133
84575	1084147
84576	1084157
84577	1084177
84578	1084217
84579	1084219
84580	1084247
84581	1084253
84582	1084267
84583	1084297
84584	1084301
84585	1084309
84586	1084313
84587	1084333
84588	1084357
84589	1084367
84590	1084373
84591	1084403
84592	1084423
84593	1084429
84594	1084451
84595	1084459
84596	1084469
84597	1084471
84598	1084477
84599	1084483
84600	1084493
84601	1084543
84602	1084547
84603	1084553
84604	1084579
84605	1084609
84606	1084613
84607	1084621
84608	1084627
84609	1084637
84610	1084649
84611	1084661
84612	1084669
84613	1084673
84614	1084697
84615	1084711
84616	1084723
84617	1084747
84618	1084757
84619	1084771
84620	1084777
84621	1084793
84622	1084799
84623	1084817
84624	1084823
84625	1084829
84626	1084859
84627	1084871
84628	1084891
84629	1084927
84630	1084939
84631	1084943
84632	1084949
84633	1084981
84634	1084987
84635	1084997
84636	1085003
84637	1085011
84638	1085017
84639	1085023
84640	1085047
84641	1085053
84642	1085101
84643	1085111
84644	1085113
84645	1085131
84646	1085137
84647	1085141
84648	1085143
84649	1085153
84650	1085159
84651	1085179
84652	1085197
84653	1085221
84654	1085269
84655	1085309
84656	1085317
84657	1085327
84658	1085351
84659	1085353
84660	1085369
84661	1085389
84662	1085407
84663	1085419
84664	1085429
84665	1085431
84666	1085443
84667	1085459
84668	1085473
84669	1085509
84670	1085521
84671	1085551
84672	1085587
84673	1085611
84674	1085627
84675	1085633
84676	1085657
84677	1085663
84678	1085677
84679	1085681
84680	1085687
84681	1085719
84682	1085737
84683	1085753
84684	1085767
84685	1085771
84686	1085779
84687	1085801
84688	1085809
84689	1085813
84690	1085827
84691	1085857
84692	1085863
84693	1085867
84694	1085873
84695	1085881
84696	1085891
84697	1085911
84698	1085933
84699	1085957
84700	1085971
84701	1085989
84702	1086031
84703	1086047
84704	1086073
84705	1086089
84706	1086091
84707	1086101
84708	1086103
84709	1086119
84710	1086133
84711	1086139
84712	1086149
84713	1086161
84714	1086179
84715	1086191
84716	1086193
84717	1086199
84718	1086203
84719	1086247
84720	1086251
84721	1086257
84722	1086259
84723	1086263
84724	1086277
84725	1086299
84726	1086301
84727	1086307
84728	1086331
84729	1086343
84730	1086347
84731	1086353
84732	1086361
84733	1086373
84734	1086389
84735	1086391
84736	1086413
84737	1086433
84738	1086443
84739	1086461
84740	1086469
84741	1086493
84742	1086509
84743	1086511
84744	1086523
84745	1086529
84746	1086557
84747	1086559
84748	1086587
84749	1086607
84750	1086611
84751	1086619
84752	1086637
84753	1086641
84754	1086647
84755	1086677
84756	1086689
84757	1086703
84758	1086731
84759	1086749
84760	1086763
84761	1086769
84762	1086791
84763	1086809
84764	1086817
84765	1086859
84766	1086863
84767	1086881
84768	1086893
84769	1086901
84770	1086913
84771	1086919
84772	1086923
84773	1086931
84774	1086937
84775	1086989
84776	1086991
84777	1087001
84778	1087019
84779	1087027
84780	1087061
84781	1087091
84782	1087109
84783	1087117
84784	1087129
84785	1087147
84786	1087159
84787	1087231
84788	1087241
84789	1087249
84790	1087259
84791	1087271
84792	1087291
84793	1087301
84794	1087309
84795	1087349
84796	1087357
84797	1087379
84798	1087381
84799	1087391
84800	1087409
84801	1087423
84802	1087433
84803	1087451
84804	1087453
84805	1087459
84806	1087483
84807	1087487
84808	1087517
84809	1087519
84810	1087543
84811	1087553
84812	1087561
84813	1087589
84814	1087591
84815	1087621
84816	1087631
84817	1087657
84818	1087663
84819	1087673
84820	1087679
84821	1087687
84822	1087717
84823	1087729
84824	1087741
84825	1087747
84826	1087753
84827	1087781
84828	1087787
84829	1087789
84830	1087799
84831	1087811
84832	1087817
84833	1087829
84834	1087841
84835	1087843
84836	1087861
84837	1087873
84838	1087897
84839	1087903
84840	1087907
84841	1087937
84842	1087963
84843	1087967
84844	1087973
84845	1087981
84846	1087987
84847	1088023
84848	1088027
84849	1088039
84850	1088053
84851	1088063
84852	1088071
84853	1088081
84854	1088089
84855	1088093
84856	1088123
84857	1088159
84858	1088161
84859	1088209
84860	1088233
84861	1088237
84862	1088239
84863	1088251
84864	1088267
84865	1088273
84866	1088293
84867	1088309
84868	1088371
84869	1088387
84870	1088389
84871	1088393
84872	1088407
84873	1088413
84874	1088419
84875	1088431
84876	1088443
84877	1088447
84878	1088449
84879	1088467
84880	1088471
84881	1088489
84882	1088519
84883	1088533
84884	1088537
84885	1088543
84886	1088569
84887	1088579
84888	1088603
84889	1088611
84890	1088617
84891	1088621
84892	1088623
84893	1088639
84894	1088641
84895	1088657
84896	1088669
84897	1088671
84898	1088687
84899	1088693
84900	1088707
84901	1088723
84902	1088749
84903	1088753
84904	1088761
84905	1088777
84906	1088783
84907	1088807
84908	1088827
84909	1088831
84910	1088839
84911	1088851
84912	1088903
84913	1088917
84914	1088933
84915	1088953
84916	1088957
84917	1088959
84918	1088977
84919	1088987
84920	1088993
84921	1089017
84922	1089029
84923	1089047
84924	1089091
84925	1089103
84926	1089107
84927	1089113
84928	1089133
84929	1089161
84930	1089191
84931	1089197
84932	1089217
84933	1089223
84934	1089227
84935	1089239
84936	1089259
84937	1089299
84938	1089313
84939	1089359
84940	1089383
84941	1089397
84942	1089401
84943	1089421
84944	1089427
84945	1089457
84946	1089461
84947	1089463
84948	1089469
84949	1089481
84950	1089497
84951	1089503
84952	1089509
84953	1089523
84954	1089551
84955	1089563
84956	1089611
84957	1089629
84958	1089653
84959	1089661
84960	1089677
84961	1089679
84962	1089703
84963	1089709
84964	1089713
84965	1089757
84966	1089793
84967	1089799
84968	1089841
84969	1089863
84970	1089877
84971	1089917
84972	1089919
84973	1089941
84974	1089943
84975	1089961
84976	1089967
84977	1090003
84978	1090013
84979	1090021
84980	1090027
84981	1090031
84982	1090097
84983	1090099
84984	1090127
84985	1090129
84986	1090151
84987	1090153
84988	1090169
84989	1090181
84990	1090189
84991	1090211
84992	1090213
84993	1090217
84994	1090241
84995	1090249
84996	1090267
84997	1090273
84998	1090303
84999	1090333
85000	1090373
