81001	1034233
81002	1034237
81003	1034239
81004	1034249
81005	1034251
81006	1034281
81007	1034309
81008	1034317
81009	1034323
81010	1034339
81011	1034353
81012	1034357
81013	1034359
81014	1034381
81015	1034387
81016	1034419
81017	1034443
81018	1034461
81019	1034477
81020	1034479
81021	1034489
81022	1034491
81023	1034503
81024	1034513
81025	1034549
81026	1034567
81027	1034581
81028	1034591
81029	1034597
81030	1034599
81031	1034617
81032	1034639
81033	1034651
81034	1034653
81035	1034659
81036	1034707
81037	1034729
81038	1034731
81039	1034767
81040	1034771
81041	1034783
81042	1034791
81043	1034809
81044	1034827
81045	1034833
81046	1034837
81047	1034849
81048	1034857
81049	1034861
81050	1034863
81051	1034867
81052	1034879
81053	1034903
81054	1034941
81055	1034951
81056	1034953
81057	1034959
81058	1034983
81059	1034989
81060	1034993
81061	1035007
81062	1035019
81063	1035043
81064	1035061
81065	1035077
81066	1035107
81067	1035131
81068	1035163
81069	1035187
81070	1035191
81071	1035197
81072	1035211
81073	1035241
81074	1035247
81075	1035257
81076	1035263
81077	1035277
81078	1035301
81079	1035313
81080	1035323
81081	1035341
81082	1035343
81083	1035361
81084	1035379
81085	1035383
81086	1035403
81087	1035409
81088	1035413
81089	1035427
81090	1035449
81091	1035451
81092	1035467
81093	1035469
81094	1035473
81095	1035479
81096	1035499
81097	1035527
81098	1035533
81099	1035547
81100	1035563
81101	1035571
81102	1035581
81103	1035599
81104	1035607
81105	1035613
81106	1035631
81107	1035637
81108	1035641
81109	1035649
81110	1035659
81111	1035707
81112	1035733
81113	1035743
81114	1035761
81115	1035763
81116	1035781
81117	1035791
81118	1035829
81119	1035869
81120	1035893
81121	1035917
81122	1035949
81123	1035953
81124	1035959
81125	1035973
81126	1035977
81127	1036001
81128	1036003
81129	1036027
81130	1036039
81131	1036067
81132	1036069
81133	1036073
81134	1036093
81135	1036109
81136	1036117
81137	1036121
81138	1036129
81139	1036153
81140	1036163
81141	1036183
81142	1036213
81143	1036223
81144	1036229
81145	1036247
81146	1036249
81147	1036253
81148	1036261
81149	1036267
81150	1036271
81151	1036291
81152	1036297
81153	1036307
81154	1036319
81155	1036327
81156	1036331
81157	1036339
81158	1036349
81159	1036351
81160	1036363
81161	1036367
81162	1036369
81163	1036391
81164	1036411
81165	1036459
81166	1036471
81167	1036493
81168	1036499
81169	1036513
81170	1036531
81171	1036537
81172	1036561
81173	1036579
81174	1036613
81175	1036619
81176	1036631
81177	1036649
81178	1036661
81179	1036667
81180	1036669
81181	1036681
81182	1036729
81183	1036747
81184	1036751
81185	1036757
81186	1036759
81187	1036769
81188	1036787
81189	1036793
81190	1036799
81191	1036829
81192	1036831
81193	1036853
81194	1036873
81195	1036877
81196	1036883
81197	1036913
81198	1036921
81199	1036943
81200	1036951
81201	1036957
81202	1036979
81203	1036991
81204	1036993
81205	1037041
81206	1037053
81207	1037059
81208	1037081
81209	1037087
81210	1037089
81211	1037123
81212	1037129
81213	1037137
81214	1037143
81215	1037213
81216	1037233
81217	1037249
81218	1037261
81219	1037273
81220	1037293
81221	1037297
81222	1037303
81223	1037317
81224	1037327
81225	1037329
81226	1037339
81227	1037347
81228	1037401
81229	1037411
81230	1037437
81231	1037441
81232	1037447
81233	1037471
81234	1037479
81235	1037489
81236	1037497
81237	1037503
81238	1037537
81239	1037557
81240	1037563
81241	1037567
81242	1037593
81243	1037611
81244	1037627
81245	1037653
81246	1037657
81247	1037677
81248	1037681
81249	1037683
81250	1037741
81251	1037747
81252	1037753
81253	1037759
81254	1037767
81255	1037791
81256	1037801
81257	1037819
81258	1037831
81259	1037857
81260	1037873
81261	1037879
81262	1037893
81263	1037903
81264	1037917
81265	1037929
81266	1037941
81267	1037957
81268	1037963
81269	1037983
81270	1038001
81271	1038017
81272	1038019
81273	1038029
81274	1038041
81275	1038043
81276	1038047
81277	1038073
81278	1038077
81279	1038119
81280	1038127
81281	1038143
81282	1038157
81283	1038187
81284	1038199
81285	1038203
81286	1038209
81287	1038211
81288	1038227
81289	1038251
81290	1038253
81291	1038259
81292	1038263
81293	1038269
81294	1038307
81295	1038311
81296	1038319
81297	1038329
81298	1038337
81299	1038383
81300	1038391
81301	1038409
81302	1038421
81303	1038449
81304	1038463
81305	1038487
81306	1038497
81307	1038503
81308	1038523
81309	1038529
81310	1038539
81311	1038563
81312	1038589
81313	1038599
81314	1038601
81315	1038617
81316	1038619
81317	1038623
81318	1038629
81319	1038637
81320	1038643
81321	1038671
81322	1038689
81323	1038691
81324	1038707
81325	1038721
81326	1038727
81327	1038731
81328	1038757
81329	1038797
81330	1038803
81331	1038811
81332	1038823
81333	1038827
81334	1038833
81335	1038881
81336	1038913
81337	1038937
81338	1038941
81339	1038953
81340	1039001
81341	1039007
81342	1039021
81343	1039033
81344	1039037
81345	1039039
81346	1039043
81347	1039067
81348	1039069
81349	1039081
81350	1039109
81351	1039111
81352	1039127
81353	1039139
81354	1039153
81355	1039169
81356	1039187
81357	1039229
81358	1039249
81359	1039279
81360	1039289
81361	1039307
81362	1039321
81363	1039327
81364	1039343
81365	1039349
81366	1039351
81367	1039387
81368	1039421
81369	1039427
81370	1039429
81371	1039463
81372	1039469
81373	1039477
81374	1039481
81375	1039513
81376	1039517
81377	1039537
81378	1039543
81379	1039553
81380	1039603
81381	1039607
81382	1039631
81383	1039651
81384	1039657
81385	1039667
81386	1039681
81387	1039733
81388	1039763
81389	1039769
81390	1039789
81391	1039799
81392	1039817
81393	1039823
81394	1039837
81395	1039891
81396	1039897
81397	1039901
81398	1039921
81399	1039931
81400	1039943
81401	1039949
81402	1039979
81403	1039999
81404	1040021
81405	1040029
81406	1040051
81407	1040057
81408	1040059
81409	1040069
81410	1040071
81411	1040089
81412	1040093
81413	1040101
81414	1040113
81415	1040119
81416	1040141
81417	1040153
81418	1040159
81419	1040161
81420	1040167
81421	1040183
81422	1040189
81423	1040191
81424	1040203
81425	1040219
81426	1040227
81427	1040311
81428	1040327
81429	1040339
81430	1040353
81431	1040371
81432	1040381
81433	1040387
81434	1040407
81435	1040411
81436	1040419
81437	1040447
81438	1040449
81439	1040483
81440	1040489
81441	1040503
81442	1040521
81443	1040531
81444	1040563
81445	1040579
81446	1040581
81447	1040597
81448	1040629
81449	1040651
81450	1040657
81451	1040659
81452	1040671
81453	1040717
81454	1040731
81455	1040747
81456	1040749
81457	1040771
81458	1040777
81459	1040779
81460	1040783
81461	1040797
81462	1040803
81463	1040807
81464	1040813
81465	1040821
81466	1040827
81467	1040833
81468	1040857
81469	1040861
81470	1040873
81471	1040881
81472	1040891
81473	1040899
81474	1040929
81475	1040939
81476	1040947
81477	1040951
81478	1040959
81479	1040981
81480	1040989
81481	1041041
81482	1041077
81483	1041083
81484	1041091
81485	1041109
81486	1041119
81487	1041121
81488	1041127
81489	1041137
81490	1041149
81491	1041151
81492	1041163
81493	1041167
81494	1041169
81495	1041203
81496	1041221
81497	1041223
81498	1041239
81499	1041241
81500	1041253
81501	1041269
81502	1041281
81503	1041283
81504	1041289
81505	1041307
81506	1041311
81507	1041317
81508	1041329
81509	1041343
81510	1041349
81511	1041373
81512	1041421
81513	1041427
81514	1041449
81515	1041451
81516	1041461
81517	1041497
81518	1041511
81519	1041517
81520	1041529
81521	1041553
81522	1041559
81523	1041563
81524	1041571
81525	1041577
81526	1041583
81527	1041617
81528	1041619
81529	1041643
81530	1041653
81531	1041671
81532	1041673
81533	1041701
81534	1041731
81535	1041737
81536	1041757
81537	1041779
81538	1041787
81539	1041793
81540	1041823
81541	1041829
81542	1041841
81543	1041853
81544	1041857
81545	1041863
81546	1041869
81547	1041889
81548	1041893
81549	1041907
81550	1041919
81551	1041949
81552	1041961
81553	1041983
81554	1041991
81555	1042001
81556	1042021
81557	1042039
81558	1042043
81559	1042081
81560	1042087
81561	1042091
81562	1042099
81563	1042103
81564	1042109
81565	1042121
81566	1042123
81567	1042133
81568	1042141
81569	1042183
81570	1042187
81571	1042193
81572	1042211
81573	1042241
81574	1042243
81575	1042259
81576	1042267
81577	1042271
81578	1042273
81579	1042309
81580	1042331
81581	1042333
81582	1042357
81583	1042369
81584	1042373
81585	1042381
81586	1042399
81587	1042427
81588	1042439
81589	1042451
81590	1042469
81591	1042487
81592	1042519
81593	1042523
81594	1042529
81595	1042571
81596	1042577
81597	1042583
81598	1042597
81599	1042607
81600	1042609
81601	1042619
81602	1042631
81603	1042633
81604	1042681
81605	1042687
81606	1042693
81607	1042703
81608	1042709
81609	1042733
81610	1042759
81611	1042781
81612	1042799
81613	1042819
81614	1042829
81615	1042837
81616	1042849
81617	1042861
81618	1042897
81619	1042901
81620	1042903
81621	1042931
81622	1042949
81623	1042961
81624	1042997
81625	1043011
81626	1043023
81627	1043047
81628	1043083
81629	1043089
81630	1043111
81631	1043113
81632	1043117
81633	1043131
81634	1043167
81635	1043173
81636	1043177
81637	1043183
81638	1043191
81639	1043201
81640	1043209
81641	1043213
81642	1043221
81643	1043279
81644	1043291
81645	1043293
81646	1043299
81647	1043311
81648	1043323
81649	1043351
81650	1043369
81651	1043377
81652	1043401
81653	1043453
81654	1043467
81655	1043479
81656	1043489
81657	1043501
81658	1043513
81659	1043521
81660	1043531
81661	1043543
81662	1043557
81663	1043587
81664	1043591
81665	1043593
81666	1043597
81667	1043599
81668	1043617
81669	1043639
81670	1043657
81671	1043663
81672	1043683
81673	1043701
81674	1043723
81675	1043743
81676	1043747
81677	1043753
81678	1043759
81679	1043761
81680	1043767
81681	1043773
81682	1043831
81683	1043837
81684	1043839
81685	1043843
81686	1043849
81687	1043857
81688	1043869
81689	1043873
81690	1043897
81691	1043899
81692	1043921
81693	1043923
81694	1043929
81695	1043951
81696	1043969
81697	1043981
81698	1044019
81699	1044023
81700	1044041
81701	1044053
81702	1044079
81703	1044091
81704	1044097
81705	1044133
81706	1044139
81707	1044149
81708	1044161
81709	1044167
81710	1044179
81711	1044181
81712	1044187
81713	1044193
81714	1044209
81715	1044217
81716	1044227
81717	1044247
81718	1044257
81719	1044271
81720	1044283
81721	1044287
81722	1044289
81723	1044299
81724	1044343
81725	1044347
81726	1044353
81727	1044367
81728	1044371
81729	1044383
81730	1044391
81731	1044397
81732	1044409
81733	1044437
81734	1044443
81735	1044451
81736	1044457
81737	1044479
81738	1044509
81739	1044517
81740	1044529
81741	1044559
81742	1044569
81743	1044583
81744	1044587
81745	1044613
81746	1044619
81747	1044629
81748	1044653
81749	1044689
81750	1044697
81751	1044727
81752	1044733
81753	1044737
81754	1044739
81755	1044749
81756	1044751
81757	1044761
81758	1044767
81759	1044779
81760	1044781
81761	1044809
81762	1044811
81763	1044833
81764	1044839
81765	1044847
81766	1044851
81767	1044859
81768	1044877
81769	1044889
81770	1044893
81771	1044931
81772	1044941
81773	1044971
81774	1044997
81775	1045003
81776	1045013
81777	1045021
81778	1045027
81779	1045043
81780	1045061
81781	1045063
81782	1045081
81783	1045111
81784	1045117
81785	1045123
81786	1045129
81787	1045151
81788	1045153
81789	1045157
81790	1045183
81791	1045193
81792	1045199
81793	1045223
81794	1045229
81795	1045237
81796	1045241
81797	1045273
81798	1045277
81799	1045307
81800	1045309
81801	1045321
81802	1045349
81803	1045367
81804	1045391
81805	1045393
81806	1045397
81807	1045409
81808	1045411
81809	1045423
81810	1045427
81811	1045469
81812	1045487
81813	1045493
81814	1045507
81815	1045523
81816	1045529
81817	1045543
81818	1045547
81819	1045549
81820	1045559
81821	1045571
81822	1045573
81823	1045607
81824	1045621
81825	1045633
81826	1045643
81827	1045651
81828	1045663
81829	1045679
81830	1045691
81831	1045727
81832	1045729
81833	1045739
81834	1045763
81835	1045799
81836	1045801
81837	1045819
81838	1045829
81839	1045841
81840	1045859
81841	1045903
81842	1045907
81843	1045963
81844	1045981
81845	1045987
81846	1045997
81847	1046029
81848	1046047
81849	1046051
81850	1046053
81851	1046069
81852	1046077
81853	1046081
81854	1046113
81855	1046119
81856	1046179
81857	1046183
81858	1046189
81859	1046191
81860	1046203
81861	1046207
81862	1046237
81863	1046239
81864	1046257
81865	1046263
81866	1046329
81867	1046347
81868	1046351
81869	1046369
81870	1046371
81871	1046389
81872	1046393
81873	1046399
81874	1046413
81875	1046447
81876	1046449
81877	1046459
81878	1046497
81879	1046519
81880	1046527
81881	1046557
81882	1046579
81883	1046587
81884	1046597
81885	1046599
81886	1046627
81887	1046641
81888	1046657
81889	1046659
81890	1046677
81891	1046681
81892	1046687
81893	1046701
81894	1046711
81895	1046779
81896	1046791
81897	1046797
81898	1046807
81899	1046827
81900	1046833
81901	1046849
81902	1046863
81903	1046867
81904	1046897
81905	1046917
81906	1046933
81907	1046951
81908	1046959
81909	1046977
81910	1046993
81911	1046999
81912	1047031
81913	1047041
81914	1047043
81915	1047061
81916	1047077
81917	1047089
81918	1047097
81919	1047107
81920	1047119
81921	1047127
81922	1047131
81923	1047133
81924	1047139
81925	1047157
81926	1047173
81927	1047197
81928	1047199
81929	1047229
81930	1047239
81931	1047247
81932	1047271
81933	1047281
81934	1047283
81935	1047289
81936	1047307
81937	1047311
81938	1047313
81939	1047317
81940	1047323
81941	1047341
81942	1047367
81943	1047373
81944	1047379
81945	1047391
81946	1047419
81947	1047467
81948	1047469
81949	1047479
81950	1047491
81951	1047499
81952	1047511
81953	1047533
81954	1047539
81955	1047551
81956	1047559
81957	1047587
81958	1047589
81959	1047647
81960	1047649
81961	1047653
81962	1047667
81963	1047671
81964	1047689
81965	1047691
81966	1047701
81967	1047703
81968	1047713
81969	1047721
81970	1047737
81971	1047751
81972	1047763
81973	1047773
81974	1047779
81975	1047821
81976	1047833
81977	1047841
81978	1047859
81979	1047881
81980	1047883
81981	1047887
81982	1047923
81983	1047929
81984	1047941
81985	1047961
81986	1047971
81987	1047979
81988	1047989
81989	1047997
81990	1048007
81991	1048009
81992	1048013
81993	1048027
81994	1048043
81995	1048049
81996	1048051
81997	1048063
81998	1048123
81999	1048127
82000	1048129
