64001	800587
64002	800593
64003	800599
64004	800621
64005	800623
64006	800647
64007	800651
64008	800659
64009	800663
64010	800669
64011	800677
64012	800687
64013	800693
64014	800707
64015	800711
64016	800729
64017	800731
64018	800741
64019	800743
64020	800759
64021	800773
64022	800783
64023	800801
64024	800861
64025	800873
64026	800879
64027	800897
64028	800903
64029	800909
64030	800923
64031	800953
64032	800959
64033	800971
64034	800977
64035	800993
64036	800999
64037	801001
64038	801007
64039	801011
64040	801019
64041	801037
64042	801061
64043	801077
64044	801079
64045	801103
64046	801107
64047	801127
64048	801137
64049	801179
64050	801187
64051	801197
64052	801217
64053	801247
64054	801277
64055	801289
64056	801293
64057	801301
64058	801331
64059	801337
64060	801341
64061	801349
64062	801371
64063	801379
64064	801403
64065	801407
64066	801419
64067	801421
64068	801461
64069	801469
64070	801487
64071	801503
64072	801517
64073	801539
64074	801551
64075	801557
64076	801569
64077	801571
64078	801607
64079	801611
64080	801617
64081	801631
64082	801641
64083	801677
64084	801683
64085	801701
64086	801707
64087	801709
64088	801733
64089	801761
64090	801791
64091	801809
64092	801811
64093	801817
64094	801833
64095	801841
64096	801859
64097	801883
64098	801947
64099	801949
64100	801959
64101	801973
64102	801989
64103	802007
64104	802019
64105	802027
64106	802031
64107	802037
64108	802073
64109	802103
64110	802121
64111	802127
64112	802129
64113	802133
64114	802141
64115	802147
64116	802159
64117	802163
64118	802177
64119	802181
64120	802183
64121	802189
64122	802231
64123	802253
64124	802279
64125	802283
64126	802297
64127	802331
64128	802339
64129	802357
64130	802387
64131	802421
64132	802441
64133	802453
64134	802463
64135	802471
64136	802499
64137	802511
64138	802523
64139	802531
64140	802573
64141	802583
64142	802589
64143	802597
64144	802603
64145	802609
64146	802643
64147	802649
64148	802651
64149	802661
64150	802667
64151	802709
64152	802721
64153	802729
64154	802733
64155	802751
64156	802759
64157	802777
64158	802783
64159	802787
64160	802793
64161	802799
64162	802811
64163	802829
64164	802831
64165	802873
64166	802909
64167	802913
64168	802933
64169	802951
64170	802969
64171	802979
64172	802987
64173	803027
64174	803041
64175	803053
64176	803057
64177	803059
64178	803087
64179	803093
64180	803119
64181	803141
64182	803171
64183	803189
64184	803207
64185	803227
64186	803237
64187	803251
64188	803269
64189	803273
64190	803287
64191	803311
64192	803323
64193	803333
64194	803347
64195	803359
64196	803389
64197	803393
64198	803399
64199	803417
64200	803441
64201	803443
64202	803447
64203	803449
64204	803461
64205	803479
64206	803483
64207	803497
64208	803501
64209	803513
64210	803519
64211	803549
64212	803587
64213	803591
64214	803609
64215	803611
64216	803623
64217	803629
64218	803651
64219	803659
64220	803669
64221	803687
64222	803717
64223	803729
64224	803731
64225	803741
64226	803749
64227	803813
64228	803819
64229	803849
64230	803857
64231	803867
64232	803893
64233	803897
64234	803911
64235	803921
64236	803927
64237	803939
64238	803963
64239	803977
64240	803987
64241	803989
64242	804007
64243	804017
64244	804031
64245	804043
64246	804059
64247	804073
64248	804077
64249	804091
64250	804107
64251	804113
64252	804119
64253	804127
64254	804157
64255	804161
64256	804179
64257	804191
64258	804197
64259	804203
64260	804211
64261	804239
64262	804259
64263	804281
64264	804283
64265	804313
64266	804317
64267	804329
64268	804337
64269	804341
64270	804367
64271	804371
64272	804383
64273	804409
64274	804443
64275	804449
64276	804473
64277	804493
64278	804497
64279	804511
64280	804521
64281	804523
64282	804541
64283	804553
64284	804571
64285	804577
64286	804581
64287	804589
64288	804607
64289	804611
64290	804613
64291	804619
64292	804653
64293	804689
64294	804697
64295	804703
64296	804709
64297	804743
64298	804751
64299	804757
64300	804761
64301	804767
64302	804803
64303	804823
64304	804829
64305	804833
64306	804847
64307	804857
64308	804877
64309	804889
64310	804893
64311	804901
64312	804913
64313	804919
64314	804929
64315	804941
64316	804943
64317	804983
64318	804989
64319	804997
64320	805019
64321	805027
64322	805031
64323	805033
64324	805037
64325	805061
64326	805067
64327	805073
64328	805081
64329	805097
64330	805099
64331	805109
64332	805111
64333	805121
64334	805153
64335	805159
64336	805177
64337	805187
64338	805213
64339	805219
64340	805223
64341	805241
64342	805249
64343	805267
64344	805271
64345	805279
64346	805289
64347	805297
64348	805309
64349	805313
64350	805327
64351	805331
64352	805333
64353	805339
64354	805369
64355	805381
64356	805397
64357	805403
64358	805421
64359	805451
64360	805463
64361	805471
64362	805487
64363	805499
64364	805501
64365	805507
64366	805517
64367	805523
64368	805531
64369	805537
64370	805559
64371	805573
64372	805583
64373	805589
64374	805633
64375	805639
64376	805687
64377	805703
64378	805711
64379	805723
64380	805729
64381	805741
64382	805757
64383	805789
64384	805799
64385	805807
64386	805811
64387	805843
64388	805853
64389	805859
64390	805867
64391	805873
64392	805877
64393	805891
64394	805901
64395	805913
64396	805933
64397	805967
64398	805991
64399	806009
64400	806011
64401	806017
64402	806023
64403	806027
64404	806033
64405	806041
64406	806051
64407	806059
64408	806087
64409	806107
64410	806111
64411	806129
64412	806137
64413	806153
64414	806159
64415	806177
64416	806203
64417	806213
64418	806233
64419	806257
64420	806261
64421	806263
64422	806269
64423	806291
64424	806297
64425	806317
64426	806329
64427	806363
64428	806369
64429	806371
64430	806381
64431	806383
64432	806389
64433	806447
64434	806453
64435	806467
64436	806483
64437	806503
64438	806513
64439	806521
64440	806543
64441	806549
64442	806579
64443	806581
64444	806609
64445	806639
64446	806657
64447	806671
64448	806719
64449	806737
64450	806761
64451	806783
64452	806789
64453	806791
64454	806801
64455	806807
64456	806821
64457	806857
64458	806893
64459	806903
64460	806917
64461	806929
64462	806941
64463	806947
64464	806951
64465	806977
64466	806999
64467	807011
64468	807017
64469	807071
64470	807077
64471	807083
64472	807089
64473	807097
64474	807113
64475	807119
64476	807127
64477	807151
64478	807181
64479	807187
64480	807193
64481	807197
64482	807203
64483	807217
64484	807221
64485	807241
64486	807251
64487	807259
64488	807281
64489	807299
64490	807337
64491	807371
64492	807379
64493	807383
64494	807403
64495	807407
64496	807409
64497	807419
64498	807427
64499	807463
64500	807473
64501	807479
64502	807487
64503	807491
64504	807493
64505	807509
64506	807511
64507	807523
64508	807539
64509	807559
64510	807571
64511	807607
64512	807613
64513	807629
64514	807637
64515	807647
64516	807689
64517	807707
64518	807731
64519	807733
64520	807749
64521	807757
64522	807787
64523	807797
64524	807809
64525	807817
64526	807869
64527	807871
64528	807901
64529	807907
64530	807923
64531	807931
64532	807941
64533	807943
64534	807949
64535	807973
64536	807997
64537	808019
64538	808021
64539	808039
64540	808081
64541	808097
64542	808111
64543	808147
64544	808153
64545	808169
64546	808177
64547	808187
64548	808211
64549	808217
64550	808229
64551	808237
64552	808261
64553	808267
64554	808307
64555	808309
64556	808343
64557	808349
64558	808351
64559	808361
64560	808363
64561	808369
64562	808373
64563	808391
64564	808399
64565	808417
64566	808421
64567	808439
64568	808441
64569	808459
64570	808481
64571	808517
64572	808523
64573	808553
64574	808559
64575	808579
64576	808589
64577	808597
64578	808601
64579	808603
64580	808627
64581	808637
64582	808651
64583	808679
64584	808681
64585	808693
64586	808699
64587	808721
64588	808733
64589	808739
64590	808747
64591	808751
64592	808771
64593	808777
64594	808789
64595	808793
64596	808837
64597	808853
64598	808867
64599	808919
64600	808937
64601	808957
64602	808961
64603	808981
64604	808991
64605	808993
64606	809023
64607	809041
64608	809051
64609	809063
64610	809087
64611	809093
64612	809101
64613	809141
64614	809143
64615	809147
64616	809173
64617	809177
64618	809189
64619	809201
64620	809203
64621	809213
64622	809231
64623	809239
64624	809243
64625	809261
64626	809269
64627	809273
64628	809297
64629	809309
64630	809323
64631	809339
64632	809357
64633	809359
64634	809377
64635	809383
64636	809399
64637	809401
64638	809407
64639	809423
64640	809437
64641	809443
64642	809447
64643	809453
64644	809461
64645	809491
64646	809507
64647	809521
64648	809527
64649	809563
64650	809569
64651	809579
64652	809581
64653	809587
64654	809603
64655	809629
64656	809701
64657	809707
64658	809719
64659	809729
64660	809737
64661	809741
64662	809747
64663	809749
64664	809759
64665	809771
64666	809779
64667	809797
64668	809801
64669	809803
64670	809821
64671	809827
64672	809833
64673	809839
64674	809843
64675	809869
64676	809891
64677	809903
64678	809909
64679	809917
64680	809929
64681	809981
64682	809983
64683	809993
64684	810013
64685	810023
64686	810049
64687	810053
64688	810059
64689	810071
64690	810079
64691	810091
64692	810109
64693	810137
64694	810149
64695	810151
64696	810191
64697	810193
64698	810209
64699	810223
64700	810239
64701	810253
64702	810259
64703	810269
64704	810281
64705	810307
64706	810319
64707	810343
64708	810349
64709	810353
64710	810361
64711	810367
64712	810377
64713	810379
64714	810389
64715	810391
64716	810401
64717	810409
64718	810419
64719	810427
64720	810437
64721	810443
64722	810457
64723	810473
64724	810487
64725	810493
64726	810503
64727	810517
64728	810533
64729	810539
64730	810541
64731	810547
64732	810553
64733	810571
64734	810581
64735	810583
64736	810587
64737	810643
64738	810653
64739	810659
64740	810671
64741	810697
64742	810737
64743	810757
64744	810763
64745	810769
64746	810791
64747	810809
64748	810839
64749	810853
64750	810871
64751	810881
64752	810893
64753	810907
64754	810913
64755	810923
64756	810941
64757	810949
64758	810961
64759	810967
64760	810973
64761	810989
64762	811037
64763	811039
64764	811067
64765	811081
64766	811099
64767	811123
64768	811127
64769	811147
64770	811157
64771	811163
64772	811171
64773	811183
64774	811193
64775	811199
64776	811207
64777	811231
64778	811241
64779	811253
64780	811259
64781	811273
64782	811277
64783	811289
64784	811297
64785	811337
64786	811351
64787	811379
64788	811387
64789	811411
64790	811429
64791	811441
64792	811457
64793	811469
64794	811493
64795	811501
64796	811511
64797	811519
64798	811523
64799	811553
64800	811561
64801	811583
64802	811607
64803	811619
64804	811627
64805	811637
64806	811649
64807	811651
64808	811667
64809	811691
64810	811697
64811	811703
64812	811709
64813	811729
64814	811747
64815	811753
64816	811757
64817	811763
64818	811771
64819	811777
64820	811799
64821	811819
64822	811861
64823	811871
64824	811879
64825	811897
64826	811919
64827	811931
64828	811933
64829	811957
64830	811961
64831	811981
64832	811991
64833	811997
64834	812011
64835	812033
64836	812047
64837	812051
64838	812057
64839	812081
64840	812101
64841	812129
64842	812137
64843	812167
64844	812173
64845	812179
64846	812183
64847	812191
64848	812213
64849	812221
64850	812233
64851	812249
64852	812257
64853	812267
64854	812281
64855	812297
64856	812299
64857	812309
64858	812341
64859	812347
64860	812351
64861	812353
64862	812359
64863	812363
64864	812381
64865	812387
64866	812393
64867	812401
64868	812431
64869	812443
64870	812467
64871	812473
64872	812477
64873	812491
64874	812501
64875	812503
64876	812519
64877	812527
64878	812587
64879	812597
64880	812599
64881	812627
64882	812633
64883	812639
64884	812641
64885	812671
64886	812681
64887	812689
64888	812699
64889	812701
64890	812711
64891	812717
64892	812731
64893	812759
64894	812761
64895	812807
64896	812849
64897	812857
64898	812869
64899	812921
64900	812939
64901	812963
64902	812969
64903	813013
64904	813017
64905	813023
64906	813041
64907	813049
64908	813061
64909	813083
64910	813089
64911	813091
64912	813097
64913	813107
64914	813121
64915	813133
64916	813157
64917	813167
64918	813199
64919	813203
64920	813209
64921	813217
64922	813221
64923	813227
64924	813251
64925	813269
64926	813277
64927	813283
64928	813287
64929	813299
64930	813301
64931	813311
64932	813343
64933	813361
64934	813367
64935	813377
64936	813383
64937	813401
64938	813419
64939	813427
64940	813443
64941	813493
64942	813499
64943	813503
64944	813511
64945	813529
64946	813541
64947	813559
64948	813577
64949	813583
64950	813601
64951	813613
64952	813623
64953	813647
64954	813677
64955	813697
64956	813707
64957	813721
64958	813749
64959	813767
64960	813797
64961	813811
64962	813817
64963	813829
64964	813833
64965	813847
64966	813863
64967	813871
64968	813893
64969	813907
64970	813931
64971	813961
64972	813971
64973	813991
64974	813997
64975	814003
64976	814007
64977	814013
64978	814019
64979	814031
64980	814043
64981	814049
64982	814061
64983	814063
64984	814067
64985	814069
64986	814081
64987	814097
64988	814127
64989	814129
64990	814139
64991	814171
64992	814183
64993	814193
64994	814199
64995	814211
64996	814213
64997	814237
64998	814241
64999	814243
65000	814279
