89001	1145693
89002	1145713
89003	1145723
89004	1145741
89005	1145743
89006	1145747
89007	1145773
89008	1145789
89009	1145797
89010	1145801
89011	1145803
89012	1145831
89013	1145843
89014	1145849
89015	1145873
89016	1145897
89017	1145899
89018	1145971
89019	1145983
89020	1145999
89021	1146037
89022	1146043
89023	1146049
89024	1146071
89025	1146083
89026	1146091
89027	1146097
89028	1146133
89029	1146143
89030	1146179
89031	1146217
89032	1146221
89033	1146263
89034	1146281
89035	1146307
89036	1146323
89037	1146329
89038	1146331
89039	1146347
89040	1146367
89041	1146391
89042	1146407
89043	1146413
89044	1146419
89045	1146421
89046	1146461
89047	1146487
89048	1146491
89049	1146511
89050	1146521
89051	1146529
89052	1146533
89053	1146539
89054	1146559
89055	1146569
89056	1146581
89057	1146661
89058	1146671
89059	1146679
89060	1146697
89061	1146703
89062	1146709
89063	1146713
89064	1146727
89065	1146731
89066	1146763
89067	1146773
89068	1146779
89069	1146781
89070	1146787
89071	1146791
89072	1146793
89073	1146797
89074	1146799
89075	1146809
89076	1146823
89077	1146829
89078	1146833
89079	1146841
89080	1146857
89081	1146869
89082	1146877
89083	1146881
89084	1146911
89085	1146917
89086	1146931
89087	1146947
89088	1146953
89089	1146967
89090	1146989
89091	1147009
89092	1147021
89093	1147039
89094	1147043
89095	1147051
89096	1147067
89097	1147073
89098	1147099
89099	1147103
89100	1147117
89101	1147127
89102	1147141
89103	1147169
89104	1147183
89105	1147187
89106	1147189
89107	1147193
89108	1147213
89109	1147229
89110	1147231
89111	1147243
89112	1147247
89113	1147249
89114	1147253
89115	1147271
89116	1147273
89117	1147297
89118	1147301
89119	1147331
89120	1147339
89121	1147351
89122	1147379
89123	1147387
89124	1147409
89125	1147417
89126	1147423
89127	1147427
89128	1147441
89129	1147451
89130	1147453
89131	1147459
89132	1147463
89133	1147499
89134	1147507
89135	1147511
89136	1147561
89137	1147567
89138	1147571
89139	1147579
89140	1147583
89141	1147591
89142	1147613
89143	1147621
89144	1147637
89145	1147639
89146	1147669
89147	1147697
89148	1147709
89149	1147711
89150	1147717
89151	1147739
89152	1147759
89153	1147793
89154	1147819
89155	1147841
89156	1147843
89157	1147889
89158	1147897
89159	1147903
89160	1147921
89161	1147931
89162	1147969
89163	1147981
89164	1147987
89165	1147997
89166	1148029
89167	1148039
89168	1148047
89169	1148087
89170	1148089
89171	1148099
89172	1148111
89173	1148167
89174	1148171
89175	1148177
89176	1148219
89177	1148249
89178	1148261
89179	1148263
89180	1148291
89181	1148293
89182	1148297
89183	1148311
89184	1148327
89185	1148339
89186	1148359
89187	1148377
89188	1148387
89189	1148437
89190	1148453
89191	1148489
89192	1148501
89193	1148507
89194	1148513
89195	1148527
89196	1148549
89197	1148561
89198	1148593
89199	1148599
89200	1148621
89201	1148629
89202	1148647
89203	1148663
89204	1148677
89205	1148681
89206	1148687
89207	1148701
89208	1148713
89209	1148729
89210	1148731
89211	1148737
89212	1148747
89213	1148753
89214	1148761
89215	1148773
89216	1148837
89217	1148839
89218	1148857
89219	1148867
89220	1148879
89221	1148921
89222	1148933
89223	1148941
89224	1148957
89225	1148963
89226	1148971
89227	1148977
89228	1148981
89229	1148989
89230	1148999
89231	1149007
89232	1149017
89233	1149037
89234	1149053
89235	1149059
89236	1149061
89237	1149131
89238	1149151
89239	1149157
89240	1149163
89241	1149167
89242	1149191
89243	1149193
89244	1149209
89245	1149221
89246	1149227
89247	1149229
89248	1149233
89249	1149259
89250	1149283
89251	1149307
89252	1149341
89253	1149349
89254	1149361
89255	1149373
89256	1149403
89257	1149409
89258	1149413
89259	1149427
89260	1149457
89261	1149469
89262	1149487
89263	1149493
89264	1149503
89265	1149509
89266	1149521
89267	1149527
89268	1149539
89269	1149559
89270	1149569
89271	1149581
89272	1149587
89273	1149593
89274	1149601
89275	1149607
89276	1149619
89277	1149637
89278	1149641
89279	1149661
89280	1149679
89281	1149689
89282	1149737
89283	1149749
89284	1149769
89285	1149773
89286	1149779
89287	1149803
89288	1149817
89289	1149857
89290	1149859
89291	1149881
89292	1149887
89293	1149901
89294	1149913
89295	1149917
89296	1149919
89297	1149943
89298	1149971
89299	1149979
89300	1149983
89301	1149989
89302	1149991
89303	1150027
89304	1150031
89305	1150057
89306	1150063
89307	1150073
89308	1150081
89309	1150103
89310	1150117
89311	1150139
89312	1150141
89313	1150151
89314	1150159
89315	1150183
89316	1150187
89317	1150199
89318	1150211
89319	1150213
89320	1150217
89321	1150229
89322	1150243
89323	1150249
89324	1150301
89325	1150309
89326	1150349
89327	1150351
89328	1150363
89329	1150397
89330	1150403
89331	1150411
89332	1150417
89333	1150421
89334	1150423
89335	1150447
89336	1150489
89337	1150511
89338	1150519
89339	1150531
89340	1150537
89341	1150547
89342	1150561
89343	1150579
89344	1150603
89345	1150609
89346	1150631
89347	1150649
89348	1150651
89349	1150657
89350	1150661
89351	1150673
89352	1150687
89353	1150703
89354	1150717
89355	1150729
89356	1150733
89357	1150739
89358	1150741
89359	1150757
89360	1150763
89361	1150769
89362	1150777
89363	1150783
89364	1150823
89365	1150837
89366	1150847
89367	1150861
89368	1150867
89369	1150871
89370	1150873
89371	1150879
89372	1150909
89373	1150921
89374	1150927
89375	1150939
89376	1150949
89377	1150957
89378	1150973
89379	1150987
89380	1151021
89381	1151041
89382	1151047
89383	1151057
89384	1151063
89385	1151069
89386	1151083
89387	1151089
89388	1151113
89389	1151141
89390	1151147
89391	1151159
89392	1151167
89393	1151177
89394	1151179
89395	1151203
89396	1151209
89397	1151221
89398	1151233
89399	1151237
89400	1151243
89401	1151251
89402	1151287
89403	1151303
89404	1151317
89405	1151327
89406	1151333
89407	1151363
89408	1151369
89409	1151383
89410	1151389
89411	1151399
89412	1151401
89413	1151413
89414	1151417
89415	1151431
89416	1151441
89417	1151443
89418	1151471
89419	1151473
89420	1151483
89421	1151519
89422	1151537
89423	1151569
89424	1151581
89425	1151593
89426	1151599
89427	1151603
89428	1151611
89429	1151629
89430	1151639
89431	1151651
89432	1151653
89433	1151659
89434	1151671
89435	1151687
89436	1151701
89437	1151713
89438	1151729
89439	1151737
89440	1151747
89441	1151753
89442	1151779
89443	1151807
89444	1151861
89445	1151873
89446	1151879
89447	1151881
89448	1151911
89449	1151933
89450	1151963
89451	1151981
89452	1151987
89453	1151993
89454	1151999
89455	1152023
89456	1152029
89457	1152037
89458	1152071
89459	1152077
89460	1152079
89461	1152091
89462	1152113
89463	1152119
89464	1152121
89465	1152149
89466	1152157
89467	1152161
89468	1152163
89469	1152181
89470	1152187
89471	1152227
89472	1152233
89473	1152287
89474	1152313
89475	1152317
89476	1152337
89477	1152343
89478	1152367
89479	1152383
89480	1152391
89481	1152397
89482	1152419
89483	1152421
89484	1152493
89485	1152509
89486	1152517
89487	1152523
89488	1152527
89489	1152589
89490	1152623
89491	1152629
89492	1152631
89493	1152637
89494	1152643
89495	1152649
89496	1152653
89497	1152667
89498	1152677
89499	1152707
89500	1152733
89501	1152751
89502	1152757
89503	1152761
89504	1152763
89505	1152773
89506	1152791
89507	1152793
89508	1152799
89509	1152841
89510	1152857
89511	1152881
89512	1152887
89513	1152913
89514	1152917
89515	1152937
89516	1152941
89517	1152979
89518	1152989
89519	1152997
89520	1153001
89521	1153007
89522	1153021
89523	1153027
89524	1153049
89525	1153057
89526	1153063
89527	1153073
89528	1153099
89529	1153109
89530	1153123
89531	1153147
89532	1153153
89533	1153157
89534	1153171
89535	1153177
89536	1153183
89537	1153199
89538	1153211
89539	1153219
89540	1153223
89541	1153237
89542	1153241
89543	1153247
89544	1153249
89545	1153261
89546	1153267
89547	1153277
89548	1153309
89549	1153337
89550	1153343
89551	1153349
89552	1153367
89553	1153393
89554	1153421
89555	1153429
89556	1153441
89557	1153457
89558	1153459
89559	1153463
89560	1153483
89561	1153487
89562	1153511
89563	1153517
89564	1153531
89565	1153553
89566	1153573
89567	1153577
89568	1153589
89569	1153597
89570	1153609
89571	1153613
89572	1153639
89573	1153643
89574	1153681
89575	1153687
89576	1153721
89577	1153729
89578	1153751
89579	1153753
89580	1153759
89581	1153769
89582	1153777
89583	1153799
89584	1153811
89585	1153849
89586	1153853
89587	1153871
89588	1153891
89589	1153921
89590	1153967
89591	1153973
89592	1154017
89593	1154029
89594	1154033
89595	1154039
89596	1154047
89597	1154051
89598	1154119
89599	1154123
89600	1154129
89601	1154159
89602	1154173
89603	1154177
89604	1154183
89605	1154207
89606	1154221
89607	1154227
89608	1154233
89609	1154239
89610	1154243
89611	1154267
89612	1154291
89613	1154297
89614	1154299
89615	1154311
89616	1154323
89617	1154327
89618	1154339
89619	1154353
89620	1154359
89621	1154369
89622	1154401
89623	1154411
89624	1154431
89625	1154449
89626	1154467
89627	1154473
89628	1154509
89629	1154513
89630	1154537
89631	1154539
89632	1154551
89633	1154561
89634	1154563
89635	1154567
89636	1154579
89637	1154581
89638	1154603
89639	1154633
89640	1154639
89641	1154651
89642	1154653
89643	1154707
89644	1154723
89645	1154737
89646	1154753
89647	1154771
89648	1154789
89649	1154819
89650	1154821
89651	1154849
89652	1154863
89653	1154887
89654	1154893
89655	1154897
89656	1154911
89657	1154927
89658	1154947
89659	1154969
89660	1154971
89661	1154987
89662	1155001
89663	1155017
89664	1155019
89665	1155053
89666	1155061
89667	1155071
89668	1155097
89669	1155101
89670	1155107
89671	1155127
89672	1155149
89673	1155151
89674	1155169
89675	1155179
89676	1155211
89677	1155223
89678	1155233
89679	1155239
89680	1155247
89681	1155263
89682	1155293
89683	1155311
89684	1155317
89685	1155373
89686	1155377
89687	1155379
89688	1155403
89689	1155419
89690	1155431
89691	1155437
89692	1155449
89693	1155457
89694	1155461
89695	1155499
89696	1155527
89697	1155529
89698	1155569
89699	1155577
89700	1155601
89701	1155607
89702	1155611
89703	1155613
89704	1155617
89705	1155619
89706	1155629
89707	1155631
89708	1155653
89709	1155659
89710	1155689
89711	1155697
89712	1155701
89713	1155703
89714	1155709
89715	1155733
89716	1155821
89717	1155823
89718	1155829
89719	1155841
89720	1155851
89721	1155859
89722	1155863
89723	1155899
89724	1155901
89725	1155907
89726	1155919
89727	1155923
89728	1155929
89729	1155937
89730	1155943
89731	1155953
89732	1155961
89733	1155967
89734	1155971
89735	1155977
89736	1155997
89737	1156009
89738	1156013
89739	1156019
89740	1156031
89741	1156033
89742	1156037
89743	1156039
89744	1156073
89745	1156079
89746	1156087
89747	1156097
89748	1156109
89749	1156121
89750	1156151
89751	1156157
89752	1156171
89753	1156217
89754	1156229
89755	1156231
89756	1156249
89757	1156261
89758	1156271
89759	1156291
89760	1156297
89761	1156303
89762	1156307
89763	1156327
89764	1156333
89765	1156343
89766	1156367
89767	1156369
89768	1156387
89769	1156403
89770	1156423
89771	1156427
89772	1156429
89773	1156451
89774	1156453
89775	1156457
89776	1156483
89777	1156501
89778	1156523
89779	1156537
89780	1156541
89781	1156553
89782	1156567
89783	1156591
89784	1156613
89785	1156627
89786	1156633
89787	1156637
89788	1156643
89789	1156681
89790	1156699
89791	1156709
89792	1156711
89793	1156721
89794	1156741
89795	1156747
89796	1156751
89797	1156769
89798	1156783
89799	1156801
89800	1156807
89801	1156819
89802	1156823
89803	1156847
89804	1156849
89805	1156873
89806	1156907
89807	1156927
89808	1156949
89809	1156963
89810	1156997
89811	1157011
89812	1157017
89813	1157033
89814	1157053
89815	1157059
89816	1157063
89817	1157069
89818	1157077
89819	1157099
89820	1157111
89821	1157131
89822	1157159
89823	1157171
89824	1157179
89825	1157183
89826	1157201
89827	1157203
89828	1157209
89829	1157213
89830	1157227
89831	1157237
89832	1157243
89833	1157251
89834	1157257
89835	1157263
89836	1157279
89837	1157293
89838	1157327
89839	1157333
89840	1157339
89841	1157341
89842	1157357
89843	1157363
89844	1157369
89845	1157381
89846	1157393
89847	1157413
89848	1157437
89849	1157449
89850	1157489
89851	1157491
89852	1157503
89853	1157531
89854	1157539
89855	1157557
89856	1157579
89857	1157591
89858	1157609
89859	1157621
89860	1157627
89861	1157641
89862	1157669
89863	1157671
89864	1157699
89865	1157701
89866	1157711
89867	1157713
89868	1157729
89869	1157747
89870	1157749
89871	1157759
89872	1157771
89873	1157773
89874	1157791
89875	1157831
89876	1157833
89877	1157837
89878	1157839
89879	1157851
89880	1157869
89881	1157873
89882	1157899
89883	1157929
89884	1157953
89885	1157969
89886	1157977
89887	1157987
89888	1158007
89889	1158011
89890	1158037
89891	1158071
89892	1158077
89893	1158089
89894	1158121
89895	1158133
89896	1158139
89897	1158161
89898	1158187
89899	1158197
89900	1158203
89901	1158217
89902	1158247
89903	1158251
89904	1158263
89905	1158271
89906	1158293
89907	1158301
89908	1158307
89909	1158317
89910	1158323
89911	1158341
89912	1158361
89913	1158383
89914	1158389
89915	1158401
89916	1158407
89917	1158419
89918	1158427
89919	1158457
89920	1158461
89921	1158467
89922	1158473
89923	1158481
89924	1158491
89925	1158523
89926	1158529
89927	1158539
89928	1158541
89929	1158551
89930	1158569
89931	1158587
89932	1158593
89933	1158607
89934	1158611
89935	1158613
89936	1158617
89937	1158629
89938	1158643
89939	1158653
89940	1158673
89941	1158679
89942	1158683
89943	1158713
89944	1158719
89945	1158743
89946	1158757
89947	1158761
89948	1158769
89949	1158799
89950	1158821
89951	1158823
89952	1158827
89953	1158841
89954	1158847
89955	1158863
89956	1158881
89957	1158887
89958	1158923
89959	1158953
89960	1158961
89961	1158977
89962	1158991
89963	1159001
89964	1159007
89965	1159027
89966	1159031
89967	1159049
89968	1159063
89969	1159073
89970	1159079
89971	1159087
89972	1159091
89973	1159127
89974	1159139
89975	1159153
89976	1159187
89977	1159189
89978	1159199
89979	1159201
89980	1159229
89981	1159231
89982	1159241
89983	1159243
89984	1159259
89985	1159271
89986	1159283
89987	1159303
89988	1159337
89989	1159339
89990	1159381
89991	1159393
89992	1159397
89993	1159421
89994	1159423
89995	1159429
89996	1159447
89997	1159463
89998	1159489
89999	1159517
90000	1159523
