7001	70663
7002	70667
7003	70687
7004	70709
7005	70717
7006	70729
7007	70753
7008	70769
7009	70783
7010	70793
7011	70823
7012	70841
7013	70843
7014	70849
7015	70853
7016	70867
7017	70877
7018	70879
7019	70891
7020	70901
7021	70913
7022	70919
7023	70921
7024	70937
7025	70949
7026	70951
7027	70957
7028	70969
7029	70979
7030	70981
7031	70991
7032	70997
7033	70999
7034	71011
7035	71023
7036	71039
7037	71059
7038	71069
7039	71081
7040	71089
7041	71119
7042	71129
7043	71143
7044	71147
7045	71153
7046	71161
7047	71167
7048	71171
7049	71191
7050	71209
7051	71233
7052	71237
7053	71249
7054	71257
7055	71261
7056	71263
7057	71287
7058	71293
7059	71317
7060	71327
7061	71329
7062	71333
7063	71339
7064	71341
7065	71347
7066	71353
7067	71359
7068	71363
7069	71387
7070	71389
7071	71399
7072	71411
7073	71413
7074	71419
7075	71429
7076	71437
7077	71443
7078	71453
7079	71471
7080	71473
7081	71479
7082	71483
7083	71503
7084	71527
7085	71537
7086	71549
7087	71551
7088	71563
7089	71569
7090	71593
7091	71597
7092	71633
7093	71647
7094	71663
7095	71671
7096	71693
7097	71699
7098	71707
7099	71711
7100	71713
7101	71719
7102	71741
7103	71761
7104	71777
7105	71789
7106	71807
7107	71809
7108	71821
7109	71837
7110	71843
7111	71849
7112	71861
7113	71867
7114	71879
7115	71881
7116	71887
7117	71899
7118	71909
7119	71917
7120	71933
7121	71941
7122	71947
7123	71963
7124	71971
7125	71983
7126	71987
7127	71993
7128	71999
7129	72019
7130	72031
7131	72043
7132	72047
7133	72053
7134	72073
7135	72077
7136	72089
7137	72091
7138	72101
7139	72103
7140	72109
7141	72139
7142	72161
7143	72167
7144	72169
7145	72173
7146	72211
7147	72221
7148	72223
7149	72227
7150	72229
7151	72251
7152	72253
7153	72269
7154	72271
7155	72277
7156	72287
7157	72307
7158	72313
7159	72337
7160	72341
7161	72353
7162	72367
7163	72379
7164	72383
7165	72421
7166	72431
7167	72461
7168	72467
7169	72469
7170	72481
7171	72493
7172	72497
7173	72503
7174	72533
7175	72547
7176	72551
7177	72559
7178	72577
7179	72613
7180	72617
7181	72623
7182	72643
7183	72647
7184	72649
7185	72661
7186	72671
7187	72673
7188	72679
7189	72689
7190	72701
7191	72707
7192	72719
7193	72727
7194	72733
7195	72739
7196	72763
7197	72767
7198	72797
7199	72817
7200	72823
7201	72859
7202	72869
7203	72871
7204	72883
7205	72889
7206	72893
7207	72901
7208	72907
7209	72911
7210	72923
7211	72931
7212	72937
7213	72949
7214	72953
7215	72959
7216	72973
7217	72977
7218	72997
7219	73009
7220	73013
7221	73019
7222	73037
7223	73039
7224	73043
7225	73061
7226	73063
7227	73079
7228	73091
7229	73121
7230	73127
7231	73133
7232	73141
7233	73181
7234	73189
7235	73237
7236	73243
7237	73259
7238	73277
7239	73291
7240	73303
7241	73309
7242	73327
7243	73331
7244	73351
7245	73361
7246	73363
7247	73369
7248	73379
7249	73387
7250	73417
7251	73421
7252	73433
7253	73453
7254	73459
7255	73471
7256	73477
7257	73483
7258	73517
7259	73523
7260	73529
7261	73547
7262	73553
7263	73561
7264	73571
7265	73583
7266	73589
7267	73597
7268	73607
7269	73609
7270	73613
7271	73637
7272	73643
7273	73651
7274	73673
7275	73679
7276	73681
7277	73693
7278	73699
7279	73709
7280	73721
7281	73727
7282	73751
7283	73757
7284	73771
7285	73783
7286	73819
7287	73823
7288	73847
7289	73849
7290	73859
7291	73867
7292	73877
7293	73883
7294	73897
7295	73907
7296	73939
7297	73943
7298	73951
7299	73961
7300	73973
7301	73999
7302	74017
7303	74021
7304	74027
7305	74047
7306	74051
7307	74071
7308	74077
7309	74093
7310	74099
7311	74101
7312	74131
7313	74143
7314	74149
7315	74159
7316	74161
7317	74167
7318	74177
7319	74189
7320	74197
7321	74201
7322	74203
7323	74209
7324	74219
7325	74231
7326	74257
7327	74279
7328	74287
7329	74293
7330	74297
7331	74311
7332	74317
7333	74323
7334	74353
7335	74357
7336	74363
7337	74377
7338	74381
7339	74383
7340	74411
7341	74413
7342	74419
7343	74441
7344	74449
7345	74453
7346	74471
7347	74489
7348	74507
7349	74509
7350	74521
7351	74527
7352	74531
7353	74551
7354	74561
7355	74567
7356	74573
7357	74587
7358	74597
7359	74609
7360	74611
7361	74623
7362	74653
7363	74687
7364	74699
7365	74707
7366	74713
7367	74717
7368	74719
7369	74729
7370	74731
7371	74747
7372	74759
7373	74761
7374	74771
7375	74779
7376	74797
7377	74821
7378	74827
7379	74831
7380	74843
7381	74857
7382	74861
7383	74869
7384	74873
7385	74887
7386	74891
7387	74897
7388	74903
7389	74923
7390	74929
7391	74933
7392	74941
7393	74959
7394	75011
7395	75013
7396	75017
7397	75029
7398	75037
7399	75041
7400	75079
7401	75083
7402	75109
7403	75133
7404	75149
7405	75161
7406	75167
7407	75169
7408	75181
7409	75193
7410	75209
7411	75211
7412	75217
7413	75223
7414	75227
7415	75239
7416	75253
7417	75269
7418	75277
7419	75289
7420	75307
7421	75323
7422	75329
7423	75337
7424	75347
7425	75353
7426	75367
7427	75377
7428	75389
7429	75391
7430	75401
7431	75403
7432	75407
7433	75431
7434	75437
7435	75479
7436	75503
7437	75511
7438	75521
7439	75527
7440	75533
7441	75539
7442	75541
7443	75553
7444	75557
7445	75571
7446	75577
7447	75583
7448	75611
7449	75617
7450	75619
7451	75629
7452	75641
7453	75653
7454	75659
7455	75679
7456	75683
7457	75689
7458	75703
7459	75707
7460	75709
7461	75721
7462	75731
7463	75743
7464	75767
7465	75773
7466	75781
7467	75787
7468	75793
7469	75797
7470	75821
7471	75833
7472	75853
7473	75869
7474	75883
7475	75913
7476	75931
7477	75937
7478	75941
7479	75967
7480	75979
7481	75983
7482	75989
7483	75991
7484	75997
7485	76001
7486	76003
7487	76031
7488	76039
7489	76079
7490	76081
7491	76091
7492	76099
7493	76103
7494	76123
7495	76129
7496	76147
7497	76157
7498	76159
7499	76163
7500	76207
7501	76213
7502	76231
7503	76243
7504	76249
7505	76253
7506	76259
7507	76261
7508	76283
7509	76289
7510	76303
7511	76333
7512	76343
7513	76367
7514	76369
7515	76379
7516	76387
7517	76403
7518	76421
7519	76423
7520	76441
7521	76463
7522	76471
7523	76481
7524	76487
7525	76493
7526	76507
7527	76511
7528	76519
7529	76537
7530	76541
7531	76543
7532	76561
7533	76579
7534	76597
7535	76603
7536	76607
7537	76631
7538	76649
7539	76651
7540	76667
7541	76673
7542	76679
7543	76697
7544	76717
7545	76733
7546	76753
7547	76757
7548	76771
7549	76777
7550	76781
7551	76801
7552	76819
7553	76829
7554	76831
7555	76837
7556	76847
7557	76871
7558	76873
7559	76883
7560	76907
7561	76913
7562	76919
7563	76943
7564	76949
7565	76961
7566	76963
7567	76991
7568	77003
7569	77017
7570	77023
7571	77029
7572	77041
7573	77047
7574	77069
7575	77081
7576	77093
7577	77101
7578	77137
7579	77141
7580	77153
7581	77167
7582	77171
7583	77191
7584	77201
7585	77213
7586	77237
7587	77239
7588	77243
7589	77249
7590	77261
7591	77263
7592	77267
7593	77269
7594	77279
7595	77291
7596	77317
7597	77323
7598	77339
7599	77347
7600	77351
7601	77359
7602	77369
7603	77377
7604	77383
7605	77417
7606	77419
7607	77431
7608	77447
7609	77471
7610	77477
7611	77479
7612	77489
7613	77491
7614	77509
7615	77513
7616	77521
7617	77527
7618	77543
7619	77549
7620	77551
7621	77557
7622	77563
7623	77569
7624	77573
7625	77587
7626	77591
7627	77611
7628	77617
7629	77621
7630	77641
7631	77647
7632	77659
7633	77681
7634	77687
7635	77689
7636	77699
7637	77711
7638	77713
7639	77719
7640	77723
7641	77731
7642	77743
7643	77747
7644	77761
7645	77773
7646	77783
7647	77797
7648	77801
7649	77813
7650	77839
7651	77849
7652	77863
7653	77867
7654	77893
7655	77899
7656	77929
7657	77933
7658	77951
7659	77969
7660	77977
7661	77983
7662	77999
7663	78007
7664	78017
7665	78031
7666	78041
7667	78049
7668	78059
7669	78079
7670	78101
7671	78121
7672	78137
7673	78139
7674	78157
7675	78163
7676	78167
7677	78173
7678	78179
7679	78191
7680	78193
7681	78203
7682	78229
7683	78233
7684	78241
7685	78259
7686	78277
7687	78283
7688	78301
7689	78307
7690	78311
7691	78317
7692	78341
7693	78347
7694	78367
7695	78401
7696	78427
7697	78437
7698	78439
7699	78467
7700	78479
7701	78487
7702	78497
7703	78509
7704	78511
7705	78517
7706	78539
7707	78541
7708	78553
7709	78569
7710	78571
7711	78577
7712	78583
7713	78593
7714	78607
7715	78623
7716	78643
7717	78649
7718	78653
7719	78691
7720	78697
7721	78707
7722	78713
7723	78721
7724	78737
7725	78779
7726	78781
7727	78787
7728	78791
7729	78797
7730	78803
7731	78809
7732	78823
7733	78839
7734	78853
7735	78857
7736	78877
7737	78887
7738	78889
7739	78893
7740	78901
7741	78919
7742	78929
7743	78941
7744	78977
7745	78979
7746	78989
7747	79031
7748	79039
7749	79043
7750	79063
7751	79087
7752	79103
7753	79111
7754	79133
7755	79139
7756	79147
7757	79151
7758	79153
7759	79159
7760	79181
7761	79187
7762	79193
7763	79201
7764	79229
7765	79231
7766	79241
7767	79259
7768	79273
7769	79279
7770	79283
7771	79301
7772	79309
7773	79319
7774	79333
7775	79337
7776	79349
7777	79357
7778	79367
7779	79379
7780	79393
7781	79397
7782	79399
7783	79411
7784	79423
7785	79427
7786	79433
7787	79451
7788	79481
7789	79493
7790	79531
7791	79537
7792	79549
7793	79559
7794	79561
7795	79579
7796	79589
7797	79601
7798	79609
7799	79613
7800	79621
7801	79627
7802	79631
7803	79633
7804	79657
7805	79669
7806	79687
7807	79691
7808	79693
7809	79697
7810	79699
7811	79757
7812	79769
7813	79777
7814	79801
7815	79811
7816	79813
7817	79817
7818	79823
7819	79829
7820	79841
7821	79843
7822	79847
7823	79861
7824	79867
7825	79873
7826	79889
7827	79901
7828	79903
7829	79907
7830	79939
7831	79943
7832	79967
7833	79973
7834	79979
7835	79987
7836	79997
7837	79999
7838	80021
7839	80039
7840	80051
7841	80071
7842	80077
7843	80107
7844	80111
7845	80141
7846	80147
7847	80149
7848	80153
7849	80167
7850	80173
7851	80177
7852	80191
7853	80207
7854	80209
7855	80221
7856	80231
7857	80233
7858	80239
7859	80251
7860	80263
7861	80273
7862	80279
7863	80287
7864	80309
7865	80317
7866	80329
7867	80341
7868	80347
7869	80363
7870	80369
7871	80387
7872	80407
7873	80429
7874	80447
7875	80449
7876	80471
7877	80473
7878	80489
7879	80491
7880	80513
7881	80527
7882	80537
7883	80557
7884	80567
7885	80599
7886	80603
7887	80611
7888	80621
7889	80627
7890	80629
7891	80651
7892	80657
7893	80669
7894	80671
7895	80677
7896	80681
7897	80683
7898	80687
7899	80701
7900	80713
7901	80737
7902	80747
7903	80749
7904	80761
7905	80777
7906	80779
7907	80783
7908	80789
7909	80803
7910	80809
7911	80819
7912	80831
7913	80833
7914	80849
7915	80863
7916	80897
7917	80909
7918	80911
7919	80917
7920	80923
7921	80929
7922	80933
7923	80953
7924	80963
7925	80989
7926	81001
7927	81013
7928	81017
7929	81019
7930	81023
7931	81031
7932	81041
7933	81043
7934	81047
7935	81049
7936	81071
7937	81077
7938	81083
7939	81097
7940	81101
7941	81119
7942	81131
7943	81157
7944	81163
7945	81173
7946	81181
7947	81197
7948	81199
7949	81203
7950	81223
7951	81233
7952	81239
7953	81281
7954	81283
7955	81293
7956	81299
7957	81307
7958	81331
7959	81343
7960	81349
7961	81353
7962	81359
7963	81371
7964	81373
7965	81401
7966	81409
7967	81421
7968	81439
7969	81457
7970	81463
7971	81509
7972	81517
7973	81527
7974	81533
7975	81547
7976	81551
7977	81553
7978	81559
7979	81563
7980	81569
7981	81611
7982	81619
7983	81629
7984	81637
7985	81647
7986	81649
7987	81667
7988	81671
7989	81677
7990	81689
7991	81701
7992	81703
7993	81707
7994	81727
7995	81737
7996	81749
7997	81761
7998	81769
7999	81773
8000	81799
