16001	176087
16002	176089
16003	176123
16004	176129
16005	176153
16006	176159
16007	176161
16008	176179
16009	176191
16010	176201
16011	176207
16012	176213
16013	176221
16014	176227
16015	176237
16016	176243
16017	176261
16018	176299
16019	176303
16020	176317
16021	176321
16022	176327
16023	176329
16024	176333
16025	176347
16026	176353
16027	176357
16028	176369
16029	176383
16030	176389
16031	176401
16032	176413
16033	176417
16034	176419
16035	176431
16036	176459
16037	176461
16038	176467
16039	176489
16040	176497
16041	176503
16042	176507
16043	176509
16044	176521
16045	176531
16046	176537
16047	176549
16048	176551
16049	176557
16050	176573
16051	176591
16052	176597
16053	176599
16054	176609
16055	176611
16056	176629
16057	176641
16058	176651
16059	176677
16060	176699
16061	176711
16062	176713
16063	176741
16064	176747
16065	176753
16066	176777
16067	176779
16068	176789
16069	176791
16070	176797
16071	176807
16072	176809
16073	176819
16074	176849
16075	176857
16076	176887
16077	176899
16078	176903
16079	176921
16080	176923
16081	176927
16082	176933
16083	176951
16084	176977
16085	176983
16086	176989
16087	177007
16088	177011
16089	177013
16090	177019
16091	177043
16092	177091
16093	177101
16094	177109
16095	177113
16096	177127
16097	177131
16098	177167
16099	177173
16100	177209
16101	177211
16102	177217
16103	177223
16104	177239
16105	177257
16106	177269
16107	177283
16108	177301
16109	177319
16110	177323
16111	177337
16112	177347
16113	177379
16114	177383
16115	177409
16116	177421
16117	177427
16118	177431
16119	177433
16120	177467
16121	177473
16122	177481
16123	177487
16124	177493
16125	177511
16126	177533
16127	177539
16128	177553
16129	177589
16130	177601
16131	177623
16132	177647
16133	177677
16134	177679
16135	177691
16136	177739
16137	177743
16138	177761
16139	177763
16140	177787
16141	177791
16142	177797
16143	177811
16144	177823
16145	177839
16146	177841
16147	177883
16148	177887
16149	177889
16150	177893
16151	177907
16152	177913
16153	177917
16154	177929
16155	177943
16156	177949
16157	177953
16158	177967
16159	177979
16160	178001
16161	178021
16162	178037
16163	178039
16164	178067
16165	178069
16166	178091
16167	178093
16168	178103
16169	178117
16170	178127
16171	178141
16172	178151
16173	178169
16174	178183
16175	178187
16176	178207
16177	178223
16178	178231
16179	178247
16180	178249
16181	178259
16182	178261
16183	178289
16184	178301
16185	178307
16186	178327
16187	178333
16188	178349
16189	178351
16190	178361
16191	178393
16192	178397
16193	178403
16194	178417
16195	178439
16196	178441
16197	178447
16198	178469
16199	178481
16200	178487
16201	178489
16202	178501
16203	178513
16204	178531
16205	178537
16206	178559
16207	178561
16208	178567
16209	178571
16210	178597
16211	178601
16212	178603
16213	178609
16214	178613
16215	178621
16216	178627
16217	178639
16218	178643
16219	178681
16220	178691
16221	178693
16222	178697
16223	178753
16224	178757
16225	178781
16226	178793
16227	178799
16228	178807
16229	178813
16230	178817
16231	178819
16232	178831
16233	178853
16234	178859
16235	178873
16236	178877
16237	178889
16238	178897
16239	178903
16240	178907
16241	178909
16242	178921
16243	178931
16244	178933
16245	178939
16246	178951
16247	178973
16248	178987
16249	179021
16250	179029
16251	179033
16252	179041
16253	179051
16254	179057
16255	179083
16256	179089
16257	179099
16258	179107
16259	179111
16260	179119
16261	179143
16262	179161
16263	179167
16264	179173
16265	179203
16266	179209
16267	179213
16268	179233
16269	179243
16270	179261
16271	179269
16272	179281
16273	179287
16274	179317
16275	179321
16276	179327
16277	179351
16278	179357
16279	179369
16280	179381
16281	179383
16282	179393
16283	179407
16284	179411
16285	179429
16286	179437
16287	179441
16288	179453
16289	179461
16290	179471
16291	179479
16292	179483
16293	179497
16294	179519
16295	179527
16296	179533
16297	179549
16298	179563
16299	179573
16300	179579
16301	179581
16302	179591
16303	179593
16304	179603
16305	179623
16306	179633
16307	179651
16308	179657
16309	179659
16310	179671
16311	179687
16312	179689
16313	179693
16314	179717
16315	179719
16316	179737
16317	179743
16318	179749
16319	179779
16320	179801
16321	179807
16322	179813
16323	179819
16324	179821
16325	179827
16326	179833
16327	179849
16328	179897
16329	179899
16330	179903
16331	179909
16332	179917
16333	179923
16334	179939
16335	179947
16336	179951
16337	179953
16338	179957
16339	179969
16340	179981
16341	179989
16342	179999
16343	180001
16344	180007
16345	180023
16346	180043
16347	180053
16348	180071
16349	180073
16350	180077
16351	180097
16352	180137
16353	180161
16354	180179
16355	180181
16356	180211
16357	180221
16358	180233
16359	180239
16360	180241
16361	180247
16362	180259
16363	180263
16364	180281
16365	180287
16366	180289
16367	180307
16368	180311
16369	180317
16370	180331
16371	180337
16372	180347
16373	180361
16374	180371
16375	180379
16376	180391
16377	180413
16378	180419
16379	180437
16380	180463
16381	180473
16382	180491
16383	180497
16384	180503
16385	180511
16386	180533
16387	180539
16388	180541
16389	180547
16390	180563
16391	180569
16392	180617
16393	180623
16394	180629
16395	180647
16396	180667
16397	180679
16398	180701
16399	180731
16400	180749
16401	180751
16402	180773
16403	180779
16404	180793
16405	180797
16406	180799
16407	180811
16408	180847
16409	180871
16410	180883
16411	180907
16412	180949
16413	180959
16414	181001
16415	181003
16416	181019
16417	181031
16418	181039
16419	181061
16420	181063
16421	181081
16422	181087
16423	181123
16424	181141
16425	181157
16426	181183
16427	181193
16428	181199
16429	181201
16430	181211
16431	181213
16432	181219
16433	181243
16434	181253
16435	181273
16436	181277
16437	181283
16438	181297
16439	181301
16440	181303
16441	181361
16442	181387
16443	181397
16444	181399
16445	181409
16446	181421
16447	181439
16448	181457
16449	181459
16450	181499
16451	181501
16452	181513
16453	181523
16454	181537
16455	181549
16456	181553
16457	181603
16458	181607
16459	181609
16460	181619
16461	181639
16462	181667
16463	181669
16464	181693
16465	181711
16466	181717
16467	181721
16468	181729
16469	181739
16470	181751
16471	181757
16472	181759
16473	181763
16474	181777
16475	181787
16476	181789
16477	181813
16478	181837
16479	181871
16480	181873
16481	181889
16482	181891
16483	181903
16484	181913
16485	181919
16486	181927
16487	181931
16488	181943
16489	181957
16490	181967
16491	181981
16492	181997
16493	182009
16494	182011
16495	182027
16496	182029
16497	182041
16498	182047
16499	182057
16500	182059
16501	182089
16502	182099
16503	182101
16504	182107
16505	182111
16506	182123
16507	182129
16508	182131
16509	182141
16510	182159
16511	182167
16512	182177
16513	182179
16514	182201
16515	182209
16516	182233
16517	182239
16518	182243
16519	182261
16520	182279
16521	182297
16522	182309
16523	182333
16524	182339
16525	182341
16526	182353
16527	182387
16528	182389
16529	182417
16530	182423
16531	182431
16532	182443
16533	182453
16534	182467
16535	182471
16536	182473
16537	182489
16538	182503
16539	182509
16540	182519
16541	182537
16542	182549
16543	182561
16544	182579
16545	182587
16546	182593
16547	182599
16548	182603
16549	182617
16550	182627
16551	182639
16552	182641
16553	182653
16554	182657
16555	182659
16556	182681
16557	182687
16558	182701
16559	182711
16560	182713
16561	182747
16562	182773
16563	182779
16564	182789
16565	182803
16566	182813
16567	182821
16568	182839
16569	182851
16570	182857
16571	182867
16572	182887
16573	182893
16574	182899
16575	182921
16576	182927
16577	182929
16578	182933
16579	182953
16580	182957
16581	182969
16582	182981
16583	182999
16584	183023
16585	183037
16586	183041
16587	183047
16588	183059
16589	183067
16590	183089
16591	183091
16592	183119
16593	183151
16594	183167
16595	183191
16596	183203
16597	183247
16598	183259
16599	183263
16600	183283
16601	183289
16602	183299
16603	183301
16604	183307
16605	183317
16606	183319
16607	183329
16608	183343
16609	183349
16610	183361
16611	183373
16612	183377
16613	183383
16614	183389
16615	183397
16616	183437
16617	183439
16618	183451
16619	183461
16620	183473
16621	183479
16622	183487
16623	183497
16624	183499
16625	183503
16626	183509
16627	183511
16628	183523
16629	183527
16630	183569
16631	183571
16632	183577
16633	183581
16634	183587
16635	183593
16636	183611
16637	183637
16638	183661
16639	183683
16640	183691
16641	183697
16642	183707
16643	183709
16644	183713
16645	183761
16646	183763
16647	183797
16648	183809
16649	183823
16650	183829
16651	183871
16652	183877
16653	183881
16654	183907
16655	183917
16656	183919
16657	183943
16658	183949
16659	183959
16660	183971
16661	183973
16662	183979
16663	184003
16664	184007
16665	184013
16666	184031
16667	184039
16668	184043
16669	184057
16670	184073
16671	184081
16672	184087
16673	184111
16674	184117
16675	184133
16676	184153
16677	184157
16678	184181
16679	184187
16680	184189
16681	184199
16682	184211
16683	184231
16684	184241
16685	184259
16686	184271
16687	184273
16688	184279
16689	184291
16690	184309
16691	184321
16692	184333
16693	184337
16694	184351
16695	184369
16696	184409
16697	184417
16698	184441
16699	184447
16700	184463
16701	184477
16702	184487
16703	184489
16704	184511
16705	184517
16706	184523
16707	184553
16708	184559
16709	184567
16710	184571
16711	184577
16712	184607
16713	184609
16714	184627
16715	184631
16716	184633
16717	184649
16718	184651
16719	184669
16720	184687
16721	184693
16722	184703
16723	184711
16724	184721
16725	184727
16726	184733
16727	184753
16728	184777
16729	184823
16730	184829
16731	184831
16732	184837
16733	184843
16734	184859
16735	184879
16736	184901
16737	184903
16738	184913
16739	184949
16740	184957
16741	184967
16742	184969
16743	184993
16744	184997
16745	184999
16746	185021
16747	185027
16748	185051
16749	185057
16750	185063
16751	185069
16752	185071
16753	185077
16754	185089
16755	185099
16756	185123
16757	185131
16758	185137
16759	185149
16760	185153
16761	185161
16762	185167
16763	185177
16764	185183
16765	185189
16766	185221
16767	185233
16768	185243
16769	185267
16770	185291
16771	185299
16772	185303
16773	185309
16774	185323
16775	185327
16776	185359
16777	185363
16778	185369
16779	185371
16780	185401
16781	185429
16782	185441
16783	185467
16784	185477
16785	185483
16786	185491
16787	185519
16788	185527
16789	185531
16790	185533
16791	185539
16792	185543
16793	185551
16794	185557
16795	185567
16796	185569
16797	185593
16798	185599
16799	185621
16800	185641
16801	185651
16802	185677
16803	185681
16804	185683
16805	185693
16806	185699
16807	185707
16808	185711
16809	185723
16810	185737
16811	185747
16812	185749
16813	185753
16814	185767
16815	185789
16816	185797
16817	185813
16818	185819
16819	185821
16820	185831
16821	185833
16822	185849
16823	185869
16824	185873
16825	185893
16826	185897
16827	185903
16828	185917
16829	185923
16830	185947
16831	185951
16832	185957
16833	185959
16834	185971
16835	185987
16836	185993
16837	186007
16838	186013
16839	186019
16840	186023
16841	186037
16842	186041
16843	186049
16844	186071
16845	186097
16846	186103
16847	186107
16848	186113
16849	186119
16850	186149
16851	186157
16852	186161
16853	186163
16854	186187
16855	186191
16856	186211
16857	186227
16858	186229
16859	186239
16860	186247
16861	186253
16862	186259
16863	186271
16864	186283
16865	186299
16866	186301
16867	186311
16868	186317
16869	186343
16870	186377
16871	186379
16872	186391
16873	186397
16874	186419
16875	186437
16876	186451
16877	186469
16878	186479
16879	186481
16880	186551
16881	186569
16882	186581
16883	186583
16884	186587
16885	186601
16886	186619
16887	186629
16888	186647
16889	186649
16890	186653
16891	186671
16892	186679
16893	186689
16894	186701
16895	186707
16896	186709
16897	186727
16898	186733
16899	186743
16900	186757
16901	186761
16902	186763
16903	186773
16904	186793
16905	186799
16906	186841
16907	186859
16908	186869
16909	186871
16910	186877
16911	186883
16912	186889
16913	186917
16914	186947
16915	186959
16916	187003
16917	187009
16918	187027
16919	187043
16920	187049
16921	187067
16922	187069
16923	187073
16924	187081
16925	187091
16926	187111
16927	187123
16928	187127
16929	187129
16930	187133
16931	187139
16932	187141
16933	187163
16934	187171
16935	187177
16936	187181
16937	187189
16938	187193
16939	187211
16940	187217
16941	187219
16942	187223
16943	187237
16944	187273
16945	187277
16946	187303
16947	187337
16948	187339
16949	187349
16950	187361
16951	187367
16952	187373
16953	187379
16954	187387
16955	187393
16956	187409
16957	187417
16958	187423
16959	187433
16960	187441
16961	187463
16962	187469
16963	187471
16964	187477
16965	187507
16966	187513
16967	187531
16968	187547
16969	187559
16970	187573
16971	187597
16972	187631
16973	187633
16974	187637
16975	187639
16976	187651
16977	187661
16978	187669
16979	187687
16980	187699
16981	187711
16982	187721
16983	187751
16984	187763
16985	187787
16986	187793
16987	187823
16988	187843
16989	187861
16990	187871
16991	187877
16992	187883
16993	187897
16994	187907
16995	187909
16996	187921
16997	187927
16998	187931
16999	187951
17000	187963
