94001	1215157
94002	1215161
94003	1215167
94004	1215173
94005	1215197
94006	1215209
94007	1215229
94008	1215239
94009	1215271
94010	1215283
94011	1215299
94012	1215301
94013	1215311
94014	1215329
94015	1215349
94016	1215359
94017	1215367
94018	1215391
94019	1215397
94020	1215407
94021	1215421
94022	1215433
94023	1215437
94024	1215439
94025	1215451
94026	1215457
94027	1215463
94028	1215497
94029	1215499
94030	1215509
94031	1215521
94032	1215553
94033	1215569
94034	1215583
94035	1215587
94036	1215623
94037	1215629
94038	1215631
94039	1215637
94040	1215647
94041	1215649
94042	1215673
94043	1215679
94044	1215703
94045	1215719
94046	1215743
94047	1215769
94048	1215779
94049	1215787
94050	1215827
94051	1215839
94052	1215847
94053	1215853
94054	1215859
94055	1215881
94056	1215899
94057	1215917
94058	1215919
94059	1215923
94060	1216009
94061	1216013
94062	1216021
94063	1216043
94064	1216067
94065	1216069
94066	1216087
94067	1216091
94068	1216109
94069	1216123
94070	1216147
94071	1216151
94072	1216177
94073	1216213
94074	1216249
94075	1216273
94076	1216277
94077	1216337
94078	1216339
94079	1216349
94080	1216351
94081	1216373
94082	1216379
94083	1216387
94084	1216393
94085	1216417
94086	1216421
94087	1216433
94088	1216441
94089	1216451
94090	1216459
94091	1216489
94092	1216507
94093	1216529
94094	1216543
94095	1216547
94096	1216559
94097	1216561
94098	1216577
94099	1216583
94100	1216591
94101	1216601
94102	1216603
94103	1216619
94104	1216681
94105	1216693
94106	1216711
94107	1216717
94108	1216729
94109	1216751
94110	1216759
94111	1216763
94112	1216777
94113	1216793
94114	1216799
94115	1216807
94116	1216823
94117	1216841
94118	1216847
94119	1216849
94120	1216867
94121	1216871
94122	1216879
94123	1216903
94124	1216913
94125	1216937
94126	1216939
94127	1216951
94128	1216961
94129	1216973
94130	1216987
94131	1216997
94132	1217009
94133	1217017
94134	1217023
94135	1217033
94136	1217053
94137	1217057
94138	1217063
94139	1217071
94140	1217077
94141	1217089
94142	1217093
94143	1217107
94144	1217113
94145	1217119
94146	1217131
94147	1217141
94148	1217143
94149	1217147
94150	1217171
94151	1217179
94152	1217191
94153	1217207
94154	1217213
94155	1217219
94156	1217233
94157	1217261
94158	1217269
94159	1217297
94160	1217299
94161	1217303
94162	1217309
94163	1217317
94164	1217329
94165	1217351
94166	1217393
94167	1217399
94168	1217407
94169	1217417
94170	1217423
94171	1217443
94172	1217467
94173	1217471
94174	1217473
94175	1217477
94176	1217483
94177	1217509
94178	1217521
94179	1217533
94180	1217537
94181	1217561
94182	1217617
94183	1217647
94184	1217651
94185	1217663
94186	1217669
94187	1217677
94188	1217683
94189	1217687
94190	1217719
94191	1217731
94192	1217753
94193	1217759
94194	1217771
94195	1217809
94196	1217813
94197	1217831
94198	1217833
94199	1217861
94200	1217893
94201	1217899
94202	1217903
94203	1217917
94204	1217921
94205	1217927
94206	1217933
94207	1217941
94208	1217947
94209	1217963
94210	1217977
94211	1217989
94212	1218017
94213	1218043
94214	1218089
94215	1218121
94216	1218131
94217	1218157
94218	1218167
94219	1218179
94220	1218197
94221	1218199
94222	1218209
94223	1218211
94224	1218221
94225	1218247
94226	1218251
94227	1218257
94228	1218263
94229	1218277
94230	1218281
94231	1218307
94232	1218313
94233	1218367
94234	1218383
94235	1218391
94236	1218401
94237	1218421
94238	1218433
94239	1218449
94240	1218457
94241	1218463
94242	1218467
94243	1218473
94244	1218487
94245	1218533
94246	1218557
94247	1218559
94248	1218571
94249	1218583
94250	1218601
94251	1218617
94252	1218631
94253	1218649
94254	1218653
94255	1218683
94256	1218691
94257	1218709
94258	1218727
94259	1218731
94260	1218739
94261	1218761
94262	1218773
94263	1218779
94264	1218787
94265	1218821
94266	1218829
94267	1218853
94268	1218859
94269	1218901
94270	1218911
94271	1218913
94272	1218923
94273	1218941
94274	1218949
94275	1218953
94276	1218989
94277	1218991
94278	1219003
94279	1219061
94280	1219081
94281	1219091
94282	1219109
94283	1219111
94284	1219123
94285	1219129
94286	1219147
94287	1219177
94288	1219213
94289	1219237
94290	1219241
94291	1219271
94292	1219279
94293	1219297
94294	1219301
94295	1219303
94296	1219307
94297	1219313
94298	1219343
94299	1219349
94300	1219357
94301	1219399
94302	1219411
94303	1219433
94304	1219453
94305	1219457
94306	1219469
94307	1219481
94308	1219487
94309	1219489
94310	1219501
94311	1219507
94312	1219549
94313	1219577
94314	1219607
94315	1219613
94316	1219619
94317	1219639
94318	1219643
94319	1219649
94320	1219651
94321	1219657
94322	1219663
94323	1219679
94324	1219703
94325	1219717
94326	1219721
94327	1219727
94328	1219739
94329	1219747
94330	1219753
94331	1219763
94332	1219783
94333	1219787
94334	1219789
94335	1219793
94336	1219807
94337	1219811
94338	1219831
94339	1219837
94340	1219843
94341	1219847
94342	1219849
94343	1219859
94344	1219861
94345	1219871
94346	1219877
94347	1219879
94348	1219891
94349	1219909
94350	1219913
94351	1219919
94352	1219931
94353	1219949
94354	1219951
94355	1219957
94356	1219961
94357	1219963
94358	1219991
94359	1220027
94360	1220029
94361	1220041
94362	1220071
94363	1220077
94364	1220099
94365	1220147
94366	1220171
94367	1220203
94368	1220239
94369	1220249
94370	1220251
94371	1220257
94372	1220309
94373	1220327
94374	1220333
94375	1220347
94376	1220353
94377	1220363
94378	1220369
94379	1220393
94380	1220411
94381	1220423
94382	1220437
94383	1220489
94384	1220491
94385	1220497
94386	1220507
94387	1220591
94388	1220599
94389	1220623
94390	1220657
94391	1220663
94392	1220669
94393	1220689
94394	1220699
94395	1220711
94396	1220717
94397	1220729
94398	1220743
94399	1220761
94400	1220773
94401	1220777
94402	1220783
94403	1220797
94404	1220801
94405	1220803
94406	1220819
94407	1220833
94408	1220839
94409	1220893
94410	1220897
94411	1220903
94412	1220917
94413	1220927
94414	1220953
94415	1220969
94416	1220981
94417	1220983
94418	1220993
94419	1221019
94420	1221029
94421	1221049
94422	1221061
94423	1221079
94424	1221083
94425	1221089
94426	1221097
94427	1221113
94428	1221119
94429	1221131
94430	1221163
94431	1221167
94432	1221193
94433	1221197
94434	1221221
94435	1221223
94436	1221239
94437	1221247
94438	1221251
94439	1221289
94440	1221299
94441	1221373
94442	1221379
94443	1221383
94444	1221391
94445	1221421
94446	1221427
94447	1221443
94448	1221449
94449	1221457
94450	1221463
94451	1221469
94452	1221499
94453	1221503
94454	1221523
94455	1221527
94456	1221533
94457	1221541
94458	1221551
94459	1221557
94460	1221559
94461	1221589
94462	1221593
94463	1221601
94464	1221631
94465	1221641
94466	1221653
94467	1221659
94468	1221667
94469	1221707
94470	1221749
94471	1221751
94472	1221761
94473	1221767
94474	1221791
94475	1221793
94476	1221811
94477	1221821
94478	1221823
94479	1221853
94480	1221863
94481	1221907
94482	1221917
94483	1221937
94484	1221959
94485	1221971
94486	1222003
94487	1222019
94488	1222027
94489	1222037
94490	1222049
94491	1222057
94492	1222063
94493	1222097
94494	1222129
94495	1222157
94496	1222159
94497	1222171
94498	1222187
94499	1222219
94500	1222229
94501	1222231
94502	1222241
94503	1222253
94504	1222259
94505	1222267
94506	1222271
94507	1222279
94508	1222307
94509	1222373
94510	1222393
94511	1222409
94512	1222411
94513	1222433
94514	1222471
94515	1222483
94516	1222493
94517	1222499
94518	1222513
94519	1222523
94520	1222537
94521	1222561
94522	1222567
94523	1222583
94524	1222597
94525	1222601
94526	1222603
94527	1222633
94528	1222643
94529	1222651
94530	1222667
94531	1222679
94532	1222681
94533	1222693
94534	1222717
94535	1222723
94536	1222729
94537	1222751
94538	1222757
94539	1222769
94540	1222777
94541	1222789
94542	1222801
94543	1222811
94544	1222829
94545	1222831
94546	1222847
94547	1222853
94548	1222889
94549	1222909
94550	1222913
94551	1222931
94552	1222943
94553	1222957
94554	1222967
94555	1222993
94556	1223003
94557	1223021
94558	1223029
94559	1223039
94560	1223051
94561	1223059
94562	1223077
94563	1223083
94564	1223093
94565	1223119
94566	1223149
94567	1223161
94568	1223177
94569	1223179
94570	1223197
94571	1223203
94572	1223207
94573	1223231
94574	1223237
94575	1223263
94576	1223279
94577	1223281
94578	1223309
94579	1223311
94580	1223323
94581	1223329
94582	1223351
94583	1223357
94584	1223381
94585	1223419
94586	1223437
94587	1223447
94588	1223449
94589	1223459
94590	1223471
94591	1223489
94592	1223491
94593	1223527
94594	1223533
94595	1223549
94596	1223561
94597	1223569
94598	1223587
94599	1223591
94600	1223603
94601	1223633
94602	1223683
94603	1223687
94604	1223689
94605	1223693
94606	1223723
94607	1223731
94608	1223749
94609	1223753
94610	1223767
94611	1223773
94612	1223777
94613	1223857
94614	1223863
94615	1223867
94616	1223879
94617	1223897
94618	1223921
94619	1223939
94620	1223941
94621	1223953
94622	1223977
94623	1223987
94624	1223993
94625	1224029
94626	1224031
94627	1224053
94628	1224059
94629	1224077
94630	1224079
94631	1224089
94632	1224109
94633	1224121
94634	1224131
94635	1224133
94636	1224149
94637	1224163
94638	1224169
94639	1224193
94640	1224203
94641	1224217
94642	1224229
94643	1224233
94644	1224239
94645	1224257
94646	1224259
94647	1224269
94648	1224271
94649	1224281
94650	1224287
94651	1224299
94652	1224329
94653	1224337
94654	1224347
94655	1224389
94656	1224403
94657	1224413
94658	1224437
94659	1224439
94660	1224473
94661	1224479
94662	1224481
94663	1224529
94664	1224533
94665	1224577
94666	1224599
94667	1224637
94668	1224673
94669	1224677
94670	1224701
94671	1224703
94672	1224709
94673	1224739
94674	1224763
94675	1224767
94676	1224809
94677	1224823
94678	1224851
94679	1224857
94680	1224859
94681	1224863
94682	1224869
94683	1224887
94684	1224889
94685	1224893
94686	1224913
94687	1224919
94688	1224943
94689	1224953
94690	1224967
94691	1224973
94692	1224983
94693	1224991
94694	1225009
94695	1225019
94696	1225061
94697	1225067
94698	1225073
94699	1225079
94700	1225087
94701	1225093
94702	1225097
94703	1225099
94704	1225109
94705	1225111
94706	1225117
94707	1225123
94708	1225127
94709	1225129
94710	1225153
94711	1225157
94712	1225183
94713	1225219
94714	1225223
94715	1225261
94716	1225283
94717	1225297
94718	1225303
94719	1225319
94720	1225327
94721	1225331
94722	1225361
94723	1225373
94724	1225381
94725	1225397
94726	1225409
94727	1225459
94728	1225493
94729	1225501
94730	1225507
94731	1225517
94732	1225529
94733	1225541
94734	1225559
94735	1225571
94736	1225577
94737	1225579
94738	1225589
94739	1225591
94740	1225603
94741	1225621
94742	1225643
94743	1225657
94744	1225663
94745	1225687
94746	1225691
94747	1225703
94748	1225723
94749	1225727
94750	1225729
94751	1225759
94752	1225769
94753	1225787
94754	1225817
94755	1225849
94756	1225871
94757	1225879
94758	1225883
94759	1225891
94760	1225897
94761	1225907
94762	1225909
94763	1225919
94764	1225927
94765	1225933
94766	1225949
94767	1225963
94768	1225981
94769	1225997
94770	1225999
94771	1226011
94772	1226041
94773	1226053
94774	1226063
94775	1226077
94776	1226083
94777	1226087
94778	1226101
94779	1226111
94780	1226117
94781	1226179
94782	1226189
94783	1226191
94784	1226209
94785	1226213
94786	1226237
94787	1226257
94788	1226263
94789	1226293
94790	1226297
94791	1226299
94792	1226311
94793	1226321
94794	1226339
94795	1226341
94796	1226347
94797	1226353
94798	1226377
94799	1226387
94800	1226417
94801	1226461
94802	1226471
94803	1226479
94804	1226483
94805	1226501
94806	1226503
94807	1226531
94808	1226539
94809	1226549
94810	1226557
94811	1226581
94812	1226593
94813	1226609
94814	1226611
94815	1226623
94816	1226629
94817	1226651
94818	1226663
94819	1226677
94820	1226681
94821	1226683
94822	1226699
94823	1226707
94824	1226711
94825	1226713
94826	1226741
94827	1226767
94828	1226779
94829	1226783
94830	1226789
94831	1226801
94832	1226803
94833	1226807
94834	1226821
94835	1226831
94836	1226851
94837	1226857
94838	1226861
94839	1226867
94840	1226891
94841	1226899
94842	1226959
94843	1226977
94844	1226983
94845	1226993
94846	1227047
94847	1227053
94848	1227101
94849	1227103
94850	1227131
94851	1227133
94852	1227143
94853	1227151
94854	1227157
94855	1227167
94856	1227173
94857	1227181
94858	1227241
94859	1227271
94860	1227277
94861	1227299
94862	1227301
94863	1227319
94864	1227323
94865	1227329
94866	1227337
94867	1227353
94868	1227379
94869	1227407
94870	1227431
94871	1227437
94872	1227463
94873	1227469
94874	1227491
94875	1227497
94876	1227539
94877	1227547
94878	1227559
94879	1227563
94880	1227619
94881	1227637
94882	1227649
94883	1227659
94884	1227683
94885	1227701
94886	1227703
94887	1227713
94888	1227719
94889	1227769
94890	1227797
94891	1227829
94892	1227833
94893	1227841
94894	1227847
94895	1227871
94896	1227881
94897	1227887
94898	1227911
94899	1227917
94900	1227929
94901	1227943
94902	1227949
94903	1227973
94904	1227977
94905	1227979
94906	1227983
94907	1228001
94908	1228009
94909	1228013
94910	1228021
94911	1228091
94912	1228099
94913	1228109
94914	1228133
94915	1228147
94916	1228153
94917	1228159
94918	1228163
94919	1228181
94920	1228187
94921	1228193
94922	1228219
94923	1228243
94924	1228247
94925	1228273
94926	1228277
94927	1228291
94928	1228303
94929	1228309
94930	1228327
94931	1228333
94932	1228351
94933	1228373
94934	1228391
94935	1228393
94936	1228397
94937	1228399
94938	1228429
94939	1228441
94940	1228457
94941	1228459
94942	1228489
94943	1228501
94944	1228519
94945	1228537
94946	1228541
94947	1228543
94948	1228547
94949	1228567
94950	1228571
94951	1228583
94952	1228589
94953	1228603
94954	1228613
94955	1228631
94956	1228651
94957	1228657
94958	1228679
94959	1228691
94960	1228693
94961	1228741
94962	1228763
94963	1228783
94964	1228789
94965	1228837
94966	1228841
94967	1228849
94968	1228861
94969	1228883
94970	1228889
94971	1228891
94972	1228907
94973	1228919
94974	1228937
94975	1228943
94976	1228949
94977	1228951
94978	1228961
94979	1228963
94980	1228987
94981	1228993
94982	1229021
94983	1229023
94984	1229071
94985	1229077
94986	1229093
94987	1229113
94988	1229131
94989	1229141
94990	1229149
94991	1229159
94992	1229197
94993	1229201
94994	1229203
94995	1229209
94996	1229213
94997	1229227
94998	1229237
94999	1229257
95000	1229269
