85001	1090381
85002	1090387
85003	1090403
85004	1090409
85005	1090421
85006	1090423
85007	1090457
85008	1090459
85009	1090469
85010	1090471
85011	1090483
85012	1090493
85013	1090519
85014	1090553
85015	1090577
85016	1090589
85017	1090597
85018	1090613
85019	1090627
85020	1090681
85021	1090697
85022	1090709
85023	1090711
85024	1090717
85025	1090721
85026	1090757
85027	1090759
85028	1090769
85029	1090783
85030	1090799
85031	1090807
85032	1090819
85033	1090841
85034	1090849
85035	1090877
85036	1090879
85037	1090883
85038	1090889
85039	1090891
85040	1090897
85041	1090909
85042	1090919
85043	1090927
85044	1090937
85045	1090939
85046	1090949
85047	1090963
85048	1090967
85049	1090979
85050	1090997
85051	1091003
85052	1091017
85053	1091021
85054	1091023
85055	1091033
85056	1091047
85057	1091053
85058	1091059
85059	1091063
85060	1091071
85061	1091119
85062	1091137
85063	1091147
85064	1091149
85065	1091159
85066	1091161
85067	1091173
85068	1091177
85069	1091191
85070	1091219
85071	1091221
85072	1091239
85073	1091243
85074	1091257
85075	1091261
85076	1091263
85077	1091267
85078	1091269
85079	1091273
85080	1091287
85081	1091329
85082	1091339
85083	1091359
85084	1091369
85085	1091371
85086	1091381
85087	1091393
85088	1091399
85089	1091401
85090	1091411
85091	1091413
85092	1091443
85093	1091459
85094	1091471
85095	1091477
85096	1091509
85097	1091521
85098	1091527
85099	1091549
85100	1091551
85101	1091561
85102	1091581
85103	1091591
85104	1091609
85105	1091617
85106	1091627
85107	1091633
85108	1091639
85109	1091659
85110	1091663
85111	1091681
85112	1091687
85113	1091711
85114	1091729
85115	1091731
85116	1091737
85117	1091749
85118	1091777
85119	1091807
85120	1091809
85121	1091837
85122	1091843
85123	1091863
85124	1091869
85125	1091887
85126	1091917
85127	1091939
85128	1091957
85129	1091983
85130	1092019
85131	1092023
85132	1092041
85133	1092043
85134	1092059
85135	1092061
85136	1092067
85137	1092089
85138	1092103
85139	1092107
85140	1092127
85141	1092137
85142	1092151
85143	1092163
85144	1092173
85145	1092181
85146	1092191
85147	1092209
85148	1092229
85149	1092241
85150	1092251
85151	1092257
85152	1092269
85153	1092283
85154	1092307
85155	1092331
85156	1092337
85157	1092349
85158	1092353
85159	1092361
85160	1092373
85161	1092379
85162	1092389
85163	1092391
85164	1092397
85165	1092419
85166	1092433
85167	1092451
85168	1092461
85169	1092463
85170	1092473
85171	1092479
85172	1092493
85173	1092541
85174	1092583
85175	1092593
85176	1092601
85177	1092629
85178	1092643
85179	1092659
85180	1092667
85181	1092677
85182	1092713
85183	1092731
85184	1092733
85185	1092757
85186	1092779
85187	1092803
85188	1092821
85189	1092827
85190	1092829
85191	1092851
85192	1092853
85193	1092863
85194	1092887
85195	1092893
85196	1092901
85197	1092907
85198	1092911
85199	1092919
85200	1092929
85201	1092961
85202	1092977
85203	1092989
85204	1092991
85205	1092997
85206	1093007
85207	1093033
85208	1093061
85209	1093063
85210	1093067
85211	1093069
85212	1093087
85213	1093109
85214	1093111
85215	1093129
85216	1093133
85217	1093159
85218	1093163
85219	1093177
85220	1093199
85221	1093201
85222	1093223
85223	1093237
85224	1093243
85225	1093249
85226	1093273
85227	1093283
85228	1093289
85229	1093297
85230	1093307
85231	1093327
85232	1093331
85233	1093357
85234	1093363
85235	1093381
85236	1093399
85237	1093403
85238	1093409
85239	1093427
85240	1093441
85241	1093487
85242	1093493
85243	1093517
85244	1093529
85245	1093531
85246	1093537
85247	1093541
85248	1093553
85249	1093571
85250	1093577
85251	1093591
85252	1093633
85253	1093637
85254	1093639
85255	1093657
85256	1093663
85257	1093667
85258	1093679
85259	1093681
85260	1093699
85261	1093717
85262	1093723
85263	1093733
85264	1093739
85265	1093747
85266	1093751
85267	1093753
85268	1093777
85269	1093789
85270	1093823
85271	1093837
85272	1093843
85273	1093847
85274	1093871
85275	1093889
85276	1093901
85277	1093907
85278	1093927
85279	1093943
85280	1093951
85281	1093957
85282	1093969
85283	1093991
85284	1093993
85285	1093997
85286	1093999
85287	1094011
85288	1094029
85289	1094047
85290	1094057
85291	1094059
85292	1094081
85293	1094089
85294	1094099
85295	1094101
85296	1094123
85297	1094129
85298	1094131
85299	1094143
85300	1094147
85301	1094161
85302	1094183
85303	1094209
85304	1094237
85305	1094263
85306	1094293
85307	1094299
85308	1094321
85309	1094333
85310	1094339
85311	1094371
85312	1094377
85313	1094407
85314	1094411
85315	1094417
85316	1094437
85317	1094441
85318	1094449
85319	1094453
85320	1094461
85321	1094473
85322	1094491
85323	1094519
85324	1094531
85325	1094539
85326	1094543
85327	1094549
85328	1094551
85329	1094557
85330	1094567
85331	1094573
85332	1094603
85333	1094623
85334	1094629
85335	1094633
85336	1094657
85337	1094669
85338	1094671
85339	1094683
85340	1094689
85341	1094693
85342	1094701
85343	1094711
85344	1094747
85345	1094759
85346	1094773
85347	1094791
85348	1094801
85349	1094803
85350	1094809
85351	1094831
85352	1094833
85353	1094843
85354	1094881
85355	1094887
85356	1094897
85357	1094911
85358	1094921
85359	1094923
85360	1094939
85361	1094957
85362	1094963
85363	1094969
85364	1094983
85365	1094999
85366	1095023
85367	1095043
85368	1095047
85369	1095049
85370	1095067
85371	1095071
85372	1095091
85373	1095119
85374	1095161
85375	1095169
85376	1095173
85377	1095209
85378	1095221
85379	1095223
85380	1095229
85381	1095239
85382	1095247
85383	1095251
85384	1095257
85385	1095287
85386	1095313
85387	1095319
85388	1095343
85389	1095349
85390	1095401
85391	1095403
85392	1095427
85393	1095433
85394	1095439
85395	1095443
85396	1095449
85397	1095461
85398	1095481
85399	1095487
85400	1095491
85401	1095503
85402	1095529
85403	1095541
85404	1095551
85405	1095557
85406	1095569
85407	1095581
85408	1095583
85409	1095613
85410	1095631
85411	1095671
85412	1095691
85413	1095713
85414	1095719
85415	1095727
85416	1095733
85417	1095739
85418	1095751
85419	1095779
85420	1095781
85421	1095791
85422	1095793
85423	1095811
85424	1095821
85425	1095833
85426	1095839
85427	1095841
85428	1095847
85429	1095851
85430	1095859
85431	1095907
85432	1095931
85433	1095947
85434	1095959
85435	1095961
85436	1095979
85437	1095989
85438	1096031
85439	1096057
85440	1096061
85441	1096079
85442	1096097
85443	1096099
85444	1096127
85445	1096133
85446	1096141
85447	1096159
85448	1096163
85449	1096189
85450	1096201
85451	1096219
85452	1096267
85453	1096289
85454	1096307
85455	1096327
85456	1096349
85457	1096351
85458	1096363
85459	1096373
85460	1096379
85461	1096393
85462	1096399
85463	1096423
85464	1096427
85465	1096451
85466	1096477
85467	1096481
85468	1096489
85469	1096493
85470	1096499
85471	1096507
85472	1096541
85473	1096549
85474	1096553
85475	1096559
85476	1096561
85477	1096583
85478	1096609
85479	1096621
85480	1096631
85481	1096639
85482	1096673
85483	1096691
85484	1096703
85485	1096727
85486	1096741
85487	1096763
85488	1096787
85489	1096793
85490	1096807
85491	1096817
85492	1096829
85493	1096831
85494	1096853
85495	1096859
85496	1096861
85497	1096871
85498	1096883
85499	1096919
85500	1096951
85501	1096957
85502	1096967
85503	1096969
85504	1096981
85505	1096999
85506	1097009
85507	1097017
85508	1097029
85509	1097039
85510	1097051
85511	1097069
85512	1097081
85513	1097101
85514	1097111
85515	1097113
85516	1097141
85517	1097143
85518	1097147
85519	1097179
85520	1097189
85521	1097203
85522	1097209
85523	1097221
85524	1097237
85525	1097267
85526	1097293
85527	1097297
85528	1097321
85529	1097323
85530	1097351
85531	1097359
85532	1097377
85533	1097381
85534	1097413
85535	1097419
85536	1097423
85537	1097441
85538	1097443
85539	1097461
85540	1097483
85541	1097501
85542	1097513
85543	1097533
85544	1097539
85545	1097543
85546	1097549
85547	1097557
85548	1097599
85549	1097627
85550	1097633
85551	1097651
85552	1097653
85553	1097659
85554	1097669
85555	1097699
85556	1097711
85557	1097717
85558	1097729
85559	1097743
85560	1097783
85561	1097791
85562	1097797
85563	1097819
85564	1097849
85565	1097851
85566	1097861
85567	1097869
85568	1097879
85569	1097891
85570	1097893
85571	1097897
85572	1097903
85573	1097909
85574	1097923
85575	1097933
85576	1097947
85577	1097983
85578	1098017
85579	1098023
85580	1098037
85581	1098073
85582	1098077
85583	1098101
85584	1098109
85585	1098121
85586	1098133
85587	1098151
85588	1098187
85589	1098191
85590	1098193
85591	1098203
85592	1098211
85593	1098221
85594	1098233
85595	1098269
85596	1098287
85597	1098301
85598	1098311
85599	1098313
85600	1098341
85601	1098373
85602	1098379
85603	1098397
85604	1098401
85605	1098439
85606	1098443
85607	1098451
85608	1098463
85609	1098469
85610	1098479
85611	1098481
85612	1098509
85613	1098511
85614	1098533
85615	1098541
85616	1098593
85617	1098613
85618	1098623
85619	1098631
85620	1098649
85621	1098667
85622	1098673
85623	1098689
85624	1098707
85625	1098709
85626	1098731
85627	1098737
85628	1098787
85629	1098791
85630	1098803
85631	1098821
85632	1098833
85633	1098847
85634	1098953
85635	1098967
85636	1098973
85637	1098989
85638	1099031
85639	1099051
85640	1099057
85641	1099079
85642	1099081
85643	1099097
85644	1099103
85645	1099117
85646	1099121
85647	1099139
85648	1099171
85649	1099177
85650	1099181
85651	1099199
85652	1099223
85653	1099247
85654	1099249
85655	1099261
85656	1099279
85657	1099289
85658	1099309
85659	1099313
85660	1099327
85661	1099337
85662	1099363
85663	1099369
85664	1099391
85665	1099393
85666	1099409
85667	1099411
85668	1099421
85669	1099433
85670	1099459
85671	1099463
85672	1099487
85673	1099489
85674	1099493
85675	1099499
85676	1099507
85677	1099513
85678	1099519
85679	1099523
85680	1099541
85681	1099547
85682	1099559
85683	1099573
85684	1099589
85685	1099619
85686	1099621
85687	1099627
85688	1099633
85689	1099649
85690	1099669
85691	1099687
85692	1099711
85693	1099717
85694	1099723
85695	1099727
85696	1099729
85697	1099741
85698	1099757
85699	1099771
85700	1099783
85701	1099793
85702	1099799
85703	1099807
85704	1099817
85705	1099823
85706	1099841
85707	1099843
85708	1099859
85709	1099867
85710	1099927
85711	1099933
85712	1099957
85713	1099961
85714	1099997
85715	1100009
85716	1100023
85717	1100027
85718	1100039
85719	1100041
85720	1100051
85721	1100063
85722	1100089
85723	1100093
85724	1100101
85725	1100123
85726	1100131
85727	1100147
85728	1100149
85729	1100161
85730	1100167
85731	1100171
85732	1100179
85733	1100213
85734	1100219
85735	1100243
85736	1100249
85737	1100261
85738	1100273
85739	1100279
85740	1100303
85741	1100311
85742	1100321
85743	1100353
85744	1100357
85745	1100377
85746	1100381
85747	1100387
85748	1100419
85749	1100441
85750	1100443
85751	1100447
85752	1100467
85753	1100471
85754	1100483
85755	1100503
85756	1100509
85757	1100513
85758	1100543
85759	1100557
85760	1100569
85761	1100581
85762	1100591
85763	1100611
85764	1100641
85765	1100653
85766	1100681
85767	1100683
85768	1100747
85769	1100773
85770	1100777
85771	1100783
85772	1100797
85773	1100807
85774	1100831
85775	1100833
85776	1100837
85777	1100839
85778	1100851
85779	1100857
85780	1100887
85781	1100893
85782	1100899
85783	1100909
85784	1100921
85785	1100933
85786	1100947
85787	1100977
85788	1101071
85789	1101091
85790	1101097
85791	1101103
85792	1101109
85793	1101127
85794	1101143
85795	1101169
85796	1101179
85797	1101193
85798	1101211
85799	1101229
85800	1101253
85801	1101283
85802	1101299
85803	1101307
85804	1101319
85805	1101323
85806	1101341
85807	1101349
85808	1101371
85809	1101377
85810	1101389
85811	1101403
85812	1101407
85813	1101409
85814	1101421
85815	1101431
85816	1101433
85817	1101439
85818	1101467
85819	1101473
85820	1101509
85821	1101511
85822	1101517
85823	1101521
85824	1101533
85825	1101559
85826	1101571
85827	1101577
85828	1101587
85829	1101593
85830	1101613
85831	1101619
85832	1101641
85833	1101649
85834	1101671
85835	1101673
85836	1101689
85837	1101691
85838	1101697
85839	1101733
85840	1101743
85841	1101761
85842	1101767
85843	1101773
85844	1101781
85845	1101803
85846	1101811
85847	1101839
85848	1101851
85849	1101871
85850	1101883
85851	1101901
85852	1101917
85853	1101929
85854	1101931
85855	1101937
85856	1101941
85857	1101959
85858	1101967
85859	1102001
85860	1102007
85861	1102021
85862	1102027
85863	1102063
85864	1102069
85865	1102111
85866	1102117
85867	1102147
85868	1102151
85869	1102159
85870	1102163
85871	1102169
85872	1102181
85873	1102187
85874	1102201
85875	1102237
85876	1102243
85877	1102249
85878	1102253
85879	1102259
85880	1102271
85881	1102279
85882	1102301
85883	1102307
85884	1102313
85885	1102333
85886	1102337
85887	1102393
85888	1102397
85889	1102411
85890	1102427
85891	1102429
85892	1102441
85893	1102447
85894	1102457
85895	1102463
85896	1102481
85897	1102483
85898	1102523
85899	1102537
85900	1102547
85901	1102553
85902	1102567
85903	1102571
85904	1102583
85905	1102663
85906	1102669
85907	1102679
85908	1102681
85909	1102691
85910	1102693
85911	1102709
85912	1102721
85913	1102727
85914	1102729
85915	1102733
85916	1102747
85917	1102757
85918	1102813
85919	1102823
85920	1102831
85921	1102847
85922	1102853
85923	1102861
85924	1102879
85925	1102883
85926	1102891
85927	1102901
85928	1102903
85929	1102921
85930	1102939
85931	1102951
85932	1102963
85933	1102967
85934	1102979
85935	1102991
85936	1102999
85937	1103009
85938	1103017
85939	1103029
85940	1103041
85941	1103059
85942	1103087
85943	1103101
85944	1103107
85945	1103111
85946	1103119
85947	1103129
85948	1103143
85949	1103171
85950	1103183
85951	1103191
85952	1103203
85953	1103213
85954	1103237
85955	1103257
85956	1103279
85957	1103281
85958	1103293
85959	1103309
85960	1103339
85961	1103341
85962	1103353
85963	1103371
85964	1103437
85965	1103449
85966	1103461
85967	1103467
85968	1103483
85969	1103489
85970	1103497
85971	1103519
85972	1103533
85973	1103549
85974	1103561
85975	1103579
85976	1103581
85977	1103587
85978	1103591
85979	1103603
85980	1103611
85981	1103617
85982	1103621
85983	1103629
85984	1103633
85985	1103639
85986	1103699
85987	1103723
85988	1103737
85989	1103749
85990	1103779
85991	1103797
85992	1103803
85993	1103849
85994	1103857
85995	1103863
85996	1103873
85997	1103899
85998	1103903
85999	1103911
86000	1103923
