83001	1062521
83002	1062547
83003	1062557
83004	1062563
83005	1062599
83006	1062601
83007	1062643
83008	1062671
83009	1062673
83010	1062683
83011	1062697
83012	1062701
83013	1062707
83014	1062731
83015	1062779
83016	1062781
83017	1062793
83018	1062797
83019	1062827
83020	1062847
83021	1062869
83022	1062871
83023	1062877
83024	1062881
83025	1062907
83026	1062911
83027	1062913
83028	1062931
83029	1062947
83030	1062949
83031	1062977
83032	1062979
83033	1062989
83034	1063001
83035	1063009
83036	1063019
83037	1063033
83038	1063039
83039	1063043
83040	1063067
83041	1063079
83042	1063087
83043	1063109
83044	1063123
83045	1063151
83046	1063157
83047	1063159
83048	1063177
83049	1063189
83050	1063193
83051	1063201
83052	1063213
83053	1063219
83054	1063241
83055	1063243
83056	1063273
83057	1063303
83058	1063319
83059	1063351
83060	1063379
83061	1063397
83062	1063399
83063	1063409
83064	1063427
83065	1063441
83066	1063453
83067	1063457
83068	1063463
83069	1063471
83070	1063477
83071	1063483
83072	1063501
83073	1063523
83074	1063529
83075	1063541
83076	1063547
83077	1063553
83078	1063561
83079	1063597
83080	1063609
83081	1063613
83082	1063619
83083	1063627
83084	1063637
83085	1063649
83086	1063661
83087	1063693
83088	1063709
83089	1063721
83090	1063729
83091	1063739
83092	1063747
83093	1063757
83094	1063771
83095	1063781
83096	1063813
83097	1063823
83098	1063831
83099	1063837
83100	1063847
83101	1063849
83102	1063871
83103	1063873
83104	1063891
83105	1063897
83106	1063903
83107	1063913
83108	1063919
83109	1063921
83110	1063927
83111	1063961
83112	1063963
83113	1063967
83114	1063969
83115	1063973
83116	1063987
83117	1063999
83118	1064017
83119	1064029
83120	1064059
83121	1064069
83122	1064087
83123	1064117
83124	1064131
83125	1064153
83126	1064159
83127	1064177
83128	1064179
83129	1064191
83130	1064197
83131	1064201
83132	1064243
83133	1064257
83134	1064263
83135	1064269
83136	1064281
83137	1064311
83138	1064317
83139	1064321
83140	1064333
83141	1064339
83142	1064341
83143	1064359
83144	1064377
83145	1064383
83146	1064407
83147	1064411
83148	1064431
83149	1064467
83150	1064471
83151	1064473
83152	1064477
83153	1064507
83154	1064519
83155	1064521
83156	1064533
83157	1064549
83158	1064587
83159	1064593
83160	1064629
83161	1064653
83162	1064669
83163	1064671
83164	1064681
83165	1064689
83166	1064699
83167	1064731
83168	1064737
83169	1064743
83170	1064753
83171	1064771
83172	1064783
83173	1064801
83174	1064813
83175	1064867
83176	1064873
83177	1064911
83178	1064927
83179	1064933
83180	1064939
83181	1064941
83182	1064951
83183	1064953
83184	1064957
83185	1064977
83186	1064989
83187	1065011
83188	1065013
83189	1065017
83190	1065019
83191	1065037
83192	1065041
83193	1065047
83194	1065059
83195	1065073
83196	1065089
83197	1065091
83198	1065109
83199	1065131
83200	1065133
83201	1065137
83202	1065173
83203	1065209
83204	1065217
83205	1065263
83206	1065269
83207	1065277
83208	1065283
83209	1065307
83210	1065313
83211	1065319
83212	1065331
83213	1065343
83214	1065347
83215	1065391
83216	1065409
83217	1065433
83218	1065469
83219	1065479
83220	1065503
83221	1065511
83222	1065523
83223	1065527
83224	1065529
83225	1065557
83226	1065569
83227	1065593
83228	1065601
83229	1065629
83230	1065643
83231	1065667
83232	1065677
83233	1065683
83234	1065689
83235	1065697
83236	1065709
83237	1065733
83238	1065763
83239	1065773
83240	1065787
83241	1065791
83242	1065809
83243	1065817
83244	1065821
83245	1065829
83246	1065839
83247	1065847
83248	1065851
83249	1065887
83250	1065893
83251	1065899
83252	1065901
83253	1065937
83254	1065941
83255	1065949
83256	1065973
83257	1065979
83258	1066001
83259	1066031
83260	1066049
83261	1066063
83262	1066067
83263	1066111
83264	1066133
83265	1066139
83266	1066141
83267	1066157
83268	1066159
83269	1066217
83270	1066231
83271	1066237
83272	1066253
83273	1066267
83274	1066279
83275	1066283
83276	1066297
83277	1066313
83278	1066319
83279	1066327
83280	1066333
83281	1066339
83282	1066343
83283	1066367
83284	1066379
83285	1066399
83286	1066409
83287	1066411
83288	1066423
83289	1066433
83290	1066447
83291	1066511
83292	1066517
83293	1066523
83294	1066531
83295	1066553
83296	1066561
83297	1066567
83298	1066577
83299	1066619
83300	1066621
83301	1066643
83302	1066651
83303	1066669
83304	1066687
83305	1066693
83306	1066721
83307	1066729
83308	1066753
83309	1066757
83310	1066777
83311	1066789
83312	1066811
83313	1066817
83314	1066847
83315	1066859
83316	1066867
83317	1066883
83318	1066889
83319	1066909
83320	1066913
83321	1066931
83322	1066973
83323	1066979
83324	1066981
83325	1066987
83326	1066999
83327	1067009
83328	1067023
83329	1067029
83330	1067047
83331	1067057
83332	1067063
83333	1067069
83334	1067083
83335	1067137
83336	1067147
83337	1067159
83338	1067167
83339	1067179
83340	1067203
83341	1067207
83342	1067221
83343	1067239
83344	1067263
83345	1067293
83346	1067327
83347	1067329
83348	1067347
83349	1067351
83350	1067359
83351	1067371
83352	1067383
83353	1067387
83354	1067411
83355	1067441
83356	1067459
83357	1067467
83358	1067471
83359	1067489
83360	1067491
83361	1067497
83362	1067509
83363	1067537
83364	1067551
83365	1067557
83366	1067567
83367	1067569
83368	1067593
83369	1067597
83370	1067611
83371	1067621
83372	1067639
83373	1067653
83374	1067669
83375	1067687
83376	1067701
83377	1067707
83378	1067711
83379	1067741
83380	1067747
83381	1067749
83382	1067761
83383	1067767
83384	1067777
83385	1067789
83386	1067797
83387	1067831
83388	1067837
83389	1067849
83390	1067851
83391	1067879
83392	1067893
83393	1067903
83394	1067909
83395	1067921
83396	1067939
83397	1067951
83398	1067987
83399	1067999
83400	1068019
83401	1068037
83402	1068061
83403	1068083
83404	1068101
83405	1068103
83406	1068107
83407	1068113
83408	1068131
83409	1068149
83410	1068191
83411	1068203
83412	1068217
83413	1068233
83414	1068241
83415	1068247
83416	1068251
83417	1068253
83418	1068257
83419	1068259
83420	1068271
83421	1068307
83422	1068311
83423	1068323
83424	1068329
83425	1068343
83426	1068367
83427	1068371
83428	1068377
83429	1068383
83430	1068407
83431	1068409
83432	1068437
83433	1068439
83434	1068461
83435	1068469
83436	1068481
83437	1068491
83438	1068497
83439	1068499
83440	1068517
83441	1068559
83442	1068577
83443	1068589
83444	1068611
83445	1068619
83446	1068629
83447	1068631
83448	1068677
83449	1068701
83450	1068703
83451	1068707
83452	1068709
83453	1068713
83454	1068719
83455	1068721
83456	1068751
83457	1068757
83458	1068761
83459	1068779
83460	1068803
83461	1068811
83462	1068817
83463	1068857
83464	1068871
83465	1068877
83466	1068887
83467	1068889
83468	1068901
83469	1068913
83470	1068917
83471	1068941
83472	1068989
83473	1069001
83474	1069007
83475	1069031
83476	1069039
83477	1069043
83478	1069051
83479	1069087
83480	1069099
83481	1069127
83482	1069129
83483	1069141
83484	1069171
83485	1069183
83486	1069193
83487	1069199
83488	1069207
83489	1069217
83490	1069219
83491	1069223
83492	1069267
83493	1069273
83494	1069291
83495	1069303
83496	1069307
83497	1069349
83498	1069363
83499	1069379
83500	1069421
83501	1069427
83502	1069429
83503	1069441
83504	1069451
83505	1069459
83506	1069463
83507	1069499
83508	1069501
83509	1069507
83510	1069517
83511	1069543
83512	1069547
83513	1069553
83514	1069561
83515	1069571
83516	1069573
83517	1069577
83518	1069583
83519	1069591
83520	1069597
83521	1069603
83522	1069609
83523	1069631
83524	1069639
83525	1069667
83526	1069687
83527	1069693
83528	1069697
83529	1069727
83530	1069741
83531	1069751
83532	1069777
83533	1069807
83534	1069811
83535	1069819
83536	1069823
83537	1069853
83538	1069867
83539	1069919
83540	1069921
83541	1069927
83542	1069931
83543	1069933
83544	1069949
83545	1069951
83546	1069973
83547	1069979
83548	1069987
83549	1070009
83550	1070011
83551	1070021
83552	1070033
83553	1070039
83554	1070063
83555	1070081
83556	1070087
83557	1070093
83558	1070131
83559	1070149
83560	1070171
83561	1070189
83562	1070197
83563	1070203
83564	1070207
83565	1070221
83566	1070231
83567	1070233
83568	1070243
83569	1070249
83570	1070257
83571	1070287
83572	1070291
83573	1070309
83574	1070317
83575	1070323
83576	1070339
83577	1070341
83578	1070347
83579	1070357
83580	1070369
83581	1070389
83582	1070411
83583	1070417
83584	1070423
83585	1070429
83586	1070431
83587	1070453
83588	1070471
83589	1070491
83590	1070497
83591	1070501
83592	1070513
83593	1070527
83594	1070533
83595	1070543
83596	1070557
83597	1070561
83598	1070567
83599	1070569
83600	1070579
83601	1070621
83602	1070659
83603	1070681
83604	1070683
83605	1070689
83606	1070753
83607	1070761
83608	1070777
83609	1070789
83610	1070803
83611	1070827
83612	1070843
83613	1070851
83614	1070869
83615	1070873
83616	1070899
83617	1070921
83618	1070933
83619	1070939
83620	1070947
83621	1070981
83622	1070987
83623	1071023
83624	1071047
83625	1071053
83626	1071061
83627	1071067
83628	1071121
83629	1071131
83630	1071139
83631	1071149
83632	1071151
83633	1071157
83634	1071181
83635	1071193
83636	1071197
83637	1071223
83638	1071227
83639	1071229
83640	1071233
83641	1071241
83642	1071253
83643	1071269
83644	1071283
83645	1071311
83646	1071313
83647	1071337
83648	1071341
83649	1071349
83650	1071359
83651	1071373
83652	1071377
83653	1071379
83654	1071401
83655	1071407
83656	1071419
83657	1071439
83658	1071443
83659	1071451
83660	1071457
83661	1071479
83662	1071487
83663	1071529
83664	1071533
83665	1071541
83666	1071563
83667	1071569
83668	1071571
83669	1071589
83670	1071601
83671	1071641
83672	1071643
83673	1071659
83674	1071661
83675	1071671
83676	1071683
83677	1071703
83678	1071739
83679	1071743
83680	1071761
83681	1071773
83682	1071787
83683	1071803
83684	1071817
83685	1071821
83686	1071841
83687	1071857
83688	1071871
83689	1071899
83690	1071907
83691	1071911
83692	1071919
83693	1071937
83694	1071943
83695	1071977
83696	1071979
83697	1071991
83698	1072009
83699	1072039
83700	1072103
83701	1072129
83702	1072133
83703	1072147
83704	1072157
83705	1072163
83706	1072187
83707	1072199
83708	1072213
83709	1072219
83710	1072229
83711	1072231
83712	1072301
83713	1072327
83714	1072339
83715	1072363
83716	1072367
83717	1072373
83718	1072381
83719	1072387
83720	1072397
83721	1072429
83722	1072433
83723	1072439
83724	1072447
83725	1072457
83726	1072459
83727	1072471
83728	1072517
83729	1072537
83730	1072543
83731	1072613
83732	1072627
83733	1072633
83734	1072637
83735	1072657
83736	1072711
83737	1072733
83738	1072763
83739	1072793
83740	1072801
83741	1072811
83742	1072823
83743	1072829
83744	1072831
83745	1072837
83746	1072843
83747	1072849
83748	1072859
83749	1072867
83750	1072901
83751	1072919
83752	1072931
83753	1072933
83754	1072937
83755	1072943
83756	1072957
83757	1072961
83758	1072969
83759	1072991
83760	1072997
83761	1072999
83762	1073053
83763	1073069
83764	1073077
83765	1073089
83766	1073099
83767	1073113
83768	1073117
83769	1073131
83770	1073141
83771	1073143
83772	1073147
83773	1073153
83774	1073183
83775	1073201
83776	1073209
83777	1073213
83778	1073221
83779	1073239
83780	1073243
83781	1073263
83782	1073279
83783	1073297
83784	1073311
83785	1073321
83786	1073351
83787	1073353
83788	1073381
83789	1073383
83790	1073393
83791	1073399
83792	1073411
83793	1073441
83794	1073447
83795	1073461
83796	1073491
83797	1073507
83798	1073509
83799	1073521
83800	1073537
83801	1073563
83802	1073573
83803	1073587
83804	1073593
83805	1073599
83806	1073603
83807	1073627
83808	1073647
83809	1073651
83810	1073687
83811	1073711
83812	1073713
83813	1073717
83814	1073729
83815	1073773
83816	1073789
83817	1073791
83818	1073803
83819	1073819
83820	1073837
83821	1073857
83822	1073869
83823	1073879
83824	1073881
83825	1073909
83826	1073911
83827	1073921
83828	1073951
83829	1073953
83830	1073983
83831	1074001
83832	1074023
83833	1074041
83834	1074061
83835	1074067
83836	1074071
83837	1074079
83838	1074083
83839	1074107
83840	1074109
83841	1074113
83842	1074121
83843	1074133
83844	1074167
83845	1074223
83846	1074251
83847	1074253
83848	1074259
83849	1074277
83850	1074287
83851	1074289
83852	1074299
83853	1074329
83854	1074343
83855	1074361
83856	1074371
83857	1074377
83858	1074379
83859	1074389
83860	1074427
83861	1074433
83862	1074461
83863	1074473
83864	1074481
83865	1074509
83866	1074511
83867	1074523
83868	1074533
83869	1074559
83870	1074581
83871	1074607
83872	1074617
83873	1074641
83874	1074643
83875	1074649
83876	1074673
83877	1074683
83878	1074691
83879	1074701
83880	1074707
83881	1074709
83882	1074713
83883	1074719
83884	1074751
83885	1074761
83886	1074763
83887	1074833
83888	1074839
83889	1074847
83890	1074851
83891	1074877
83892	1074883
83893	1074889
83894	1074901
83895	1074907
83896	1074917
83897	1074919
83898	1074923
83899	1074929
83900	1074949
83901	1074971
83902	1074973
83903	1074977
83904	1074989
83905	1074991
83906	1075007
83907	1075013
83908	1075021
83909	1075027
83910	1075069
83911	1075073
83912	1075079
83913	1075091
83914	1075093
83915	1075103
83916	1075133
83917	1075141
83918	1075147
83919	1075159
83920	1075163
83921	1075169
83922	1075171
83923	1075177
83924	1075187
83925	1075201
83926	1075231
83927	1075237
83928	1075241
83929	1075259
83930	1075279
83931	1075289
83932	1075303
83933	1075337
83934	1075339
83935	1075351
83936	1075357
83937	1075391
83938	1075397
83939	1075409
83940	1075429
83941	1075433
83942	1075441
83943	1075453
83944	1075463
83945	1075469
83946	1075489
83947	1075493
83948	1075499
83949	1075507
83950	1075519
83951	1075531
83952	1075537
83953	1075561
83954	1075577
83955	1075601
83956	1075619
83957	1075621
83958	1075643
83959	1075649
83960	1075651
83961	1075663
83962	1075667
83963	1075673
83964	1075681
83965	1075691
83966	1075693
83967	1075699
83968	1075703
83969	1075727
83970	1075729
83971	1075757
83972	1075759
83973	1075769
83974	1075771
83975	1075787
83976	1075807
83977	1075843
83978	1075853
83979	1075859
83980	1075897
83981	1075909
83982	1075957
83983	1075973
83984	1076003
83985	1076011
83986	1076017
83987	1076029
83988	1076039
83989	1076051
83990	1076057
83991	1076063
83992	1076069
83993	1076077
83994	1076107
83995	1076111
83996	1076113
83997	1076123
83998	1076129
83999	1076137
84000	1076143
