97001	1257521
97002	1257547
97003	1257559
97004	1257563
97005	1257569
97006	1257587
97007	1257589
97008	1257611
97009	1257647
97010	1257653
97011	1257689
97012	1257691
97013	1257713
97014	1257719
97015	1257721
97016	1257749
97017	1257787
97018	1257827
97019	1257829
97020	1257853
97021	1257859
97022	1257869
97023	1257877
97024	1257911
97025	1257931
97026	1257953
97027	1257959
97028	1257961
97029	1257973
97030	1257989
97031	1258001
97032	1258013
97033	1258027
97034	1258039
97035	1258079
97036	1258087
97037	1258097
97038	1258099
97039	1258109
97040	1258133
97041	1258139
97042	1258141
97043	1258151
97044	1258163
97045	1258171
97046	1258177
97047	1258181
97048	1258183
97049	1258207
97050	1258211
97051	1258217
97052	1258219
97053	1258241
97054	1258267
97055	1258291
97056	1258297
97057	1258303
97058	1258319
97059	1258337
97060	1258343
97061	1258349
97062	1258373
97063	1258403
97064	1258409
97065	1258417
97066	1258421
97067	1258423
97068	1258429
97069	1258441
97070	1258451
97071	1258457
97072	1258469
97073	1258471
97074	1258483
97075	1258487
97076	1258511
97077	1258531
97078	1258559
97079	1258589
97080	1258597
97081	1258601
97082	1258627
97083	1258637
97084	1258639
97085	1258643
97086	1258657
97087	1258661
97088	1258667
97089	1258681
97090	1258709
97091	1258711
97092	1258717
97093	1258723
97094	1258753
97095	1258771
97096	1258781
97097	1258783
97098	1258787
97099	1258811
97100	1258819
97101	1258837
97102	1258847
97103	1258871
97104	1258877
97105	1258889
97106	1258903
97107	1258927
97108	1258931
97109	1258937
97110	1258967
97111	1258973
97112	1258993
97113	1259017
97114	1259029
97115	1259033
97116	1259039
97117	1259047
97118	1259051
97119	1259053
97120	1259057
97121	1259077
97122	1259081
97123	1259087
97124	1259099
97125	1259107
97126	1259113
97127	1259123
97128	1259129
97129	1259143
97130	1259171
97131	1259179
97132	1259191
97133	1259213
97134	1259231
97135	1259243
97136	1259249
97137	1259287
97138	1259299
97139	1259317
97140	1259329
97141	1259371
97142	1259389
97143	1259393
97144	1259413
97145	1259429
97146	1259477
97147	1259509
97148	1259527
97149	1259537
97150	1259539
97151	1259543
97152	1259551
97153	1259563
97154	1259569
97155	1259593
97156	1259603
97157	1259627
97158	1259639
97159	1259653
97160	1259659
97161	1259663
97162	1259669
97163	1259677
97164	1259689
97165	1259701
97166	1259737
97167	1259743
97168	1259749
97169	1259759
97170	1259767
97171	1259777
97172	1259803
97173	1259821
97174	1259851
97175	1259873
97176	1259899
97177	1259903
97178	1259927
97179	1259939
97180	1259953
97181	1259977
97182	1259983
97183	1260011
97184	1260019
97185	1260031
97186	1260047
97187	1260059
97188	1260067
97189	1260113
97190	1260121
97191	1260131
97192	1260143
97193	1260157
97194	1260163
97195	1260167
97196	1260169
97197	1260191
97198	1260223
97199	1260269
97200	1260277
97201	1260283
97202	1260293
97203	1260317
97204	1260319
97205	1260323
97206	1260341
97207	1260359
97208	1260361
97209	1260383
97210	1260401
97211	1260419
97212	1260437
97213	1260439
97214	1260461
97215	1260473
97216	1260481
97217	1260487
97218	1260509
97219	1260541
97220	1260547
97221	1260551
97222	1260569
97223	1260577
97224	1260583
97225	1260599
97226	1260629
97227	1260641
97228	1260643
97229	1260661
97230	1260673
97231	1260691
97232	1260713
97233	1260719
97234	1260731
97235	1260733
97236	1260751
97237	1260757
97238	1260767
97239	1260769
97240	1260797
97241	1260799
97242	1260827
97243	1260829
97244	1260841
97245	1260851
97246	1260877
97247	1260881
97248	1260887
97249	1260893
97250	1260899
97251	1260901
97252	1260911
97253	1260971
97254	1260979
97255	1260989
97256	1260991
97257	1261033
97258	1261069
97259	1261079
97260	1261081
97261	1261109
97262	1261121
97263	1261133
97264	1261157
97265	1261171
97266	1261177
97267	1261199
97268	1261217
97269	1261223
97270	1261259
97271	1261261
97272	1261279
97273	1261289
97274	1261301
97275	1261313
97276	1261321
97277	1261327
97278	1261333
97279	1261357
97280	1261363
97281	1261373
97282	1261387
97283	1261411
97284	1261427
97285	1261459
97286	1261487
97287	1261489
97288	1261523
97289	1261531
97290	1261549
97291	1261567
97292	1261571
97293	1261627
97294	1261639
97295	1261643
97296	1261649
97297	1261697
97298	1261699
97299	1261717
97300	1261721
97301	1261739
97302	1261747
97303	1261759
97304	1261763
97305	1261769
97306	1261789
97307	1261801
97308	1261823
97309	1261829
97310	1261831
97311	1261837
97312	1261861
97313	1261889
97314	1261891
97315	1261901
97316	1261913
97317	1261933
97318	1261943
97319	1261963
97320	1261969
97321	1261973
97322	1262011
97323	1262017
97324	1262057
97325	1262071
97326	1262081
97327	1262083
97328	1262087
97329	1262099
97330	1262101
97331	1262119
97332	1262143
97333	1262147
97334	1262203
97335	1262207
97336	1262221
97337	1262231
97338	1262237
97339	1262269
97340	1262281
97341	1262291
97342	1262293
97343	1262299
97344	1262311
97345	1262321
97346	1262363
97347	1262377
97348	1262411
97349	1262419
97350	1262441
97351	1262453
97352	1262461
97353	1262479
97354	1262483
97355	1262491
97356	1262509
97357	1262519
97358	1262543
97359	1262557
97360	1262563
97361	1262581
97362	1262587
97363	1262617
97364	1262621
97365	1262623
97366	1262629
97367	1262633
97368	1262669
97369	1262671
97370	1262693
97371	1262711
97372	1262713
97373	1262717
97374	1262731
97375	1262741
97376	1262753
97377	1262771
97378	1262783
97379	1262819
97380	1262839
97381	1262851
97382	1262869
97383	1262881
97384	1262887
97385	1262893
97386	1262897
97387	1262903
97388	1262917
97389	1262927
97390	1262929
97391	1262939
97392	1262941
97393	1262957
97394	1263007
97395	1263047
97396	1263071
97397	1263077
97398	1263079
97399	1263103
97400	1263107
97401	1263109
97402	1263113
97403	1263121
97404	1263133
97405	1263173
97406	1263179
97407	1263181
97408	1263187
97409	1263191
97410	1263193
97411	1263209
97412	1263239
97413	1263247
97414	1263259
97415	1263263
97416	1263299
97417	1263307
97418	1263319
97419	1263323
97420	1263331
97421	1263337
97422	1263341
97423	1263347
97424	1263373
97425	1263377
97426	1263391
97427	1263403
97428	1263461
97429	1263463
97430	1263473
97431	1263487
97432	1263499
97433	1263503
97434	1263511
97435	1263539
97436	1263541
97437	1263547
97438	1263569
97439	1263583
97440	1263599
97441	1263607
97442	1263629
97443	1263631
97444	1263659
97445	1263667
97446	1263677
97447	1263697
97448	1263701
97449	1263751
97450	1263761
97451	1263767
97452	1263793
97453	1263799
97454	1263803
97455	1263817
97456	1263853
97457	1263863
97458	1263887
97459	1263917
97460	1263929
97461	1263931
97462	1263943
97463	1263947
97464	1263949
97465	1263953
97466	1263961
97467	1263973
97468	1263979
97469	1264009
97470	1264027
97471	1264033
97472	1264037
97473	1264049
97474	1264061
97475	1264063
97476	1264129
97477	1264177
97478	1264189
97479	1264199
97480	1264213
97481	1264231
97482	1264259
97483	1264261
97484	1264267
97485	1264271
97486	1264301
97487	1264303
97488	1264331
97489	1264337
97490	1264363
97491	1264387
97492	1264411
97493	1264447
97494	1264451
97495	1264499
97496	1264537
97497	1264541
97498	1264559
97499	1264561
97500	1264573
97501	1264577
97502	1264597
97503	1264607
97504	1264643
97505	1264649
97506	1264651
97507	1264657
97508	1264663
97509	1264667
97510	1264687
97511	1264699
97512	1264733
97513	1264741
97514	1264763
97515	1264787
97516	1264801
97517	1264807
97518	1264819
97519	1264829
97520	1264853
97521	1264859
97522	1264867
97523	1264873
97524	1264877
97525	1264883
97526	1264889
97527	1264897
97528	1264903
97529	1264909
97530	1264933
97531	1264969
97532	1264979
97533	1264981
97534	1264997
97535	1265029
97536	1265041
97537	1265051
97538	1265053
97539	1265063
97540	1265081
97541	1265083
97542	1265087
97543	1265093
97544	1265101
97545	1265111
97546	1265113
97547	1265119
97548	1265129
97549	1265167
97550	1265177
97551	1265179
97552	1265197
97553	1265233
97554	1265249
97555	1265273
97556	1265279
97557	1265281
97558	1265311
97559	1265321
97560	1265333
97561	1265347
97562	1265353
97563	1265377
97564	1265387
97565	1265393
97566	1265431
97567	1265443
97568	1265449
97569	1265461
97570	1265471
97571	1265477
97572	1265479
97573	1265503
97574	1265519
97575	1265521
97576	1265527
97577	1265549
97578	1265557
97579	1265573
97580	1265581
97581	1265597
97582	1265603
97583	1265611
97584	1265617
97585	1265623
97586	1265639
97587	1265653
97588	1265657
97589	1265681
97590	1265729
97591	1265741
97592	1265777
97593	1265779
97594	1265801
97595	1265813
97596	1265827
97597	1265843
97598	1265857
97599	1265861
97600	1265863
97601	1265867
97602	1265899
97603	1265903
97604	1265909
97605	1265911
97606	1265921
97607	1265923
97608	1265941
97609	1265959
97610	1265969
97611	1265977
97612	1265981
97613	1265987
97614	1265993
97615	1266019
97616	1266043
97617	1266047
97618	1266059
97619	1266073
97620	1266077
97621	1266079
97622	1266091
97623	1266101
97624	1266107
97625	1266113
97626	1266149
97627	1266157
97628	1266163
97629	1266191
97630	1266197
97631	1266229
97632	1266241
97633	1266247
97634	1266259
97635	1266263
97636	1266269
97637	1266271
97638	1266277
97639	1266281
97640	1266301
97641	1266323
97642	1266337
97643	1266341
97644	1266359
97645	1266371
97646	1266373
97647	1266379
97648	1266389
97649	1266409
97650	1266413
97651	1266431
97652	1266451
97653	1266469
97654	1266487
97655	1266491
97656	1266493
97657	1266511
97658	1266523
97659	1266527
97660	1266539
97661	1266557
97662	1266563
97663	1266583
97664	1266589
97665	1266593
97666	1266611
97667	1266631
97668	1266677
97669	1266719
97670	1266731
97671	1266743
97672	1266751
97673	1266757
97674	1266761
97675	1266763
97676	1266767
97677	1266779
97678	1266781
97679	1266799
97680	1266841
97681	1266847
97682	1266851
97683	1266869
97684	1266883
97685	1266893
97686	1266899
97687	1266913
97688	1266919
97689	1266929
97690	1266931
97691	1266943
97692	1266949
97693	1266953
97694	1267009
97695	1267043
97696	1267051
97697	1267067
97698	1267103
97699	1267109
97700	1267117
97701	1267121
97702	1267127
97703	1267151
97704	1267157
97705	1267159
97706	1267183
97707	1267193
97708	1267199
97709	1267223
97710	1267237
97711	1267291
97712	1267297
97713	1267303
97714	1267307
97715	1267349
97716	1267381
97717	1267403
97718	1267411
97719	1267429
97720	1267447
97721	1267451
97722	1267459
97723	1267463
97724	1267481
97725	1267501
97726	1267517
97727	1267529
97728	1267531
97729	1267549
97730	1267577
97731	1267579
97732	1267589
97733	1267613
97734	1267633
97735	1267649
97736	1267663
97737	1267681
97738	1267709
97739	1267711
97740	1267723
97741	1267727
97742	1267757
97743	1267771
97744	1267787
97745	1267789
97746	1267823
97747	1267831
97748	1267837
97749	1267859
97750	1267873
97751	1267883
97752	1267891
97753	1267897
97754	1267907
97755	1267933
97756	1267939
97757	1267943
97758	1267951
97759	1267957
97760	1267961
97761	1267999
97762	1268011
97763	1268017
97764	1268039
97765	1268051
97766	1268053
97767	1268077
97768	1268093
97769	1268119
97770	1268143
97771	1268147
97772	1268167
97773	1268173
97774	1268177
97775	1268207
97776	1268213
97777	1268221
97778	1268233
97779	1268261
97780	1268279
97781	1268287
97782	1268291
97783	1268299
97784	1268327
97785	1268341
97786	1268357
97787	1268359
97788	1268369
97789	1268413
97790	1268419
97791	1268429
97792	1268447
97793	1268453
97794	1268461
97795	1268467
97796	1268479
97797	1268537
97798	1268549
97799	1268563
97800	1268567
97801	1268593
97802	1268599
97803	1268621
97804	1268623
97805	1268627
97806	1268633
97807	1268669
97808	1268681
97809	1268713
97810	1268731
97811	1268741
97812	1268747
97813	1268753
97814	1268759
97815	1268777
97816	1268783
97817	1268789
97818	1268791
97819	1268797
97820	1268803
97821	1268807
97822	1268843
97823	1268849
97824	1268867
97825	1268881
97826	1268899
97827	1268921
97828	1268929
97829	1268947
97830	1268963
97831	1269001
97832	1269007
97833	1269013
97834	1269017
97835	1269041
97836	1269043
97837	1269049
97838	1269061
97839	1269077
97840	1269091
97841	1269113
97842	1269119
97843	1269131
97844	1269167
97845	1269173
97846	1269179
97847	1269187
97848	1269193
97849	1269197
97850	1269221
97851	1269223
97852	1269239
97853	1269241
97854	1269253
97855	1269263
97856	1269283
97857	1269287
97858	1269299
97859	1269311
97860	1269337
97861	1269343
97862	1269377
97863	1269379
97864	1269383
97865	1269391
97866	1269413
97867	1269427
97868	1269461
97869	1269467
97870	1269493
97871	1269497
97872	1269529
97873	1269547
97874	1269559
97875	1269563
97876	1269571
97877	1269589
97878	1269601
97879	1269641
97880	1269643
97881	1269683
97882	1269691
97883	1269703
97884	1269731
97885	1269733
97886	1269743
97887	1269757
97888	1269797
97889	1269847
97890	1269859
97891	1269869
97892	1269871
97893	1269901
97894	1269907
97895	1269911
97896	1269923
97897	1269929
97898	1269937
97899	1269953
97900	1269971
97901	1270001
97902	1270013
97903	1270033
97904	1270051
97905	1270063
97906	1270067
97907	1270079
97908	1270097
97909	1270103
97910	1270111
97911	1270123
97912	1270141
97913	1270147
97914	1270151
97915	1270183
97916	1270193
97917	1270201
97918	1270231
97919	1270237
97920	1270249
97921	1270271
97922	1270279
97923	1270301
97924	1270309
97925	1270319
97926	1270327
97927	1270333
97928	1270337
97929	1270343
97930	1270361
97931	1270391
97932	1270417
97933	1270421
97934	1270429
97935	1270433
97936	1270441
97937	1270471
97938	1270483
97939	1270499
97940	1270513
97941	1270531
97942	1270537
97943	1270541
97944	1270547
97945	1270559
97946	1270561
97947	1270567
97948	1270571
97949	1270573
97950	1270579
97951	1270609
97952	1270627
97953	1270639
97954	1270649
97955	1270651
97956	1270657
97957	1270667
97958	1270669
97959	1270679
97960	1270747
97961	1270757
97962	1270771
97963	1270817
97964	1270823
97965	1270849
97966	1270859
97967	1270861
97968	1270879
97969	1270897
97970	1270901
97971	1270909
97972	1270933
97973	1270943
97974	1270961
97975	1270981
97976	1271027
97977	1271029
97978	1271033
97979	1271047
97980	1271051
97981	1271059
97982	1271069
97983	1271087
97984	1271089
97985	1271111
97986	1271117
97987	1271129
97988	1271147
97989	1271161
97990	1271167
97991	1271173
97992	1271183
97993	1271197
97994	1271201
97995	1271203
97996	1271213
97997	1271227
97998	1271239
97999	1271251
98000	1271293
