48001	585503
48002	585517
48003	585547
48004	585551
48005	585569
48006	585577
48007	585581
48008	585587
48009	585593
48010	585601
48011	585619
48012	585643
48013	585653
48014	585671
48015	585677
48016	585691
48017	585721
48018	585727
48019	585733
48020	585737
48021	585743
48022	585749
48023	585757
48024	585779
48025	585791
48026	585799
48027	585839
48028	585841
48029	585847
48030	585853
48031	585857
48032	585863
48033	585877
48034	585881
48035	585883
48036	585889
48037	585899
48038	585911
48039	585913
48040	585917
48041	585919
48042	585953
48043	585989
48044	585997
48045	586009
48046	586037
48047	586051
48048	586057
48049	586067
48050	586073
48051	586087
48052	586111
48053	586121
48054	586123
48055	586129
48056	586139
48057	586147
48058	586153
48059	586189
48060	586213
48061	586237
48062	586273
48063	586277
48064	586291
48065	586301
48066	586309
48067	586319
48068	586349
48069	586361
48070	586363
48071	586367
48072	586387
48073	586403
48074	586429
48075	586433
48076	586457
48077	586459
48078	586463
48079	586471
48080	586493
48081	586499
48082	586501
48083	586541
48084	586543
48085	586567
48086	586571
48087	586577
48088	586589
48089	586601
48090	586603
48091	586609
48092	586627
48093	586631
48094	586633
48095	586667
48096	586679
48097	586693
48098	586711
48099	586723
48100	586741
48101	586769
48102	586787
48103	586793
48104	586801
48105	586811
48106	586813
48107	586819
48108	586837
48109	586841
48110	586849
48111	586871
48112	586897
48113	586903
48114	586909
48115	586919
48116	586921
48117	586933
48118	586939
48119	586951
48120	586961
48121	586973
48122	586979
48123	586981
48124	587017
48125	587021
48126	587033
48127	587051
48128	587053
48129	587057
48130	587063
48131	587087
48132	587101
48133	587107
48134	587117
48135	587123
48136	587131
48137	587137
48138	587143
48139	587149
48140	587173
48141	587179
48142	587189
48143	587201
48144	587219
48145	587263
48146	587267
48147	587269
48148	587281
48149	587287
48150	587297
48151	587303
48152	587341
48153	587371
48154	587381
48155	587387
48156	587413
48157	587417
48158	587429
48159	587437
48160	587441
48161	587459
48162	587467
48163	587473
48164	587497
48165	587513
48166	587519
48167	587527
48168	587533
48169	587539
48170	587549
48171	587551
48172	587563
48173	587579
48174	587599
48175	587603
48176	587617
48177	587621
48178	587623
48179	587633
48180	587659
48181	587669
48182	587677
48183	587687
48184	587693
48185	587711
48186	587731
48187	587737
48188	587747
48189	587749
48190	587753
48191	587771
48192	587773
48193	587789
48194	587813
48195	587827
48196	587833
48197	587849
48198	587863
48199	587887
48200	587891
48201	587897
48202	587927
48203	587933
48204	587947
48205	587959
48206	587969
48207	587971
48208	587987
48209	587989
48210	587999
48211	588011
48212	588019
48213	588037
48214	588043
48215	588061
48216	588073
48217	588079
48218	588083
48219	588097
48220	588113
48221	588121
48222	588131
48223	588151
48224	588167
48225	588169
48226	588173
48227	588191
48228	588199
48229	588229
48230	588239
48231	588241
48232	588257
48233	588277
48234	588293
48235	588311
48236	588347
48237	588359
48238	588361
48239	588383
48240	588389
48241	588397
48242	588403
48243	588433
48244	588437
48245	588463
48246	588481
48247	588493
48248	588503
48249	588509
48250	588517
48251	588521
48252	588529
48253	588569
48254	588571
48255	588619
48256	588631
48257	588641
48258	588647
48259	588649
48260	588667
48261	588673
48262	588683
48263	588703
48264	588733
48265	588737
48266	588743
48267	588767
48268	588773
48269	588779
48270	588811
48271	588827
48272	588839
48273	588871
48274	588877
48275	588881
48276	588893
48277	588911
48278	588937
48279	588941
48280	588947
48281	588949
48282	588953
48283	588977
48284	589021
48285	589027
48286	589049
48287	589063
48288	589109
48289	589111
48290	589123
48291	589139
48292	589159
48293	589163
48294	589181
48295	589187
48296	589189
48297	589207
48298	589213
48299	589219
48300	589231
48301	589241
48302	589243
48303	589273
48304	589289
48305	589291
48306	589297
48307	589327
48308	589331
48309	589349
48310	589357
48311	589387
48312	589409
48313	589439
48314	589451
48315	589453
48316	589471
48317	589481
48318	589493
48319	589507
48320	589529
48321	589531
48322	589579
48323	589583
48324	589591
48325	589601
48326	589607
48327	589609
48328	589639
48329	589643
48330	589681
48331	589711
48332	589717
48333	589751
48334	589753
48335	589759
48336	589763
48337	589783
48338	589793
48339	589807
48340	589811
48341	589829
48342	589847
48343	589859
48344	589861
48345	589873
48346	589877
48347	589903
48348	589921
48349	589933
48350	589993
48351	589997
48352	590021
48353	590027
48354	590033
48355	590041
48356	590071
48357	590077
48358	590099
48359	590119
48360	590123
48361	590129
48362	590131
48363	590137
48364	590141
48365	590153
48366	590171
48367	590201
48368	590207
48369	590243
48370	590251
48371	590263
48372	590267
48373	590269
48374	590279
48375	590309
48376	590321
48377	590323
48378	590327
48379	590357
48380	590363
48381	590377
48382	590383
48383	590389
48384	590399
48385	590407
48386	590431
48387	590437
48388	590489
48389	590537
48390	590543
48391	590567
48392	590573
48393	590593
48394	590599
48395	590609
48396	590627
48397	590641
48398	590647
48399	590657
48400	590659
48401	590669
48402	590713
48403	590717
48404	590719
48405	590741
48406	590753
48407	590771
48408	590797
48409	590809
48410	590813
48411	590819
48412	590833
48413	590839
48414	590867
48415	590899
48416	590921
48417	590923
48418	590929
48419	590959
48420	590963
48421	590983
48422	590987
48423	591023
48424	591053
48425	591061
48426	591067
48427	591079
48428	591089
48429	591091
48430	591113
48431	591127
48432	591131
48433	591137
48434	591161
48435	591163
48436	591181
48437	591193
48438	591233
48439	591259
48440	591271
48441	591287
48442	591289
48443	591301
48444	591317
48445	591319
48446	591341
48447	591377
48448	591391
48449	591403
48450	591407
48451	591421
48452	591431
48453	591443
48454	591457
48455	591469
48456	591499
48457	591509
48458	591523
48459	591553
48460	591559
48461	591581
48462	591599
48463	591601
48464	591611
48465	591623
48466	591649
48467	591653
48468	591659
48469	591673
48470	591691
48471	591709
48472	591739
48473	591743
48474	591749
48475	591751
48476	591757
48477	591779
48478	591791
48479	591827
48480	591841
48481	591847
48482	591863
48483	591881
48484	591887
48485	591893
48486	591901
48487	591937
48488	591959
48489	591973
48490	592019
48491	592027
48492	592049
48493	592057
48494	592061
48495	592073
48496	592087
48497	592099
48498	592121
48499	592129
48500	592133
48501	592139
48502	592157
48503	592199
48504	592217
48505	592219
48506	592223
48507	592237
48508	592261
48509	592289
48510	592303
48511	592307
48512	592309
48513	592321
48514	592337
48515	592343
48516	592351
48517	592357
48518	592367
48519	592369
48520	592387
48521	592391
48522	592393
48523	592429
48524	592451
48525	592453
48526	592463
48527	592469
48528	592483
48529	592489
48530	592507
48531	592517
48532	592531
48533	592547
48534	592561
48535	592577
48536	592589
48537	592597
48538	592601
48539	592609
48540	592621
48541	592639
48542	592643
48543	592649
48544	592661
48545	592663
48546	592681
48547	592693
48548	592723
48549	592727
48550	592741
48551	592747
48552	592759
48553	592763
48554	592793
48555	592843
48556	592849
48557	592853
48558	592861
48559	592873
48560	592877
48561	592897
48562	592903
48563	592919
48564	592931
48565	592939
48566	592967
48567	592973
48568	592987
48569	592993
48570	593003
48571	593029
48572	593041
48573	593051
48574	593059
48575	593071
48576	593081
48577	593083
48578	593111
48579	593119
48580	593141
48581	593143
48582	593149
48583	593171
48584	593179
48585	593183
48586	593207
48587	593209
48588	593213
48589	593227
48590	593231
48591	593233
48592	593251
48593	593261
48594	593273
48595	593291
48596	593293
48597	593297
48598	593321
48599	593323
48600	593353
48601	593381
48602	593387
48603	593399
48604	593401
48605	593407
48606	593429
48607	593447
48608	593449
48609	593473
48610	593479
48611	593491
48612	593497
48613	593501
48614	593507
48615	593513
48616	593519
48617	593531
48618	593539
48619	593573
48620	593587
48621	593597
48622	593603
48623	593627
48624	593629
48625	593633
48626	593641
48627	593647
48628	593651
48629	593689
48630	593707
48631	593711
48632	593767
48633	593777
48634	593783
48635	593839
48636	593851
48637	593863
48638	593869
48639	593899
48640	593903
48641	593933
48642	593951
48643	593969
48644	593977
48645	593987
48646	593993
48647	594023
48648	594037
48649	594047
48650	594091
48651	594103
48652	594107
48653	594119
48654	594137
48655	594151
48656	594157
48657	594161
48658	594163
48659	594179
48660	594193
48661	594203
48662	594211
48663	594227
48664	594241
48665	594271
48666	594281
48667	594283
48668	594287
48669	594299
48670	594311
48671	594313
48672	594329
48673	594359
48674	594367
48675	594379
48676	594397
48677	594401
48678	594403
48679	594421
48680	594427
48681	594449
48682	594457
48683	594467
48684	594469
48685	594499
48686	594511
48687	594521
48688	594523
48689	594533
48690	594551
48691	594563
48692	594569
48693	594571
48694	594577
48695	594617
48696	594637
48697	594641
48698	594653
48699	594667
48700	594679
48701	594697
48702	594709
48703	594721
48704	594739
48705	594749
48706	594751
48707	594773
48708	594793
48709	594821
48710	594823
48711	594827
48712	594829
48713	594857
48714	594889
48715	594899
48716	594911
48717	594917
48718	594929
48719	594931
48720	594953
48721	594959
48722	594961
48723	594977
48724	594989
48725	595003
48726	595037
48727	595039
48728	595043
48729	595057
48730	595069
48731	595073
48732	595081
48733	595087
48734	595093
48735	595097
48736	595117
48737	595123
48738	595129
48739	595139
48740	595141
48741	595157
48742	595159
48743	595181
48744	595183
48745	595201
48746	595207
48747	595229
48748	595247
48749	595253
48750	595261
48751	595267
48752	595271
48753	595277
48754	595291
48755	595303
48756	595313
48757	595319
48758	595333
48759	595339
48760	595351
48761	595363
48762	595373
48763	595379
48764	595381
48765	595411
48766	595451
48767	595453
48768	595481
48769	595513
48770	595519
48771	595523
48772	595547
48773	595549
48774	595571
48775	595577
48776	595579
48777	595613
48778	595627
48779	595687
48780	595703
48781	595709
48782	595711
48783	595717
48784	595733
48785	595741
48786	595801
48787	595807
48788	595817
48789	595843
48790	595873
48791	595877
48792	595927
48793	595939
48794	595943
48795	595949
48796	595951
48797	595957
48798	595961
48799	595963
48800	595967
48801	595981
48802	596009
48803	596021
48804	596027
48805	596047
48806	596053
48807	596059
48808	596069
48809	596081
48810	596083
48811	596093
48812	596117
48813	596119
48814	596143
48815	596147
48816	596159
48817	596179
48818	596209
48819	596227
48820	596231
48821	596243
48822	596251
48823	596257
48824	596261
48825	596273
48826	596279
48827	596291
48828	596293
48829	596317
48830	596341
48831	596363
48832	596369
48833	596399
48834	596419
48835	596423
48836	596461
48837	596489
48838	596503
48839	596507
48840	596537
48841	596569
48842	596573
48843	596579
48844	596587
48845	596593
48846	596599
48847	596611
48848	596623
48849	596633
48850	596653
48851	596663
48852	596669
48853	596671
48854	596693
48855	596707
48856	596737
48857	596741
48858	596749
48859	596767
48860	596779
48861	596789
48862	596803
48863	596821
48864	596831
48865	596839
48866	596851
48867	596857
48868	596861
48869	596863
48870	596879
48871	596899
48872	596917
48873	596927
48874	596929
48875	596933
48876	596941
48877	596963
48878	596977
48879	596983
48880	596987
48881	597031
48882	597049
48883	597053
48884	597059
48885	597073
48886	597127
48887	597131
48888	597133
48889	597137
48890	597169
48891	597209
48892	597221
48893	597239
48894	597253
48895	597263
48896	597269
48897	597271
48898	597301
48899	597307
48900	597349
48901	597353
48902	597361
48903	597367
48904	597383
48905	597391
48906	597403
48907	597407
48908	597409
48909	597419
48910	597433
48911	597437
48912	597451
48913	597473
48914	597497
48915	597521
48916	597523
48917	597539
48918	597551
48919	597559
48920	597577
48921	597581
48922	597589
48923	597593
48924	597599
48925	597613
48926	597637
48927	597643
48928	597659
48929	597671
48930	597673
48931	597677
48932	597679
48933	597689
48934	597697
48935	597757
48936	597761
48937	597767
48938	597769
48939	597781
48940	597803
48941	597823
48942	597827
48943	597833
48944	597853
48945	597859
48946	597869
48947	597889
48948	597899
48949	597901
48950	597923
48951	597929
48952	597967
48953	597997
48954	598007
48955	598049
48956	598051
48957	598057
48958	598079
48959	598093
48960	598099
48961	598123
48962	598127
48963	598141
48964	598151
48965	598159
48966	598163
48967	598187
48968	598189
48969	598193
48970	598219
48971	598229
48972	598261
48973	598303
48974	598307
48975	598333
48976	598363
48977	598369
48978	598379
48979	598387
48980	598399
48981	598421
48982	598427
48983	598439
48984	598447
48985	598457
48986	598463
48987	598487
48988	598489
48989	598501
48990	598537
48991	598541
48992	598571
48993	598613
48994	598643
48995	598649
48996	598651
48997	598657
48998	598669
48999	598681
49000	598687
