47001	572321
47002	572323
47003	572329
47004	572333
47005	572357
47006	572387
47007	572399
47008	572417
47009	572419
47010	572423
47011	572437
47012	572449
47013	572461
47014	572471
47015	572479
47016	572491
47017	572497
47018	572519
47019	572521
47020	572549
47021	572567
47022	572573
47023	572581
47024	572587
47025	572597
47026	572599
47027	572609
47028	572629
47029	572633
47030	572639
47031	572651
47032	572653
47033	572657
47034	572659
47035	572683
47036	572687
47037	572699
47038	572707
47039	572711
47040	572749
47041	572777
47042	572791
47043	572801
47044	572807
47045	572813
47046	572821
47047	572827
47048	572833
47049	572843
47050	572867
47051	572879
47052	572881
47053	572903
47054	572909
47055	572927
47056	572933
47057	572939
47058	572941
47059	572963
47060	572969
47061	572993
47062	573007
47063	573031
47064	573047
47065	573101
47066	573107
47067	573109
47068	573119
47069	573143
47070	573161
47071	573163
47072	573179
47073	573197
47074	573247
47075	573253
47076	573263
47077	573277
47078	573289
47079	573299
47080	573317
47081	573329
47082	573341
47083	573343
47084	573371
47085	573379
47086	573383
47087	573409
47088	573437
47089	573451
47090	573457
47091	573473
47092	573479
47093	573481
47094	573487
47095	573493
47096	573497
47097	573509
47098	573511
47099	573523
47100	573527
47101	573557
47102	573569
47103	573571
47104	573637
47105	573647
47106	573673
47107	573679
47108	573691
47109	573719
47110	573737
47111	573739
47112	573757
47113	573761
47114	573763
47115	573787
47116	573791
47117	573809
47118	573817
47119	573829
47120	573847
47121	573851
47122	573863
47123	573871
47124	573883
47125	573887
47126	573899
47127	573901
47128	573929
47129	573941
47130	573953
47131	573967
47132	573973
47133	573977
47134	574003
47135	574031
47136	574033
47137	574051
47138	574061
47139	574081
47140	574099
47141	574109
47142	574127
47143	574157
47144	574159
47145	574163
47146	574169
47147	574181
47148	574183
47149	574201
47150	574219
47151	574261
47152	574279
47153	574283
47154	574289
47155	574297
47156	574307
47157	574309
47158	574363
47159	574367
47160	574373
47161	574393
47162	574423
47163	574429
47164	574433
47165	574439
47166	574477
47167	574489
47168	574493
47169	574501
47170	574507
47171	574529
47172	574543
47173	574547
47174	574597
47175	574619
47176	574621
47177	574627
47178	574631
47179	574643
47180	574657
47181	574667
47182	574687
47183	574699
47184	574703
47185	574711
47186	574723
47187	574727
47188	574733
47189	574741
47190	574789
47191	574799
47192	574801
47193	574813
47194	574817
47195	574859
47196	574907
47197	574913
47198	574933
47199	574939
47200	574949
47201	574963
47202	574967
47203	574969
47204	575009
47205	575027
47206	575033
47207	575053
47208	575063
47209	575077
47210	575087
47211	575119
47212	575123
47213	575129
47214	575131
47215	575137
47216	575153
47217	575173
47218	575177
47219	575203
47220	575213
47221	575219
47222	575231
47223	575243
47224	575249
47225	575251
47226	575257
47227	575261
47228	575303
47229	575317
47230	575359
47231	575369
47232	575371
47233	575401
47234	575417
47235	575429
47236	575431
47237	575441
47238	575473
47239	575479
47240	575489
47241	575503
47242	575513
47243	575551
47244	575557
47245	575573
47246	575579
47247	575581
47248	575591
47249	575593
47250	575611
47251	575623
47252	575647
47253	575651
47254	575669
47255	575677
47256	575689
47257	575693
47258	575699
47259	575711
47260	575717
47261	575723
47262	575747
47263	575753
47264	575777
47265	575791
47266	575821
47267	575837
47268	575849
47269	575857
47270	575863
47271	575867
47272	575893
47273	575903
47274	575921
47275	575923
47276	575941
47277	575957
47278	575959
47279	575963
47280	575987
47281	576001
47282	576013
47283	576019
47284	576029
47285	576031
47286	576041
47287	576049
47288	576089
47289	576101
47290	576119
47291	576131
47292	576151
47293	576161
47294	576167
47295	576179
47296	576193
47297	576203
47298	576211
47299	576217
47300	576221
47301	576223
47302	576227
47303	576287
47304	576293
47305	576299
47306	576313
47307	576319
47308	576341
47309	576377
47310	576379
47311	576391
47312	576421
47313	576427
47314	576431
47315	576439
47316	576461
47317	576469
47318	576473
47319	576493
47320	576509
47321	576523
47322	576529
47323	576533
47324	576539
47325	576551
47326	576553
47327	576577
47328	576581
47329	576613
47330	576617
47331	576637
47332	576647
47333	576649
47334	576659
47335	576671
47336	576677
47337	576683
47338	576689
47339	576701
47340	576703
47341	576721
47342	576727
47343	576731
47344	576739
47345	576743
47346	576749
47347	576757
47348	576769
47349	576787
47350	576791
47351	576881
47352	576883
47353	576889
47354	576899
47355	576943
47356	576949
47357	576967
47358	576977
47359	577007
47360	577009
47361	577033
47362	577043
47363	577063
47364	577067
47365	577069
47366	577081
47367	577097
47368	577111
47369	577123
47370	577147
47371	577151
47372	577153
47373	577169
47374	577177
47375	577193
47376	577219
47377	577249
47378	577259
47379	577271
47380	577279
47381	577307
47382	577327
47383	577331
47384	577333
47385	577349
47386	577351
47387	577363
47388	577387
47389	577397
47390	577399
47391	577427
47392	577453
47393	577457
47394	577463
47395	577471
47396	577483
47397	577513
47398	577517
47399	577523
47400	577529
47401	577531
47402	577537
47403	577547
47404	577559
47405	577573
47406	577589
47407	577601
47408	577613
47409	577627
47410	577637
47411	577639
47412	577667
47413	577721
47414	577739
47415	577751
47416	577757
47417	577781
47418	577799
47419	577807
47420	577817
47421	577831
47422	577849
47423	577867
47424	577873
47425	577879
47426	577897
47427	577901
47428	577909
47429	577919
47430	577931
47431	577937
47432	577939
47433	577957
47434	577979
47435	577981
47436	578021
47437	578029
47438	578041
47439	578047
47440	578063
47441	578077
47442	578093
47443	578117
47444	578131
47445	578167
47446	578183
47447	578191
47448	578203
47449	578209
47450	578213
47451	578251
47452	578267
47453	578297
47454	578299
47455	578309
47456	578311
47457	578317
47458	578327
47459	578353
47460	578363
47461	578371
47462	578399
47463	578401
47464	578407
47465	578419
47466	578441
47467	578453
47468	578467
47469	578477
47470	578483
47471	578489
47472	578497
47473	578503
47474	578509
47475	578533
47476	578537
47477	578563
47478	578573
47479	578581
47480	578587
47481	578597
47482	578603
47483	578609
47484	578621
47485	578647
47486	578659
47487	578687
47488	578689
47489	578693
47490	578701
47491	578719
47492	578729
47493	578741
47494	578777
47495	578779
47496	578789
47497	578803
47498	578819
47499	578821
47500	578827
47501	578839
47502	578843
47503	578857
47504	578861
47505	578881
47506	578917
47507	578923
47508	578957
47509	578959
47510	578971
47511	578999
47512	579011
47513	579017
47514	579023
47515	579053
47516	579079
47517	579083
47518	579107
47519	579113
47520	579119
47521	579133
47522	579179
47523	579197
47524	579199
47525	579239
47526	579251
47527	579259
47528	579263
47529	579277
47530	579281
47531	579283
47532	579287
47533	579311
47534	579331
47535	579353
47536	579379
47537	579407
47538	579409
47539	579427
47540	579433
47541	579451
47542	579473
47543	579497
47544	579499
47545	579503
47546	579517
47547	579521
47548	579529
47549	579533
47550	579539
47551	579541
47552	579563
47553	579569
47554	579571
47555	579583
47556	579587
47557	579611
47558	579613
47559	579629
47560	579637
47561	579641
47562	579643
47563	579653
47564	579673
47565	579701
47566	579707
47567	579713
47568	579721
47569	579737
47570	579757
47571	579763
47572	579773
47573	579779
47574	579809
47575	579829
47576	579851
47577	579869
47578	579877
47579	579881
47580	579883
47581	579893
47582	579907
47583	579947
47584	579949
47585	579961
47586	579967
47587	579973
47588	579983
47589	580001
47590	580031
47591	580033
47592	580079
47593	580081
47594	580093
47595	580133
47596	580163
47597	580169
47598	580183
47599	580187
47600	580201
47601	580213
47602	580219
47603	580231
47604	580259
47605	580291
47606	580301
47607	580303
47608	580331
47609	580339
47610	580343
47611	580357
47612	580361
47613	580373
47614	580379
47615	580381
47616	580409
47617	580417
47618	580471
47619	580477
47620	580487
47621	580513
47622	580529
47623	580549
47624	580553
47625	580561
47626	580577
47627	580607
47628	580627
47629	580631
47630	580633
47631	580639
47632	580663
47633	580673
47634	580687
47635	580691
47636	580693
47637	580711
47638	580717
47639	580733
47640	580747
47641	580757
47642	580759
47643	580763
47644	580787
47645	580793
47646	580807
47647	580813
47648	580837
47649	580843
47650	580859
47651	580871
47652	580889
47653	580891
47654	580901
47655	580913
47656	580919
47657	580927
47658	580939
47659	580969
47660	580981
47661	580997
47662	581029
47663	581041
47664	581047
47665	581069
47666	581071
47667	581089
47668	581099
47669	581101
47670	581137
47671	581143
47672	581149
47673	581171
47674	581173
47675	581177
47676	581183
47677	581197
47678	581201
47679	581227
47680	581237
47681	581239
47682	581261
47683	581263
47684	581293
47685	581303
47686	581311
47687	581323
47688	581333
47689	581341
47690	581351
47691	581353
47692	581369
47693	581377
47694	581393
47695	581407
47696	581411
47697	581429
47698	581443
47699	581447
47700	581459
47701	581473
47702	581491
47703	581521
47704	581527
47705	581549
47706	581551
47707	581557
47708	581573
47709	581597
47710	581599
47711	581617
47712	581639
47713	581657
47714	581663
47715	581683
47716	581687
47717	581699
47718	581701
47719	581729
47720	581731
47721	581743
47722	581753
47723	581767
47724	581773
47725	581797
47726	581809
47727	581821
47728	581843
47729	581857
47730	581863
47731	581869
47732	581873
47733	581891
47734	581909
47735	581921
47736	581941
47737	581947
47738	581953
47739	581981
47740	581983
47741	582011
47742	582013
47743	582017
47744	582031
47745	582037
47746	582067
47747	582083
47748	582119
47749	582137
47750	582139
47751	582157
47752	582161
47753	582167
47754	582173
47755	582181
47756	582203
47757	582209
47758	582221
47759	582223
47760	582227
47761	582247
47762	582251
47763	582299
47764	582317
47765	582319
47766	582371
47767	582391
47768	582409
47769	582419
47770	582427
47771	582433
47772	582451
47773	582457
47774	582469
47775	582499
47776	582509
47777	582511
47778	582541
47779	582551
47780	582563
47781	582587
47782	582601
47783	582623
47784	582643
47785	582649
47786	582677
47787	582689
47788	582691
47789	582719
47790	582721
47791	582727
47792	582731
47793	582737
47794	582761
47795	582763
47796	582767
47797	582773
47798	582781
47799	582793
47800	582809
47801	582821
47802	582851
47803	582853
47804	582859
47805	582887
47806	582899
47807	582931
47808	582937
47809	582949
47810	582961
47811	582971
47812	582973
47813	582983
47814	583007
47815	583013
47816	583019
47817	583021
47818	583031
47819	583069
47820	583087
47821	583127
47822	583139
47823	583147
47824	583153
47825	583169
47826	583171
47827	583181
47828	583189
47829	583207
47830	583213
47831	583229
47832	583237
47833	583249
47834	583267
47835	583273
47836	583279
47837	583291
47838	583301
47839	583337
47840	583339
47841	583351
47842	583367
47843	583391
47844	583397
47845	583403
47846	583409
47847	583417
47848	583421
47849	583447
47850	583459
47851	583469
47852	583481
47853	583493
47854	583501
47855	583511
47856	583519
47857	583523
47858	583537
47859	583543
47860	583577
47861	583603
47862	583613
47863	583619
47864	583621
47865	583631
47866	583651
47867	583657
47868	583669
47869	583673
47870	583697
47871	583727
47872	583733
47873	583753
47874	583769
47875	583777
47876	583783
47877	583789
47878	583801
47879	583841
47880	583853
47881	583859
47882	583861
47883	583873
47884	583879
47885	583903
47886	583909
47887	583937
47888	583969
47889	583981
47890	583991
47891	583997
47892	584011
47893	584027
47894	584033
47895	584053
47896	584057
47897	584063
47898	584081
47899	584099
47900	584141
47901	584153
47902	584167
47903	584183
47904	584203
47905	584249
47906	584261
47907	584279
47908	584281
47909	584303
47910	584347
47911	584357
47912	584359
47913	584377
47914	584387
47915	584393
47916	584399
47917	584411
47918	584417
47919	584429
47920	584447
47921	584471
47922	584473
47923	584509
47924	584531
47925	584557
47926	584561
47927	584587
47928	584593
47929	584599
47930	584603
47931	584609
47932	584621
47933	584627
47934	584659
47935	584663
47936	584677
47937	584693
47938	584699
47939	584707
47940	584713
47941	584719
47942	584723
47943	584737
47944	584767
47945	584777
47946	584789
47947	584791
47948	584809
47949	584849
47950	584863
47951	584869
47952	584873
47953	584879
47954	584897
47955	584911
47956	584917
47957	584923
47958	584951
47959	584963
47960	584971
47961	584981
47962	584993
47963	584999
47964	585019
47965	585023
47966	585031
47967	585037
47968	585041
47969	585043
47970	585049
47971	585061
47972	585071
47973	585073
47974	585077
47975	585107
47976	585113
47977	585119
47978	585131
47979	585149
47980	585163
47981	585199
47982	585217
47983	585251
47984	585269
47985	585271
47986	585283
47987	585289
47988	585313
47989	585317
47990	585337
47991	585341
47992	585367
47993	585383
47994	585391
47995	585413
47996	585437
47997	585443
47998	585461
47999	585467
48000	585493
