2001	17393
2002	17401
2003	17417
2004	17419
2005	17431
2006	17443
2007	17449
2008	17467
2009	17471
2010	17477
2011	17483
2012	17489
2013	17491
2014	17497
2015	17509
2016	17519
2017	17539
2018	17551
2019	17569
2020	17573
2021	17579
2022	17581
2023	17597
2024	17599
2025	17609
2026	17623
2027	17627
2028	17657
2029	17659
2030	17669
2031	17681
2032	17683
2033	17707
2034	17713
2035	17729
2036	17737
2037	17747
2038	17749
2039	17761
2040	17783
2041	17789
2042	17791
2043	17807
2044	17827
2045	17837
2046	17839
2047	17851
2048	17863
2049	17881
2050	17891
2051	17903
2052	17909
2053	17911
2054	17921
2055	17923
2056	17929
2057	17939
2058	17957
2059	17959
2060	17971
2061	17977
2062	17981
2063	17987
2064	17989
2065	18013
2066	18041
2067	18043
2068	18047
2069	18049
2070	18059
2071	18061
2072	18077
2073	18089
2074	18097
2075	18119
2076	18121
2077	18127
2078	18131
2079	18133
2080	18143
2081	18149
2082	18169
2083	18181
2084	18191
2085	18199
2086	18211
2087	18217
2088	18223
2089	18229
2090	18233
2091	18251
2092	18253
2093	18257
2094	18269
2095	18287
2096	18289
2097	18301
2098	18307
2099	18311
2100	18313
2101	18329
2102	18341
2103	18353
2104	18367
2105	18371
2106	18379
2107	18397
2108	18401
2109	18413
2110	18427
2111	18433
2112	18439
2113	18443
2114	18451
2115	18457
2116	18461
2117	18481
2118	18493
2119	18503
2120	18517
2121	18521
2122	18523
2123	18539
2124	18541
2125	18553
2126	18583
2127	18587
2128	18593
2129	18617
2130	18637
2131	18661
2132	18671
2133	18679
2134	18691
2135	18701
2136	18713
2137	18719
2138	18731
2139	18743
2140	18749
2141	18757
2142	18773
2143	18787
2144	18793
2145	18797
2146	18803
2147	18839
2148	18859
2149	18869
2150	18899
2151	18911
2152	18913
2153	18917
2154	18919
2155	18947
2156	18959
2157	18973
2158	18979
2159	19001
2160	19009
2161	19013
2162	19031
2163	19037
2164	19051
2165	19069
2166	19073
2167	19079
2168	19081
2169	19087
2170	19121
2171	19139
2172	19141
2173	19157
2174	19163
2175	19181
2176	19183
2177	19207
2178	19211
2179	19213
2180	19219
2181	19231
2182	19237
2183	19249
2184	19259
2185	19267
2186	19273
2187	19289
2188	19301
2189	19309
2190	19319
2191	19333
2192	19373
2193	19379
2194	19381
2195	19387
2196	19391
2197	19403
2198	19417
2199	19421
2200	19423
2201	19427
2202	19429
2203	19433
2204	19441
2205	19447
2206	19457
2207	19463
2208	19469
2209	19471
2210	19477
2211	19483
2212	19489
2213	19501
2214	19507
2215	19531
2216	19541
2217	19543
2218	19553
2219	19559
2220	19571
2221	19577
2222	19583
2223	19597
2224	19603
2225	19609
2226	19661
2227	19681
2228	19687
2229	19697
2230	19699
2231	19709
2232	19717
2233	19727
2234	19739
2235	19751
2236	19753
2237	19759
2238	19763
2239	19777
2240	19793
2241	19801
2242	19813
2243	19819
2244	19841
2245	19843
2246	19853
2247	19861
2248	19867
2249	19889
2250	19891
2251	19913
2252	19919
2253	19927
2254	19937
2255	19949
2256	19961
2257	19963
2258	19973
2259	19979
2260	19991
2261	19993
2262	19997
2263	20011
2264	20021
2265	20023
2266	20029
2267	20047
2268	20051
2269	20063
2270	20071
2271	20089
2272	20101
2273	20107
2274	20113
2275	20117
2276	20123
2277	20129
2278	20143
2279	20147
2280	20149
2281	20161
2282	20173
2283	20177
2284	20183
2285	20201
2286	20219
2287	20231
2288	20233
2289	20249
2290	20261
2291	20269
2292	20287
2293	20297
2294	20323
2295	20327
2296	20333
2297	20341
2298	20347
2299	20353
2300	20357
2301	20359
2302	20369
2303	20389
2304	20393
2305	20399
2306	20407
2307	20411
2308	20431
2309	20441
2310	20443
2311	20477
2312	20479
2313	20483
2314	20507
2315	20509
2316	20521
2317	20533
2318	20543
2319	20549
2320	20551
2321	20563
2322	20593
2323	20599
2324	20611
2325	20627
2326	20639
2327	20641
2328	20663
2329	20681
2330	20693
2331	20707
2332	20717
2333	20719
2334	20731
2335	20743
2336	20747
2337	20749
2338	20753
2339	20759
2340	20771
2341	20773
2342	20789
2343	20807
2344	20809
2345	20849
2346	20857
2347	20873
2348	20879
2349	20887
2350	20897
2351	20899
2352	20903
2353	20921
2354	20929
2355	20939
2356	20947
2357	20959
2358	20963
2359	20981
2360	20983
2361	21001
2362	21011
2363	21013
2364	21017
2365	21019
2366	21023
2367	21031
2368	21059
2369	21061
2370	21067
2371	21089
2372	21101
2373	21107
2374	21121
2375	21139
2376	21143
2377	21149
2378	21157
2379	21163
2380	21169
2381	21179
2382	21187
2383	21191
2384	21193
2385	21211
2386	21221
2387	21227
2388	21247
2389	21269
2390	21277
2391	21283
2392	21313
2393	21317
2394	21319
2395	21323
2396	21341
2397	21347
2398	21377
2399	21379
2400	21383
2401	21391
2402	21397
2403	21401
2404	21407
2405	21419
2406	21433
2407	21467
2408	21481
2409	21487
2410	21491
2411	21493
2412	21499
2413	21503
2414	21517
2415	21521
2416	21523
2417	21529
2418	21557
2419	21559
2420	21563
2421	21569
2422	21577
2423	21587
2424	21589
2425	21599
2426	21601
2427	21611
2428	21613
2429	21617
2430	21647
2431	21649
2432	21661
2433	21673
2434	21683
2435	21701
2436	21713
2437	21727
2438	21737
2439	21739
2440	21751
2441	21757
2442	21767
2443	21773
2444	21787
2445	21799
2446	21803
2447	21817
2448	21821
2449	21839
2450	21841
2451	21851
2452	21859
2453	21863
2454	21871
2455	21881
2456	21893
2457	21911
2458	21929
2459	21937
2460	21943
2461	21961
2462	21977
2463	21991
2464	21997
2465	22003
2466	22013
2467	22027
2468	22031
2469	22037
2470	22039
2471	22051
2472	22063
2473	22067
2474	22073
2475	22079
2476	22091
2477	22093
2478	22109
2479	22111
2480	22123
2481	22129
2482	22133
2483	22147
2484	22153
2485	22157
2486	22159
2487	22171
2488	22189
2489	22193
2490	22229
2491	22247
2492	22259
2493	22271
2494	22273
2495	22277
2496	22279
2497	22283
2498	22291
2499	22303
2500	22307
2501	22343
2502	22349
2503	22367
2504	22369
2505	22381
2506	22391
2507	22397
2508	22409
2509	22433
2510	22441
2511	22447
2512	22453
2513	22469
2514	22481
2515	22483
2516	22501
2517	22511
2518	22531
2519	22541
2520	22543
2521	22549
2522	22567
2523	22571
2524	22573
2525	22613
2526	22619
2527	22621
2528	22637
2529	22639
2530	22643
2531	22651
2532	22669
2533	22679
2534	22691
2535	22697
2536	22699
2537	22709
2538	22717
2539	22721
2540	22727
2541	22739
2542	22741
2543	22751
2544	22769
2545	22777
2546	22783
2547	22787
2548	22807
2549	22811
2550	22817
2551	22853
2552	22859
2553	22861
2554	22871
2555	22877
2556	22901
2557	22907
2558	22921
2559	22937
2560	22943
2561	22961
2562	22963
2563	22973
2564	22993
2565	23003
2566	23011
2567	23017
2568	23021
2569	23027
2570	23029
2571	23039
2572	23041
2573	23053
2574	23057
2575	23059
2576	23063
2577	23071
2578	23081
2579	23087
2580	23099
2581	23117
2582	23131
2583	23143
2584	23159
2585	23167
2586	23173
2587	23189
2588	23197
2589	23201
2590	23203
2591	23209
2592	23227
2593	23251
2594	23269
2595	23279
2596	23291
2597	23293
2598	23297
2599	23311
2600	23321
2601	23327
2602	23333
2603	23339
2604	23357
2605	23369
2606	23371
2607	23399
2608	23417
2609	23431
2610	23447
2611	23459
2612	23473
2613	23497
2614	23509
2615	23531
2616	23537
2617	23539
2618	23549
2619	23557
2620	23561
2621	23563
2622	23567
2623	23581
2624	23593
2625	23599
2626	23603
2627	23609
2628	23623
2629	23627
2630	23629
2631	23633
2632	23663
2633	23669
2634	23671
2635	23677
2636	23687
2637	23689
2638	23719
2639	23741
2640	23743
2641	23747
2642	23753
2643	23761
2644	23767
2645	23773
2646	23789
2647	23801
2648	23813
2649	23819
2650	23827
2651	23831
2652	23833
2653	23857
2654	23869
2655	23873
2656	23879
2657	23887
2658	23893
2659	23899
2660	23909
2661	23911
2662	23917
2663	23929
2664	23957
2665	23971
2666	23977
2667	23981
2668	23993
2669	24001
2670	24007
2671	24019
2672	24023
2673	24029
2674	24043
2675	24049
2676	24061
2677	24071
2678	24077
2679	24083
2680	24091
2681	24097
2682	24103
2683	24107
2684	24109
2685	24113
2686	24121
2687	24133
2688	24137
2689	24151
2690	24169
2691	24179
2692	24181
2693	24197
2694	24203
2695	24223
2696	24229
2697	24239
2698	24247
2699	24251
2700	24281
2701	24317
2702	24329
2703	24337
2704	24359
2705	24371
2706	24373
2707	24379
2708	24391
2709	24407
2710	24413
2711	24419
2712	24421
2713	24439
2714	24443
2715	24469
2716	24473
2717	24481
2718	24499
2719	24509
2720	24517
2721	24527
2722	24533
2723	24547
2724	24551
2725	24571
2726	24593
2727	24611
2728	24623
2729	24631
2730	24659
2731	24671
2732	24677
2733	24683
2734	24691
2735	24697
2736	24709
2737	24733
2738	24749
2739	24763
2740	24767
2741	24781
2742	24793
2743	24799
2744	24809
2745	24821
2746	24841
2747	24847
2748	24851
2749	24859
2750	24877
2751	24889
2752	24907
2753	24917
2754	24919
2755	24923
2756	24943
2757	24953
2758	24967
2759	24971
2760	24977
2761	24979
2762	24989
2763	25013
2764	25031
2765	25033
2766	25037
2767	25057
2768	25073
2769	25087
2770	25097
2771	25111
2772	25117
2773	25121
2774	25127
2775	25147
2776	25153
2777	25163
2778	25169
2779	25171
2780	25183
2781	25189
2782	25219
2783	25229
2784	25237
2785	25243
2786	25247
2787	25253
2788	25261
2789	25301
2790	25303
2791	25307
2792	25309
2793	25321
2794	25339
2795	25343
2796	25349
2797	25357
2798	25367
2799	25373
2800	25391
2801	25409
2802	25411
2803	25423
2804	25439
2805	25447
2806	25453
2807	25457
2808	25463
2809	25469
2810	25471
2811	25523
2812	25537
2813	25541
2814	25561
2815	25577
2816	25579
2817	25583
2818	25589
2819	25601
2820	25603
2821	25609
2822	25621
2823	25633
2824	25639
2825	25643
2826	25657
2827	25667
2828	25673
2829	25679
2830	25693
2831	25703
2832	25717
2833	25733
2834	25741
2835	25747
2836	25759
2837	25763
2838	25771
2839	25793
2840	25799
2841	25801
2842	25819
2843	25841
2844	25847
2845	25849
2846	25867
2847	25873
2848	25889
2849	25903
2850	25913
2851	25919
2852	25931
2853	25933
2854	25939
2855	25943
2856	25951
2857	25969
2858	25981
2859	25997
2860	25999
2861	26003
2862	26017
2863	26021
2864	26029
2865	26041
2866	26053
2867	26083
2868	26099
2869	26107
2870	26111
2871	26113
2872	26119
2873	26141
2874	26153
2875	26161
2876	26171
2877	26177
2878	26183
2879	26189
2880	26203
2881	26209
2882	26227
2883	26237
2884	26249
2885	26251
2886	26261
2887	26263
2888	26267
2889	26293
2890	26297
2891	26309
2892	26317
2893	26321
2894	26339
2895	26347
2896	26357
2897	26371
2898	26387
2899	26393
2900	26399
2901	26407
2902	26417
2903	26423
2904	26431
2905	26437
2906	26449
2907	26459
2908	26479
2909	26489
2910	26497
2911	26501
2912	26513
2913	26539
2914	26557
2915	26561
2916	26573
2917	26591
2918	26597
2919	26627
2920	26633
2921	26641
2922	26647
2923	26669
2924	26681
2925	26683
2926	26687
2927	26693
2928	26699
2929	26701
2930	26711
2931	26713
2932	26717
2933	26723
2934	26729
2935	26731
2936	26737
2937	26759
2938	26777
2939	26783
2940	26801
2941	26813
2942	26821
2943	26833
2944	26839
2945	26849
2946	26861
2947	26863
2948	26879
2949	26881
2950	26891
2951	26893
2952	26903
2953	26921
2954	26927
2955	26947
2956	26951
2957	26953
2958	26959
2959	26981
2960	26987
2961	26993
2962	27011
2963	27017
2964	27031
2965	27043
2966	27059
2967	27061
2968	27067
2969	27073
2970	27077
2971	27091
2972	27103
2973	27107
2974	27109
2975	27127
2976	27143
2977	27179
2978	27191
2979	27197
2980	27211
2981	27239
2982	27241
2983	27253
2984	27259
2985	27271
2986	27277
2987	27281
2988	27283
2989	27299
2990	27329
2991	27337
2992	27361
2993	27367
2994	27397
2995	27407
2996	27409
2997	27427
2998	27431
2999	27437
3000	27449
