87001	1117591
87002	1117601
87003	1117603
87004	1117607
87005	1117609
87006	1117657
87007	1117661
87008	1117673
87009	1117679
87010	1117681
87011	1117709
87012	1117729
87013	1117741
87014	1117757
87015	1117759
87016	1117763
87017	1117769
87018	1117793
87019	1117799
87020	1117811
87021	1117813
87022	1117817
87023	1117819
87024	1117861
87025	1117867
87026	1117877
87027	1117889
87028	1117901
87029	1117913
87030	1117931
87031	1117933
87032	1117939
87033	1117943
87034	1117967
87035	1117973
87036	1117993
87037	1118003
87038	1118009
87039	1118011
87040	1118021
87041	1118023
87042	1118027
87043	1118041
87044	1118063
87045	1118081
87046	1118101
87047	1118113
87048	1118123
87049	1118137
87050	1118147
87051	1118149
87052	1118189
87053	1118197
87054	1118203
87055	1118219
87056	1118261
87057	1118267
87058	1118291
87059	1118303
87060	1118309
87061	1118317
87062	1118339
87063	1118363
87064	1118371
87065	1118393
87066	1118419
87067	1118437
87068	1118441
87069	1118479
87070	1118483
87071	1118497
87072	1118519
87073	1118527
87074	1118563
87075	1118567
87076	1118569
87077	1118599
87078	1118629
87079	1118653
87080	1118659
87081	1118713
87082	1118717
87083	1118723
87084	1118737
87085	1118749
87086	1118773
87087	1118779
87088	1118783
87089	1118797
87090	1118807
87091	1118809
87092	1118827
87093	1118837
87094	1118851
87095	1118857
87096	1118861
87097	1118863
87098	1118867
87099	1118869
87100	1118893
87101	1118911
87102	1118921
87103	1118941
87104	1118947
87105	1118951
87106	1118969
87107	1118987
87108	1118993
87109	1119029
87110	1119037
87111	1119047
87112	1119049
87113	1119077
87114	1119091
87115	1119109
87116	1119121
87117	1119169
87118	1119179
87119	1119221
87120	1119227
87121	1119241
87122	1119269
87123	1119281
87124	1119299
87125	1119319
87126	1119323
87127	1119343
87128	1119359
87129	1119389
87130	1119397
87131	1119403
87132	1119449
87133	1119473
87134	1119523
87135	1119527
87136	1119529
87137	1119557
87138	1119577
87139	1119589
87140	1119607
87141	1119611
87142	1119623
87143	1119649
87144	1119653
87145	1119659
87146	1119673
87147	1119691
87148	1119697
87149	1119707
87150	1119733
87151	1119737
87152	1119779
87153	1119793
87154	1119799
87155	1119809
87156	1119817
87157	1119821
87158	1119823
87159	1119857
87160	1119863
87161	1119871
87162	1119907
87163	1119913
87164	1119947
87165	1119949
87166	1119959
87167	1120001
87168	1120019
87169	1120051
87170	1120073
87171	1120081
87172	1120087
87173	1120109
87174	1120121
87175	1120153
87176	1120157
87177	1120159
87178	1120187
87179	1120211
87180	1120219
87181	1120237
87182	1120271
87183	1120277
87184	1120289
87185	1120291
87186	1120303
87187	1120313
87188	1120319
87189	1120321
87190	1120337
87191	1120349
87192	1120363
87193	1120369
87194	1120391
87195	1120423
87196	1120429
87197	1120459
87198	1120481
87199	1120499
87200	1120501
87201	1120507
87202	1120513
87203	1120517
87204	1120519
87205	1120529
87206	1120541
87207	1120543
87208	1120547
87209	1120549
87210	1120573
87211	1120577
87212	1120591
87213	1120607
87214	1120627
87215	1120633
87216	1120649
87217	1120661
87218	1120663
87219	1120667
87220	1120673
87221	1120687
87222	1120711
87223	1120723
87224	1120727
87225	1120739
87226	1120741
87227	1120747
87228	1120771
87229	1120781
87230	1120783
87231	1120787
87232	1120799
87233	1120807
87234	1120811
87235	1120831
87236	1120837
87237	1120849
87238	1120871
87239	1120883
87240	1120901
87241	1120907
87242	1120913
87243	1120919
87244	1120939
87245	1120957
87246	1120961
87247	1120969
87248	1120993
87249	1121011
87250	1121017
87251	1121023
87252	1121027
87253	1121033
87254	1121047
87255	1121051
87256	1121083
87257	1121093
87258	1121101
87259	1121143
87260	1121147
87261	1121173
87262	1121179
87263	1121189
87264	1121191
87265	1121203
87266	1121221
87267	1121231
87268	1121249
87269	1121257
87270	1121261
87271	1121293
87272	1121297
87273	1121317
87274	1121333
87275	1121347
87276	1121357
87277	1121369
87278	1121377
87279	1121383
87280	1121387
87281	1121389
87282	1121423
87283	1121431
87284	1121443
87285	1121447
87286	1121453
87287	1121509
87288	1121539
87289	1121543
87290	1121557
87291	1121599
87292	1121621
87293	1121629
87294	1121651
87295	1121671
87296	1121689
87297	1121693
87298	1121699
87299	1121707
87300	1121723
87301	1121737
87302	1121819
87303	1121831
87304	1121833
87305	1121837
87306	1121839
87307	1121867
87308	1121899
87309	1121933
87310	1121941
87311	1121947
87312	1121987
87313	1121993
87314	1122001
87315	1122029
87316	1122041
87317	1122053
87318	1122071
87319	1122089
87320	1122091
87321	1122103
87322	1122113
87323	1122131
87324	1122133
87325	1122137
87326	1122139
87327	1122157
87328	1122179
87329	1122181
87330	1122227
87331	1122241
87332	1122259
87333	1122263
87334	1122269
87335	1122281
87336	1122283
87337	1122287
87338	1122367
87339	1122371
87340	1122389
87341	1122397
87342	1122419
87343	1122427
87344	1122431
87345	1122437
87346	1122449
87347	1122467
87348	1122481
87349	1122491
87350	1122529
87351	1122533
87352	1122551
87353	1122571
87354	1122587
87355	1122599
87356	1122623
87357	1122643
87358	1122647
87359	1122659
87360	1122679
87361	1122683
87362	1122701
87363	1122721
87364	1122739
87365	1122749
87366	1122757
87367	1122761
87368	1122811
87369	1122841
87370	1122857
87371	1122887
87372	1122899
87373	1122923
87374	1122937
87375	1122941
87376	1122983
87377	1122997
87378	1123051
87379	1123079
87380	1123081
87381	1123093
87382	1123127
87383	1123151
87384	1123181
87385	1123189
87386	1123211
87387	1123217
87388	1123219
87389	1123231
87390	1123247
87391	1123267
87392	1123279
87393	1123303
87394	1123307
87395	1123319
87396	1123327
87397	1123349
87398	1123351
87399	1123361
87400	1123379
87401	1123391
87402	1123399
87403	1123403
87404	1123427
87405	1123429
87406	1123439
87407	1123477
87408	1123483
87409	1123487
87410	1123501
87411	1123511
87412	1123517
87413	1123531
87414	1123541
87415	1123553
87416	1123561
87417	1123567
87418	1123589
87419	1123597
87420	1123601
87421	1123621
87422	1123631
87423	1123637
87424	1123651
87425	1123667
87426	1123669
87427	1123691
87428	1123693
87429	1123699
87430	1123709
87431	1123729
87432	1123739
87433	1123741
87434	1123747
87435	1123777
87436	1123807
87437	1123841
87438	1123867
87439	1123873
87440	1123879
87441	1123883
87442	1123897
87443	1123901
87444	1123909
87445	1123919
87446	1123931
87447	1123943
87448	1123951
87449	1123961
87450	1123973
87451	1123979
87452	1123999
87453	1124027
87454	1124041
87455	1124051
87456	1124083
87457	1124087
87458	1124107
87459	1124113
87460	1124119
87461	1124131
87462	1124141
87463	1124147
87464	1124197
87465	1124203
87466	1124209
87467	1124219
87468	1124239
87469	1124251
87470	1124267
87471	1124269
87472	1124293
87473	1124297
87474	1124303
87475	1124317
87476	1124351
87477	1124353
87478	1124369
87479	1124377
87480	1124423
87481	1124429
87482	1124437
87483	1124441
87484	1124443
87485	1124449
87486	1124509
87487	1124531
87488	1124551
87489	1124561
87490	1124581
87491	1124593
87492	1124597
87493	1124603
87494	1124639
87495	1124647
87496	1124653
87497	1124659
87498	1124681
87499	1124687
87500	1124699
87501	1124719
87502	1124741
87503	1124749
87504	1124759
87505	1124789
87506	1124797
87507	1124803
87508	1124807
87509	1124813
87510	1124831
87511	1124833
87512	1124867
87513	1124869
87514	1124951
87515	1124957
87516	1124969
87517	1124983
87518	1124987
87519	1124993
87520	1125001
87521	1125013
87522	1125017
87523	1125029
87524	1125053
87525	1125097
87526	1125109
87527	1125121
87528	1125127
87529	1125139
87530	1125143
87531	1125151
87532	1125167
87533	1125169
87534	1125193
87535	1125203
87536	1125209
87537	1125217
87538	1125221
87539	1125253
87540	1125259
87541	1125283
87542	1125317
87543	1125323
87544	1125329
87545	1125343
87546	1125359
87547	1125361
87548	1125379
87549	1125391
87550	1125401
87551	1125407
87552	1125419
87553	1125431
87554	1125433
87555	1125469
87556	1125473
87557	1125479
87558	1125499
87559	1125529
87560	1125539
87561	1125557
87562	1125559
87563	1125569
87564	1125571
87565	1125581
87566	1125599
87567	1125629
87568	1125647
87569	1125653
87570	1125679
87571	1125701
87572	1125713
87573	1125739
87574	1125763
87575	1125767
87576	1125793
87577	1125797
87578	1125811
87579	1125823
87580	1125833
87581	1125857
87582	1125871
87583	1125899
87584	1125907
87585	1125911
87586	1125913
87587	1125923
87588	1125931
87589	1125941
87590	1125953
87591	1125973
87592	1125991
87593	1126031
87594	1126033
87595	1126043
87596	1126067
87597	1126093
87598	1126159
87599	1126189
87600	1126201
87601	1126211
87602	1126219
87603	1126247
87604	1126253
87605	1126259
87606	1126283
87607	1126313
87608	1126319
87609	1126343
87610	1126351
87611	1126357
87612	1126361
87613	1126381
87614	1126387
87615	1126397
87616	1126399
87617	1126421
87618	1126439
87619	1126441
87620	1126457
87621	1126459
87622	1126483
87623	1126501
87624	1126513
87625	1126519
87626	1126523
87627	1126537
87628	1126553
87629	1126561
87630	1126577
87631	1126579
87632	1126597
87633	1126627
87634	1126649
87635	1126661
87636	1126663
87637	1126667
87638	1126669
87639	1126693
87640	1126703
87641	1126711
87642	1126751
87643	1126759
87644	1126771
87645	1126781
87646	1126787
87647	1126823
87648	1126831
87649	1126837
87650	1126843
87651	1126847
87652	1126859
87653	1126861
87654	1126889
87655	1126897
87656	1126963
87657	1126973
87658	1126991
87659	1126999
87660	1127011
87661	1127029
87662	1127033
87663	1127039
87664	1127051
87665	1127081
87666	1127101
87667	1127111
87668	1127123
87669	1127149
87670	1127153
87671	1127167
87672	1127177
87673	1127183
87674	1127197
87675	1127209
87676	1127221
87677	1127227
87678	1127239
87679	1127249
87680	1127263
87681	1127281
87682	1127297
87683	1127303
87684	1127309
87685	1127311
87686	1127323
87687	1127333
87688	1127351
87689	1127359
87690	1127369
87691	1127381
87692	1127383
87693	1127393
87694	1127407
87695	1127411
87696	1127443
87697	1127447
87698	1127453
87699	1127461
87700	1127507
87701	1127513
87702	1127527
87703	1127531
87704	1127537
87705	1127557
87706	1127561
87707	1127573
87708	1127587
87709	1127603
87710	1127617
87711	1127629
87712	1127641
87713	1127657
87714	1127663
87715	1127683
87716	1127701
87717	1127741
87718	1127767
87719	1127773
87720	1127801
87721	1127803
87722	1127809
87723	1127813
87724	1127837
87725	1127849
87726	1127857
87727	1127881
87728	1127891
87729	1127911
87730	1127947
87731	1127957
87732	1127969
87733	1127981
87734	1127983
87735	1127993
87736	1128031
87737	1128037
87738	1128089
87739	1128091
87740	1128107
87741	1128109
87742	1128143
87743	1128151
87744	1128161
87745	1128181
87746	1128209
87747	1128223
87748	1128227
87749	1128233
87750	1128247
87751	1128251
87752	1128287
87753	1128289
87754	1128293
87755	1128299
87756	1128301
87757	1128313
87758	1128349
87759	1128371
87760	1128373
87761	1128383
87762	1128397
87763	1128427
87764	1128433
87765	1128451
87766	1128497
87767	1128499
87768	1128503
87769	1128509
87770	1128521
87771	1128527
87772	1128539
87773	1128553
87774	1128557
87775	1128577
87776	1128583
87777	1128599
87778	1128601
87779	1128623
87780	1128629
87781	1128637
87782	1128641
87783	1128643
87784	1128661
87785	1128667
87786	1128691
87787	1128697
87788	1128703
87789	1128713
87790	1128719
87791	1128727
87792	1128731
87793	1128737
87794	1128761
87795	1128763
87796	1128769
87797	1128773
87798	1128779
87799	1128781
87800	1128811
87801	1128821
87802	1128823
87803	1128889
87804	1128899
87805	1128901
87806	1128917
87807	1128931
87808	1128937
87809	1128943
87810	1128947
87811	1128949
87812	1128977
87813	1128979
87814	1128997
87815	1129013
87816	1129019
87817	1129033
87818	1129043
87819	1129103
87820	1129109
87821	1129111
87822	1129127
87823	1129133
87824	1129153
87825	1129159
87826	1129169
87827	1129187
87828	1129211
87829	1129213
87830	1129217
87831	1129229
87832	1129253
87833	1129283
87834	1129307
87835	1129313
87836	1129333
87837	1129343
87838	1129367
87839	1129391
87840	1129399
87841	1129409
87842	1129433
87843	1129439
87844	1129441
87845	1129459
87846	1129477
87847	1129487
87848	1129489
87849	1129501
87850	1129511
87851	1129519
87852	1129523
87853	1129559
87854	1129561
87855	1129571
87856	1129577
87857	1129603
87858	1129619
87859	1129643
87860	1129663
87861	1129679
87862	1129693
87863	1129699
87864	1129717
87865	1129729
87866	1129741
87867	1129747
87868	1129757
87869	1129763
87870	1129787
87871	1129789
87872	1129819
87873	1129831
87874	1129841
87875	1129847
87876	1129853
87877	1129859
87878	1129861
87879	1129889
87880	1129897
87881	1129951
87882	1129957
87883	1129963
87884	1129991
87885	1130011
87886	1130023
87887	1130039
87888	1130047
87889	1130053
87890	1130057
87891	1130081
87892	1130099
87893	1130117
87894	1130123
87895	1130131
87896	1130191
87897	1130237
87898	1130251
87899	1130257
87900	1130267
87901	1130273
87902	1130281
87903	1130287
87904	1130293
87905	1130299
87906	1130317
87907	1130321
87908	1130351
87909	1130359
87910	1130369
87911	1130407
87912	1130413
87913	1130417
87914	1130429
87915	1130431
87916	1130447
87917	1130471
87918	1130497
87919	1130501
87920	1130527
87921	1130561
87922	1130579
87923	1130581
87924	1130587
87925	1130621
87926	1130627
87927	1130629
87928	1130639
87929	1130641
87930	1130651
87931	1130677
87932	1130693
87933	1130699
87934	1130711
87935	1130719
87936	1130737
87937	1130741
87938	1130777
87939	1130783
87940	1130803
87941	1130807
87942	1130809
87943	1130813
87944	1130819
87945	1130827
87946	1130863
87947	1130929
87948	1130939
87949	1130947
87950	1130951
87951	1130953
87952	1130957
87953	1130963
87954	1130981
87955	1131023
87956	1131047
87957	1131049
87958	1131077
87959	1131079
87960	1131083
87961	1131103
87962	1131113
87963	1131121
87964	1131131
87965	1131133
87966	1131139
87967	1131157
87968	1131181
87969	1131191
87970	1131217
87971	1131223
87972	1131239
87973	1131253
87974	1131259
87975	1131269
87976	1131271
87977	1131307
87978	1131323
87979	1131329
87980	1131331
87981	1131341
87982	1131343
87983	1131353
87984	1131379
87985	1131397
87986	1131413
87987	1131419
87988	1131421
87989	1131437
87990	1131451
87991	1131463
87992	1131467
87993	1131479
87994	1131491
87995	1131509
87996	1131523
87997	1131547
87998	1131553
87999	1131569
88000	1131617
