40001	479939
40002	479951
40003	479953
40004	479957
40005	479971
40006	480013
40007	480017
40008	480019
40009	480023
40010	480043
40011	480047
40012	480049
40013	480059
40014	480061
40015	480071
40016	480091
40017	480101
40018	480107
40019	480113
40020	480133
40021	480143
40022	480157
40023	480167
40024	480169
40025	480203
40026	480209
40027	480287
40028	480299
40029	480317
40030	480329
40031	480341
40032	480343
40033	480349
40034	480367
40035	480373
40036	480379
40037	480383
40038	480391
40039	480409
40040	480419
40041	480427
40042	480449
40043	480451
40044	480461
40045	480463
40046	480499
40047	480503
40048	480509
40049	480517
40050	480521
40051	480527
40052	480533
40053	480541
40054	480553
40055	480563
40056	480569
40057	480583
40058	480587
40059	480647
40060	480661
40061	480707
40062	480713
40063	480731
40064	480737
40065	480749
40066	480761
40067	480773
40068	480787
40069	480803
40070	480827
40071	480839
40072	480853
40073	480881
40074	480911
40075	480919
40076	480929
40077	480937
40078	480941
40079	480959
40080	480967
40081	480979
40082	480989
40083	481001
40084	481003
40085	481009
40086	481021
40087	481043
40088	481051
40089	481067
40090	481073
40091	481087
40092	481093
40093	481097
40094	481109
40095	481123
40096	481133
40097	481141
40098	481147
40099	481153
40100	481157
40101	481171
40102	481177
40103	481181
40104	481199
40105	481207
40106	481211
40107	481231
40108	481249
40109	481297
40110	481301
40111	481303
40112	481307
40113	481343
40114	481363
40115	481373
40116	481379
40117	481387
40118	481409
40119	481417
40120	481433
40121	481447
40122	481469
40123	481489
40124	481501
40125	481513
40126	481531
40127	481549
40128	481571
40129	481577
40130	481589
40131	481619
40132	481633
40133	481639
40134	481651
40135	481667
40136	481673
40137	481681
40138	481693
40139	481697
40140	481699
40141	481721
40142	481751
40143	481753
40144	481769
40145	481787
40146	481801
40147	481807
40148	481813
40149	481837
40150	481843
40151	481847
40152	481849
40153	481861
40154	481867
40155	481879
40156	481883
40157	481909
40158	481939
40159	481963
40160	481997
40161	482017
40162	482021
40163	482029
40164	482033
40165	482039
40166	482051
40167	482071
40168	482093
40169	482099
40170	482101
40171	482117
40172	482123
40173	482179
40174	482189
40175	482203
40176	482213
40177	482227
40178	482231
40179	482233
40180	482243
40181	482263
40182	482281
40183	482309
40184	482323
40185	482347
40186	482351
40187	482359
40188	482371
40189	482387
40190	482393
40191	482399
40192	482401
40193	482407
40194	482413
40195	482423
40196	482437
40197	482441
40198	482483
40199	482501
40200	482507
40201	482509
40202	482513
40203	482519
40204	482527
40205	482539
40206	482569
40207	482593
40208	482597
40209	482621
40210	482627
40211	482633
40212	482641
40213	482659
40214	482663
40215	482683
40216	482687
40217	482689
40218	482707
40219	482711
40220	482717
40221	482719
40222	482731
40223	482743
40224	482753
40225	482759
40226	482767
40227	482773
40228	482789
40229	482803
40230	482819
40231	482827
40232	482837
40233	482861
40234	482863
40235	482873
40236	482897
40237	482899
40238	482917
40239	482941
40240	482947
40241	482957
40242	482971
40243	483017
40244	483031
40245	483061
40246	483071
40247	483097
40248	483127
40249	483139
40250	483163
40251	483167
40252	483179
40253	483209
40254	483211
40255	483221
40256	483229
40257	483233
40258	483239
40259	483247
40260	483251
40261	483281
40262	483289
40263	483317
40264	483323
40265	483337
40266	483347
40267	483367
40268	483377
40269	483389
40270	483397
40271	483407
40272	483409
40273	483433
40274	483443
40275	483467
40276	483481
40277	483491
40278	483499
40279	483503
40280	483523
40281	483541
40282	483551
40283	483557
40284	483563
40285	483577
40286	483611
40287	483619
40288	483629
40289	483643
40290	483649
40291	483671
40292	483697
40293	483709
40294	483719
40295	483727
40296	483733
40297	483751
40298	483757
40299	483761
40300	483767
40301	483773
40302	483787
40303	483809
40304	483811
40305	483827
40306	483829
40307	483839
40308	483853
40309	483863
40310	483869
40311	483883
40312	483907
40313	483929
40314	483937
40315	483953
40316	483971
40317	483991
40318	484019
40319	484027
40320	484037
40321	484061
40322	484067
40323	484079
40324	484091
40325	484111
40326	484117
40327	484123
40328	484129
40329	484151
40330	484153
40331	484171
40332	484181
40333	484193
40334	484201
40335	484207
40336	484229
40337	484243
40338	484259
40339	484283
40340	484301
40341	484303
40342	484327
40343	484339
40344	484361
40345	484369
40346	484373
40347	484397
40348	484411
40349	484417
40350	484439
40351	484447
40352	484457
40353	484459
40354	484487
40355	484489
40356	484493
40357	484531
40358	484543
40359	484577
40360	484597
40361	484607
40362	484609
40363	484613
40364	484621
40365	484639
40366	484643
40367	484691
40368	484703
40369	484727
40370	484733
40371	484751
40372	484763
40373	484769
40374	484777
40375	484787
40376	484829
40377	484853
40378	484867
40379	484927
40380	484951
40381	484987
40382	484999
40383	485021
40384	485029
40385	485041
40386	485053
40387	485059
40388	485063
40389	485081
40390	485101
40391	485113
40392	485123
40393	485131
40394	485137
40395	485161
40396	485167
40397	485171
40398	485201
40399	485207
40400	485209
40401	485263
40402	485311
40403	485347
40404	485351
40405	485363
40406	485371
40407	485383
40408	485389
40409	485411
40410	485417
40411	485423
40412	485437
40413	485447
40414	485479
40415	485497
40416	485509
40417	485519
40418	485543
40419	485567
40420	485587
40421	485593
40422	485603
40423	485609
40424	485647
40425	485657
40426	485671
40427	485689
40428	485701
40429	485717
40430	485729
40431	485731
40432	485753
40433	485777
40434	485819
40435	485827
40436	485831
40437	485833
40438	485893
40439	485899
40440	485909
40441	485923
40442	485941
40443	485959
40444	485977
40445	485993
40446	486023
40447	486037
40448	486041
40449	486043
40450	486053
40451	486061
40452	486071
40453	486091
40454	486103
40455	486119
40456	486133
40457	486139
40458	486163
40459	486179
40460	486181
40461	486193
40462	486203
40463	486221
40464	486223
40465	486247
40466	486281
40467	486293
40468	486307
40469	486313
40470	486323
40471	486329
40472	486331
40473	486341
40474	486349
40475	486377
40476	486379
40477	486389
40478	486391
40479	486397
40480	486407
40481	486433
40482	486443
40483	486449
40484	486481
40485	486491
40486	486503
40487	486509
40488	486511
40489	486527
40490	486539
40491	486559
40492	486569
40493	486583
40494	486589
40495	486601
40496	486617
40497	486637
40498	486641
40499	486643
40500	486653
40501	486667
40502	486671
40503	486677
40504	486679
40505	486683
40506	486697
40507	486713
40508	486721
40509	486757
40510	486767
40511	486769
40512	486781
40513	486797
40514	486817
40515	486821
40516	486833
40517	486839
40518	486869
40519	486907
40520	486923
40521	486929
40522	486943
40523	486947
40524	486949
40525	486971
40526	486977
40527	486991
40528	487007
40529	487013
40530	487021
40531	487049
40532	487051
40533	487057
40534	487073
40535	487079
40536	487093
40537	487099
40538	487111
40539	487133
40540	487177
40541	487183
40542	487187
40543	487211
40544	487213
40545	487219
40546	487247
40547	487261
40548	487283
40549	487303
40550	487307
40551	487313
40552	487349
40553	487363
40554	487381
40555	487387
40556	487391
40557	487397
40558	487423
40559	487427
40560	487429
40561	487447
40562	487457
40563	487463
40564	487469
40565	487471
40566	487477
40567	487481
40568	487489
40569	487507
40570	487561
40571	487589
40572	487601
40573	487603
40574	487607
40575	487637
40576	487649
40577	487651
40578	487657
40579	487681
40580	487691
40581	487703
40582	487709
40583	487717
40584	487727
40585	487733
40586	487741
40587	487757
40588	487769
40589	487783
40590	487789
40591	487793
40592	487811
40593	487819
40594	487829
40595	487831
40596	487843
40597	487873
40598	487889
40599	487891
40600	487897
40601	487933
40602	487943
40603	487973
40604	487979
40605	487997
40606	488003
40607	488009
40608	488011
40609	488021
40610	488051
40611	488057
40612	488069
40613	488119
40614	488143
40615	488149
40616	488153
40617	488161
40618	488171
40619	488197
40620	488203
40621	488207
40622	488209
40623	488227
40624	488231
40625	488233
40626	488239
40627	488249
40628	488261
40629	488263
40630	488287
40631	488303
40632	488309
40633	488311
40634	488317
40635	488321
40636	488329
40637	488333
40638	488339
40639	488347
40640	488353
40641	488381
40642	488399
40643	488401
40644	488407
40645	488417
40646	488419
40647	488441
40648	488459
40649	488473
40650	488503
40651	488513
40652	488539
40653	488567
40654	488573
40655	488603
40656	488611
40657	488617
40658	488627
40659	488633
40660	488639
40661	488641
40662	488651
40663	488687
40664	488689
40665	488701
40666	488711
40667	488717
40668	488723
40669	488729
40670	488743
40671	488749
40672	488759
40673	488779
40674	488791
40675	488797
40676	488821
40677	488827
40678	488833
40679	488861
40680	488879
40681	488893
40682	488897
40683	488909
40684	488921
40685	488947
40686	488959
40687	488981
40688	488993
40689	489001
40690	489011
40691	489019
40692	489043
40693	489053
40694	489061
40695	489101
40696	489109
40697	489113
40698	489127
40699	489133
40700	489157
40701	489161
40702	489179
40703	489191
40704	489197
40705	489217
40706	489239
40707	489241
40708	489257
40709	489263
40710	489283
40711	489299
40712	489329
40713	489337
40714	489343
40715	489361
40716	489367
40717	489389
40718	489407
40719	489409
40720	489427
40721	489431
40722	489439
40723	489449
40724	489457
40725	489479
40726	489487
40727	489493
40728	489529
40729	489539
40730	489551
40731	489553
40732	489557
40733	489571
40734	489613
40735	489631
40736	489653
40737	489659
40738	489673
40739	489677
40740	489679
40741	489689
40742	489691
40743	489733
40744	489743
40745	489761
40746	489791
40747	489793
40748	489799
40749	489803
40750	489817
40751	489823
40752	489833
40753	489847
40754	489851
40755	489869
40756	489871
40757	489887
40758	489901
40759	489911
40760	489913
40761	489941
40762	489943
40763	489959
40764	489961
40765	489977
40766	489989
40767	490001
40768	490003
40769	490019
40770	490031
40771	490033
40772	490057
40773	490097
40774	490103
40775	490111
40776	490117
40777	490121
40778	490151
40779	490159
40780	490169
40781	490183
40782	490201
40783	490207
40784	490223
40785	490241
40786	490247
40787	490249
40788	490267
40789	490271
40790	490277
40791	490283
40792	490309
40793	490313
40794	490339
40795	490367
40796	490393
40797	490417
40798	490421
40799	490453
40800	490459
40801	490463
40802	490481
40803	490493
40804	490499
40805	490519
40806	490537
40807	490541
40808	490543
40809	490549
40810	490559
40811	490571
40812	490573
40813	490577
40814	490579
40815	490591
40816	490619
40817	490627
40818	490631
40819	490643
40820	490661
40821	490663
40822	490697
40823	490733
40824	490741
40825	490769
40826	490771
40827	490783
40828	490829
40829	490837
40830	490849
40831	490859
40832	490877
40833	490891
40834	490913
40835	490921
40836	490927
40837	490937
40838	490949
40839	490951
40840	490957
40841	490967
40842	490969
40843	490991
40844	490993
40845	491003
40846	491039
40847	491041
40848	491059
40849	491081
40850	491083
40851	491129
40852	491137
40853	491149
40854	491159
40855	491167
40856	491171
40857	491201
40858	491213
40859	491219
40860	491251
40861	491261
40862	491273
40863	491279
40864	491297
40865	491299
40866	491327
40867	491329
40868	491333
40869	491339
40870	491341
40871	491353
40872	491357
40873	491371
40874	491377
40875	491417
40876	491423
40877	491429
40878	491461
40879	491483
40880	491489
40881	491497
40882	491501
40883	491503
40884	491527
40885	491531
40886	491537
40887	491539
40888	491581
40889	491591
40890	491593
40891	491611
40892	491627
40893	491633
40894	491639
40895	491651
40896	491653
40897	491669
40898	491677
40899	491707
40900	491719
40901	491731
40902	491737
40903	491747
40904	491773
40905	491783
40906	491789
40907	491797
40908	491819
40909	491833
40910	491837
40911	491851
40912	491857
40913	491867
40914	491873
40915	491899
40916	491923
40917	491951
40918	491969
40919	491977
40920	491983
40921	492007
40922	492013
40923	492017
40924	492029
40925	492047
40926	492053
40927	492059
40928	492061
40929	492067
40930	492077
40931	492083
40932	492103
40933	492113
40934	492227
40935	492251
40936	492253
40937	492257
40938	492281
40939	492293
40940	492299
40941	492319
40942	492377
40943	492389
40944	492397
40945	492403
40946	492409
40947	492413
40948	492421
40949	492431
40950	492463
40951	492467
40952	492487
40953	492491
40954	492511
40955	492523
40956	492551
40957	492563
40958	492587
40959	492601
40960	492617
40961	492619
40962	492629
40963	492631
40964	492641
40965	492647
40966	492659
40967	492671
40968	492673
40969	492707
40970	492719
40971	492721
40972	492731
40973	492757
40974	492761
40975	492763
40976	492769
40977	492781
40978	492799
40979	492839
40980	492853
40981	492871
40982	492883
40983	492893
40984	492901
40985	492911
40986	492967
40987	492979
40988	493001
40989	493013
40990	493021
40991	493027
40992	493043
40993	493049
40994	493067
40995	493093
40996	493109
40997	493111
40998	493121
40999	493123
41000	493127
