24001	274579
24002	274583
24003	274591
24004	274609
24005	274627
24006	274661
24007	274667
24008	274679
24009	274693
24010	274697
24011	274709
24012	274711
24013	274723
24014	274739
24015	274751
24016	274777
24017	274783
24018	274787
24019	274811
24020	274817
24021	274829
24022	274831
24023	274837
24024	274843
24025	274847
24026	274853
24027	274861
24028	274867
24029	274871
24030	274889
24031	274909
24032	274931
24033	274943
24034	274951
24035	274957
24036	274961
24037	274973
24038	274993
24039	275003
24040	275027
24041	275039
24042	275047
24043	275053
24044	275059
24045	275083
24046	275087
24047	275129
24048	275131
24049	275147
24050	275153
24051	275159
24052	275161
24053	275167
24054	275183
24055	275201
24056	275207
24057	275227
24058	275251
24059	275263
24060	275269
24061	275299
24062	275309
24063	275321
24064	275323
24065	275339
24066	275357
24067	275371
24068	275389
24069	275393
24070	275399
24071	275419
24072	275423
24073	275447
24074	275449
24075	275453
24076	275459
24077	275461
24078	275489
24079	275491
24080	275503
24081	275521
24082	275531
24083	275543
24084	275549
24085	275573
24086	275579
24087	275581
24088	275591
24089	275593
24090	275599
24091	275623
24092	275641
24093	275651
24094	275657
24095	275669
24096	275677
24097	275699
24098	275711
24099	275719
24100	275729
24101	275741
24102	275767
24103	275773
24104	275783
24105	275813
24106	275827
24107	275837
24108	275881
24109	275897
24110	275911
24111	275917
24112	275921
24113	275923
24114	275929
24115	275939
24116	275941
24117	275963
24118	275969
24119	275981
24120	275987
24121	275999
24122	276007
24123	276011
24124	276019
24125	276037
24126	276041
24127	276043
24128	276047
24129	276049
24130	276079
24131	276083
24132	276091
24133	276113
24134	276137
24135	276151
24136	276173
24137	276181
24138	276187
24139	276191
24140	276209
24141	276229
24142	276239
24143	276247
24144	276251
24145	276257
24146	276277
24147	276293
24148	276319
24149	276323
24150	276337
24151	276343
24152	276347
24153	276359
24154	276371
24155	276373
24156	276389
24157	276401
24158	276439
24159	276443
24160	276449
24161	276461
24162	276467
24163	276487
24164	276499
24165	276503
24166	276517
24167	276527
24168	276553
24169	276557
24170	276581
24171	276587
24172	276589
24173	276593
24174	276599
24175	276623
24176	276629
24177	276637
24178	276671
24179	276673
24180	276707
24181	276721
24182	276739
24183	276763
24184	276767
24185	276779
24186	276781
24187	276817
24188	276821
24189	276823
24190	276827
24191	276833
24192	276839
24193	276847
24194	276869
24195	276883
24196	276901
24197	276907
24198	276917
24199	276919
24200	276929
24201	276949
24202	276953
24203	276961
24204	276977
24205	277003
24206	277007
24207	277021
24208	277051
24209	277063
24210	277073
24211	277087
24212	277097
24213	277099
24214	277157
24215	277163
24216	277169
24217	277177
24218	277183
24219	277213
24220	277217
24221	277223
24222	277231
24223	277247
24224	277259
24225	277261
24226	277273
24227	277279
24228	277297
24229	277301
24230	277309
24231	277331
24232	277363
24233	277373
24234	277411
24235	277421
24236	277427
24237	277429
24238	277483
24239	277493
24240	277499
24241	277513
24242	277531
24243	277547
24244	277549
24245	277567
24246	277577
24247	277579
24248	277597
24249	277601
24250	277603
24251	277637
24252	277639
24253	277643
24254	277657
24255	277663
24256	277687
24257	277691
24258	277703
24259	277741
24260	277747
24261	277751
24262	277757
24263	277787
24264	277789
24265	277793
24266	277813
24267	277829
24268	277847
24269	277859
24270	277883
24271	277889
24272	277891
24273	277897
24274	277903
24275	277919
24276	277961
24277	277993
24278	277999
24279	278017
24280	278029
24281	278041
24282	278051
24283	278063
24284	278071
24285	278087
24286	278111
24287	278119
24288	278123
24289	278143
24290	278147
24291	278149
24292	278177
24293	278191
24294	278207
24295	278209
24296	278219
24297	278227
24298	278233
24299	278237
24300	278261
24301	278269
24302	278279
24303	278321
24304	278329
24305	278347
24306	278353
24307	278363
24308	278387
24309	278393
24310	278413
24311	278437
24312	278459
24313	278479
24314	278489
24315	278491
24316	278497
24317	278501
24318	278503
24319	278543
24320	278549
24321	278557
24322	278561
24323	278563
24324	278581
24325	278591
24326	278609
24327	278611
24328	278617
24329	278623
24330	278627
24331	278639
24332	278651
24333	278671
24334	278687
24335	278689
24336	278701
24337	278717
24338	278741
24339	278743
24340	278753
24341	278767
24342	278801
24343	278807
24344	278809
24345	278813
24346	278819
24347	278827
24348	278843
24349	278849
24350	278867
24351	278879
24352	278881
24353	278891
24354	278903
24355	278909
24356	278911
24357	278917
24358	278947
24359	278981
24360	279001
24361	279007
24362	279023
24363	279029
24364	279047
24365	279073
24366	279109
24367	279119
24368	279121
24369	279127
24370	279131
24371	279137
24372	279143
24373	279173
24374	279179
24375	279187
24376	279203
24377	279211
24378	279221
24379	279269
24380	279311
24381	279317
24382	279329
24383	279337
24384	279353
24385	279397
24386	279407
24387	279413
24388	279421
24389	279431
24390	279443
24391	279451
24392	279479
24393	279481
24394	279511
24395	279523
24396	279541
24397	279551
24398	279553
24399	279557
24400	279571
24401	279577
24402	279583
24403	279593
24404	279607
24405	279613
24406	279619
24407	279637
24408	279641
24409	279649
24410	279659
24411	279679
24412	279689
24413	279707
24414	279709
24415	279731
24416	279751
24417	279761
24418	279767
24419	279779
24420	279817
24421	279823
24422	279847
24423	279857
24424	279863
24425	279883
24426	279913
24427	279919
24428	279941
24429	279949
24430	279967
24431	279977
24432	279991
24433	280001
24434	280009
24435	280013
24436	280031
24437	280037
24438	280061
24439	280069
24440	280097
24441	280099
24442	280103
24443	280121
24444	280129
24445	280139
24446	280183
24447	280187
24448	280199
24449	280207
24450	280219
24451	280223
24452	280229
24453	280243
24454	280249
24455	280253
24456	280277
24457	280297
24458	280303
24459	280321
24460	280327
24461	280337
24462	280339
24463	280351
24464	280373
24465	280409
24466	280411
24467	280451
24468	280463
24469	280487
24470	280499
24471	280507
24472	280513
24473	280537
24474	280541
24475	280547
24476	280549
24477	280561
24478	280583
24479	280589
24480	280591
24481	280597
24482	280603
24483	280607
24484	280613
24485	280627
24486	280639
24487	280673
24488	280681
24489	280697
24490	280699
24491	280703
24492	280711
24493	280717
24494	280729
24495	280751
24496	280759
24497	280769
24498	280771
24499	280811
24500	280817
24501	280837
24502	280843
24503	280859
24504	280871
24505	280879
24506	280883
24507	280897
24508	280909
24509	280913
24510	280921
24511	280927
24512	280933
24513	280939
24514	280949
24515	280957
24516	280963
24517	280967
24518	280979
24519	280997
24520	281023
24521	281033
24522	281053
24523	281063
24524	281069
24525	281081
24526	281117
24527	281131
24528	281153
24529	281159
24530	281167
24531	281189
24532	281191
24533	281207
24534	281227
24535	281233
24536	281243
24537	281249
24538	281251
24539	281273
24540	281279
24541	281291
24542	281297
24543	281317
24544	281321
24545	281327
24546	281339
24547	281353
24548	281357
24549	281363
24550	281381
24551	281419
24552	281423
24553	281429
24554	281431
24555	281509
24556	281527
24557	281531
24558	281539
24559	281549
24560	281551
24561	281557
24562	281563
24563	281579
24564	281581
24565	281609
24566	281621
24567	281623
24568	281627
24569	281641
24570	281647
24571	281651
24572	281653
24573	281663
24574	281669
24575	281683
24576	281717
24577	281719
24578	281737
24579	281747
24580	281761
24581	281767
24582	281777
24583	281783
24584	281791
24585	281797
24586	281803
24587	281807
24588	281833
24589	281837
24590	281839
24591	281849
24592	281857
24593	281867
24594	281887
24595	281893
24596	281921
24597	281923
24598	281927
24599	281933
24600	281947
24601	281959
24602	281971
24603	281989
24604	281993
24605	282001
24606	282011
24607	282019
24608	282053
24609	282059
24610	282071
24611	282089
24612	282091
24613	282097
24614	282101
24615	282103
24616	282127
24617	282143
24618	282157
24619	282167
24620	282221
24621	282229
24622	282239
24623	282241
24624	282253
24625	282281
24626	282287
24627	282299
24628	282307
24629	282311
24630	282313
24631	282349
24632	282377
24633	282383
24634	282389
24635	282391
24636	282407
24637	282409
24638	282413
24639	282427
24640	282439
24641	282461
24642	282481
24643	282487
24644	282493
24645	282559
24646	282563
24647	282571
24648	282577
24649	282589
24650	282599
24651	282617
24652	282661
24653	282671
24654	282677
24655	282679
24656	282683
24657	282691
24658	282697
24659	282703
24660	282707
24661	282713
24662	282767
24663	282769
24664	282773
24665	282797
24666	282809
24667	282827
24668	282833
24669	282847
24670	282851
24671	282869
24672	282881
24673	282889
24674	282907
24675	282911
24676	282913
24677	282917
24678	282959
24679	282973
24680	282977
24681	282991
24682	283001
24683	283007
24684	283009
24685	283027
24686	283051
24687	283079
24688	283093
24689	283097
24690	283099
24691	283111
24692	283117
24693	283121
24694	283133
24695	283139
24696	283159
24697	283163
24698	283181
24699	283183
24700	283193
24701	283207
24702	283211
24703	283267
24704	283277
24705	283289
24706	283303
24707	283369
24708	283397
24709	283403
24710	283411
24711	283447
24712	283463
24713	283487
24714	283489
24715	283501
24716	283511
24717	283519
24718	283541
24719	283553
24720	283571
24721	283573
24722	283579
24723	283583
24724	283601
24725	283607
24726	283609
24727	283631
24728	283637
24729	283639
24730	283669
24731	283687
24732	283697
24733	283721
24734	283741
24735	283763
24736	283769
24737	283771
24738	283793
24739	283799
24740	283807
24741	283813
24742	283817
24743	283831
24744	283837
24745	283859
24746	283861
24747	283873
24748	283909
24749	283937
24750	283949
24751	283957
24752	283961
24753	283979
24754	284003
24755	284023
24756	284041
24757	284051
24758	284057
24759	284059
24760	284083
24761	284093
24762	284111
24763	284117
24764	284129
24765	284131
24766	284149
24767	284153
24768	284159
24769	284161
24770	284173
24771	284191
24772	284201
24773	284227
24774	284231
24775	284233
24776	284237
24777	284243
24778	284261
24779	284267
24780	284269
24781	284293
24782	284311
24783	284341
24784	284357
24785	284369
24786	284377
24787	284387
24788	284407
24789	284413
24790	284423
24791	284429
24792	284447
24793	284467
24794	284477
24795	284483
24796	284489
24797	284507
24798	284509
24799	284521
24800	284527
24801	284539
24802	284551
24803	284561
24804	284573
24805	284587
24806	284591
24807	284593
24808	284623
24809	284633
24810	284651
24811	284657
24812	284659
24813	284681
24814	284689
24815	284701
24816	284707
24817	284723
24818	284729
24819	284731
24820	284737
24821	284741
24822	284743
24823	284747
24824	284749
24825	284759
24826	284777
24827	284783
24828	284803
24829	284807
24830	284813
24831	284819
24832	284831
24833	284833
24834	284839
24835	284857
24836	284881
24837	284897
24838	284899
24839	284917
24840	284927
24841	284957
24842	284969
24843	284989
24844	285007
24845	285023
24846	285031
24847	285049
24848	285071
24849	285079
24850	285091
24851	285101
24852	285113
24853	285119
24854	285121
24855	285139
24856	285151
24857	285161
24858	285179
24859	285191
24860	285199
24861	285221
24862	285227
24863	285251
24864	285281
24865	285283
24866	285287
24867	285289
24868	285301
24869	285317
24870	285343
24871	285377
24872	285421
24873	285433
24874	285451
24875	285457
24876	285463
24877	285469
24878	285473
24879	285497
24880	285517
24881	285521
24882	285533
24883	285539
24884	285553
24885	285557
24886	285559
24887	285569
24888	285599
24889	285611
24890	285613
24891	285629
24892	285631
24893	285641
24894	285643
24895	285661
24896	285667
24897	285673
24898	285697
24899	285707
24900	285709
24901	285721
24902	285731
24903	285749
24904	285757
24905	285763
24906	285767
24907	285773
24908	285781
24909	285823
24910	285827
24911	285839
24912	285841
24913	285871
24914	285937
24915	285949
24916	285953
24917	285977
24918	285979
24919	285983
24920	285997
24921	286001
24922	286009
24923	286019
24924	286043
24925	286049
24926	286061
24927	286063
24928	286073
24929	286103
24930	286129
24931	286163
24932	286171
24933	286199
24934	286243
24935	286249
24936	286289
24937	286301
24938	286333
24939	286367
24940	286369
24941	286381
24942	286393
24943	286397
24944	286411
24945	286421
24946	286427
24947	286453
24948	286457
24949	286459
24950	286469
24951	286477
24952	286483
24953	286487
24954	286493
24955	286499
24956	286513
24957	286519
24958	286541
24959	286543
24960	286547
24961	286553
24962	286589
24963	286591
24964	286609
24965	286613
24966	286619
24967	286633
24968	286651
24969	286673
24970	286687
24971	286697
24972	286703
24973	286711
24974	286721
24975	286733
24976	286751
24977	286753
24978	286763
24979	286771
24980	286777
24981	286789
24982	286801
24983	286813
24984	286831
24985	286859
24986	286873
24987	286927
24988	286973
24989	286981
24990	286987
24991	286999
24992	287003
24993	287047
24994	287057
24995	287059
24996	287087
24997	287093
24998	287099
24999	287107
25000	287117
